9884
95267
95835
96092
95843
95693
95474
95394
95902
95769
95575
95290
95829
95618
95767
95300
95699
95866
95953
95905
95761
95445
95722
95371
95589
95404
95961
95513
95285
95286
95534
95453
95309
95662
95915
95903
95451
95692
95402
95417
95742
95740
95479
95616
95670
95687
95754
95488
95741
95479
95447
95416
95664
95865
95473
95394
95316
95760
95765
95261
95294
95834
95618
95959
95616
95291
95293
95765
95427
95833
95506
95467
95612
95346
95686
95721
95752
95327
95670
95466
95795
95355
95264
95257
95713
95420
95714
95771
95237
95426
95384
95401
95380
95354
95588
95280
95498
95683
95751
95454
95470
95429
95389
95242
95364
95546
95463
95638
95256
95396
95446
95363
95672
95619
95405
95509
95747
95477
95636
95437
95385
95459
95457
95616
95721
95793
95749
95360
95711
95498
95393
95877
95580
95232
95311
95784
95237
95523
95513
95811
95757
95865
95830
95843
95569
95352
95843
95635
95468
95668
95804
95277
95364
95577
95725
95512
95451
95348
95385
95291
95350
95946
95342
95362
95481
95421
95651
95458
95217
95594
95285
95364
95738
95406
95652
95464
95387
95769
95766
95373
95572
96021
95608
95336
95425
95821
95774
95437
95461
95628
95301
95384
95423
95791
95435
95992
95700
95290
95548
95376
95699
95690
95882
95533
95901
95803
95762
95806
95798
95450
95296
95778
95626
95663
95335
95355
95910
95362
95990
96059
95565
96055
95863
95400
95561
95341
95801
96028
96080
95908
95777
95556
95341
95828
95353
95682
95284
95873
95432
95754
95722
95318
95620
95813
95990
95776
95692
95522
95868
95307
95914
95565
95294
95366
95807
95377
95816
96060
95983
95918
95505
96031
95352
95307
95916
95618
95784
95701
95386
95729
95801
95878
95272
95998
95369
95982
95572
95513
95382
95620
95356
95665
95854
95793
95337
95868
95659
95274
96016
95494
95685
95454
95867
95747
95584
95934
95896
95646
95908
95520
95816
95644
95280
95835
95499
95419
96108
95447
95906
95418
95615
95761
95831
95408
95394
95642
95947
95862
95602
95563
95318
95904
95685
95408
95332
95929
96006
95644
95308
95661
95291
95578
95524
95420
95897
95712
95848
95715
95323
95602
95813
95829
95899
95556
95532
95463
95452
95601
95307
95410
95446
95629
95547
95519
95888
95729
95309
95775
95909
95472
96028
95482
95612
95742
95744
95609
95902
95944
95734
95650
95594
95590
95721
95534
95886
95521
95549
95747
95678
95918
95501
95566
95681
95267
96078
95881
95395
95473
95337
95588
95830
95277
95626
96075
95343
95768
95459
95414
95389
95339
95452
95635
95277
95355
95691
95916
95518
95439
95825
95541
95613
95366
95795
95487
95515
95759
95775
95776
95584
95365
95430
95946
95366
95593
95773
95320
95973
95769
95419
95544
95891
95869
95549
95922
95380
95943
95697
95846
95580
95581
96019
95682
95576
95647
95932
95926
95967
95501
95618
95664
95363
95334
95296
95240
95330
95420
95608
95433
95362
95741
95855
95470
95933
95297
95743
95792
95619
95479
95507
95685
95834
95343
95666
96072
95380
95316
95442
95619
95857
95357
95382
95495
95299
95258
95338
95415
95280
95452
95873
95344
95684
95528
95246
95846
95517
95886
95507
95273
95666
95426
95822
95698
95616
95556
95670
95806
95683
95683
96011
95851
95562
95673
95901
95716
95396
95434
95564
95657
95687
95463
95593
95855
95572
95525
96051
95400
95735
95409
95863
95453
95303
95559
95350
95278
95840
95683
95377
95782
95702
95969
95705
95392
95500
95786
95725
95685
95393
96007
95669
95498
95358
95384
95804
95401
95479
95413
95658
95440
95596
95298
95557
95800
95831
95497
95419
95416
95445
95555
95606
95351
95823
95354
96007
95427
95692
95290
95545
95562
95750
95573
95603
95308
95754
95559
95467
95367
95539
95460
95755
95331
95741
95813
95654
95894
95538
95358
95394
95803
95718
95261
95598
95901
95647
95320
95299
95600
95820
95638
95732
95711
95650
95364
95421
95307
95921
95960
95719
95309
95369
95436
95369
95252
95381
96035
95955
95761
95395
95375
95782
95533
95847
95421
95907
95321
95847
95382
95334
95353
95449
95763
95549
95954
95585
96030
95516
95773
95861
95332
95908
95896
95736
95788
95336
95569
95397
95487
95944
95999
95618
95257
95522
95891
95832
95738
95879
95818
95295
95334
95314
95305
95838
95396
95612
95473
95710
95818
95484
95291
95504
95734
95875
95522
95868
95879
95827
95743
95583
95890
95475
95283
95542
95603
95878
95805
95470
95457
95534
95537
95931
95304
95896
95462
96062
95845
95307
95806
96013
95301
95267
95674
95588
95503
95831
95879
95594
95387
95511
95498
95407
95771
95285
95278
95688
95378
95607
95576
96000
95531
95254
95201
95874
95546
95726
95316
96109
95285
95571
95629
95400
95335
95901
95858
95479
95656
95890
95548
95823
95243
95840
95429
95786
95446
95853
95731
95542
95865
95585
95553
95650
95688
95793
95435
95807
95300
95914
95825
95684
95689
95648
95804
95435
95803
95927
95459
95397
95731
95493
95353
95768
95403
95763
95544
95720
95396
95834
95728
95312
95493
95473
95461
95372
95599
95820
95859
95391
95330
95711
95849
95405
95607
95923
95809
95397
95880
95682
95745
95859
95683
95755
96015
95331
95583
95314
95747
95691
95745
95725
95858
95516
95508
95397
95786
95283
95372
95909
95343
95487
95759
95340
95766
95655
95762
95713
95667
95635
95564
95723
95696
95596
95756
95615
95510
95304
95583
95739
95760
95761
95799
95362
95754
95619
95501
95693
95702
95268
95516
95314
95724
95885
95489
95519
95511
95502
95326
95276
95702
95477
95367
95371
95673
95587
95750
95836
95772
95354
95437
95406
95322
95948
95374
95563
95709
95619
95455
95878
95380
95405
95423
95996
95500
95861
96096
95638
95340
95841
95366
95335
95774
95843
95993
95635
95685
95443
95971
95929
95301
95716
95456
95683
95756
95551
95379
95468
95507
95405
95444
95436
95558
95483
95927
95853
95921
95514
95850
95767
95405
95297
95799
95329
95570
95264
95653
95261
95937
95809
95657
95712
95563
95848
95926
95328
95572
95353
95367
95768
95634
95812
95947
95904
95613
95832
95447
95920
95642
95827
95770
95747
95434
95716
95247
95682
95965
95727
95896
95725
95545
95622
95400
95271
95395
95505
95305
95490
95724
95468
95427
96015
95283
95586
95614
95723
95244
95755
95284
95849
95435
95763
95552
95819
95657
95293
95686
95344
95634
95983
95488
95869
95581
95442
95542
95888
95711
95733
95876
95354
95934
95552
95732
95504
95858
95877
95853
95868
95737
95595
95857
95644
95437
95545
95803
95831
95648
95973
95938
95719
95368
95478
95553
95687
95324
95731
95265
95970
95318
95290
95834
95229
95819
95652
95503
95342
95667
95784
95315
95692
95310
95301
95813
95676
95762
95379
95865
95722
95785
95539
95986
95720
95718
95772
95508
95810
95223
95356
95302
95822
95541
95333
95799
95742
95237
95368
95756
95434
95334
95260
95638
95681
95237
95327
95324
95749
95306
95393
95696
95869
95552
95617
95804
95930
95583
95391
95295
95936
95358
95764
95699
95391
95807
95863
95347
95880
95569
95572
95300
95527
95332
95847
95763
95676
95919
95250
95525
95353
95775
95301
95298
95418
95302
95343
95571
95849
95631
95278
95330
95604
95845
95834
95458
95217
95809
95911
95305
95846
95694
95802
95615
95529
95855
95367
95399
95266
95726
95644
95275
95272
96012
95463
95783
95325
95771
95526
95510
95577
96039
95345
95570
95475
95423
95462
95493
95444
95852
95308
95770
95450
95576
95684
95900
95609
95949
95438
95485
95337
95323
95900
95755
95800
95265
95226
95597
95828
95391
95329
95555
95723
95910
95263
95434
95798
95394
95695
95863
95620
95433
95782
95260
95677
95435
95468
95266
95818
95282
95861
95626
95359
95924
95343
95831
95905
95422
95692
95858
95858
95919
95368
95887
95633
95708
95735
95939
95984
95492
95391
95578
96035
95311
95679
95410
95503
95478
95699
95486
95370
95525
95494
95563
95504
95333
96001
95595
95306
95289
95652
95759
95541
95318
95330
95478
95497
95704
95780
95413
95515
95491
96077
96050
95594
95837
95928
95255
95467
95506
95421
95323
95488
95568
95349
95898
95650
95415
95646
95733
95509
95350
95275
95707
95874
95754
95299
95345
95417
95751
95619
95311
95526
96070
95366
95828
95776
95292
95592
95833
95713
95613
95600
95501
95621
95265
95341
95547
95726
95412
95777
95740
95519
95395
95785
95352
95636
95719
95915
95306
95238
95563
95582
95714
95597
95342
95720
95251
95285
95313
95437
95798
95365
95868
95772
95709
95811
95870
95737
96056
95521
95551
95772
95506
95416
95349
95438
95851
95972
95611
95762
95435
95872
95552
95504
95765
95866
95952
95376
95436
95234
95721
95317
95395
95337
95673
95721
95357
95692
95363
95493
95704
95599
95451
95995
95250
95737
95981
95439
95842
95354
95589
95874
95844
96002
95544
95357
95670
95529
95553
96070
95574
95786
95555
95827
95744
95739
95598
95728
95337
95850
95300
95679
95407
95362
95607
95728
95716
95295
95367
95570
95520
95439
95611
95778
95342
95613
95504
95381
95749
95831
95480
95591
95990
95284
95282
95757
95449
95480
95390
95226
95655
95892
95381
95552
95964
95219
95597
95880
95483
95578
95704
95642
95421
95748
95883
95723
95591
95596
95798
95949
95223
95344
95653
95852
95425
95279
95601
95419
95663
95721
95767
95900
95499
95773
95420
95858
95509
96068
95721
95646
95989
95649
95770
95621
95293
95721
95350
95797
95353
95922
95792
95257
95350
95800
95435
95600
95321
95331
95416
95714
95194
95636
95402
95473
95407
95820
95360
95712
95313
95792
95649
95688
95546
95347
95616
95920
95725
95493
95523
95575
95547
95990
95314
95711
95780
95777
95712
95481
95463
95674
95585
95516
95584
95730
95603
95850
95603
95781
95795
95944
95300
95640
95572
95298
95362
95873
95721
95632
95487
95368
95523
95353
95492
95571
95722
95308
95306
95707
95804
95701
95737
95859
95674
95681
95248
95382
95744
95370
95926
95292
95651
95750
95410
95661
95594
95156
95257
95810
95814
95586
95652
95845
95288
95703
95562
95789
95932
95688
95513
95419
95803
95807
95587
95269
95602
95626
95244
95305
95217
95268
95627
95540
95685
95403
95295
95788
95753
95790
95233
95179
95735
95740
95303
95814
95244
95774
95468
95296
95630
95481
95322
95795
95527
95385
95314
95515
95421
95777
95615
95402
95676
95382
95343
95438
95830
95887
95804
95667
95233
95911
95349
95305
95308
95551
95625
95517
95729
95674
95243
95884
95475
95348
95381
95395
95293
95699
95679
95614
95342
95385
95879
95398
95289
95687
95432
95719
95381
95807
95732
95576
95407
95655
95671
95838
95457
95917
95586
95481
95661
95563
95440
95534
95504
95269
95242
95508
95461
95557
95209
96033
95254
95587
95744
95968
95314
95342
95812
95466
95758
95468
95611
95718
95704
95307
95498
95382
95528
95661
95565
95707
95708
95340
95562
95407
95804
95767
95828
95893
95755
95465
95831
95564
95318
95287
95407
95496
95383
95496
95830
95533
95536
95281
95764
95479
95636
95857
95468
95791
95540
96024
95462
95648
95672
95900
95833
95320
95484
95819
95337
95281
95938
95632
95263
95982
95992
95405
95453
95719
95865
95746
95271
95352
95321
95330
95754
95256
95327
95710
96056
95567
95265
95754
95382
95332
95587
95740
95724
95590
95585
95755
95504
95319
95810
95274
95438
95401
96038
95966
95299
95335
95762
95554
95308
95249
95223
95823
95579
95395
95731
95414
95313
95467
95409
95463
95680
95254
95246
95353
95809
95343
95887
95610
95730
95337
95377
95295
95218
95741
95395
95805
95952
95319
95728
95265
96022
95680
95337
95738
95483
95719
95430
95374
95849
95309
95580
95336
95798
96011
95416
95741
95423
95508
95774
95792
95222
95772
95358
95546
95698
95422
95867
95714
95762
95688
95992
95318
95868
96044
95232
95385
95878
95923
95669
95321
95756
95799
95239
95681
95499
95684
95427
95818
95793
95838
95775
95310
95609
95883
95535
95776
95573
95533
95685
95762
95603
95748
95243
95402
95650
95532
95676
95631
96086
95918
95727
95665
95317
95264
95297
95649
95738
95231
95321
95258
95544
95784
95424
95396
95739
95558
95223
95638
95555
95671
95291
95500
95704
95472
95414
95589
95508
95862
95293
95343
95761
95788
95347
95305
95619
95837
95770
95515
95378
95582
95749
95983
95262
95537
95762
95625
95196
95361
95297
95181
95870
95226
95479
95202
95568
95779
95656
95358
95681
95479
95691
95313
95813
95578
95443
95725
95402
95646
95873
95847
95716
95520
95855
95596
95449
95672
95608
95328
95903
95861
95409
95455
95411
95723
95660
95630
95238
95677
95630
95541
95701
95693
95852
95774
95619
95803
95730
95840
95444
95765
95494
95711
95482
95827
95490
95771
95508
95643
95871
95328
95604
95849
95469
95562
95604
95878
95332
95622
95667
95617
95218
95417
95624
95359
95288
95488
95512
95779
95403
95700
95208
95756
95256
95523
95788
95250
95814
95749
95303
95863
95489
95282
95352
95342
95829
95775
95266
95511
95671
95536
95241
95865
95696
95275
95348
95812
95505
95903
95798
95431
95198
95544
95901
95500
95435
95692
95285
95504
95321
95231
95310
95724
95282
95836
95795
95416
95949
95681
95637
95548
95530
95397
95844
95275
95817
95469
95287
95355
95810
95512
95648
95771
95730
95583
95768
95402
95869
95284
95944
95842
95247
95515
95312
95410
95448
95449
95731
95984
95306
95705
95360
95664
95435
95368
96088
95557
95989
95708
95538
95456
95779
95725
95720
95463
95636
95624
95770
95463
95313
95434
95881
95684
95307
95393
95930
95661
95609
95586
95383
95631
95439
95228
95768
95284
95524
95595
95732
95559
96027
95630
95433
95743
95625
95776
95425
95911
95740
95825
95578
95738
95943
95754
95737
95846
95607
95252
95452
95625
95692
95460
95675
95411
95364
95442
95514
95773
95308
95742
95372
95976
95765
95187
95683
95927
95357
95518
95722
95480
95452
95476
95951
95629
95263
95932
95721
95436
95606
95586
95651
95625
95515
95914
95969
95291
95675
95957
95553
95337
95543
95843
95298
95268
95912
95447
95619
95725
95722
95780
95918
95564
95339
95696
95576
95572
95443
95300
95315
95534
95813
95818
96027
95592
95790
95947
95377
95747
95625
95996
96019
95395
95784
95702
95387
95671
95866
95424
95589
95543
95525
95408
95838
95695
95534
95251
95538
95457
95495
95555
95632
95487
95348
95616
95364
95882
95739
95645
95716
95668
95414
95549
95314
95911
95275
96021
95339
95856
95439
95731
95393
95466
95896
95764
95945
95847
96055
95390
95871
95525
95403
95485
95433
95766
95508
95403
95755
95716
95487
95681
95288
95771
95292
95295
95422
95400
95675
95524
95740
95782
95287
95860
95402
95539
95923
95671
95876
95367
95757
95344
95356
95635
95477
95356
95586
95290
95921
95569
95381
95950
95759
95918
96085
95876
95725
96047
95780
95740
95776
95918
95532
95574
95831
95402
95547
95551
95721
95733
95485
95892
95985
95401
95427
95817
95448
95671
95299
95598
95810
95714
95404
95323
95641
95417
95356
95296
95820
95238
95700
95859
95689
95340
96077
95494
95354
95590
95808
95759
95779
95628
95403
95708
95658
95863
95717
95323
95678
95524
95622
95646
95577
95287
95729
95960
95281
95823
95814
95829
95607
95884
95899
95323
95257
95820
95284
95468
95301
95608
95410
95634
95613
95296
95620
95340
95857
95906
95589
95708
95455
95840
95414
95327
95627
95221
95672
95365
95621
95277
95521
95904
95287
95697
95504
95759
95241
95547
95487
95413
95435
95733
95437
95372
95713
95603
95507
95331
95747
95498
95287
95664
95808
95772
95713
96031
95618
95443
95249
95400
95874
95420
95277
95301
95769
95929
95762
95538
95768
95477
95728
95607
95808
95291
95596
95439
95255
95488
95642
95326
95456
95766
95779
95554
95711
95733
95684
95567
95736
95552
95642
95310
96065
95429
95716
95781
95541
95529
95266
95739
95584
95569
95717
95748
95886
95269
95534
95363
95497
95316
95578
95432
95348
95803
95701
95324
95287
95381
95764
95603
95329
95718
95525
95760
95801
95840
95282
95430
95523
95372
95418
95281
95338
95839
95319
95828
95897
95526
95705
95331
95727
95687
95607
95531
95723
95677
95824
95414
95314
95657
95503
95509
95280
95260
95529
96113
95623
95902
95425
95853
95795
95732
95672
95842
95657
95840
95453
95734
95334
95989
95382
95653
95554
95448
95624
96013
95385
95576
95474
95611
95351
95680
95818
95885
95423
95338
95670
95359
95801
95542
95371
95814
95307
95515
95316
95340
95399
95752
95658
95914
95858
95699
95941
95439
95950
95702
95386
95385
95454
95275
95374
95288
95787
95636
95703
95308
95694
95266
95920
95406
95343
95578
95371
95486
95580
95301
95805
95677
95894
95582
95598
95367
95765
95324
95290
95291
95888
95655
95587
95472
95641
95863
95535
95905
95493
95551
95794
95538
95435
95416
95943
95371
95855
95447
95350
95301
95953
95795
95705
95680
95864
95887
95595
95876
95698
95949
95430
95605
95929
95756
96024
95557
95382
95469
95549
95742
95497
95732
95260
95659
95819
95778
95780
95899
95431
95459
95759
96012
95692
95695
95650
95572
95712
95617
95591
95617
95324
95778
95354
95489
95486
95587
95700
95657
95916
95784
95803
95827
95435
95401
95347
95773
95468
95610
95340
95739
95313
95862
95791
95841
95868
95686
96030
95770
95582
95700
95471
95841
95274
95645
95770
95672
95314
95422
95825
95713
95416
95659
95483
95410
95437
95459
95906
95798
96036
95465
95765
95507
95544
95579
95416
95567
95797
95550
95423
95999
95928
95380
95663
95896
95997
95796
95552
95468
95812
95424
95542
95349
95733
95723
95390
95208
95408
95387
95770
95785
95294
95625
95871
96001
95597
95803
95889
95361
95487
95518
95759
95553
95420
95847
95417
95622
95699
95423
95334
95426
95659
95281
95374
95703
95853
95600
95726
95677
95978
95832
95432
95264
95700
95466
95747
95510
95983
95410
95859
95857
95451
95685
95560
95440
95849
95691
95999
95708
95424
95724
95949
95629
95868
95608
95733
95267
95370
95605
95820
95400
95311
95387
95467
95983
95783
95413
95752
95358
95871
95778
95481
95779
95846
95773
95744
95354
95599
95754
95315
95780
95454
95579
95622
95361
95541
95293
95911
95995
95269
95586
95237
95800
95763
95288
95630
95828
95829
95811
95348
95840
95285
95753
95727
95226
95857
95783
95678
95558
95855
95681
95483
96054
95761
95371
95558
95713
95353
95590
95357
95669
95332
95465
95340
95565
95373
96025
95658
95445
95777
95891
95948
95777
95578
95820
95800
95847
95681
95332
95658
95399
95680
95808
95876
95778
95583
95524
95300
95686
95486
95758
95374
95544
95746
95969
95428
95291
95589
95310
95451
95821
95750
95505
95797
95425
95509
95848
95518
95567
95265
96072
95791
95507
95479
95591
95616
95415
95456
95727
95881
95321
95416
95780
95354
95806
95233
95288
95347
95888
95684
95715
95775
95874
95793
95373
95728
95735
95420
95477
95391
95714
95759
95335
95241
95543
95808
95295
95627
95603
95625
95718
95628
95656
95413
95788
95406
95855
95406
95312
96010
95381
95849
95525
95772
95446
95362
95670
95371
95626
95990
95260
95633
95750
95432
95463
95346
95483
95522
95787
95603
95363
95182
95283
95429
95521
95754
95501
95806
95344
95827
95659
95549
95662
95982
95294
95931
95589
95508
95714
95497
95818
95317
95412
95407
95855
95481
95797
95233
95522
95470
95908
95820
95405
95840
95351
95445
95579
95718
95898
95282
95689
95675
95722
95536
95307
95340
95888
95426
95319
95492
95992
95837
95643
95721
95892
95332
95830
95424
95447
95715
95643
95580
95391
95648
95331
95625
95843
95861
95631
96139
95347
95470
95648
95992
95831
96088
95451
95749
95536
95289
95338
95559
95455
95348
95522
95868
95604
95362
95388
95663
95574
95440
95826
95381
96108
95914
95687
95797
95580
95356
95426
95329
95765
95311
96024
95502
95423
95848
95588
95394
95881
95761
95574
95432
95412
95982
95367
95618
95455
95710
95898
95669
95277
95908
95847
95744
95674
95281
95900
95282
95844
95877
95444
95641
95843
95477
95362
95898
95765
95817
95259
95656
95599
95897
95400
95379
95458
95822
95824
95854
95843
95759
95241
95663
95547
95756
95759
95414
95341
95917
95629
95807
95494
95421
95914
95816
95651
95761
95878
95663
95332
95566
95320
95904
95313
95352
95817
95283
95593
95536
95743
95292
95479
95698
95845
95253
95806
95775
95351
95781
95613
95376
95481
95811
95569
95965
95574
95934
95442
95750
95512
95592
95809
95690
95743
95517
96057
95253
95445
95498
95388
95706
95749
95642
95777
95628
95522
95287
95927
95511
95934
95197
95658
95301
95835
95381
95811
95423
95685
95851
95461
95665
96011
95281
95626
95568
95476
95900
95801
95723
95542
95490
95571
95531
95886
95867
95456
95591
95970
95369
95559
95732
95800
96012
95746
95973
95606
95815
95352
95516
95523
95808
95794
95611
95840
95464
95291
95525
95855
95744
95858
95699
95741
95290
95277
95859
95889
95658
95287
95545
95313
95285
95449
95545
95509
95557
95657
95708
95295
95500
95515
95435
95580
95567
95607
95712
95898
95348
95517
95552
95829
95438
95828
95407
95627
95683
95922
95570
95303
95549
95666
95332
95728
96066
95375
95582
95801
95757
95466
95645
95417
95918
95780
95901
95566
95946
95431
95865
95943
95737
95271
95379
95802
95648
95485
95406
95614
95582
95625
95236
95715
95421
95308
95257
95789
95573
95320
95904
95366
95358
95612
95351
95767
95525
95359
95899
95579
95295
95540
95639
95886
95757
95643
95331
95709
95523
95862
95576
95758
95378
95838
95773
95742
95352
95447
95280
95421
95478
95665
95196
95907
96014
95680
95569
95204
95868
95220
95264
95774
95598
95781
95487
95699
95312
95323
96012
95888
95607
95645
95559
95328
95710
95879
95723
95533
95691
95973
95608
95396
95825
95734
95921
95809
95742
95502
95388
95318
95861
95537
95356
95435
95869
95784
95421
95882
95609
95810
95614
95263
95510
95525
95279
95917
95289
95514
95821
95877
95870
95890
95402
95841
95328
95735
95673
95954
95823
95626
95798
95307
95775
95917
95395
95536
95551
95550
95777
95862
95658
95417
95349
95965
96022
95881
95781
95734
95425
95751
95886
95433
95689
95417
95989
95793
95761
95586
95719
95313
95880
95801
95645
95720
95759
95368
95942
95429
95733
95551
95588
95933
95413
96051
96062
95798
95434
95448
95725
95419
95439
95826
95449
95785
95938
95590
95446
95869
95434
95484
95757
95617
95302
95415
95349
95602
95990
95840
96085
95516
95758
95357
95441
95853
95467
95721
95357
95856
95374
95589
95269
95721
95307
95558
95792
95741
96017
95530
95598
95319
95446
95864
95747
95696
95431
95805
95372
95699
96125
95424
95835
95532
95887
95801
95944
95708
95742
95798
95669
95481
95397
95785
95993
95885
95699
95797
96041
95937
95960
95798
95383
95407
96080
95681
95357
95607
95516
95866
95822
95643
95332
95770
95257
95662
95498
95957
95693
95851
95741
95430
95314
95746
95446
95501
95472
95663
95744
95426
95630
95700
95283
95647
95665
95490
95761
95940
95284
95464
95980
95284
95466
95686
95445
95235
96009
95777
95423
95488
95665
95736
95779
95714
95896
95519
95670
95205
95510
95634
95313
95441
95310
95355
96020
95592
95795
95937
95611
95608
95357
95687
95697
95361
95495
95673
95273
95332
95820
95471
96006
95899
95536
95504
95839
95426
95365
95450
95247
95809
95374
95918
95321
95453
95865
95417
95942
95721
95667
95292
95813
95278
95270
95550
95902
95265
95452
95366
95294
95791
95454
95494
96051
95945
95601
95272
95351
95249
95505
95354
95727
95400
95409
95343
95275
95617
96011
95330
96019
96039
95862
95389
95998
95972
95725
95436
95557
95532
95494
95638
95806
95752
95365
95902
95372
95311
95696
95310
95845
95573
95255
95795
95834
95474
95504
95775
95518
95385
95505
96005
95258
95721
95757
95691
95605
95701
95400
95359
95940
95511
95796
95695
95549
95273
95279
95765
95830
95783
95739
95673
95867
95233
95391
95300
95342
95872
95274
95230
95797
95741
95390
95307
95316
95907
96065
95384
95490
95703
95733
96078
95791
95391
95394
95781
95429
95844
95402
96091
95780
96029
95379
95265
95281
95305
95811
95366
95540
95761
95553
95752
95287
95666
95499
95268
95710
95780
95746
95450
95322
95434
95876
95459
95900
95501
95680
95386
95534
95955
95292
95662
95745
95452
95260
95938
95336
95760
95262
95389
95554
95413
95860
95812
95857
95735
95648
95285
95325
95277
95819
95397
95508
95523
95502
95472
95731
95389
95586
95503
95594
95207
95768
95270
95701
95324
95306
95523
95621
95670
95684
96030
95414
95276
95386
95687
95378
95972
95603
95702
95746
95876
95326
95543
96002
95542
95942
95624
96012
95670
95353
95327
95743
95700
95823
95636
95635
95225
95465
95457
95767
95749
95805
95663
95317
95280
95253
95558
95696
95624
95710
95786
95386
96004
95471
95325
95672
95634
95353
95400
95909
95448
95662
95884
95332
95464
95312
95504
95845
95396
95372
95394
95377
95831
95380
95535
95846
95635
95759
95874
95505
95685
95432
95363
95824
95412
95787
95692
95332
95649
95754
95879
95270
95870
95788
95436
95695
95374
95923
95268
95985
95697
95876
95326
95275
95917
95838
95411
95454
95325
95831
95270
95773
95606
95292
95840
95345
95872
95724
95530
96029
95617
95266
95652
95320
95625
95248
95371
95450
95689
95391
95884
95614
95586
95409
95305
95572
95545
95584
95660
95835
95513
95435
95553
95730
95373
95756
95410
95291
95379
95497
95779
95482
95412
95225
95735
95518
95762
95620
95329
95568
95516
95323
95410
95331
95399
95872
95879
95726
95770
95497
95450
95771
95758
95453
95520
96044
95457
95788
95705
95897
95236
95643
95329
95800
95465
95847
95953
95748
95890
95319
95353
95786
95364
95703
95860
95346
95537
95963
96068
95720
95353
95256
95446
95793
95311
95699
95345
95565
95828
95543
95359
95386
95746
95599
95904
95343
95352
95813
95388
95503
95681
95797
95367
95641
95995
95543
95808
95492
95249
95533
96008
95558
95344
95248
95487
95383
95933
95765
95903
95984
95519
95511
95849
95369
95511
95935
95312
95763
95764
95695
95636
95830
95698
95832
95661
95521
95465
95467
95783
96038
95667
95471
95271
95381
95265
95267
95752
95619
95444
95760
95270
95192
95478
95761
95707
95588
95731
95576
95359
95787
95447
95444
95567
95589
95455
95782
95371
95808
95444
95522
95647
95365
95629
95728
95361
95372
95988
95282
96008
95421
95314
95466
95678
95561
95762
95449
95814
95708
95584
95239
95836
95243
95944
95390
95438
95728
95767
95728
95904
95859
95856
95460
95182
95494
95916
95771
95813
95696
95312
95997
95667
95262
95498
95687
95780
95515
95247
95986
95777
95866
95740
95554
95428
95810
95792
95265
95236
95512
95572
95691
95422
95774
95330
95226
95469
95415
95314
95903
95337
95274
95407
95221
95340
95669
95188
95559
95177
95505
95794
95772
95621
95686
95729
95257
95644
95755
95662
95725
95602
95831
95746
95702
95582
95394
95835
95511
95569
95404
95544
95350
95719
95444
95544
95362
95545
95373
95682
95607
95809
95342
95919
95765
95724
95710
95599
95602
95320
95711
95210
95746
95625
95326
95551
96007
95294
95314
95843
95443
95715
95741
95307
95950
95698
95227
95416
95234
95336
95650
95675
95797
95303
95352
95880
95272
95876
95308
95997
95428
95777
95383
95644
95596
95280
95470
95436
95967
95624
95835
95433
95523
95367
95838
95893
95398
95515
95396
95750
95616
95523
95717
95758
95596
95485
95314
95636
95481
96016
95445
95755
95870
95891
95537
95463
95405
95655
95243
95386
95506
95776
95794
95793
95399
95766
95615
95659
95647
95618
95374
95311
95487
95488
95217
95481
95936
95625
95745
95923
95931
95888
95516
95805
95735
95537
95392
95898
95583
95454
95555
95827
95858
95373
95505
95257
95293
95894
95314
95832
95368
95622
95484
95687
95462
95553
95446
95402
96050
95859
95697
95224
95962
95812
95411
95300
95665
95415
95448
95838
95318
95553
95666
95319
95276
95469
95766
95570
95287
95258
95799
95382
95837
95782
95490
95436
95343
95305
95532
95303
95736
95874
95242
95625
95574
95640
95274
95716
95676
95974
95359
95351
95489
95722
95691
95254
95559
95276
95711
95834
95781
95245
95449
95321
95857
95708
95582
95561
95521
95814
95627
95772
95858
95358
95812
95443
95503
95396
95604
95714
95864
95631
95471
95609
95954
95350
95363
95745
95702
95475
95270
95487
95293
95743
95316
95562
95477
95957
95352
95562
95621
95413
95345
95366
95641
95450
95599
95603
95671
95579
95762
95414
95737
95881
95658
95739
95697
95634
95316
95244
96078
95701
95938
95423
95402
95469
95782
95808
95394
95349
95763
95655
95868
95919
95521
95487
95754
95644
95766
95603
95540
95794
95841
95704
95600
95700
95620
95261
95666
95296
95801
95383
95742
95435
95640
95298
95251
95593
95218
95411
95501
95675
95790
95792
95533
95578
95443
95838
95288
95686
95316
95974
95814
95345
95640
95737
95995
95587
95970
95504
95389
95729
95706
95859
95533
95346
95316
96041
95585
95371
95885
95777
95290
95403
95232
95680
95688
95210
95613
95434
95583
95759
95707
95594
95618
95239
95735
95544
95712
95239
95263
96036
95334
95559
95626
95768
95546
95411
95699
95507
95328
95664
95317
95898
95351
95474
95808
95608
95272
95299
95676
95784
95991
95832
95645
95363
95260
95814
95533
95486
95943
95761
95294
95671
95330
95767
95841
95335
95290
95770
95364
95595
95544
95334
95707
95395
95788
95308
95476
95882
95925
95776
95443
95318
95588
95672
95719
95839
95865
95704
95938
95367
95262
95833
95540
95765
95906
95731
95964
95347
95846
95726
95616
95329
95304
95724
95303
95844
95785
95804
95322
95740
95823
95287
95941
95702
95434
95576
95780
95910
95525
95702
95577
95679
95278
95412
95952
95290
95274
95792
95421
95208
95885
95312
95647
95388
95541
95808
95779
95521
95511
95459
96042
95250
95302
95548
95863
95264
95241
95758
95332
95925
95740
95639
95456
95960
95679
95421
95936
96085
95652
95597
95287
95803
95280
95337
95803
95328
95455
95673
95389
95757
95611
95467
95944
95420
95662
95563
95774
95841
95675
95809
95551
95328
95438
95322
95695
95860
95789
95291
95642
95976
95313
95693
95737
95606
95524
95541
95753
95918
95294
95768
95780
95526
95742
95450
95307
95572
96009
95725
95859
95297
95481
95335
95905
95528
95633
95547
95951
95734
95272
95393
95483
95309
95832
95399
95798
95518
95692
95569
95412
95397
95682
95473
95766
95638
95651
95883
95738
95556
95272
95830
95264
95663
95923
95329
95299
95840
95876
95284
95401
95295
95328
95931
95586
95741
95625
95345
95647
95688
95659
95365
95346
95705
95749
95344
95259
95853
95239
95353
95827
95526
95451
95465
95883
95931
95685
95353
95602
95332
95927
95470
95740
95781
95451
95801
95351
95736
95278
95275
95517
95607
95324
95630
95543
95693
95512
95854
95737
95679
95536
95796
95585
95592
95200
95530
95534
95276
95996
95857
95331
95828
95650
95759
95962
95654
95253
95555
95790
95662
95841
95945
95674
95288
95701
95417
95633
95306
95541
95422
95564
95413
95866
95840
95299
95559
95797
95298
95338
95872
95474
95635
95261
95683
95342
95417
95264
95688
95591
95874
95605
95813
95672
95379
95785
95625
95810
95305
95995
95504
95510
95747
95664
95702
95364
95326
95993
95574
95875
95853
95879
95271
95298
95743
95758
95778
95893
95368
95753
95328
95488
95870
95327
95691
95294
95736
95447
95728
95702
95852
95455
95347
95552
95674
95754
95530
95842
95658
95317
95642
95676
95638
95794
95361
95544
95695
95325
95512
95406
95529
95792
95248
95643
95273
95238
95559
95629
95642
95377
95341
95728
95343
95610
95481
95775
95406
95377
95469
95516
95680
95871
95242
95460
95595
95940
95717
95446
95400
95866
95887
95489
95503
95390
95819
95462
95370
95297
95368
95871
95588
95420
95765
95773
95869
95315
95300
95514
95683
95237
95713
95425
95367
95376
95774
95387
95495
95430
95351
95301
95823
95397
95311
95798
95550
95402
95486
95489
95766
95798
95321
95642
95782
95944
95325
95540
95640
95947
95284
95313
95993
95439
95913
95922
95703
95349
95776
95436
95252
95651
95563
95313
95733
95695
95278
95941
95277
95784
95444
95257
95730
95693
95550
95763
95265
95385
95351
95293
95887
95316
95991
95500
95324
95875
96059
95856
95849
96003
95733
95887
95451
95645
95361
95883
95450
95627
95837
95393
95532
95899
96087
95978
95890
95524
95442
95791
95383
95574
95987
95588
95756
95571
95421
95346
95351
95617
95818
95725
95688
95515
95683
95629
96042
95283
95517
95703
95841
95887
95704
95817
95388
95376
95703
95804
95332
95451
95758
95388
95528
95895
95364
95750
95696
95628
95546
95772
95668
95860
95854
95879
95661
95567
95772
95248
95510
95696
95238
95480
95810
95633
95662
95317
95601
95333
95775
95917
95993
95782
95806
95808
95715
95296
95848
95396
95262
95319
95506
95877
95803
95408
95414
95435
95973
95409
95266
95939
95290
95281
95848
95386
95787
95873
95793
95270
95332
95325
95480
95781
95744
95447
95691
95604
95768
96050
95648
95882
95338
95965
95494
95478
95779
95267
95830
95554
95934
95472
95326
95830
95862
95213
95873
95322
95748
95371
95399
95223
95853
95616
95565
95271
95411
95661
95772
95538
95479
95489
95410
95250
95324
95529
95656
96015
95326
95799
95274
95254
95668
95511
95349
95448
95843
95689
95447
95683
95601
95878
95755
95358
95841
95470
95938
95561
95841
95752
95623
95298
95609
95340
95309
95561
95453
95607
95776
95840
95890
95278
95810
95834
95800
95418
95740
95500
95437
95278
95976
95655
95588
95780
95499
95447
95773
95241
95360
95373
95399
95577
95829
95450
95612
95706
95530
95457
95261
95619
95821
95757
95637
95992
95474
95829
95587
95700
95671
95823
95990
95821
95585
95313
95704
95324
95285
95821
95394
96040
95306
95380
95439
95664
95767
95964
95324
95718
95537
95717
95820
95302
95561
95366
95516
95601
95327
95531
95325
95765
95482
95803
95965
95760
95449
95871
95611
95634
95790
95323
95496
95418
95266
95300
95562
95863
95559
95785
95744
95464
95909
95856
95647
95311
95707
95430
95645
95828
95602
95315
95793
95853
95889
95353
95679
95361
95759
95450
95304
95769
95615
95672
95650
95784
95714
95803
95357
95382
95307
95481
95526
95445
95295
95431
95754
95350
95337
95825
95676
95268
95827
95264
95662
95497
95932
95326
95972
95889
95703
95740
95832
95334
95813
95441
95812
95334
95753
95328
95791
95856
95400
95328
95732
95854
95331
95620
95285
95700
95693
95921
95525
95542
95962
95266
95448
95925
95249
95274
95833
95847
95618
95938
95792
95509
95595
95562
95775
95286
95610
95768
95714
96001
95624
95795
95289
95806
95739
95301
95428
95348
95317
95777
95202
95460
95382
95633
95690
95311
95246
95406
95279
95405
95352
95589
95443
95305
95746
95242
95803
95426
95845
96027
95404
95391
95551
95820
95983
95697
95411
95872
95640
95901
95568
95930
95641
95686
95448
95524
95277
95402
95526
95448
95946
95272
95293
96011
95454
95366
95911
95371
95680
95500
95344
95743
95704
95407
95228
95747
95252
95849
95296
95340
95261
95248
95591
95702
95625
95404
95429
95840
95759
95241
95656
95567
95631
95882
95905
95724
95610
95942
95371
95458
95570
95803
95524
95526
95681
95549
95719
95546
95425
95757
95443
95610
95865
95688
95601
95733
95833
95283
95562
95384
95499
95735
95347
95679
95782
95226
95291
95432
95371
95931
95461
95551
95297
95709
95655
95710
95904
95697
95344
95846
95489
95304
95527
95818
95422
95675
95809
95741
95419
95703
95831
95403
95866
95680
95551
95478
95561
95783
95870
95654
95610
95365
95577
95734
95474
95910
95685
95818
95426
95724
95938
95792
95429
95329
95766
95254
95803
95310
95600
95262
95466
95759
95529
95458
95638
95549
95448
95420
95743
95951
95636
95542
95679
95496
95953
95892
95820
95769
95956
95874
95187
95296
96051
95308
96028
95586
95433
95331
95482
95287
95483
95452
95396
95457
95963
95291
95466
95793
95700
95955
95574
95799
95556
95590
95848
95450
95555
95469
95824
95946
95719
95524
95823
95756
95724
95294
96057
95552
95630
96084
95795
95914
96007
95441
95411
95299
95767
95741
95249
95491
95375
95247
95255
95304
95768
95355
95707
95654
95749
95866
95553
95687
95647
95239
96019
95617
95980
95979
95470
95291
95846
95276
95580
95845
95754
95747
95778
95801
95607
95747
95301
95496
95862
95603
95421
95899
95980
95460
95280
95533
95246
95351
95712
95781
95832
95687
95323
95242
95695
95371
95802
95833
95307
95585
95601
95696
95545
96042
95350
95770
95459
95410
95343
95266
95692
95406
95297
95351
95691
95580
95786
95671
95314
95361
95430
95335
96010
95255
95282
95747
95371
95870
95407
95488
95498
95509
95635
95508
95306
95523
95975
95710
95225
95734
95354
95290
95510
95816
95918
95674
95315
95496
95325
95538
95998
95829
95710
95795
95366
95340
95771
95809
95627
95697
95642
95760
95399
96059
95767
95647
95461
95257
95561
95414
95381
95296
95878
95259
95414
95911
95672
95879
95737
95226
95430
95533
95607
95218
95526
95861
95676
95282
95796
95964
95401
95569
95306
95737
95383
95233
95505
95781
95371
95797
95317
95719
95698
95830
95372
95614
95617
95405
95698
95745
95421
95568
95290
95766
95881
95674
95590
95275
95360
95313
95867
95298
95406
95506
95764
95265
95780
95427
95420
95969
95351
95691
95628
95251
95828
95509
95884
95817
95429
95469
95260
95483
95484
95383
95788
95441
95389
95387
95640
95704
95402
95361
95502
95500
95393
95578
95317
95754
95708
95692
95678
95359
95787
95397
95252
95923
95642
95663
95269
95684
95688
95362
95896
95567
95560
95823
95820
95572
95484
95659
95668
95196
95293
95253
95651
95869
95787
95413
95437
95251
95372
95357
95961
95608
95261
95596
95662
95750
95571
95478
95784
95676
95512
95286
96059
95758
95209
95917
95805
95895
95820
95339
96017
95837
95538
95630
95325
95429
95359
95659
95961
95660
95309
95841
95588
95338
95724
95834
95523
95281
95911
95570
95405
95615
95596
95960
95373
95540
95940
95737
95517
95671
95592
95843
95693
95646
95211
95855
95369
95435
95362
95396
95754
95497
95543
95426
95421
95327
95757
95593
95591
95722
95267
95494
95714
95432
95628
95902
95730
95723
95313
95910
95314
95486
95485
95763
95317
95751
95478
95577
95684
95330
95623
95502
95435
95278
95899
95552
95342
95582
95333
95525
95655
95630
95317
95613
95695
95281
95519
95868
95606
95327
95310
95301
95567
95424
95796
95536
95492
95816
95540
95593
95970
95561
95840
95411
95807
95303
95396
95624
95360
95908
95622
95456
95734
95749
95443
95696
95733
95688
95543
95645
95261
95644
95382
95296
95828
95795
95768
95626
95532
95413
95647
95377
95341
95811
95307
95753
95540
95354
95404
95518
96104
95342
95895
95571
95259
95874
95446
95639
96061
95705
95310
95600
95836
95414
95275
95333
95537
95255
95874
95817
95739
95275
95688
95578
95335
95794
96006
95277
95627
95348
95789
95432
95833
95429
95524
95681
95627
95322
95855
95394
95607
95546
95475
95626
95812
95290
95256
95884
95495
95676
95705
95636
95432
95255
95796
95348
95396
95401
95951
95277
95749
95735
95409
95435
95234
95591
95364
95515
95379
95319
95265
95521
95493
95886
95315
95997
95436
95410
95299
95511
95823
95991
95295
95463
95374
95384
95741
95309
95882
95584
95576
95346
95345
95373
95508
95379
95754
95318
95974
95342
95322
95554
95331
95759
95532
95969
95258
95295
95803
95632
95820
95731
95655
95226
95585
95852
95324
95773
95731
95811
95858
95623
95802
95611
95816
95750
95827
95696
95442
95252
95993
95689
95566
95600
95947
95409
95783
95434
95545
95776
95394
95937
95416
95423
95762
95686
95766
95526
95922
95357
95574
95549
95668
95845
95575
95724
95812
95765
95314
95816
95490
95939
95820
95701
95874
95983
95738
95903
95621
95675
96075
95859
95511
95606
96017
95835
95389
95336
95679
95788
95504
95793
95356
95477
95672
95989
95411
95940
95472
95551
95433
95791
95240
95543
95874
95802
95374
95547
95420
95942
95787
95377
95765
95818
95636
95881
95756
95400
95451
95742
95423
95908
95798
95762
95885
95533
95416
95400
95318
95275
95388
95802
95281
95293
95720
95326
95817
95539
95398
95745
95610
95509
95709
95930
95784
95648
95740
95942
95964
95864
95841
95881
95692
95464
95317
95833
95689
95852
95865
95675
95524
95566
95563
95787
95507
95524
95858
96005
95339
95617
95885
95859
95866
95760
95288
95823
95727
95625
95745
95355
95793
95794
95902
95818
95365
95635
95576
95332
95329
95276
95567
95729
95758
95750
95392
95850
95465
95314
95307
95994
95256
95704
95684
95328
95337
95842
95886
95323
95255
95323
95648
95819
95878
95456
95426
95788
95750
95973
95823
95353
95346
95642
95751
95577
95580
95373
95839
95562
95426
95518
95632
95729
95757
95894
95573
95749
95639
95339
95328
95847
95647
95420
95520
95683
95354
95396
95344
95719
95525
95921
95549
95355
95807
95597
95835
95621
95247
95757
95820
95451
95309
95391
95742
95919
95418
95858
95437
95315
95978
95491
95697
95322
95720
96005
95814
95761
95379
95717
95337
95682
95401
95746
95715
95582
95407
95705
95436
95507
95976
95662
95564
95321
95532
95589
95773
96015
95502
95639
95743
95961
95583
95869
95774
95672
95850
95716
95259
95317
95740
95690
95764
95439
95739
95698
95844
95217
95372
95830
95731
95345
95684
95721
95693
95523
95673
95457
95553
95322
95894
95361
95263
95317
95792
95858
95758
95890
95640
95724
95305
95299
95382
95687
95791
96002
95658
95568
95400
95263
95254
95703
95735
95832
95716
95854
95285
95557
95876
95428
95367
95496
95571
95845
95976
95926
95337
95902
95306
95539
95349
95723
95686
95414
95748
95405
95728
95374
95664
95720
95845
95343
95547
95782
95275
95341
95906
95472
95748
95375
95773
95287
95793
95515
95979
95942
95986
95931
95801
95716
95701
95631
95489
95700
95242
95545
95546
95465
95711
95675
95749
95832
95933
95685
95536
95332
95875
95743
95575
96061
95741
95531
95881
95668
95374
95368
95600
95614
95479
95576
95752
95593
95807
95352
95394
95287
95780
95366
95434
95344
95821
95739
96018
95783
95642
95840
95799
95547
96029
95322
95467
95338
95310
95779
95651
95566
95904
95436
95954
95727
95656
95537
95422
95615
95833
95810
95741
95527
95681
95381
95300
95601
95895
95875
95734
95845
95998
95259
95328
95847
95321
95637
95631
95607
95536
95622
95783
95860
95663
95359
95401
95649
95712
95439
95355
95604
95700
95970
95386
95676
95479
95736
95641
95443
95357
95283
95455
95390
95920
95319
95864
95686
95302
95257
95792
95334
95942
96044
95465
95391
95629
95231
95566
95847
95455
95339
95446
95890
95279
95923
95470
95615
95313
95423
95301
95388
95878
95247
95797
95433
95768
95427
95876
95899
95544
95294
95474
95513
95920
95633
95588
95289
95893
95818
95639
95789
96047
95685
95852
95826
95532
95761
95784
95543
95873
95542
95908
95853
95332
95528
95872
95958
95467
95532
95811
95337
95524
95206
95611
95578
95536
95793
95995
95365
95313
95699
96055
95342
95562
95400
95432
95343
95582
95570
95745
95841
95952
95841
95552
95505
95416
95434
95361
95457
95721
95489
95647
95719
95539
95394
95298
95696
95489
95691
95739
95964
95593
95417
95447
95212
95882
95262
95599
95602
95472
95698
95553
95980
95821
95778
95881
95631
95302
95364
95466
95434
95413
95972
95503
95771
95847
95602
95882
95328
95788
95832
95356
95274
95786
95469
95448
95610
95362
95606
95329
95983
95913
95827
95762
95594
95509
96061
95891
95747
95679
95524
95357
95819
95355
95563
95655
95337
95631
95310
95864
95660
95567
95418
95702
95331
95300
95726
95520
95308
95469
95711
95679
95296
95306
95439
95708
95300
95488
95854
95284
95736
95479
95308
95626
95916
95352
95781
95483
95790
95746
95895
95744
95261
96021
95799
95828
95360
95677
95724
95633
95397
95753
95290
95647
95683
95618
95815
95727
95905
95897
95417
95372
95881
95800
95784
95892
95642
95866
96086
95589
95460
95762
95545
95952
95238
95332
95264
95337
95846
95786
95593
95640
95500
95718
95610
95589
95631
95577
95480
95746
95720
95339
95771
95470
95665
95494
95304
95768
95384
95927
95824
95300
95359
95744
95736
95794
95487
95725
95725
95317
95447
95757
95706
95304
95613
95360
95363
95369
95618
95938
95403
95976
95657
95656
95559
95321
95815
95239
95548
95803
95405
95744
95735
95676
95332
95883
95535
95345
95377
95573
95645
95469
95974
96041
95293
95655
95594
96036
95460
95278
95524
95363
95643
95521
96001
95434
95735
95716
95553
95679
95662
95331
95656
95294
95748
95688
95851
95602
95821
95612
95812
95320
95572
95860
95217
95519
95865
95603
95466
95443
95280
95369
95875
95927
95536
95874
95815
95342
95714
95690
95349
95622
95734
95514
95343
95441
95506
95334
95589
95994
95374
95353
95500
95235
95841
95647
95745
95478
95535
95543
95412
95924
95311
95992
95648
95428
95459
95308
95837
95979
95664
95729
95369
95730
95291
95504
95198
95728
95543
95334
95282
95558
95306
95741
96017
95930
95325
95750
95915
95561
95537
95610
95631
95793
95294
95739
95427
95268
95393
95741
95302
95915
95763
95853
95275
95960
95591
95595
95496
95890
95611
95346
95331
95668
95828
95285
95644
95792
95811
95498
95767
95565
95409
95727
95296
95497
95723
95668
95698
95635
95803
95320
95576
95335
95613
95457
95816
95538
95614
95834
95642
95488
95434
95574
95303
95305
95820
95375
95409
95223
95597
95984
95716
95714
95678
95386
95725
95309
95591
95449
95313
95819
95703
95738
95330
95683
95278
95971
95515
95341
95256
95282
95829
95626
95803
95756
95766
95625
95843
95340
95449
95723
95809
95377
95574
95893
95403
95478
95918
95843
95315
95758
95687
95445
95774
95822
95542
95790
95708
95775
95445
95794
95675
95731
95404
95609
95528
95706
95802
95770
95639
95732
95353
95278
95577
95868
95536
95893
95818
95732
95844
95588
95746
95926
95601
95744
95295
95674
95543
95354
95698
95287
95848
95269
95485
95594
95739
95385
95806
95717
95789
95502
95696
95803
95750
95399
95245
95333
95603
95608
95734
95402
95542
96001
95772
95475
95879
95945
95374
95812
95595
95773
95719
95420
95424
95685
95336
95377
95364
95741
95722
95506
95818
95295
95357
95818
95677
95354
95768
95542
95612
95237
95780
95423
95736
95550
95293
95706
95603
95952
95408
95351
95810
95778
95351
95488
95815
95608
95735
95931
95480
95967
95322
95323
95998
95744
95367
95599
95332
95747
95377
95400
95770
95757
95661
95912
96043
95862
95609
95706
95334
95730
95525
95640
95324
95620
95359
95514
95991
95582
95589
95623
95783
95421
95705
95435
95780
95778
95644
95500
95521
95345
95297
95850
95313
95298
95663
95514
95902
95719
95844
95297
95742
95263
95874
95726
95604
95395
95629
95332
95987
95816
95297
95797
95844
95270
95551
95440
95785
95830
95976
95641
95311
95545
95322
95514
95662
95568
95510
95509
95335
95856
95784
95517
95290
95357
95505
95844
95917
95674
95360
95757
95730
95850
95270
95530
95318
95764
95336
95800
95259
95379
95643
95791
95295
95358
96045
95596
95405
95929
95885
95691
95740
95490
95250
95867
95518
95587
95799
95454
95751
95547
95974
95703
95314
95730
95272
95844
95768
95450
95994
96009
95270
95237
95514
95728
95779
95838
95615
95594
95277
95252
95716
95694
95581
95733
95375
95331
95821
95962
95454
95702
95368
95670
95474
95455
95732
95619
95750
95756
95406
95324
95382
95751
95797
95780
95325
95368
95843
95285
95363
95274
95261
95631
95372
95772
95795
95927
95331
95507
95407
95779
96041
95610
95337
95708
95719
95736
95280
95388
95759
95736
95820
95391
95292
95429
95781
95841
95996
95830
95757
95581
95761
95528
95777
95306
95687
95401
95785
95409
95387
95767
95867
95292
95509
95714
95388
95812
95434
95706
95753
95650
95908
95261
95419
95555
95821
95866
95629
95456
95775
95953
95451
95672
95724
95792
96027
95393
96005
95681
95903
95510
95612
95982
95879
95409
95454
95788
95648
95430
95407
96013
95687
95351
95738
95882
95822
95874
95923
95940
95583
95844
95448
95483
95715
95519
95366
95344
95310
95989
95740
95592
95878
95963
95437
95945
95263
95824
95671
95276
95736
95356
95461
95339
95852
95738
95448
95322
95575
95413
95562
95696
95290
95849
95826
95558
95874
95679
95339
95548
95875
95484
95751
95314
95692
95416
95425
95548
95935
95820
95885
95839
95375
95329
95343
95828
95798
95681
95380
95354
95494
95545
95511
95703
95735
95797
95483
95469
95733
95811
95538
95941
95441
95788
95711
95890
95479
95586
95327
95663
95575
95762
95858
95576
95231
95506
95388
95757
95547
95323
95782
95550
95912
95397
95352
95615
95839
95734
95830
95602
95910
95632
95553
95440
95526
95790
95524
95501
95305
95913
95577
95742
95761
95463
96041
95531
95298
95770
95258
95501
95393
95651
95650
95739
95698
95548
95305
95811
95635
95441
95881
95530
95575
95291
95597
95481
95565
95473
95902
95255
95340
95804
95704
95922
95615
95728
95564
95583
95633
95706
95367
95582
95273
95588
95509
95835
95352
95338
95342
95668
95286
95532
95386
95631
95844
95268
95366
95530
95846
95296
95306
95250
95291
95249
95766
95370
95526
95631
95684
95459
95455
95783
95452
95751
95274
95785
95418
95292
95402
95714
95627
95491
95682
95286
95751
95245
95386
95647
95564
95791
95747
95429
95781
95383
95836
95330
95604
95361
95729
95259
95264
95550
95795
95793
95978
95826
95980
95656
95501
95334
95525
95289
95487
95854
95302
95342
95490
95484
95280
95331
95527
95713
95479
95572
95841
95799
95870
95923
95355
95528
95310
95354
95961
95338
95356
95717
96060
95499
95299
95467
95464
95630
95721
95746
95706
96025
95267
95913
95558
95740
95318
95535
95628
95549
95350
95516
95508
95689
95716
95335
95263
95340
95302
95987
95366
95825
95347
95901
95673
95518
95233
95249
95804
95912
95736
95781
95252
95369
95941
95487
95565
95335
95673
95655
95579
95692
95234
95945
95474
95827
95467
95501
95765
95716
95247
95303
95530
95545
95362
95774
95336
95601
95615
95229
95455
95492
95724
95736
95355
95577
95833
95466
95426
96064
95607
95684
95560
95781
95333
95767
95522
95628
95472
95819
95571
95686
95969
95249
95874
95749
95393
95612
95292
95749
95597
95473
95591
95882
95679
95551
95372
95469
95738
95619
95593
95515
95301
95711
96040
95375
95720
95285
95168
95523
95523
95325
95720
95699
95781
95476
95765
95348
95888
95724
95802
95897
95538
95770
95423
95440
95340
95666
95448
95665
95383
95767
95919
95340
95374
95414
96038
95419
95956
95950
95905
95459
95322
95830
95529
95788
95777
95300
95803
95729
95727
95309
95706
95843
95760
95976
95769
95563
95288
95797
95569
95361
95809
95754
95745
95665
95814
95388
95795
95513
95856
95623
95519
95451
95351
95771
95265
95637
95713
95826
95434
95813
95743
95364
95915
95901
95435
95683
95742
95694
96030
95424
96017
95282
95411
95285
95743
95427
95788
95666
95275
95218
95579
95860
95413
95998
95694
95627
95929
95247
95581
95629
96023
95673
95735
95881
95787
95775
95276
95849
95742
95294
95381
95526
95300
95963
95216
95616
95223
95738
95469
95518
95541
95525
95598
95282
95278
95481
95306
95391
95797
95315
95607
95649
95725
96037
95347
95666
96001
95931
95718
95640
95825
95771
95447
95279
95659
95597
95671
95773
95438
95236
95499
95370
96014
95476
95929
95371
95771
95859
95799
95834
95695
95454
95704
95407
95842
95991
95343
95753
95821
95303
95411
95905
95298
95436
95390
95354
95811
95875
95345
95600
95530
95484
95396
95380
95765
95429
95708
95611
95384
95646
95656
95619
95793
95340
95608
95931
95464
95664
95647
95329
95800
95488
95730
95813
95260
95308
96074
95272
95750
95758
95720
95864
95268
95735
95335
96022
95964
95787
95772
95287
95650
95482
95371
95865
95702
95261
95553
95742
95396
95441
95402
95687
95667
95703
95571
95633
95901
95669
95527
95272
95447
95759
95825
95288
95899
95557
95773
95273
95310
95424
95778
95861
95347
95864
95749
95623
95373
95776
95865
95884
95530
95787
95405
95964
95351
95940
95439
95387
95527
95385
95604
95736
95877
95809
95931
95301
96111
95671
95396
95797
95696
95647
95817
95974
95684
95601
95509
95366
95476
95387
95459
95346
95732
95814
95532
95397
95403
95686
95822
95543
95404
95906
95531
95298
95633
95758
95803
95689
95457
95756
95677
95622
95406
95627
95369
95585
95805
95558
95739
95285
95758
95918
95882
95346
95631
95572
95702
95515
95765
95545
95553
95717
95782
95449
95503
95431
95473
95932
95865
95615
95603
95366
95306
95899
95455
95988
95440
95638
95807
95489
95596
95830
95383
95894
95846
95545
95795
95781
95428
95473
95647
96008
95626
95702
95822
95354
95815
96100
95786
95719
95542
95902
95454
95418
95926
95640
95625
95383
95874
95708
95587
95797
95421
95373
95395
95315
95677
95738
95611
95763
96045
95735
95853
95978
95680
95771
95881
95489
95530
95909
95823
95454
95647
95902
95303
95355
95568
95695
95455
95257
95880
95706
95847
95867
95413
95672
95637
95670
95248
95384
95363
95963
95671
95813
95260
95828
95412
95622
95523
95355
95872
95872
95600
95341
95318
95561
95346
95625
95998
95561
95587
95309
95363
95946
95660
95510
95623
95795
95914
95842
95474
95427
95802
95738
95814
95331
95792
95393
95743
96032
95861
95409
95802
95956
95399
95880
95325
95500
95671
95392
95921
95438
95311
95701
95808
95367
95948
95923
95503
95481
95636
95551
95319
95818
95400
95472
95857
95312
95799
96053
95956
95756
95464
95686
96036
95679
96072
95315
95842
95679
95798
95340
95915
95379
95792
95271
95386
95898
95828
95383
95337
95351
95707
95330
95461
95759
95371
95207
95361
95440
95550
95686
95667
95558
95923
95901
95674
95975
95387
95508
95801
95572
95294
95337
95504
95820
96035
95470
95645
95430
95539
95393
95841
95737
95314
95502
95633
95714
95351
95708
95842
95611
95883
95310
96083
95846
95714
95463
95573
95435
95405
95502
95768
95322
95313
95605
95763
95707
95853
95432
95235
95934
95501
95687
95742
95762
95334
95734
96000
95438
95467
95468
95410
95389
95443
95889
95744
95329
95248
95395
95544
95577
95629
96009
95964
95796
95613
95856
95720
95341
95638
95291
95729
95236
96059
95825
95623
95350
95843
95742
95692
95934
95312
95832
95840
95670
95344
95273
95750
95280
95320
95793
95369
96107
95620
95423
95515
95328
95874
95268
95766
95501
95709
95486
95341
95508
95824
95719
95241
95775
95804
95343
95746
95517
95737
95589
95481
95601
95263
95854
95263
95271
95739
95990
95376
95532
95411
95382
95297
95514
95259
95870
95744
95418
95552
95789
95792
95280
95348
95668
95333
95367
95680
95807
95430
95938
95803
95893
95880
95765
95618
95501
95500
95310
95708
95635
95683
95723
95620
95782
95305
95722
95475
95816
95470
95848
95310
95403
95403
95580
95698
95502
95822
95515
95777
95894
95776
95466
95565
95791
95838
95287
95683
95854
95924
95929
95880
96087
95894
95444
95344
95894
95573
95810
95906
95848
95217
95661
95372
95740
95705
95697
95761
95549
95721
95332
95686
95829
95797
95648
95334
95516
95733
95817
95558
95661
95495
95342
95459
95958
95569
95346
95609
96004
95718
95689
95272
95343
95258
95914
95719
95857
95267
95435
95725
95872
95657
95667
96065
95722
95609
95298
95708
95650
95621
95850
95362
96089
95732
96012
95730
95783
95944
95268
95252
95282
95299
95848
95872
95825
95512
95408
95875
95443
95543
95262
95867
95876
95393
96000
95709
95704
95721
95784
95525
95393
95731
95545
95301
95714
95538
95642
95389
95744
95882
95743
95515
95774
95878
95760
95294
95663
95728
95539
95261
95238
95384
95461
95436
95961
95235
95613
95418
95716
95326
95280
95561
95437
95730
95437
95931
95604
95572
95304
95234
95347
95310
95366
95522
95491
95299
95857
95341
95327
95734
96102
95502
95530
95969
95933
95592
95735
95532
95468
95407
95507
95311
95628
95734
95587
95512
95685
95333
95282
95744
95667
95328
95689
95315
95605
95641
95395
95646
95617
95257
95633
95952
95508
95324
95386
95800
95656
95838
95568
95715
95820
95838
95415
95394
95774
96131
95524
96021
95698
95723
96045
95621
95750
95434
95353
95431
95393
95363
95668
95550
95949
95257
95562
95963
95544
95921
95644
95495
95918
95870
95368
95673
95575
95415
95894
95857
95503
95805
95591
95834
95259
95654
95970
95886
95870
95826
95861
95430
95883
95814
95297
95496
95824
95909
95519
95533
95330
95797
95422
95736
95789
95805
95713
95762
96067
95923
96029
95677
95717
95463
95416
95464
95796
95917
95349
95343
95503
95966
95572
95713
95643
95949
95795
95390
95735
95964
95916
95372
95505
95333
95504
95861
95755
95690
95814
95274
95392
95422
95849
95690
95837
95846
95682
95567
95570
96025
95588
95391
95596
95331
95860
95646
95920
95831
95773
95939
95676
95717
95729
95577
95471
95374
95942
95436
95810
95572
95749
95278
95710
95898
95939
95432
95450
95390
95915
95640
95461
95403
95472
95785
95545
95508
95262
95324
95834
95370
95634
95390
95483
95729
95469
95797
95351
95736
95722
95729
95298
95661
95408
95325
95376
95464
95424
95483
95515
95473
95858
95819
95664
95520
95467
95695
95576
95826
95288
95680
95907
95920
95541
95291
95624
95856
95561
95766
95908
95282
95206
95536
95710
95250
95763
95723
95315
95244
95243
95634
95835
95919
95697
95707
95548
95839
95958
95652
95403
95296
95432
95581
95329
95656
95801
95327
95625
95827
95731
95735
95483
95273
95395
95671
95344
95323
95722
95465
95584
95514
95259
95920
95410
95485
95501
95435
95486
95721
95475
95411
95756
95807
95672
95801
95972
95505
95924
95580
95247
95373
95350
95827
95761
95972
95666
95788
95446
95582
95796
95470
95373
95870
95482
95760
95297
95551
95353
95640
95349
95193
95687
95753
95453
95424
96031
95719
95716
95614
95581
95787
95487
95965
95230
95331
95955
95486
95977
95739
95422
95484
95405
95844
95642
95851
95411
95610
95394
95297
95760
95333
95660
95737
95988
95337
95727
95711
95414
95444
95616
95753
95696
95806
95959
95812
95306
95842
95630
95291
95857
95301
95722
95562
95620
95974
95862
95670
95824
95372
95395
95862
95808
95863
95528
95349
95347
95563
95520
95479
95629
95531
95866
95871
95251
95563
95812
95586
95431
95406
95410
95561
95230
95549
95729
95447
95497
95406
95477
95831
95424
95361
95661
95752
95424
95692
95961
95862
95280
95799
95411
95553
95204
95435
95449
95522
95593
95671
95780
95654
95828
95409
95565
95823
95266
95777
95621
95839
95669
95877
95742
95259
95520
95286
95302
95809
95553
95919
95761
95284
95706
95609
95605
95777
95421
95453
95801
95360
95320
95312
95470
95281
95316
95316
95398
95455
95739
95318
95658
95608
95283
95398
95255
95221
95241
95428
95385
95668
95272
95649
95638
95387
95772
95779
95738
95559
95298
95909
95447
95818
95784
95503
95802
95794
95405
95380
95517
95909
95731
95446
95333
95548
95757
96071
95674
95643
95318
95517
95903
95749
95825
95707
95301
95264
95706
95954
95860
95423
95574
95620
95341
95337
95717
95548
95868
95822
95681
95723
95512
95457
95981
95521
95534
95496
95391
95896
95260
95291
95278
95839
95837
95909
95649
95743
95402
95358
95884
95376
95623
95343
95655
95267
95678
95827
95581
95660
95467
95757
95276
95909
95612
95801
95274
95774
95961
95803
95746
95230
95885
95575
95804
95553
95668
95891
95887
95957
95880
95620
95651
95583
95804
95529
95278
95605
95629
95724
95716
95370
95842
95461
95457
95328
95788
95827
95398
95974
95417
95452
95403
95528
95828
95313
95271
95339
95589
95752
95322
96032
95902
95509
95663
95242
95280
95445
95275
95968
95477
95385
95343
95634
95677
95491
95824
95412
95808
95735
95800
95654
95475
95803
95961
95364
95902
95277
95438
95595
95929
95346
95602
95283
95375
95306
95552
95951
95325
95738
95605
95816
95477
95232
95654
95539
95843
95724
95313
95302
95731
95808
95546
95631
95648
95785
95781
95303
95700
95592
95443
95288
95516
95618
95779
95561
95463
95805
95555
95622
95994
95478
95611
95607
95299
95711
95321
95736
95831
95479
95406
95360
95559
95698
95359
95925
95687
95695
95813
95277
95247
95581
95757
95415
95724
95279
95664
95819
95308
95322
95852
95258
95328
95716
95498
95309
95330
95998
95517
95731
95583
95893
95782
95917
96019
95620
95980
95874
95659
95763
95791
95699
95672
95813
95713
95540
95369
95724
95789
95762
95481
95517
95807
95655
95695
95925
95589
95925
95544
95530
95879
95740
95487
95406
95590
95614
95802
95823
95607
95844
95876
96012
95847
95744
95569
95664
95745
95662
95536
95640
95471
95391
95588
95327
95794
95479
95629
95716
95719
95302
95646
95825
95352
95521
95634
95611
95959
95326
95366
95615
95689
95399
95252
95291
95788
95821
95830
95641
95899
95334
95457
95591
95370
95489
95267
95930
95778
95693
95543
95766
95448
95858
95498
95573
95479
95512
95941
95730
95426
95616
95606
95877
95637
95521
95481
95903
96068
95340
95701
95384
95854
95436
95679
95825
95609
95918
95328
96088
95693
95842
95662
95815
95462
95310
95403
95990
95355
95221
95370
95713
95994
95620
95676
95676
95816
95938
95308
95802
95944
95740
95358
95808
95740
95740
95218
95503
95785
95848
95993
95575
95731
96060
95263
95506
95338
95762
95343
95395
95561
95839
95485
95376
95446
95462
95508
95245
95978
95338
95332
95740
95702
95750
95724
95735
95789
95729
95282
95399
95575
95755
95763
95478
95684
95789
95480
95806
95294
95787
95516
95366
95854
95265
95618
95704
95665
95264
95667
95483
95332
95331
95627
95801
95961
95460
95534
95477
95878
95351
95347
95969
95296
95274
95748
95327
95225
95713
95295
95425
95501
95153
95272
95110
95573
95822
95893
95458
95586
95231
95599
95637
95748
95736
95431
95642
95331
95359
95406
95329
95566
95592
95723
95173
95599
95427
95573
95818
95927
95732
95285
95584
95649
95637
95587
95361
95370
95710
95250
95427
95713
95401
95389
95640
95574
95616
95866
95234
95278
95772
95765
95779
95478
95202
95301
95294
95626
95738
95972
95745
95329
95335
95312
95502
95875
95267
95342
95653
95668
95369
95434
95255
95376
95278
95426
95720
95710
95716
95708
95737
95977
95456
95696
95618
95921
95532
95613
95352
95765
95595
95831
95746
95675
96009
95806
95324
95725
95291
95602
95860
95752
95734
95711
95648
95860
95613
95977
95461
95389
95571
95613
95424
96067
95405
95491
95880
95352
95271
95730
95725
95839
95581
95596
95665
95826
95284
95361
95503
95684
95450
95584
95600
95850
95806
95651
95267
95686
95911
95728
95947
95876
95592
95676
95553
95454
95798
95506
95681
95770
95632
95763
95411
95407
95629
95719
95660
95638
95877
95285
95924
95428
95395
95796
95707
95636
95298
95269
95430
95725
95767
95711
95287
95773
95698
95570
95521
95731
95583
95489
95282
95397
95631
95757
95742
95761
95396
95272
95702
95781
95991
95302
95480
95632
95909
95778
95296
95480
95462
32471
32471
32471
32471
32471
32471
32471
32471
32471
32471
32471
32471
32471
32471
32471
32471
32471
32471
32471
32471
32471
32471
32471
32471
32471
