9948
95580
95672
95240
95344
95296
95814
95647
95711
95625
95423
95879
95834
95891
95820
95229
95535
95830
95310
95664
95315
95732
95434
95535
95799
95476
95386
95644
95742
95254
95808
95493
95832
95418
95246
95335
95449
95712
95737
95710
95294
95808
95606
95440
95727
95447
95794
95622
95579
95607
95743
95788
95297
95648
95430
95408
95416
95582
95805
95280
95673
95415
95239
95331
95472
95517
95803
95610
95388
95544
95423
95754
95830
95329
95195
95645
95637
95583
95317
95809
95840
95671
95550
95707
95363
95409
95268
95773
95743
95433
95741
95654
95876
95300
95246
95791
95829
95888
95225
95407
95696
95815
95251
95882
95481
95260
95746
95310
95475
95659
95721
95968
95486
95508
95995
95412
95651
95705
95548
95908
95455
95399
95299
95868
95350
95534
95890
95755
95713
95447
95756
95313
95760
95654
95663
95780
95743
95975
95313
95584
95396
95351
95329
95393
95769
95430
95374
95840
95378
95697
95583
95749
95394
95651
95286
95591
95357
95863
95311
95919
95915
95885
95400
95292
95483
95610
95325
95699
95619
95471
95231
95741
95541
96030
95603
95227
95256
95570
95268
95288
95477
95324
95364
95675
95768
95718
95806
95984
95464
95464
95725
95684
95256
95885
95363
95247
95424
95549
95349
95292
95437
95324
95952
95349
95863
95315
95973
95278
95353
95276
95432
95422
95843
96028
95353
95552
96072
95305
95883
95639
95408
95313
95396
95541
95306
95669
95244
95809
95324
95283
95671
95786
95535
95352
95759
95674
95688
95992
95340
95669
95321
95458
95444
95320
95921
95657
95773
95409
95504
95861
95756
95325
95673
95387
95418
95828
95825
95479
96057
95710
96101
95383
95851
95381
95934
95324
95680
95534
95392
95402
95758
95336
95473
95564
96047
95884
95696
95682
95419
95789
95880
95727
95682
95682
95654
95798
95720
95336
95787
95700
95237
95518
95549
95754
95305
95488
95465
95451
95716
95340
96068
95333
95673
95547
95371
95616
95458
95466
95845
95301
95447
95313
95871
95315
95750
95477
95649
95290
95279
95915
95804
95442
95620
95701
95794
95244
95545
95678
95732
95690
95435
95335
96032
95422
96044
95976
95508
95339
95325
95604
95535
95953
95570
95800
95779
96006
95538
95357
95901
95778
95717
95369
95398
95277
95945
95721
95408
95325
95413
95290
95623
95386
95534
95884
95986
95511
95799
95496
95842
95771
95537
95355
95374
95742
95807
95948
95424
95761
95727
95413
95456
95324
95752
95869
95431
95633
95345
95731
95436
95299
95685
95313
95515
95684
95825
95646
95590
95719
95545
95453
95628
95788
95456
95475
95807
95650
95418
95420
95412
95785
95396
95291
95685
95494
95809
95322
95840
95558
95677
95313
95813
95353
95785
95812
95524
95291
95463
95731
95491
95308
95413
95919
95743
95853
95376
95725
95720
95961
95361
95611
95354
95379
95579
95522
95686
95732
95405
95354
95637
95588
95590
95980
95402
95830
95422
95599
95257
95507
95302
95807
95715
95744
95734
95595
95995
95545
95941
95255
95639
95931
95228
95490
95772
95370
95230
95230
95248
95225
95518
95231
95858
95459
95767
95511
95249
95251
95623
95709
95667
95818
95538
95761
95437
95840
95639
95652
95268
95508
95753
95625
95597
95568
95286
95502
95200
95376
95249
95265
95163
95327
95444
95331
95703
95482
95796
95189
95579
95574
95239
95530
95779
95827
95236
95501
95512
95926
95519
95367
95674
95977
95413
95867
95563
95360
95773
95188
95637
95363
95261
95694
95849
95263
95403
95721
95375
95372
95877
95649
95280
95650
95664
95777
95214
95923
95350
95673
95979
95308
95545
95974
95246
95642
95502
95788
95491
95494
95236
95663
95395
95472
95813
95464
95699
95721
95367
95331
95263
95332
95229
95660
95652
95304
95935
95409
95554
95414
95761
95859
95454
96002
95481
95178
95568
95811
95364
95306
95400
95363
95833
95547
95962
95478
95426
96017
95768
95238
95525
95903
95703
95749
95326
95298
95573
95775
95713
95537
95765
95531
95551
95683
95677
95309
95440
95554
95748
95523
95507
95300
95375
95567
95765
95713
95784
95711
95750
95749
95647
95483
95486
95435
95665
95675
95297
95367
95872
95497
95718
95784
95611
95384
95835
95725
95714
95418
95298
95625
95234
95646
95366
95329
95278
95695
95243
95263
95232
95261
95424
95355
95301
95424
95733
95502
95954
95446
95800
95707
95313
95597
95471
95212
95308
95710
95232
95613
95276
95791
95574
95725
95764
95786
95212
95490
95618
95881
95273
95457
95467
95297
95300
95415
95810
95695
95654
95196
95586
95257
95895
95713
95697
95501
95859
95766
95621
95289
95937
95293
95294
95538
95207
95339
95809
95554
95201
95909
95681
95783
95781
95708
95703
95725
95222
95332
95591
95723
95809
95305
95683
95273
95511
95551
95599
95432
95321
95745
95232
95451
95428
95408
95526
95611
95347
95392
95430
95881
95290
95446
95618
95870
95274
95563
95457
95565
95252
95235
95646
95596
95713
95465
95382
95856
95398
95479
95333
95563
95864
95383
95743
95253
95226
95396
95641
95669
95384
95342
95305
95301
95533
95673
95656
95779
95223
95529
95890
95278
95744
95907
95574
95934
95418
95880
95701
95422
95577
95429
95836
95735
95542
95879
95342
95436
95779
95749
95507
95300
95453
95455
95286
95280
95334
95461
95463
95694
95656
95533
95732
95342
95324
95277
95629
95383
95788
95509
95756
95457
95503
95378
95527
95847
95550
95766
95381
95722
95423
95731
95181
95431
95799
95446
95364
95765
95597
95290
95348
95491
95567
95798
95259
95917
96034
95781
95683
95534
95404
95574
95401
95432
95315
95416
95904
95409
95287
95426
95268
95510
95741
95973
95994
95407
95629
95639
95690
95754
95739
95732
95767
95331
95555
95969
95313
95244
95330
95435
95825
95878
95744
95467
95149
95770
95245
95305
95598
95952
95685
95814
95631
95476
95647
95323
95376
95504
95732
95300
95503
95766
95491
95621
95636
95930
95243
95402
95618
95594
95735
95753
95544
95733
95430
95791
95537
95541
95821
95827
95968
95578
95505
95590
95603
95599
95637
95815
95828
95459
95669
95314
95414
95278
95509
95337
95816
95807
95784
95491
95406
95898
95331
95849
95322
95563
95824
95801
95607
95197
95460
95468
95770
95456
95209
95505
95396
95347
95311
95594
95289
95719
95386
95781
95278
95687
95202
95482
95549
95796
95481
95477
95259
95516
95759
95728
95922
95913
95500
95729
95352
95646
95661
95821
95913
95314
95781
95613
95262
95574
95651
95360
95897
95696
95454
95261
95821
95308
95806
95795
95750
95820
95761
95509
95856
95540
95257
95477
95614
95341
95693
95723
95426
95390
95877
95311
95837
95980
95797
95365
95572
95469
95388
95949
95414
95282
95390
95949
95513
95359
95458
95331
95298
95976
95329
95993
95439
95743
95868
95385
95322
95599
95603
95626
95721
95327
95998
95270
95750
95306
95800
95362
95992
95455
95307
95675
95373
95426
95882
95961
95392
95909
95993
95360
95704
95897
95844
96091
95422
95678
95302
95916
95882
95528
95411
95745
95508
95576
95252
95737
95829
96031
95473
95375
95795
95309
95368
95539
95853
95818
95305
95628
95749
95752
96019
95373
95772
95536
95581
95269
95229
95503
95681
95314
95639
95897
95797
95945
95336
96032
95283
95829
95366
95317
95992
95494
95472
95444
95641
95883
95704
95862
95637
95944
95361
96004
95272
95420
95709
95625
95647
95452
95738
95826
95768
95556
95709
95663
95549
95778
95893
95472
95313
95757
95583
95620
95643
95890
95363
95506
95910
95540
95746
95723
95452
95909
95455
95405
95384
95233
95767
95423
95605
96027
95236
95673
95675
95632
95698
95382
95300
95525
95689
95570
95254
95744
95348
95597
95756
95466
95781
95511
95803
95828
95571
95845
95866
95767
95632
95495
95651
95384
95391
95388
95953
95665
95685
95279
95382
95754
95581
95342
95973
95531
95766
95317
95614
95448
95509
95415
95857
95937
95415
95407
96057
95319
95307
95385
95846
95362
95528
95899
95382
95942
95665
95641
95746
95610
95332
95816
95335
95681
95596
95375
96101
95710
95454
95567
95986
95952
95600
95394
95845
96033
95858
95862
95287
95756
95693
95382
95908
95405
95694
95790
95501
95747
95346
95921
95314
95859
95597
95784
95677
96028
95409
95345
95295
95785
95445
95660
95932
95721
95480
95270
95289
95902
95434
95302
95694
95775
95453
95691
95822
95849
95863
95376
95321
95362
95628
96051
95593
95717
95966
95758
95349
95371
95677
95802
95863
95508
95628
95737
95837
95370
95868
95668
95711
95580
95876
95964
95343
95332
95396
95516
95697
95425
95320
95654
95696
95362
95458
95789
95226
95912
95534
95823
95879
95383
95660
95381
95489
95687
95797
95672
95583
95804
95300
95213
95752
95629
95653
95299
95380
96049
95778
95289
95664
95549
95326
95824
95612
95920
95876
95899
95259
95425
95359
95269
95285
95592
95991
95312
95889
95376
95292
95875
95369
95911
95937
95982
95414
95551
95838
95464
96000
95867
95294
95431
95951
95653
95601
95576
95326
95876
95593
95648
95919
95380
95933
95301
95725
95661
95419
96060
95446
95550
95787
96097
95425
95840
95665
95631
95599
95488
95903
95511
95613
95770
95250
95789
95539
96009
95478
95615
95505
96036
95758
95831
95960
95721
95524
95773
95745
95661
95691
95917
95856
95338
95267
95788
95465
95575
95342
95868
95793
95563
95569
95497
95992
95779
95351
95889
95637
95850
95775
95752
95834
95299
95595
95633
95677
95439
95726
95984
95286
95347
95266
95443
95415
95615
95591
95431
95861
95726
95527
95539
95682
95310
95336
95830
95235
95388
95942
95654
95408
95716
95822
95956
95766
95447
95710
95679
95628
95530
95572
95321
95263
95426
95260
95588
95216
95410
95544
95652
95844
95311
95858
95896
95683
95340
95457
95789
95477
95810
95920
95325
95210
95257
95799
95421
95303
95446
95285
95689
95750
95711
95625
95367
95576
95868
95246
95771
95609
95485
95541
95667
95923
95452
95715
95688
95653
95555
95553
95673
95343
95863
95513
95960
95762
95985
95589
96068
95712
95371
95578
95858
95564
95986
95737
95535
95795
95442
95454
95707
95430
95597
95798
95592
95677
95373
95912
95772
95530
95307
95370
95875
95528
95353
95342
96024
95696
95827
95811
95750
95847
95641
96105
95717
95457
95631
95727
95799
95430
95763
95907
95426
95803
95630
95413
95431
95707
95411
95699
95905
95465
95475
95844
95599
95326
95295
95737
95490
95770
95460
95731
95527
95513
95743
95334
95282
95781
95463
96040
95819
95557
95613
95764
95407
96046
95804
95796
95835
95808
95790
95753
95585
95614
95362
95294
95459
95494
95643
95391
95782
95493
95544
95434
95912
95685
95680
96036
95417
95736
95661
95361
95521
95380
95379
95849
95442
95630
95701
95899
95768
96077
95315
95314
95406
95688
95674
95766
95706
95343
95634
95971
95849
95552
95716
95939
95314
95502
95429
95777
95284
95283
95914
95436
95745
95434
95577
95401
96011
95354
95334
95788
95810
95862
95313
95555
95736
95336
95786
95337
95823
95928
95475
95381
95486
95430
95840
95252
95523
95353
95320
95387
95833
95827
95672
95512
95577
95327
95556
95633
95567
95800
95344
95848
95574
95610
95728
95809
95266
95859
95378
95845
95619
95364
95717
95280
95804
95728
95309
95447
95459
95538
95741
95575
95280
95721
95844
95360
95352
95637
95811
95661
95875
95638
95277
95615
95386
95277
95523
95463
95755
95542
95471
95745
95684
95371
95504
95297
95610
95772
95664
95920
95589
95693
95578
95687
95270
95578
95783
95878
95272
95830
95712
95261
95619
95978
95559
95870
95813
95575
95731
95467
95449
95343
95330
95528
96007
95529
95289
95285
95663
95759
96061
95316
95350
95792
95537
95722
95538
95229
95793
95882
95710
95921
95455
95819
95333
95937
95700
95487
95900
95745
95858
95476
95791
95448
95740
95349
95352
95882
95252
95756
95765
95518
95418
95925
95765
95271
95595
95873
95310
95758
95428
95905
95413
95323
95982
95300
95734
95469
95547
95559
95387
95374
95779
95450
95308
95683
95214
95748
95762
95425
95480
95728
95664
95888
95868
95569
95928
95866
95939
95286
95832
95638
95728
95908
95448
95961
95415
95421
95575
95249
95858
96005
95839
95693
95623
95963
95309
95840
95391
95842
95593
95820
95354
95287
95325
95590
95396
95745
95244
95675
95812
95774
95190
95602
95798
95756
95674
95315
95328
95778
95762
95392
95446
95291
95317
95769
95254
95562
95319
95590
95709
95636
95826
95798
95349
95338
95296
95715
95387
95234
95754
95351
95217
95761
95308
95665
95699
95362
95558
95722
95788
95301
95793
96024
95597
95537
95489
95408
95804
95486
95913
95882
95364
95795
95266
95841
95880
95261
95326
95488
95493
95215
95446
95498
95319
95747
95815
95268
95361
95803
95613
95595
95886
95569
95253
95725
95322
95881
95781
95260
95568
95396
95742
95429
95205
95813
95265
95713
95447
95513
95714
95422
95736
95302
95346
95215
95837
95621
95736
95570
95647
95553
95291
95753
95807
95452
95194
95342
95622
95224
95910
95254
95779
95433
95253
95767
95817
95526
95457
95363
95827
95616
95466
95341
95432
95581
95541
95757
95561
95675
95347
95358
95322
95937
95764
95633
95354
95589
95741
95504
95709
95567
95852
95602
95745
95694
95596
95723
95657
95629
95610
95295
95674
95567
95685
95506
95266
95357
95860
95976
95276
95849
95886
95868
95235
95343
95654
95516
95858
95478
95357
95807
95305
95450
95283
95789
95880
95610
95755
95862
95602
96028
95899
95581
95856
95413
95650
95890
95591
95428
95358
95332
95908
95424
95252
95755
95861
95772
95755
95514
95373
95824
95491
95418
95794
95863
95844
95747
95861
95413
95603
95963
95724
95723
95502
95962
95548
95842
95430
95471
95644
95598
95266
95683
95564
95408
95534
95370
95705
95713
95634
95357
95317
95478
95835
95936
95531
95700
95618
95350
95665
95269
95420
95524
95584
95863
95799
95268
96044
95285
95668
95859
95497
95702
95426
95896
95532
95311
95803
95777
95586
95723
95735
95550
95324
95670
95265
95642
95909
95846
95860
96038
95691
95780
95728
95573
95373
95246
95338
95196
95727
95458
95547
95866
95351
95460
95554
95774
95724
95556
95554
95536
95661
95334
95615
95274
95814
95663
95458
95314
95284
95780
95858
95894
95517
95836
95489
95601
95489
95330
95805
95511
95874
95407
95761
95669
95606
95393
95680
95876
96056
95837
95642
95563
95610
95472
95322
96008
95753
95767
95654
95359
95546
95868
95412
95821
95507
95602
95755
95615
95462
95975
95591
95368
95468
95592
95484
95784
95419
95995
95710
95547
95291
95856
95343
95476
95620
95418
95691
95327
95595
95389
95871
95463
95283
95550
95671
95586
95398
95739
95655
95475
95894
95341
95590
95431
95469
95262
95473
95868
95953
95423
95707
95870
95227
95871
95618
95505
95369
95775
95755
95759
95300
95295
95368
95844
95391
95300
95381
95261
95566
95477
95469
95369
95856
95504
95405
95824
95375
95518
95570
95868
95462
95749
95772
95572
95897
95813
95241
95784
95356
95638
95462
95642
95231
95520
95887
95613
95447
95906
95398
95338
95363
95511
95513
95454
95523
95629
95771
95519
95850
95630
95792
95678
95631
95804
95604
95417
95777
95294
95724
95576
95811
95411
95736
95835
95677
95314
95442
95391
95978
95246
95832
95713
95526
95852
95749
95280
95276
95797
95838
95270
95816
95284
95523
95948
95238
95618
95839
95459
95823
95577
95491
95844
95845
95932
95442
95629
95775
95551
95454
95280
95256
96002
95524
95959
95748
95621
95711
95325
95954
95621
95440
95233
96016
95447
95852
95532
95495
95423
95698
95295
95669
95278
95774
95511
95814
95557
95255
96104
95418
95292
95782
95324
95276
95871
95298
95595
95471
95561
95319
95707
95404
95215
95473
95768
95598
95797
95651
95710
95721
95282
95716
95630
95343
95715
95796
95873
95367
95846
95726
95552
95293
95483
95384
95810
95555
95292
95857
95311
95737
95446
95890
95592
95865
95357
95596
95746
95700
95374
95418
95635
95389
95807
95310
96104
95483
95818
95273
95705
95644
95699
95276
95522
95371
95877
95757
95705
95868
95237
95311
95374
95731
95340
95723
96038
95242
95548
95313
95310
95247
95370
95326
95834
95930
95533
95601
95792
95623
95761
95454
95577
95646
95460
95343
95740
95373
95627
95465
95313
95593
96019
95914
95700
95861
95324
95268
95709
95473
95672
95294
95521
95654
95511
95674
95248
95638
95205
95287
95467
95879
95845
95952
95724
95729
95706
95248
95774
95568
95849
95366
95776
95821
95297
95787
95544
95249
95437
95584
95570
95947
95703
95654
95259
95782
95207
95759
95260
95479
95847
95726
95556
95548
95400
95769
95721
95762
95526
95449
95893
95246
95696
95434
95629
95620
95724
95194
95201
95868
95808
95467
95644
95482
95669
95710
95540
95227
95761
95702
95528
95330
95808
95574
95208
95783
95502
95766
95815
95299
95808
95326
95759
95337
95665
95379
95732
95226
95366
95363
95553
95378
95520
95344
95601
95436
95437
95747
95869
95279
95588
95380
95721
95443
95708
95779
95578
95771
95497
95758
95580
95813
95331
95726
95381
95654
95463
95359
95516
95379
95789
95610
95669
95733
95764
95382
95715
95415
95209
95365
95589
95296
95633
95799
95718
95311
95572
95744
95526
95803
95822
95194
95407
95468
95514
95682
95237
95431
95667
95826
95635
95513
95193
95546
95267
95870
95682
95568
95437
95391
95738
95477
95669
95659
95406
95586
95879
95338
95640
95338
95593
95619
95606
95628
95619
95507
95780
95311
95362
95632
95751
95652
95552
95639
95491
95582
95401
95638
95505
95498
95654
95349
95760
95405
95230
95589
95202
95216
95709
95211
95577
95808
95169
95796
95575
95290
95215
95711
95230
95708
95279
95245
95715
95853
95549
95582
95765
95255
95849
95719
96000
95469
95577
95934
95804
95553
95893
95947
95546
95297
95289
95963
95764
95873
95702
95287
95717
96020
95336
95348
95721
95340
95274
95256
95383
95222
95791
95298
95557
95863
95369
95911
95469
95522
95739
95367
95236
95822
95401
95260
95522
95614
95406
95998
95741
95692
95892
95372
95220
95774
95753
95290
95815
95860
95314
96032
95866
95425
95782
95516
95574
95450
95457
95542
95590
95448
95756
95258
95745
95728
95505
95741
95394
95363
95488
95423
95568
95539
95703
95509
95372
95711
95244
95960
95316
96023
95273
95786
95535
95872
95449
95369
95373
95666
96001
95735
95361
95628
95715
95631
95348
95607
95980
95601
95440
95776
95633
95546
95669
95818
95373
95743
95941
95283
95770
95485
95523
95609
95563
95605
95323
95721
95314
95598
95236
95621
95790
95441
95639
95868
95424
95401
95202
95740
95666
95294
95704
95659
95352
95819
95226
95319
95392
95764
95238
95236
95699
95299
95777
95644
95300
95263
95803
95713
95356
95564
95803
95256
95385
95921
95425
95857
95630
95280
95442
95277
95465
95794
95601
95337
95568
95783
95397
95479
95475
95804
95260
95904
95282
95243
95788
95341
95664
95837
95338
95301
95965
95305
95818
95376
95498
95402
95218
95494
95306
95377
95615
95843
95265
95590
95258
95650
95215
95267
95705
95624
95560
95886
95244
95598
95335
95229
95780
95204
95390
95303
95217
95683
95407
95631
95706
95409
95212
95710
95728
95350
95431
95751
95637
95355
95457
95402
95792
95799
95258
95747
95244
95546
95747
95525
95334
95758
95710
95343
95300
95747
95399
95409
95683
95447
95631
95741
95776
95345
95766
95832
95483
95322
95428
95840
95391
95593
96004
95270
95800
95905
95374
95705
95621
95688
95814
95814
95739
95526
95772
95889
95802
95752
95886
95268
95606
95761
95868
95330
95827
95403
95660
95783
95272
95730
95542
95771
95891
95622
95427
95330
95453
96048
96004
95367
95622
95515
95323
95717
95246
95249
95313
95814
95845
95496
95743
95925
95398
95592
95490
95285
95968
95611
95808
95711
96009
95715
95431
95794
95237
95722
95559
95357
95224
95622
95604
95725
95203
95324
95669
95271
95947
95435
95596
95493
95818
95260
95775
95857
95703
95637
95306
95464
95362
95946
95410
95284
95777
95656
95304
95243
95703
95312
95500
95894
95798
95318
95342
95654
95823
95315
95596
95889
95657
95863
95395
95917
95211
95713
95583
95830
95364
95426
95840
95504
95284
95603
95506
95762
95450
95680
95594
95687
95434
95596
95254
95582
95743
95247
95781
95970
95298
95551
95292
95606
95290
95558
95791
95525
95631
95311
95643
95375
95601
95317
95863
95477
95475
95733
95442
96010
95675
95859
95647
95315
95831
95944
95460
95335
95640
96026
95670
96035
96030
96017
95397
95337
95643
95801
95432
95346
95882
95816
95748
95781
95669
95416
95254
95274
95261
95239
95723
95458
95606
95593
95527
95540
95857
95844
95843
95504
95463
95406
95274
95753
95388
95471
95827
95286
96042
95875
95359
95471
95512
95294
95607
95613
95472
95844
95779
95648
95618
95761
95830
95836
95727
95970
95550
95663
95378
95387
95799
95839
95858
95362
95514
95475
96122
95463
96036
95567
95672
95459
95642
95312
95352
95815
95678
95289
95218
95230
95312
95211
95903
95600
95623
95406
95279
95260
95263
95346
95290
95457
95240
95639
95880
95863
95417
95679
95633
95971
95542
95706
95428
95998
95582
95402
95376
95541
95795
95863
95731
95657
95981
95688
95618
95787
95335
95752
95331
95766
95388
95269
95345
95342
95828
95758
95558
95780
95645
95282
95479
95349
95994
95942
95575
95799
95540
95795
95398
95795
95586
95748
95608
95743
95600
95701
95303
95351
95469
95936
95535
95876
95698
95795
95904
95978
95801
95929
95526
95443
95557
95251
95890
95264
95724
95811
95746
95907
95549
95353
95871
95315
95783
95215
95679
95730
95610
95788
95341
95556
95793
95348
95555
95657
95784
95566
95358
95251
95631
95290
95459
95903
95460
95825
95593
95715
95599
95320
95464
95338
95333
95795
95532
95475
95407
95624
95691
95297
95652
95344
95400
95811
95552
95554
95533
95613
95246
95729
95461
95375
95571
95763
95771
95815
95640
95283
95662
95398
95682
95914
95760
95747
95924
95804
95281
95382
95346
95823
95461
95247
95556
95335
95238
95791
95491
95322
95267
95897
95308
95455
95776
95315
95623
95262
95658
95714
95334
95761
95535
95611
95499
95319
95584
95742
95833
95447
95734
95650
95841
95508
95564
95566
95369
95337
95608
95655
95748
95853
95572
95351
95571
95630
95835
95954
95515
95457
95703
95373
95484
95556
95314
95848
95297
95348
95754
95626
95665
95691
95363
95751
95713
95748
95547
95938
95435
95549
95367
95333
95796
95532
95303
95984
95904
95885
95391
95901
95542
95286
95685
95282
95447
95684
95466
95318
95231
95505
95910
95697
95540
95596
95322
95731
95300
95777
95201
95557
95815
95735
95391
95693
95461
95743
95322
95299
95767
95530
95466
95745
95984
95382
95677
95318
95639
95853
95486
95897
95278
95301
95673
95361
95340
95632
95275
96016
95605
95322
95313
95902
95295
96031
95500
95668
95289
95744
95430
95532
95607
95856
95351
95393
95741
95359
95640
95947
95583
95841
95302
95673
95784
95522
95465
95791
95849
95836
95511
95357
95550
95240
95913
95430
96042
95487
95497
95795
95279
95695
95560
95806
95690
95444
95754
95523
95340
95911
95827
95697
95423
95749
95746
95495
95632
95379
95840
95683
95448
95793
95261
95498
95255
95280
95864
95494
95545
95416
95288
95481
95698
95322
95437
95498
95682
95226
95231
95640
95326
95742
95406
95307
95650
95484
95308
95797
95858
95807
95720
95636
95787
95714
95525
95501
95651
95716
95623
95953
95350
95297
95779
95673
95282
95491
95996
95323
95330
95601
95287
95409
95344
95578
96000
95584
95402
95622
95393
95220
96004
95669
95734
95444
95567
95321
95297
95678
95859
95235
95811
95428
95269
95379
95416
95466
95316
95773
95310
95873
95622
95755
95766
95707
95457
95359
95748
95986
95193
95593
95776
95791
95524
95871
95485
95888
95291
95567
95240
95308
95756
95390
95720
95613
95281
95490
95314
95674
95605
95517
95825
95534
95979
95639
95662
95615
95802
95573
95848
95300
95961
95867
95647
95680
95451
95428
95926
95840
95321
95877
95470
95662
95624
95566
95702
95820
95727
95513
95495
95763
95234
95795
95800
95496
95919
95686
95340
95303
95394
96074
95639
95550
95849
95425
95483
95805
95757
95315
95329
95638
95367
95552
95836
95676
95759
95983
95821
95322
95280
95361
95897
95403
95980
95738
95324
95450
95223
95817
95432
95941
95539
95331
95703
95355
95279
95848
95904
95532
95739
95855
95444
95478
95733
95761
95309
95306
95566
95603
95530
95647
95477
95273
95784
95822
95899
95545
95487
95485
95925
95291
95590
95928
95381
96081
95556
95701
95684
95563
95757
95327
95353
95516
95475
95809
95621
95784
95262
95655
95654
95315
95452
95432
95399
95362
95493
95893
95676
95858
95640
95547
95823
95521
95575
95410
95336
95627
95330
95308
95253
95272
95776
95356
96102
95699
95443
95581
95800
95774
95857
95673
95341
95710
95462
95658
95251
95388
95729
95643
95325
95313
95889
95841
95440
95717
95445
95580
95796
95920
95985
95494
95351
95955
95669
95854
95780
95290
95428
95576
95654
95827
96003
95740
95573
95476
95482
95396
95653
95800
95911
95378
95764
95555
95743
95706
95313
95200
95320
95821
95639
95889
95502
95454
95689
95720
95268
95485
95309
95948
95976
95561
95279
95877
95893
95706
95825
95319
95646
95670
95353
95292
95746
95621
95258
95683
95363
95404
95431
95733
95306
95660
95531
95597
95600
96037
95326
95648
95827
95605
95343
95768
95671
95698
95476
95824
95966
95924
95827
95320
95720
95248
95283
95511
95555
95418
95286
95768
95931
95243
95873
95368
95931
95432
95653
95672
95715
95474
95881
95287
95456
95344
95666
95553
95375
95987
95353
95579
95338
95443
95361
95726
95241
95928
95566
95291
96025
95306
95735
95747
95743
95795
95870
95846
95967
95467
95328
95573
95628
95695
95645
95863
95592
95372
95276
95350
95955
95303
95617
95750
95455
95830
95884
95830
95890
95733
95663
95601
95695
95743
95559
95887
95527
95405
95477
95294
95614
95466
95729
95967
95275
96096
95307
95504
95724
95538
95376
95330
95730
95742
96040
95791
95459
95892
95604
95638
96027
95701
95338
95568
95881
95761
95671
95338
95947
95290
95364
95665
95424
95748
95604
95460
95390
95289
95520
95796
95656
95567
95368
95586
95948
95556
95620
95700
95838
95299
95627
95305
95739
95411
95735
95744
95845
95733
95294
95291
95680
95224
95555
95830
95758
95766
95711
95803
95553
95724
95561
95499
95367
95553
95333
95546
95634
95420
95398
95847
95981
95314
95641
95873
95260
95541
95557
95607
95807
95389
95496
95396
95392
95318
95253
95757
95311
95969
95263
95715
95322
95400
95316
95795
95252
95443
95592
95840
95719
95851
95356
95883
95729
95646
95386
95290
95508
95405
95271
95562
95770
95375
95502
95463
95408
95466
95919
95665
95822
95513
95651
95827
95800
95373
95391
95345
95804
95669
95927
95323
95697
95374
95442
95525
95741
95374
95881
95835
95585
95565
95303
95482
95331
95509
95749
95986
96057
95375
95416
95401
95275
95265
95747
95878
96000
95608
95432
95244
95634
95797
95643
95375
95671
95779
95587
95926
95533
95535
95877
95516
95739
95426
95521
95505
95446
95839
95964
95740
96064
95585
95678
95241
95725
95524
95293
95455
95346
95499
96038
95516
95602
95694
95865
95834
95711
95633
96077
95671
95751
95313
95486
95821
95392
95487
95506
95877
95682
95879
95794
95442
95781
95482
95848
95882
95687
95904
95328
95535
95513
95682
95711
95772
95505
95957
95220
95713
95704
95786
95332
95896
95744
95921
95536
95919
95423
95493
95842
95400
96017
95664
95745
95729
95691
95795
95305
95767
95859
95825
95300
95336
95653
95758
95832
95265
96021
95471
95816
95521
95428
95397
95475
95310
95936
95737
95551
95767
95601
95287
95508
95887
95312
95247
95337
95303
95874
95722
95725
95390
95775
95627
95968
95570
95314
95560
95364
95527
95653
95588
95875
95219
95567
95803
95758
95831
95875
95903
95825
95570
95880
95859
95679
95945
95565
95487
95417
95902
95533
95793
95289
95939
95615
95506
95849
96086
95760
95345
95292
95957
95758
95885
95370
95625
95576
95967
95439
95525
95484
95417
95326
95721
95466
95868
95648
95566
95687
95518
95633
95612
95820
95297
95758
95918
95797
95555
95665
95324
95420
95360
95883
96056
95801
95405
95550
95507
95878
95330
95310
95310
95770
95728
95712
95823
95370
95359
95760
95635
95759
95870
95679
95398
95221
95317
95689
95259
95263
95539
95411
95562
95378
95345
95686
95742
95568
95860
95778
95258
95360
95369
95896
95300
95941
95331
95577
95773
95241
95730
95506
95549
95717
96035
95282
95466
95605
95361
95468
95420
95325
95514
95635
95743
95904
95657
95279
95835
95571
95318
95335
95334
95792
95742
95369
95279
95705
95917
95737
95530
95864
95700
95234
95375
95215
95357
95436
95436
95677
95689
95352
95718
95828
95548
96052
95391
95587
95823
95715
95816
95733
95294
95454
95282
95760
95781
95565
95437
95715
95541
95482
95673
95386
95669
95466
95450
95330
95365
95823
95465
95365
95789
95322
95346
95292
95705
95501
95629
95314
95344
95539
95580
95869
95315
95734
95767
95418
95857
95710
95314
95781
95289
95987
95292
95414
95587
95930
95275
95405
95805
95527
95385
95602
95546
95787
95338
95302
95544
95973
95408
95546
95435
95780
95557
95499
95797
95294
95326
95440
95605
95658
95311
95601
95324
95651
95258
95442
95460
95698
95743
95570
95884
95810
95926
95331
95429
95490
95354
95398
95257
95859
95572
95521
95929
95499
96021
95966
95977
95676
95386
95616
95292
95712
95441
95565
95377
95607
95819
95427
96078
95435
95500
95789
95846
95386
95864
95935
95825
95253
95401
96046
95671
95711
95761
95694
95673
95817
95314
95772
95367
95738
95325
95484
95807
95733
95667
95731
95324
95209
95330
95898
95515
95733
95253
95309
95772
95519
95952
96053
95840
96069
95661
95278
95684
95933
95503
95549
95365
95656
95362
95423
95451
95875
95382
95878
95452
95337
95668
95453
95536
95718
95853
95920
95611
95704
95233
95324
95198
95596
95826
95643
95858
95803
95573
95476
95829
95407
95511
95719
95360
95558
95765
95262
95759
95875
95663
95222
95550
95793
95555
95877
95578
95531
95632
95690
95919
95331
95411
95380
95854
95400
95291
95733
95828
95717
95859
95924
95416
95679
95582
95669
95421
95414
95710
95427
95373
95279
95322
95795
95873
95868
95251
95805
95641
96014
95859
95549
95419
95251
95660
95550
95507
95699
95574
95226
95316
95516
96005
95752
95706
95712
95676
95780
95743
95531
95350
95722
95409
95740
95305
95954
95615
95623
95637
95339
95812
95758
95402
95312
95691
95511
95813
95259
95781
95781
95660
95429
95599
95291
95597
95345
95439
95724
95263
95584
95815
95254
95382
95252
95338
95699
95479
95466
95214
95260
95819
95716
95733
95545
95258
95196
95312
95529
95258
95608
95427
95935
95459
95470
95399
95502
95649
95559
95427
95849
95751
95858
95847
95407
95746
95680
95339
95488
95818
95187
95262
95879
95608
95904
95353
95454
95317
95342
95775
95678
95897
95689
95258
95304
95949
95540
95255
95895
95633
95739
95476
95791
95889
96130
95270
95657
95810
95754
95439
95278
95480
95285
95315
96056
95696
95775
95612
95237
95769
95584
95532
95794
95743
95532
95738
95968
95465
95668
95358
95660
95374
95364
95949
95835
95432
95724
95859
95397
95921
95282
95855
95533
96026
95333
95600
95731
95447
95602
95702
95607
95724
95802
95271
95300
95744
95316
95631
95438
95238
95319
95652
95720
95485
95941
95351
95456
95376
95292
95346
95789
96014
95306
96119
95863
95615
95391
95656
95794
95594
95658
95393
95518
96020
95296
95570
95568
95342
95499
95317
95741
96075
95668
95748
95565
95595
95259
95685
95403
95308
95363
95641
95356
95793
95311
95431
95703
95529
95934
95527
95329
95552
95524
95279
95279
95899
95260
95807
95315
95280
95655
95728
95393
95351
95871
95515
95652
95508
95528
95271
95889
95663
95490
95275
95523
95432
95861
95388
95341
95920
95330
95865
95265
95332
95795
95722
95747
96022
95709
95299
95779
95362
95410
95564
95669
95846
95353
95694
95599
95873
95778
95534
95714
95280
95203
95509
95391
95638
95956
95794
95742
95741
95306
95658
95447
95497
95771
95289
95678
95608
95515
95836
95993
95581
95625
95652
95275
95651
95800
95924
95696
95266
95791
95863
95895
95708
95331
95369
95614
95884
95964
95280
95652
95277
95278
95827
95397
95602
95634
95375
95504
95609
95450
95297
95742
95398
95335
95421
95714
95823
95384
95762
95748
95342
95253
95585
95439
95440
95271
95201
95250
95679
95696
95594
95602
95354
95712
95292
95693
95845
95331
95423
95571
95297
95265
95545
95765
95258
95554
95594
95763
95956
95480
95619
95623
95516
96048
95248
95614
96006
95466
95660
95675
95742
95445
95389
95313
95734
95356
95667
95775
95496
95298
95562
95451
95354
95301
95711
95757
95591
95758
95455
95346
95375
95536
95848
95334
95421
95483
95325
95482
95742
95562
95786
95972
95681
95976
95465
95730
95555
95845
95285
95297
95454
95731
95344
95934
95786
95485
95486
95483
95352
95537
95244
95263
95418
95252
95223
95517
95956
95238
95885
95375
95938
95299
95675
95853
95380
95487
95956
95537
95554
95831
95398
95703
95267
95235
95289
95640
95242
95254
95794
95648
95251
95239
95539
95924
95551
95599
95570
95266
95777
95830
95544
95929
95320
95348
95293
95508
95757
95729
95573
95300
95498
95658
95688
95496
95376
95617
95604
95291
95438
95766
95360
95980
95613
95252
95388
95231
95545
95780
95885
95709
95678
95334
95690
95887
95656
95747
95766
95523
95792
95806
95669
95565
95875
95676
95445
95369
95788
95920
95702
95447
95445
95360
95781
95303
95355
95492
95845
95677
95491
95584
95236
95545
95421
95664
95968
95776
95357
95698
95938
95446
95425
95801
96025
95828
95369
95794
95321
95304
95396
95470
95703
95669
95324
95565
95833
95860
95415
95838
95431
95335
95872
95644
95756
95816
95823
95847
95614
95707
95800
95534
95984
95804
95294
95795
95518
95448
95858
95346
95503
95827
95853
95303
95893
95274
95446
95613
95754
95718
95349
95702
95493
95715
95661
95579
95996
95750
95677
95767
95274
95902
95852
95613
95363
95476
95799
95897
95309
95822
95352
95460
95867
95450
95429
95341
95286
95735
95577
95819
95466
95840
95452
95492
95537
95806
95337
95446
96006
95599
95340
95317
95544
96079
95474
95291
95684
95233
95852
95968
95644
95745
95480
95562
95359
95510
95544
95306
95246
95782
95499
95811
95264
95488
95756
95594
95612
95696
95812
95354
95722
95900
95780
96085
95263
95274
95513
95568
95447
95245
95587
95928
95788
95350
95893
95331
95684
95823
95604
95307
95358
95518
95815
95390
95534
95490
95811
95469
95190
95558
95454
95403
95852
95381
95446
95672
95294
95799
95826
95853
95392
95372
95494
95961
95550
95532
95396
95599
95328
95516
95740
95718
95336
95845
95855
95362
95404
95436
95389
95556
95462
95362
96021
95606
95513
95931
95795
95950
95524
95559
95875
95751
95558
95526
95737
95365
95558
95745
95767
95559
95391
95412
95559
95783
95507
95623
95246
95186
95448
95613
95423
95276
95823
95821
95839
95743
95663
95439
95751
95843
95515
95236
95688
95250
95823
95570
95738
95268
95857
95915
95823
95700
95327
95812
95535
95622
95761
95754
95635
95294
95697
95574
95315
95448
95345
95703
95882
95707
95769
95800
95830
95832
95766
95907
95964
95643
95712
95406
95302
95417
95284
95271
95483
95527
95303
95663
95362
95810
96026
95660
95307
95491
95366
95770
95730
95671
95784
95343
95879
95405
95341
95738
95862
95599
95702
95783
95771
95723
95780
95686
95561
95337
95717
95777
95930
95698
95418
95487
95508
95693
95453
95422
95874
95485
95480
95553
95542
95274
95264
95489
95358
95696
95467
95747
95605
95902
95770
95379
95952
95362
95381
95459
95902
95756
95436
95284
95819
95798
95576
95276
95638
95473
95787
95582
95326
95702
95768
95286
95779
95992
95443
95408
95720
95495
95632
95777
95756
95441
95658
95374
95253
95826
95241
95777
95489
95345
95574
96021
95659
95736
95378
95737
95324
95834
95658
95472
95804
95375
95739
95331
95928
95797
95367
95733
95273
96039
95429
95883
95638
95908
95731
95736
96027
95893
95293
95865
95441
95395
95235
95736
95796
95998
95212
95866
95794
95542
95429
95858
95693
95721
95297
95729
95612
95666
95632
95282
95394
95998
95513
95548
95438
95766
95733
95760
95383
95350
95385
95380
95775
95778
95609
95266
95393
95952
95331
95626
95910
95633
95687
95526
95353
95338
95443
95872
95271
95428
95845
95586
95825
95329
95359
95857
95462
95295
95387
95333
95671
95410
95770
95476
95835
95500
95326
95233
95261
95215
95253
95382
95832
95657
95691
95862
95838
95764
95653
95283
95467
95581
95634
95543
95620
95824
95659
95627
95396
95664
95917
95786
95265
95363
95796
95783
95245
95717
95304
95837
95272
95725
95758
95564
95516
95376
95620
95838
95352
95639
95360
95639
95688
95906
95561
95749
95664
95788
95302
95784
95910
95514
95835
95335
95466
95283
95471
95829
95518
95258
95198
95198
95651
95475
95917
95756
95545
95339
95951
95419
95907
95506
95264
95543
95337
95618
95545
95308
95339
96008
95708
95277
95726
95238
95701
95607
95660
95794
96010
95252
95373
95802
95291
95749
95916
96014
95788
95303
95319
95986
95294
95651
95300
95529
95746
95628
95735
95798
95904
95479
95621
95454
95831
95697
95921
95631
95379
95735
95397
95273
95723
95576
95724
95561
95540
95328
95726
95503
95311
95842
95244
95804
95711
95571
95774
95395
95765
95535
95539
95766
95398
95690
95959
95371
95384
95835
95589
95858
95911
95536
95290
95731
95833
95483
95810
95241
95659
95335
95505
95710
95421
95583
95483
95902
95746
95248
95811
95499
95685
95693
95595
95815
95763
95322
95285
95732
95406
95838
95228
95259
95989
95497
95733
95150
95555
95383
95348
95669
95532
95285
95796
95810
95687
95424
95691
95320
95396
95624
95457
95604
95856
95894
95342
95543
95498
95373
95531
95279
95381
95672
95403
95570
95499
95843
95771
95350
95671
95382
95786
95500
95767
95669
95510
95223
95301
95440
95699
95675
95357
95436
95770
95473
96027
95363
95563
95747
95264
95650
95634
95822
95390
95338
95428
95984
95887
95607
95436
95656
95435
95984
95690
95295
95335
95360
95588
95590
95547
95297
95670
95337
95770
95728
95278
95787
95194
95287
95415
95805
95850
95664
96013
95348
95481
95597
95439
95422
95559
95991
95938
95713
95343
95960
95647
95356
95284
95368
95771
95243
95242
95899
95366
95565
95618
95804
95875
95663
95701
95727
95313
96041
95736
95639
95639
95645
95796
95366
95221
95283
95467
95683
95381
95593
95817
95831
95476
95444
96008
95320
95548
95385
95362
95312
95258
95984
95622
95299
95812
95367
95374
95690
95667
95371
95665
95635
95786
95564
95475
95460
95968
95472
95383
95544
95663
95960
95483
95870
95787
95734
95486
95427
95392
95797
95561
95569
95339
95868
95380
95361
95933
95580
95955
95722
95865
95418
95892
95580
95606
95515
95403
95588
95444
95243
95332
95311
95780
95649
95455
95415
95815
95752
95371
95745
95623
95455
95246
95536
95755
95535
95738
95824
95684
95346
95301
95584
95864
95633
95665
95718
96048
95795
95757
95466
95978
95798
95671
95675
95533
95774
95555
95790
95527
95957
95794
95323
95692
95732
95608
95230
95748
95493
95431
95362
95956
95737
95493
95314
95799
95400
95803
95583
95510
95906
95737
95993
95521
95325
95356
95577
95562
95878
95838
95772
95677
95503
95877
96026
95745
95706
95767
95364
95419
95970
95345
95618
95711
95422
95613
95915
96025
95657
95840
95254
95745
95553
95862
95340
95415
95850
95511
96038
95563
95268
95274
95685
95479
95925
95751
95299
95545
95468
95634
95500
95410
95747
95618
95853
95583
95373
95861
95528
95559
95384
95650
95494
95279
95261
95396
95916
95547
95779
95268
95812
95930
95843
95536
95329
95417
95892
95300
95946
95571
95874
95489
95773
95682
95816
95334
95835
95352
95741
95258
95324
95423
95448
95334
95268
95352
95298
95268
95843
95769
95714
95403
95302
95845
95625
95490
95789
95342
95717
95660
95368
95619
95783
95860
95753
95668
95289
95886
95376
95723
95621
95385
95569
95794
95788
95447
95866
95529
95999
95401
95707
95731
95349
95284
95507
95379
95513
95792
95637
95648
95314
95602
95836
95311
95881
95914
95476
95784
95326
96096
95376
95249
95321
95814
95679
95591
95684
95713
95471
95535
95278
95893
95333
95490
95464
95835
95524
95676
95250
95905
95366
95474
95526
95821
95796
95314
95778
95817
95991
95942
95667
95274
95688
95316
95329
95504
95906
95571
95793
95917
95480
95844
95825
95710
95936
95426
95545
95646
95593
95770
95829
95746
95688
95355
95769
95305
95280
95790
95343
95583
95286
95719
95940
95195
95682
95822
95704
95362
95745
95276
95593
95441
95340
95813
95468
95439
95284
95306
95263
95724
95827
95487
95271
95471
95553
95618
95857
95758
95429
95523
95904
95250
95645
95659
95675
95910
95501
95564
95901
95299
95501
95446
95739
95300
95347
95709
95294
95263
95511
95314
95671
95363
95622
95847
95881
95725
95874
95446
95384
95813
95364
95417
95652
95432
95710
95428
95738
95888
95414
95812
95543
95371
95717
95853
95742
95604
95833
95780
95325
95677
96002
95692
95466
95924
95481
95547
95418
95772
95428
95331
95843
95798
95445
95749
96087
96020
95746
95889
95633
95515
95834
95510
96062
95367
95908
95807
95722
96085
95712
95396
95303
95615
95339
95713
95428
96041
95832
95292
95473
95696
96033
95825
95989
95757
95695
95852
95806
95317
95390
95816
95547
95386
95399
95821
95614
95356
95760
95455
95513
95874
95292
95786
95647
95857
95793
95359
95333
95769
95314
95632
95904
95952
95586
95617
95662
95975
95914
95833
95503
95713
95829
95707
95412
95592
95303
95689
95321
95328
95656
95321
95630
95717
95648
95731
95891
95500
95344
95702
95868
95911
95336
95324
95875
95556
95895
95549
95787
95450
95319
95575
95827
95776
95756
95301
95587
95459
95452
95382
95416
95564
95632
95737
95838
95663
95544
95675
96059
96088
95366
95337
95380
95879
96026
95536
95743
95312
95646
95635
95459
95716
95642
95419
95369
95328
95901
95960
95243
95454
95734
95520
95818
95619
95708
95392
95464
95823
95882
95814
95611
95516
95379
95306
95606
95371
95679
95538
95913
95884
95789
95534
95609
95606
95763
95406
95439
96068
95964
95744
95675
95391
95287
95410
95417
95785
95807
95444
95542
95667
95403
95336
95796
95599
96009
95228
95476
95655
95775
95267
95280
95436
96083
95789
95447
95328
95345
95540
95608
95485
95281
95446
95304
95720
95935
95263
95970
95267
95420
95354
95801
95882
95649
95603
95362
95963
95243
95676
95722
95411
95639
95520
95325
95317
95629
95386
95718
95624
95392
95824
95792
95954
95479
95526
95688
95921
95754
95769
95518
95800
95611
95678
95713
95961
95563
95376
95371
95671
95681
95396
95568
95243
95452
95836
95783
95382
95241
95649
95740
95614
95355
95434
95426
95231
95571
95540
95231
95823
95397
95735
95310
95486
95827
95578
95430
96066
95851
95503
95412
95826
95526
95643
95552
96014
95491
95617
95764
95548
95450
95971
95651
95512
95314
95273
95625
95333
95838
95862
95418
95703
96030
95665
95886
95815
95775
95587
95330
95795
95834
95577
95771
95242
95505
95700
95228
95237
95361
95298
95728
95337
95270
95253
95694
95525
95950
95422
95492
95311
95707
95350
95648
95640
95718
95522
95993
96011
95534
95380
95366
95736
95368
95452
95570
95767
95243
95595
95572
95911
95705
95626
95730
95450
95677
95736
95828
95593
95680
95623
95745
95492
95823
95423
95420
95664
95376
95954
95709
95766
95694
95480
95809
95289
95793
95345
95352
95886
95780
95795
95907
95614
95447
95611
95430
95657
95598
95537
95825
95968
95436
95731
95942
95306
95518
95762
95702
95815
95412
95295
95313
95952
95549
95542
95365
95423
95795
95522
95917
95864
95902
95719
95338
95732
95606
95701
95468
95353
95365
95562
95456
95751
95471
95403
95587
95491
95388
95914
95929
95325
95907
95557
95647
95356
95307
95403
95501
95346
95366
95480
95392
95852
95290
95280
95320
95274
95859
95365
95702
95437
95295
95591
95728
95959
95786
95519
96043
95639
95818
95706
95517
95572
95371
95712
95867
95983
95633
95769
95526
95467
95836
95521
95310
95267
95278
95676
95629
95819
95472
95439
95680
95353
95338
95299
95610
95389
95500
95600
95305
95707
95409
95723
95782
95786
95456
95239
95574
95263
95342
95929
95895
95554
95380
95385
95819
95561
95490
95792
95312
95528
95588
95447
95943
95705
95464
95789
95706
95793
95418
95481
95426
95973
95897
95546
95539
95299
95412
95679
95688
95818
95534
95392
95279
95719
95428
95779
95676
95752
95566
95838
95837
95415
96008
95434
95734
96071
95727
95395
95926
95943
95331
95420
95457
96057
95887
95876
95267
95325
95683
95313
95640
95736
95598
95967
95760
95441
95915
95701
95907
95438
95590
95845
96038
95368
95418
96064
95648
95423
95327
95522
95810
95776
95790
95389
95409
95426
95619
95447
95370
95441
95397
96048
95529
95443
95823
95999
95635
96001
95929
95427
95909
95358
95927
95769
95518
95387
95498
95660
95860
95368
95396
95913
95460
95916
95296
95398
95759
95585
95599
95433
95473
95765
95299
95825
95730
95850
95295
95596
95454
96046
95657
95783
95364
95806
95823
95779
95749
95332
95423
95938
95751
95691
95621
95574
95275
95198
95682
95457
95545
95748
95860
95860
95469
95758
95738
95369
95409
95750
95398
95676
95694
95658
95291
95529
95911
95585
95752
95831
95270
95724
95633
95346
95597
95716
95246
95431
95661
95323
95326
95459
95668
95457
95510
96108
95462
95263
96040
95759
95716
95669
95801
95273
95732
95383
95250
95857
95978
95266
95642
95404
95407
96011
95419
95314
95928
95378
95490
95604
95312
95308
95931
95666
95246
95403
95924
95749
95497
95562
95721
95421
95889
95586
95788
95839
95349
95942
95889
95541
95631
95668
95411
95688
95538
95732
95648
95382
95849
95734
95485
95644
95822
96000
95582
95779
95928
95388
95565
95377
95887
95324
95884
95392
96090
95787
95790
95690
95319
95615
95830
95465
95886
95395
95791
95643
95478
95493
95865
95712
95995
95416
95874
95962
95900
95614
95513
95402
95594
95745
95652
95767
95764
95965
95413
95662
95614
95948
95396
95389
95587
95274
95471
95408
95777
95369
95270
95559
95861
95312
95691
95753
95529
96052
95702
95480
95838
95667
95571
96007
95310
95950
95457
95426
95258
95755
95587
95900
95703
95780
95364
95770
95553
95829
95655
95327
96077
95852
95265
95901
95383
95342
95481
95932
95587
95301
95308
95444
95767
95311
95415
96032
95362
95901
95805
95654
95467
95823
95285
95682
95751
95808
95501
95835
95431
95843
95641
95666
95328
95468
95657
95316
95539
95631
95874
95356
95481
95396
95397
95360
95738
95383
95483
95506
95923
95382
95300
95516
95648
96034
95460
95464
95311
95890
95754
95430
95451
95601
95286
95915
95862
95419
95788
95471
95317
95761
95280
95707
95729
95352
95682
95327
95484
96079
95796
95460
95483
95727
95809
95334
96050
95812
95293
95303
95373
95919
95286
95551
95527
95400
95573
95535
95838
95242
95682
95467
95732
95763
95684
95596
95535
95256
95801
95787
95319
95343
95952
95213
95591
95631
95249
96012
95404
95266
95375
95890
95741
95563
95298
95706
95647
95761
95947
95824
95501
95931
95334
95374
95541
95682
95931
95831
95758
96031
95787
95253
95342
95873
95690
95775
95416
95266
95827
95576
95904
95742
95793
95692
95714
95441
95846
95403
95802
95295
95339
95580
95883
95261
95441
95866
95460
95904
95398
95254
95367
95468
96033
95823
95498
95664
95403
95814
95931
95766
95461
95351
95688
95456
95819
95731
95271
95305
95826
95874
95745
95255
95746
95638
95717
95820
95803
95923
95608
95291
95736
95947
95833
95719
95934
95781
95633
95546
95829
95576
95768
95326
95818
95853
95514
95449
95370
95541
95465
95695
95747
95890
95642
95766
95284
95588
95362
95292
95409
95887
95673
95517
95659
95310
95790
95450
95462
95337
95907
95322
95620
95334
95845
95343
95404
95681
95886
95608
95806
95778
95721
95299
95777
95576
95453
95798
95756
95485
96030
95753
95794
95870
96035
95783
95645
95826
95749
95698
95436
95968
95756
95580
95778
95362
95765
95938
95505
95392
95833
95573
95700
95544
95276
95447
95940
95813
95321
95313
95666
95551
95573
95379
95292
95314
95639
96000
95327
95382
95415
95648
95729
95858
95311
95389
95782
95785
95572
95459
95788
95627
95479
95347
95682
95519
95730
95304
95987
95933
95618
95375
95940
95323
95422
95455
95365
95872
95741
95358
95862
95466
95881
95827
95540
95385
95779
95789
95607
95449
95929
95703
95301
95758
95765
95973
95664
95269
95535
95352
95543
95733
95354
95382
95593
95660
95968
95595
95319
95855
95469
95753
95736
95546
95322
95295
95204
95207
95820
95600
95218
95617
95571
95279
95437
95329
95739
95493
95237
95700
95738
95260
95652
95265
95226
95419
95676
95506
95730
95448
95474
95689
95411
95395
95851
95628
95821
95792
95479
95239
95236
95443
95538
95993
95322
95510
95563
95557
95768
95408
95639
95261
95341
95211
95702
95755
95614
95290
95836
95694
95635
95429
95811
95663
95386
95615
95644
95375
95475
95468
95332
95721
95671
95574
95694
95991
95620
95216
95291
95475
95329
95614
95233
95719
95654
95382
95835
95271
95965
95510
95780
95303
95781
95509
95632
95824
95674
95679
95496
95444
95533
95374
95957
95857
95747
95680
95239
95701
95796
95736
95499
95451
95583
95719
95409
95709
95362
95396
95832
95544
95577
95720
95398
95808
95887
95913
95444
95911
95309
95520
95522
95609
95611
95528
95821
95340
95362
95851
95522
95861
95534
95389
95759
95731
95678
95807
95460
95419
95316
95788
95613
95335
95596
95798
95517
95788
95881
95873
95601
95770
95477
95975
95649
95363
95916
95853
95507
96050
95357
95638
95796
95444
95307
95354
95466
95853
95317
95562
95790
95308
95297
95920
95659
95310
95410
95243
95766
95663
95627
95622
95774
95330
95276
95939
95728
96072
95798
95254
95270
95790
95574
95824
95303
95678
95340
95390
95935
95391
95601
95289
95370
95846
95758
95324
95366
95355
95691
95698
95994
95875
95628
95856
95289
95592
95217
95740
95523
95339
95416
95273
95292
95232
95981
95347
95756
95424
95168
95390
95915
95756
95805
95934
95691
95359
95781
95707
95260
95550
95695
95679
95271
95730
95206
95461
95838
95904
95519
95348
95691
95488
95562
95269
95831
95301
95298
95584
95666
95593
95618
95649
95446
95490
95625
95450
95309
95937
95467
95305
95659
95671
95300
95441
95662
95421
95705
95222
95304
95486
95527
95241
95757
95816
95666
95743
95639
95536
95742
95311
95670
95356
95415
95695
95531
95585
95801
95453
95804
95340
95829
95604
95924
95780
95523
95814
95834
95457
95510
95525
95300
95396
95620
95596
95339
95499
95534
95315
95491
95590
95885
95531
95796
95542
95807
95335
95359
95872
95753
95988
95367
95753
95494
95643
95758
95415
95615
95336
95411
95383
95875
95771
95817
95286
95794
95927
95331
95533
95511
95717
95731
95373
95804
95707
95739
95727
95537
95805
95358
95585
95266
95688
95719
95746
95873
95546
95501
95706
95488
95659
95653
95585
95444
95673
95752
95783
95975
95736
95942
96024
95253
95410
95242
95562
95832
95773
95981
95691
95894
95801
95499
95235
95735
95283
95735
95636
95837
95712
95727
95281
95967
95613
95727
95913
95213
95338
95674
95750
95862
95631
95681
95821
95850
95762
95709
95745
95554
95698
95289
95239
95750
95311
95891
95702
95579
95764
95601
95334
95478
95427
95675
95594
95852
95804
95686
95332
95735
95711
95681
95794
95923
95496
95773
95701
95395
95349
95887
95545
95573
95526
95366
95773
95528
95842
95631
95249
95210
95719
95607
95298
95706
95607
95384
95689
95300
95659
96032
95535
95898
95517
95248
95291
95819
95839
95710
95832
95549
95805
95455
95635
95862
95457
95517
95551
95936
95246
95276
95251
95212
95371
95239
95685
95755
95513
95913
95480
95778
95437
95931
95432
95927
95707
95481
95801
95601
95371
95468
95670
95816
95453
95386
95617
95468
95713
95477
95742
95849
95913
95423
95947
95543
95343
95410
95486
95491
95579
95517
95324
95662
95636
95443
95790
95712
95870
95556
95274
95414
95729
95577
95581
95323
95693
95899
95389
95575
95409
95385
95341
95441
95807
95529
95603
95329
95334
95278
95481
95752
95671
95781
95287
95574
95328
95748
95281
95993
95648
95603
95612
95315
95266
95643
95399
95754
95556
95256
95481
95398
95700
95355
95968
95262
95947
95667
95812
95317
95736
95505
95516
95375
95602
95284
95762
95430
95800
95329
95766
95746
95681
95270
95681
96016
95314
95320
95641
95538
95991
95918
95717
95572
95844
95806
96030
95966
95191
95280
95393
95454
95287
95610
95237
95440
95714
95582
95618
95835
95559
95685
95666
95592
95792
95487
95255
95196
95355
95842
95708
95784
95750
95226
95540
95669
95733
95315
95740
95679
95462
95433
95438
95482
95827
95465
95800
95301
95316
95313
95780
95723
95760
95493
95848
95866
95393
95440
95708
95841
95309
95331
95286
95682
95371
95945
95657
95733
95702
95256
95723
95731
95439
95303
95301
95887
95831
95382
95388
95826
95750
95259
95396
95470
95266
95747
95564
95333
95353
95758
95589
95783
95335
95529
95799
95269
95216
95469
95695
95437
95323
95484
95255
95233
95694
95321
95764
95860
95556
95756
95674
95804
95852
95769
95709
95338
95681
95514
95332
95522
95718
95317
95598
95479
95605
95803
95808
95554
95367
95745
95426
95863
95905
95675
95961
95448
95867
95652
95306
95369
95615
95309
95405
95387
95530
95265
95799
95846
95232
95768
95590
95670
95631
96131
95365
95767
95844
95901
95852
96003
95859
95286
95728
95699
95787
95499
95267
95278
95371
95513
95317
95871
95348
95827
95396
95243
95391
95421
95203
95808
95618
95541
95260
95740
95230
95324
95399
95733
95676
95267
95362
95809
95661
95490
95677
95837
95631
95231
95512
95889
95582
95847
95663
95650
95232
95692
95706
95742
95563
95490
95348
95257
95788
95588
95723
95767
95325
95315
95452
95672
95859
95711
95576
95344
95309
95881
95805
95456
95423
95436
95901
95753
95852
95793
95943
95664
95306
95665
95297
95789
95417
95538
95621
95793
95262
95565
96016
95803
95462
95688
95749
95735
95428
95270
95600
95629
95703
95523
95406
95681
95237
95678
95291
95787
95294
95289
95632
95446
95279
95327
95612
95788
95709
95182
95192
95305
95656
95482
95522
95705
95772
95886
95829
95265
95697
95263
95486
95539
95352
95456
95284
95825
95656
95432
95584
95716
95566
95781
95623
95653
95896
95630
95187
95706
95643
95617
95195
95842
95310
95489
95536
95714
95659
95333
95316
95223
95808
95181
95415
96002
95202
95930
95331
95344
95606
95246
95687
95746
95691
95670
95362
95364
95624
95494
95232
95773
95779
95358
95511
95287
95936
95734
95416
95774
95249
95608
95313
95796
95223
95724
95387
95236
95426
95308
95645
95500
95590
95811
95288
95435
95438
95339
95764
95208
95486
95493
95747
95869
95554
95406
95296
95441
95664
95399
96046
95288
95406
95634
95449
95645
95354
95724
95512
95923
95873
95408
95361
95380
95333
95383
95234
95654
95695
95521
95743
95556
95520
95452
95349
95562
95629
95845
95384
95455
95636
95247
95505
95809
95746
96007
95614
95249
95709
95195
95285
95847
95682
95574
95436
95292
95796
95276
95577
95825
95368
95348
95410
95997
95805
95431
95850
95589
95371
95546
95231
95615
95351
95668
95253
95506
95274
95879
95347
95393
95278
95704
95296
95276
95583
95920
95615
95652
95752
95511
95266
95178
95802
95619
95281
95244
95447
95603
95551
95730
95642
95496
95407
95400
95531
95685
95337
95328
95669
95510
95553
95782
95675
95816
95365
95635
95567
95797
95821
95731
95231
95708
95651
95419
95786
95406
95347
95657
95339
95757
95446
95279
95349
95810
95607
95900
95604
95378
95616
95259
95793
95807
95441
95432
95758
95600
95231
95232
95729
95573
95747
95350
95519
95477
95820
95228
95659
95551
95226
95734
95155
95313
95611
95744
95597
95310
95671
95704
95315
95196
95766
95427
95370
95425
95260
95944
95466
95737
95744
95356
95690
95223
96007
95402
95815
95326
95238
95877
95828
95718
95522
95424
95818
95233
95615
95723
95422
95460
95831
95673
95493
95934
95303
95491
95335
95535
95521
95429
95405
95646
95539
95924
95574
95359
95127
95688
95567
95648
95508
95594
95759
95556
95949
95232
95575
95875
95755
95850
95173
95442
95254
95778
95384
95575
95468
95226
95908
95791
95366
95666
95414
95271
95709
95970
95469
95866
95697
95504
95845
95304
95354
95630
95575
95815
95375
95534
95368
95437
95520
95747
95176
95593
95721
95365
95337
95726
95763
95649
95867
95256
95259
95246
95331
95475
95769
95671
95363
95258
95885
95482
95429
95650
95250
95537
95689
95561
95804
95529
95551
95696
95755
95572
95392
95596
95727
95538
95652
95284
95572
95504
95837
95471
95723
95231
95323
95287
95797
95354
95237
95338
95445
95300
95747
95622
95474
95773
95876
95284
95872
95331
95988
95826
95697
95742
95753
95323
95739
95292
95823
95807
95675
95685
95487
95649
95774
95261
95761
95267
95697
95993
95261
95476
95256
95396
95851
95313
95397
95683
95937
95491
95772
95656
95420
95273
95874
95567
95627
95964
95723
95773
95774
95763
95787
95659
95390
95787
95243
95432
95718
95564
95508
95369
95688
95308
95668
95727
95299
95327
95895
95295
95710
95841
95268
95815
95676
95288
95701
95330
95791
95571
95465
95271
95478
95764
95601
95592
95230
95283
95335
95852
95746
95209
95917
95922
95248
95341
95412
95807
95316
95269
95692
95702
95706
95356
95265
95460
95521
95372
95686
95367
95908
95759
95527
95372
95625
95512
95944
95498
95745
95879
95293
95827
95342
95760
95215
96047
95313
95809
95773
95709
95682
95276
95764
95280
95350
95370
95629
95301
95793
95783
95634
95701
95683
95933
95470
95745
95766
95453
95644
95495
95565
95466
95721
95775
95888
95551
95523
95466
95787
95618
95861
95336
95399
95322
95553
95348
95660
95322
95737
95226
95346
95517
95592
95237
95265
95256
95280
95518
95497
95988
95729
95304
95848
95677
95489
95755
95548
96061
95866
95290
95676
96015
95277
95572
95519
95769
95677
95671
95586
95355
95427
95676
95346
95607
95972
95597
95226
95481
95287
95780
95779
95372
95319
96062
95747
95363
95532
96011
95403
95420
95385
95573
95469
95717
95537
95664
95366
95272
95327
95978
95403
95315
95784
95593
95500
95570
95818
95383
95853
95711
95544
95320
95720
95580
95754
95327
95434
95509
95811
95586
95635
95922
95287
95890
95986
95332
95308
95876
95914
95659
95420
95888
95759
95742
95775
95292
95670
95237
95637
95835
95331
96092
95542
95899
95404
95360
95855
95471
95488
95621
95672
95793
95932
95360
95814
95310
95792
95300
95737
95282
95365
95336
95786
95560
95719
95614
95342
95283
95511
95821
95242
95565
95301
95289
95210
95271
95717
95333
95321
95310
95999
95440
95625
95822
95638
95820
95465
95569
95317
95700
95885
95704
95556
95688
95950
95589
95865
95715
95604
95289
95897
95890
95245
95847
95737
95300
95826
95714
95839
95750
95460
95260
95598
95251
95882
95760
95763
95258
95584
95424
96005
95518
95452
95770
95678
95652
95970
95532
95393
95973
95796
95813
95352
95701
95720
95503
95606
95547
95887
95614
95396
95630
95511
95658
95869
95702
96100
95441
95728
95394
95298
95612
95326
95426
95859
95243
95461
95612
95853
95655
95693
95649
95371
95804
95819
95528
95509
95333
95802
95746
95792
95311
95781
95408
95706
95587
95460
95448
95396
95837
95413
95935
95375
95528
95863
95300
95919
95772
95377
95467
95762
95490
95419
95364
96031
95290
95280
95348
95574
95440
95713
95459
95648
95663
95873
95337
95711
95655
95668
95770
95962
95531
95791
95880
95588
95807
95443
95494
95867
95846
95879
95833
95571
95930
95317
95493
95623
95383
95801
95263
95720
95321
95772
95669
95366
95372
95465
95634
95265
95838
95909
95708
95741
95854
95585
95816
95350
95538
95947
95373
95264
95250
95277
95736
95395
95783
95782
95674
95378
95654
95743
95687
95802
95822
95437
95657
95722
95440
95451
95432
95324
95404
95268
95495
95285
95449
95826
95300
95928
95489
95619
95797
95626
95902
95705
95758
95770
95515
95363
95331
95708
95489
95863
95885
95338
95359
95350
95906
95647
95321
95318
95280
95381
95736
95574
95551
95913
95669
95350
95500
96058
95311
95618
95418
95474
95903
95458
95536
95739
95792
95755
95748
95736
95334
95739
95747
95526
95924
95474
95433
95779
96026
95322
95883
95684
95874
95601
95831
95548
95494
95733
95660
95783
95749
95316
95832
95633
95680
95839
95348
95974
95756
95293
95653
95799
95665
95290
95680
95949
95287
95704
95599
95775
95686
95576
95715
95394
95519
95888
95848
95493
95603
95483
95535
95417
95678
95567
95621
95744
95553
95435
95410
95887
95471
95760
95307
95480
95441
95958
95393
95704
95722
95804
95836
95261
95546
95865
95333
95755
95580
95677
95504
95625
95338
95895
95615
95452
95689
95292
95838
95887
95721
95918
95770
95779
95842
95679
95455
95332
95688
95722
95876
95312
95781
95665
95550
95246
95639
95907
95835
95661
95568
95790
95301
95497
95738
95437
96068
95480
95340
95265
95707
95323
95465
95287
95937
95795
95681
95722
95787
95426
95710
95999
95351
95763
95319
95362
95391
95494
95791
95608
95424
95368
95710
95750
95503
95778
95882
95819
95532
95526
95342
95625
95765
95391
95367
95402
95456
95590
95425
95897
95608
95635
95724
95652
95864
95583
95417
95272
95815
95793
95461
95641
95318
95454
95848
95479
95449
95643
95990
95610
95536
95784
95668
95342
95748
96034
95655
95836
95647
95738
95680
95906
95440
95587
95353
95411
95307
95666
95738
95515
95675
95662
95929
95668
95484
95301
95585
95778
95568
95698
95348
95792
95854
95779
95634
95895
95800
95356
95700
95529
95836
95248
95879
95381
95299
95295
95343
95366
96025
95507
95753
95933
95482
95255
95835
95584
95926
95361
95299
95398
95619
95765
95848
95923
95868
95902
95730
95734
95923
96048
95411
95808
95774
95508
95755
95449
95871
95667
95300
95685
95252
95712
95765
95461
95492
95804
95869
95448
95672
95646
95368
95337
95866
95292
95673
95655
95873
95409
95614
95835
95749
95424
95376
95826
95284
95526
95522
95999
95376
95951
95369
95330
95616
95777
95651
95345
95440
95318
95785
95429
95446
95727
95624
95988
95899
96007
95801
95966
95814
95591
95291
95394
95341
95655
95425
95561
95509
96031
95704
95548
95635
96081
96021
95458
95283
95640
95383
95342
95793
95654
95374
95926
95318
95272
95672
95695
95921
95296
95357
95729
95741
95527
95806
95662
95743
95831
95849
95866
95458
95643
95875
95902
95677
95463
95352
95347
95279
95523
95276
95361
95334
95936
95904
95749
95910
95824
95718
95886
95347
95267
95359
95463
95915
95420
95880
95855
95333
95452
95809
95769
95286
95410
95388
95323
95413
95683
95592
95407
95675
95879
95405
95707
95253
95540
95761
95355
95541
95551
95470
95700
95321
95870
95382
95510
95796
95302
95568
95681
95367
95432
95709
95956
95765
95613
95565
95451
95827
95525
95317
95694
95392
95292
95419
95803
95817
95763
95595
95889
95588
95234
95459
95671
95693
95381
95342
95819
95956
95763
95575
95740
95672
95697
95864
95467
95721
95371
95843
95409
95551
95741
96043
95730
95557
95350
95686
95329
95818
95565
95323
95487
95573
96015
32533
32533
32533
32533
32533
32533
32533
32533
32533
32533
32533
32533
32533
32533
32533
32533
32533
32533
32533
32533
32533
32533
32533
32533
32533
