9884
90775
89514
90094
89961
90235
88719
89375
90043
89015
89099
89438
89319
88986
89425
90078
88769
89009
89282
89663
89249
89230
90250
89277
89880
89919
90019
89976
90002
90185
89162
89281
89470
90001
89946
89842
89948
88712
89720
91191
89803
89373
89131
89987
90118
89579
88592
89361
89648
90031
89363
89004
90030
88979
89711
89121
89110
89355
89888
90603
89019
89217
89217
89263
89483
89043
89597
88753
89407
89267
89260
89458
89359
89755
88661
89528
88962
89894
89815
90152
90143
88994
89246
89363
88662
89856
89967
89654
88831
89465
89224
89001
89792
89899
90132
89603
89427
89904
88691
89727
89886
89754
90254
90201
89774
88871
89121
89295
89410
89306
89281
89603
88922
89563
89335
89379
89126
89673
90266
89263
89090
89504
89440
89203
89582
90569
89660
90098
90478
89683
89703
89566
89153
89835
89838
89390
89781
89488
89768
89264
89905
89909
88809
89349
89604
89547
89407
90024
90227
89390
89900
89390
89310
89682
89813
90171
88656
89426
89747
89547
89442
89917
90066
88841
89302
89297
89679
89581
89505
89679
88855
89438
89820
88302
89332
89377
89890
89225
89814
89975
88974
89269
89446
89438
89463
90145
90522
88776
89161
89400
89754
89864
89534
89696
88545
89338
89250
89000
89680
89778
90180
88848
89303
90072
88842
89234
89245
89750
89882
89583
91017
89752
89810
89813
89728
89931
90107
90594
90124
89984
90480
90130
89679
89142
89970
89566
89439
90008
89419
90015
89886
89804
89323
89406
89918
89769
89839
89580
89596
89282
89431
90693
89746
89525
88833
89353
89593
90029
88734
89767
89891
89780
89528
89118
89655
89462
89887
90813
89162
89584
89566
89889
89898
90322
90265
89116
90156
90032
90031
89886
89845
90038
89211
90020
90243
89213
89538
89442
89474
89603
89947
90644
90143
89559
89950
89383
90020
89459
90071
89830
88955
89376
89196
89908
89581
89955
89507
89505
89331
89779
90060
89530
89940
89313
89671
89637
89525
88880
89542
90155
88654
89011
89619
89548
88973
89128
90079
89311
89720
88525
89573
89241
89133
89489
89440
89871
88955
89815
89973
88846
89149
89422
89259
89202
89650
90388
88569
89441
89298
89782
89617
89678
89539
88656
89779
89779
89793
89259
89390
90377
89149
89599
89443
88949
89879
89793
89777
88754
89386
89879
89451
89634
90139
90123
88707
89218
90226
89296
89331
89041
89194
88802
89293
90300
89137
89930
89767
89915
89635
88989
89942
88846
90034
89744
90300
89695
89658
89899
89251
89926
90352
89467
89368
89571
90126
89382
89937
90600
89459
89460
89346
89967
88747
89809
90834
89663
89963
89840
90093
88944
89913
90778
89536
89583
89388
89865
89181
89446
90286
88889
89922
89979
89904
89572
89767
90534
89266
89176
89362
88645
89065
89554
90132
89061
90001
89706
89015
89622
90003
90517
88960
89598
90132
89333
89645
89715
89482
88875
89672
90567
88883
89283
89644
90191
89359
89284
89193
89744
89598
89862
90156
89005
89365
88981
89641
89538
89623
90248
89829
89913
89534
89972
89493
89178
89320
89443
89258
89210
89562
90017
89053
90074
89922
89285
89174
89726
90233
88976
89802
89257
89407
89209
89966
90246
89087
89801
89451
89022
88845
89438
90419
90142
89900
89752
90390
89866
88732
89416
89277
89181
89290
89806
89892
89479
89204
89755
89627
89541
89719
90098
89706
89438
88758
89845
89615
89894
90854
89920
90227
89248
89836
89371
89778
90462
89744
90082
89302
89454
89392
89877
90576
89865
89167
89142
90038
90098
89362
89208
89656
89877
90427
89437
89432
89060
89894
89995
89374
89304
89467
90881
90001
89451
89534
89585
88901
89395
89526
89005
89229
89272
90263
89263
89213
90153
89007
89169
89799
89912
89704
89666
90094
89388
89198
90469
89494
89847
89740
89046
89169
89393
89294
89609
89600
89485
88574
89231
89222
89855
89871
89617
90495
89390
89139
89515
89293
89170
89543
90446
89793
90225
90714
89829
89605
90107
89855
90024
89590
90530
89538
89803
90176
89982
89885
89938
90038
89468
89219
89522
89697
89559
89041
89610
89741
89767
89160
89170
89711
89894
90145
90603
89160
89415
90136
90356
89738
89658
90399
89780
90110
89520
89453
89597
90086
91210
89250
89379
90797
90266
90213
89801
89997
88895
89562
90078
89974
90074
89881
91075
89554
90051
90926
89627
89836
89492
90011
89452
89722
90127
89339
89490
89638
90386
89895
89869
90051
89243
90843
89581
89596
89530
89369
89114
89559
90516
89438
89601
89716
89675
89183
89656
89484
90185
90068
89889
89295
89539
89476
88920
89078
89004
89179
89372
89285
90057
88722
89019
89170
88945
89240
89243
90236
89119
89560
90154
89155
89459
89467
90475
89274
89583
89925
89458
89224
89381
90531
89703
90039
89759
89083
89361
89711
90843
89548
89601
89163
89646
89779
89391
89128
89381
90034
89407
89051
89505
90482
89798
90159
89551
89333
89254
89797
90395
89778
89745
89879
89167
89354
89148
89489
89317
89447
90043
88931
89171
90095
89938
90157
89793
90676
89368
89945
89293
89616
89783
90011
91145
89229
89047
89864
90016
90046
89975
89561
89163
89774
90159
89987
89878
89555
89568
89697
89558
89633
89627
89979
89234
89936
90101
89988
89901
90367
90475
88840
89738
89975
89739
89542
89554
90144
89131
89905
90064
89812
90329
90008
90476
88524
89050
89549
89516
89555
89343
90319
89370
89567
89303
89066
89263
89922
90323
88593
89150
89303
89575
89635
89610
89290
88932
90095
90902
88774
88980
89715
89910
89439
89138
89958
89138
90002
89710
90034
89389
89547
90379
89121
89306
90624
89894
89655
89977
90287
89366
89365
88989
89324
89177
89389
88996
89914
90410
89175
89543
89615
89591
89156
89439
90300
89219
89559
90018
88967
89800
89796
90085
89450
89075
90097
89488
90127
90881
89646
89324
90031
88834
89529
89352
88979
89990
89799
90159
89622
90335
90760
89602
89549
89852
90009
89664
90221
90849
89185
90104
90083
89908
89982
89571
89919
88590
89590
89494
90176
90164
89858
90298
88861
89307
89450
88828
89838
89698
90008
88670
89338
90799
89753
89761
89278
89895
89070
90012
90121
89143
89788
89695
90064
89273
89362
90275
89632
89755
89886
89825
89314
89012
89979
89046
89699
89583
90343
89676
89951
90690
89415
89420
89612
89499
89247
89626
88583
89733
90038
89229
89228
89219
89305
89397
89370
90560
88847
88885
89641
90177
89291
89757
90227
88852
89165
89610
89852
89604
89772
90038
88865
89098
89331
88560
89642
89764
90281
89781
90009
90671
89728
89543
89700
89369
89578
89678
89615
89396
89490
89693
89824
89846
89826
90016
88482
89351
89909
89313
89668
90531
89990
89547
89549
90098
89362
89619
90439
90043
89342
90032
89394
89667
90447
89591
89474
89566
89886
90204
89855
88811
89300
89767
89595
89457
89370
89927
89238
89626
90634
89031
89410
89822
89456
89424
89546
90572
89357
89788
89897
90199
89949
89750
90621
89033
89395
89525
89583
89728
90037
90473
89625
89451
90492
89317
89896
90203
90405
88930
89157
90252
89667
89964
89501
90448
88758
89182
88560
89928
89794
90058
90265
89940
89900
88818
89578
89438
89274
89196
89326
89379
89052
89588
89343
88381
89509
89547
89650
88821
89509
89257
88448
89394
89544
90003
89350
89717
89920
88578
89088
89255
89368
89744
89720
90507
88551
89510
90263
90084
89967
89150
89678
88876
89788
90336
89383
89263
89822
90228
89155
89296
90528
89698
89924
89195
90072
89517
89939
90584
89463
89209
89434
89901
88920
89844
90552
89566
89780
89439
89643
90168
90040
90763
89549
89968
89909
89849
89298
89350
90188
89259
89907
90155
90057
89256
89554
90548
89582
89966
89790
89739
89366
89598
90602
89772
89846
89906
89635
89397
89390
90794
89763
90318
90419
89806
89961
90073
90173
89638
90185
89022
89730
89550
89406
89311
89333
90022
89006
89483
89540
89503
89984
89727
90351
89329
90089
89499
89618
89372
89669
90499
88979
90122
90515
89304
88994
89679
90128
89213
89642
89896
89537
90015
90030
89725
88682
89675
90409
89520
88870
89243
89955
89719
89584
89940
89036
89522
89907
89170
88991
89161
90352
88672
89486
90749
89961
89985
89853
90708
89301
89814
90641
89863
89737
90203
89682
89415
89418
90185
89017
89451
89662
90045
89980
89600
90174
88831
89482
89628
90311
89381
89442
90305
89439
89621
90244
89784
89519
89382
89522
89457
89639
89799
89786
90108
89077
89301
89511
89467
89979
89488
89878
88937
89608
89713
89601
89635
89566
90324
89255
89914
89771
89971
90061
90025
90329
89086
89407
89460
89687
90036
89561
89775
89972
89474
89524
89714
90126
89382
89530
89453
89558
89821
89999
89481
88850
89618
90625
89410
89511
89362
90052
89537
89511
89911
88905
89716
90122
90080
89327
89621
89999
88840
89539
89650
89134
89770
89817
90440
88909
89559
90394
89821
89851
90014
90296
88800
89662
90314
89082
89200
89562
90512
89813
89326
88881
89311
89880
90583
89307
89679
89340
89579
89460
89703
89746
90443
89846
89158
88443
89066
89621
89718
90582
89445
89488
89144
89981
89335
89565
89886
89185
89364
88865
89073
88872
89449
90083
89303
89393
89326
89901
90010
89796
90342
89974
90118
89776
89754
89215
88893
89863
89875
90255
89851
89631
89555
89351
90112
89882
89112
90392
89427
90151
89418
89522
89349
90084
90704
89720
89402
89070
89703
89741
89611
89268
89375
89886
89807
90168
89861
89925
89502
89394
89670
89330
90663
89906
89274
89934
89951
90777
89475
89762
89278
89757
89391
89262
90047
90114
90281
89855
89666
89376
89506
90395
90190
89628
89495
89268
89286
89089
89681
89907
90087
89832
89640
89735
89584
89867
90272
90759
89436
89512
89895
89636
89117
89322
89834
89524
89654
90127
89507
89812
89740
90388
89825
89771
89808
89309
89906
88579
88983
88987
89375
88991
89562
89799
89249
89945
89774
89263
89114
89183
90175
89490
89903
89097
88640
89465
89812
89841
88711
89347
89414
89214
89647
88959
89664
89728
89891
90275
88698
89414
89934
90222
89569
89465
89716
88682
89836
89679
89927
89863
90043
89867
88313
89422
89185
89433
89206
89464
90012
88806
89783
89701
89781
89640
89608
90188
88524
89209
89192
89595
89716
89851
90125
88715
89489
90301
89554
89899
90053
90161
89013
89292
90673
89314
89652
90081
89915
89016
89705
90178
88892
89587
89712
90008
89519
90018
90965
89285
90094
90202
90132
89529
89790
90408
89483
89875
89852
89152
89804
89633
89761
88537
89157
89862
89951
89810
89610
90596
88837
88917
90135
89415
89842
89698
89840
88634
89834
90139
89555
89095
89414
90388
89423
89240
89914
89318
89521
89627
89787
89267
89265
90272
89589
89398
89106
89814
89911
89599
90704
89571
89100
89558
89074
89239
89174
89833
88782
89357
90260
89227
89251
89376
90645
89778
89623
89720
89658
89785
89443
90115
89717
90059
90493
89773
89045
89282
89363
89760
89775
90433
89453
89405
88960
89647
89911
89759
90632
89865
89512
88958
89341
88939
89313
90036
89752
89971
89788
90032
89924
89797
89993
90053
90010
89838
90407
90171
90012
89861
89797
89344
89234
89470
89474
89460
89803
90266
89895
89944
89599
89779
88838
90041
89879
89456
89214
89747
90062
89004
89712
89030
89009
89656
89963
89511
89409
89791
90700
89176
89364
90392
89990
89788
89691
90184
89550
89705
90541
89673
89710
89842
89996
89426
90487
89695
89533
89389
90090
88557
89153
88791
89193
89194
89804
89598
90088
90106
88973
89336
89466
89531
89397
89878
90274
88814
89449
89330
88903
89370
90032
90233
88815
89286
88911
89206
89715
89540
90048
88952
89373
90034
89419
89150
89145
89998
89260
89755
90537
89702
89863
89886
90257
89031
89704
90410
89710
89294
90123
90138
89495
89983
88641
89289
89175
89703
89441
89803
90224
89214
89319
89472
89390
89904
89732
90574
89033
89558
89890
89567
90002
89390
90088
89704
89556
89980
89377
89650
89984
90749
89349
89204
89179
90006
89878
89656
90339
89253
89304
89413
90055
89766
90214
91048
89644
90007
89524
89967
89623
89701
90781
89886
90164
90175
90118
90297
89785
89935
89597
89529
90002
90623
90118
89891
89684
89389
89477
90311
90078
89616
90068
89453
89411
89818
90773
89956
89582
89026
89335
89316
89596
89785
89913
90244
89330
89736
89559
90012
89491
89329
90279
89097
89418
89370
88852
89407
89275
90379
88971
89565
89898
89943
89682
89715
90196
88908
89595
89797
89082
89574
89726
90456
89421
89120
89873
89300
89826
89554
89983
89119
89384
90762
89234
89386
89569
90156
89573
89878
90030
88728
89510
89867
89307
89246
89523
90312
89385
90189
90021
89303
89409
89095
89969
88779
89342
89941
89545
89233
89380
90052
89158
89027
89658
89340
89260
89534
90340
89174
89689
90223
89246
89387
89341
90812
89915
89619
90081
89149
89211
90305
90890
90115
89643
89955
89475
89549
89834
89823
90077
89822
90452
89156
89447
90533
89852
89596
89792
90575
90418
90323
89690
89943
89734
90000
90829
89801
89719
89863
90066
89804
90108
90674
89676
89858
89330
89275
89267
89911
90764
89933
89857
89759
89100
89134
89442
89615
89531
89551
90043
89626
90014
89594
90051
89442
89674
90459
89855
89447
89009
89426
89676
89663
90280
89302
89283
89109
89887
89411
89611
89993
88569
89113
88982
89475
89556
89666
90072
89676
89810
89019
89348
89285
89342
89178
89136
89358
89232
90182
89904
88768
89390
88973
89273
89712
89981
90108
88665
89081
88972
89591
89855
89786
90111
88508
89169
89532
89659
90136
90029
90375
89105
89878
89311
88378
88857
89397
89776
89328
89862
89658
89470
89764
89879
89934
89381
89638
90818
89657
89766
89710
89887
89554
89637
89901
88464
89204
89419
89690
89224
89835
90355
89182
89541
89679
89654
90109
90136
90686
88822
89271
90365
90152
89828
88454
89531
89863
90273
90375
89508
89583
89344
90030
89801
89576
89937
90310
90396
90032
89224
89441
90287
89473
89310
90095
89672
89563
90195
90705
89585
90355
88882
89736
89672
89761
89490
89550
90180
89323
90109
89742
89419
89538
89891
89835
89947
90039
89960
88396
89326
90367
90030
89823
89646
89769
88964
89382
90412
89587
89659
90109
90015
89201
89023
89837
89362
89825
89717
90014
89709
89981
90818
89499
89528
89009
89827
89447
89765
90237
89446
90102
89229
89629
89650
89800
89994
89339
89009
89334
89788
90518
89464
89588
89399
89378
89478
89980
89751
89281
89393
89711
89440
89874
89726
90088
89210
89854
89327
89503
89186
89568
90513
89775
89230
88918
89679
89828
89669
90723
89480
89157
89572
89659
89849
89551
90151
89742
89927
89754
90010
89995
89496
90086
89846
89137
89835
89433
89061
89546
90189
90617
89335
89952
89798
89786
89167
89794
90760
89015
89736
89478
89539
89428
90204
90801
89581
89680
89823
89483
89354
89189
90104
89653
90345
90637
90071
89593
89347
90339
88930
89303
90099
89599
89647
89210
90200
89366
89584
90341
89750
89250
90018
90203
90293
89776
90372
89770
89554
90110
89300
89464
89847
90497
90026
89637
88873
89498
89735
89874
90210
89306
89252
89906
90073
89866
88818
89129
89826
90070
89095
89328
89627
89089
89826
89191
89149
89284
89838
90240
89400
89091
89122
89342
89359
89246
90070
88934
89572
89642
89804
89763
89847
90497
89111
89194
89359
89453
88910
89821
89202
89784
89844
90125
88621
89241
89430
90108
89807
89892
90004
88332
89640
90440
89619
89967
90465
89464
89327
88891
89645
89596
89759
90291
90057
89722
89890
89527
89807
89605
90103
89142
89285
88628
89423
89271
89030
90032
89003
89676
89199
89956
89624
89692
90507
89926
89932
89938
90028
89844
89402
89550
89859
89980
89708
89992
89716
88806
89727
89921
90477
89639
89356
89869
89520
89914
89477
88835
90059
89953
90112
89026
89569
89661
89832
89495
89390
89479
89579
90060
90440
88700
89315
89247
89336
89474
89840
90462
89327
89863
89877
89975
89637
89828
90051
88760
89389
89206
88893
89556
89991
89674
90021
89579
88674
89137
89837
89934
89370
89755
89602
89366
88856
89585
90699
89435
89815
89382
89151
89146
89477
90453
89113
89912
89782
89897
89568
89316
90200
89440
89237
89265
89372
89426
88720
89524
89186
89160
89510
88952
89890
88394
89702
89855
89602
89528
89872
89822
89322
89810
89341
88832
89065
90149
90008
89641
89285
90167
88817
89767
90241
89737
88992
89210
90772
89446
89330
89102
90087
89726
89930
89514
89627
89650
90187
90181
89650
89571
90230
90357
90081
89805
89947
89422
89497
89981
89734
89681
89927
90053
89935
89798
90657
90087
89591
89814
89748
89389
89452
90041
90365
89255
89794
89625
89040
89475
90800
90003
89923
89555
89889
88765
89599
89065
90129
90132
89870
90033
89410
89614
89084
90220
89795
89946
90391
89755
90586
88966
89448
89478
89644
89118
89158
90292
89173
89171
89301
89675
89163
89188
88530
89047
89115
89515
89588
89586
89629
90214
89819
90046
89375
89510
89068
89464
89881
89868
89696
88759
89366
89706
89563
90123
89830
89291
88776
89996
89896
89533
89753
89661
90089
88841
89058
89262
90156
89994
89618
89540
88892
89363
89407
89377
89817
90017
89783
88535
89494
89584
89164
89293
89213
89169
89005
89557
89822
88746
89432
89623
90124
89498
89763
90332
88692
89570
89874
89762
89794
89573
89158
89391
89569
89803
90957
89649
89615
89873
89417
89563
89990
90672
89924
89565
90503
89567
89334
89699
89522
89466
89847
89733
89947
90283
89675
90279
90211
89853
89788
90278
90316
89734
90044
90059
89470
89681
89365
89150
89234
89600
89999
88836
90148
90605
89712
89579
89166
89528
89227
89729
90819
89171
89571
89442
90060
90016
89318
89959
88905
89824
89928
88922
89198
89676
90561
89134
88876
89399
89643
89889
89854
89523
88593
89539
90451
89474
89569
89787
90114
89442
89773
90423
89203
89915
89677
89085
89719
90035
90740
89631
89457
89578
89561
89274
89556
90184
89433
90326
88813
89231
89402
90143
89955
89418
89464
88725
89530
89686
89143
89688
89421
89890
88746
89107
89338
89535
89642
90019
90091
89138
89666
90412
89570
89355
89547
89700
88725
89738
89980
89075
89257
89317
89763
88869
89488
90363
89530
90090
89751
90384
89748
90018
90359
89642
89597
89699
89680
89905
89514
89844
89362
89763
90501
90042
89524
89302
90026
89979
90344
89749
89627
90080
90300
89949
89441
89565
90181
90259
89214
88552
89215
90072
89910
90437
89718
90082
89143
89921
89083
89313
90077
89827
89663
88701
89370
89548
89738
89536
89257
89400
89870
90201
90217
88799
89606
89602
89226
89517
89894
90283
89085
89331
89214
90122
89573
89902
89885
88690
89331
89272
88930
89850
89888
89832
89274
89787
89493
88605
88942
89284
89614
88916
89221
89869
89115
89662
89994
89521
89977
89855
90104
89043
89755
90530
89085
88985
89030
89147
88961
89341
89952
88998
89806
90058
89654
89801
89270
89870
89061
90048
90007
89214
89285
89572
90085
89331
89380
89361
89812
89908
89868
89452
88959
90023
90196
88580
88893
89598
89571
89573
89819
89381
88706
89831
89863
90041
89228
89608
89920
88642
89347
89287
88464
89477
89365
90022
88576
89502
90157
89836
89842
90551
89934
89712
89415
89819
88948
89987
90795
89680
89312
89227
90329
90028
90075
90816
89595
89347
89566
90162
89801
90067
90487
89674
89739
89784
89598
89434
89907
88772
89812
89425
89119
89504
89846
89902
89565
90159
89911
88702
89620
89624
89542
89056
89453
90013
88937
89166
89397
89942
89687
90175
90885
88757
89071
89139
89427
89832
89409
89835
89046
89130
89582
90688
89570
89248
89580
89962
89835
89473
89850
89404
89648
89857
89442
89030
89572
89872
89695
89456
88465
89729
89876
89049
89497
89788
89550
88777
89481
89565
89820
89747
89750
90269
89052
89705
90491
89177
89227
89318
89737
88978
89302
90623
89177
89935
89815
88957
88950
89715
90485
88767
89704
89447
89318
89642
89881
90139
88954
89543
90187
88943
89310
89471
90180
89107
89963
90667
89495
89930
89222
89969
88945
89591
88729
89584
89348
89280
89968
89455
89658
89143
89479
89868
89915
89841
89882
89931
89406
90005
89574
89290
89227
89822
90771
89955
90401
89906
89568
89501
90046
88936
89968
89664
89600
89696
89698
90609
88541
89356
89745
89867
89626
89396
89784
88999
90082
90022
89502
89704
89863
90451
89060
89209
90267
88999
89640
89588
89904
89666
90213
90786
89600
89650
90398
90342
89777
89879
90681
89191
89730
89866
89030
88876
89857
90804
89748
89782
89940
89280
89538
89910
89689
89419
89281
90328
89543
90270
89307
89868
89558
89023
89584
89211
90263
89230
89897
89671
90212
89884
89771
90369
88955
89590
89427
89875
89277
89424
90084
88983
89311
89447
89403
89388
89732
88991
89646
89842
88994
89880
89570
89529
88650
89601
89493
89509
89910
89828
90080
88642
89559
90644
90037
89631
89635
89929
89750
89810
90266
89256
89864
89385
90035
89608
89034
89520
89821
90071
89162
89279
89279
89836
89854
90427
89727
89211
89434
89468
88808
90202
89978
90082
90095
89863
90186
89068
89914
90360
89017
89146
89455
89508
89399
89937
90786
89066
89180
89218
90219
89700
89889
90091
89408
89333
90488
89611
89993
90237
89514
89472
89503
90431
89404
90087
90337
90089
89500
89603
90346
88887
89225
89618
89437
89487
89798
90236
89803
90132
90312
89820
89810
89552
90397
89489
90068
88336
89656
89561
89607
89341
89575
90233
89198
89931
89361
88565
89217
89444
90397
89244
89587
89446
89421
89323
89688
90478
88583
89294
89909
89789
89793
89208
89540
89843
89779
89013
89250
89617
89766
89972
90059
90028
89002
89612
89754
89845
90124
89979
90009
88830
89383
89662
89510
88793
89325
89670
89208
90104
89810
89744
90070
90208
89810
88788
89062
89374
89244
89657
89678
89652
88710
89656
90327
89641
89461
89750
89302
89662
90220
90111
90235
89905
90362
88762
89347
90185
89678
90006
89995
90667
89350
89899
90216
89444
89794
89934
89215
89446
89763
88692
89287
90231
89402
89284
89685
89985
89575
90413
90688
89709
90112
89714
89919
89402
89307
90642
89583
89920
89606
89844
89691
89730
90495
89582
90032
89297
89450
89697
89851
90636
88953
89418
90645
90060
89560
89516
90022
89139
89553
90034
89806
89159
89602
90365
89330
89835
90536
89076
89502
89369
89476
89082
89551
89316
89457
89167
89306
89346
89111
88993
89728
89767
89705
90339
89606
89697
88292
89614
89942
89981
89847
89367
89385
88948
89983
90353
89688
89313
89251
89640
89689
90115
89169
89743
89488
89442
89852
89245
90106
89062
89902
90036
89748
90446
89617
90528
89199
89672
89637
89977
89883
89736
90169
89777
89767
89819
89645
89445
89155
89590
88872
89438
89737
89405
89724
89899
89212
89262
90044
89664
90096
89882
89504
90456
89478
89895
90389
89722
89829
89843
89517
89942
89566
89603
89852
90839
89769
89843
89395
90452
89771
90157
90688
89724
89406
88935
90065
90291
90188
90235
89708
89839
89928
89838
90233
89547
89961
90050
90284
89984
90049
90464
89987
89165
89181
89716
89716
89945
90620
89559
89566
89613
90135
89921
89863
89563
89463
89206
90071
89805
89786
89758
89912
89433
88549
89122
89438
89727
89917
89844
90077
89207
89991
89855
89790
89882
89970
90536
88980
89770
89794
89949
89586
89722
89684
89726
89922
89549
89906
89441
89655
90059
89694
89672
89856
90180
89720
89278
89716
89530
89493
89627
89483
89428
89333
90148
90220
89124
88476
89678
89771
90080
89658
89657
90103
89369
89707
89371
89145
90065
90035
90417
88611
89285
89529
90150
89412
89627
89968
89357
89844
89595
89204
89194
89548
90341
89274
89328
89541
89799
90083
89920
90379
89314
89458
90496
89663
89949
89982
90304
89729
89547
89871
89993
90124
89358
89626
89274
89250
90411
90352
90414
89259
89568
89676
89658
89711
89371
89437
90271
90154
89834
89799
89711
90638
89439
89753
90595
89899
89967
89990
90236
89828
89740
91137
89720
90090
90976
89654
89296
89160
90094
89336
89907
89886
90094
89500
89490
89213
89486
89691
89802
89657
89581
88990
89706
89984
89634
89290
89319
90808
89859
89320
89798
89459
89769
89974
89543
89165
89596
90283
90010
89570
89983
89256
89513
89650
90565
89298
89779
89565
90187
89871
90099
90507
89632
89711
90111
89866
89749
89562
89959
89666
89342
89547
89656
89613
89772
89927
89241
89193
89361
89841
89911
89375
89290
89424
88598
89864
89693
90200
89316
88992
90313
89170
89455
89810
90090
89652
90156
90679
89189
89138
88637
89329
89554
89840
88831
89184
90040
89386
89094
89287
89776
89182
89130
88920
89839
89881
89918
90467
90199
90587
89021
89508
89333
89728
90334
90038
90367
88921
89370
89525
89632
90404
89497
89706
89035
90012
89723
89782
89806
89565
90155
89850
89759
89711
88971
89683
90701
89375
89218
89577
89942
89167
89891
89465
89856
89405
89333
89900
89383
89828
88735
89147
89610
89599
89363
89079
89955
89137
89907
89851
90076
89356
89342
89537
88889
89819
90233
90138
89811
89670
89531
89407
90243
89779
88857
89330
89170
89809
89614
90034
89421
89534
89574
89212
90068
89379
89598
89768
89767
89651
89921
90547
89229
89643
90256
89763
89638
89743
90367
89667
89798
90095
89712
89742
90068
90412
89619
89535
88682
89433
89428
89514
89460
89991
90296
88680
89566
90415
89724
89867
89412
89620
88713
89838
90385
88973
89027
89471
89920
89522
89314
89959
89042
89778
89973
89697
89423
89127
90751
89432
90203
89651
89064
89316
89284
89862
88822
89975
89459
89993
89747
90030
90542
89049
89330
90210
89550
89956
89372
90088
89525
90156
90242
89581
89400
89355
90264
89343
90348
90221
89606
89108
89496
90997
89677
89801
90603
89606
89225
89647
90018
89808
89968
90246
89044
89545
89561
89212
89302
89596
90453
89654
90018
90216
89783
89911
90032
90624
89527
90716
89533
89936
89955
89730
89416
89419
89995
88877
89410
89462
89531
90142
90032
90256
89109
89139
89433
89869
89629
89480
90159
89284
89369
89747
89784
89354
89370
90597
89458
89430
89375
89528
89888
89854
89942
88954
89472
89321
89637
89830
89653
90101
89045
89409
89494
90043
89854
89826
90062
89883
90737
89576
89950
89558
90150
89725
90408
89265
88921
89138
89837
89691
89985
90487
89448
89536
89180
89402
89843
89931
90761
89223
89263
90117
89630
89928
90395
89806
89385
90166
88959
89312
89530
89539
89980
89960
90636
89442
89781
89558
89860
89273
89170
89820
89093
89683
89951
89299
89271
89510
90128
88806
89381
89026
90010
90003
90082
90204
90004
90275
88719
88925
89378
89203
90146
90143
89871
88283
89715
89922
89807
89848
89330
90107
89317
89835
90174
89418
89564
89902
90197
88878
89348
90247
89223
90037
88990
89511
90507
89941
90149
89146
89442
89580
89643
89611
89523
89454
89157
89626
89504
89565
89869
89567
89911
89127
89475
89629
89479
89620
89962
89641
89345
89845
89018
89318
89115
89819
90643
89397
89258
89302
89519
89862
89713
90467
89653
89391
88839
89352
89675
89984
90947
89366
89219
89025
89244
89272
89586
89345
89357
89514
90024
89949
89836
89947
90246
89885
89946
89892
89728
89870
89126
89683
89090
89068
89578
89371
89459
88810
89565
90015
89692
89706
89289
89807
89047
90111
89875
89099
89225
89538
90107
89342
89406
89283
89270
89810
89617
89524
89558
90070
90939
88784
89537
89694
89906
89648
89556
89726
89738
89754
90062
89994
89750
89991
90202
89685
89599
88660
89533
89837
89486
89963
89215
89751
89431
89985
90024
89962
90715
89804
89372
88686
89846
90182
90001
89546
89718
89406
89127
89761
89704
89883
90229
89614
89130
89314
89435
90536
89303
89859
90561
89820
89591
89439
89995
89370
89211
88850
89399
89274
89379
89868
89783
90090
89497
89987
89734
89748
90112
89326
89279
88586
89630
89239
89545
89113
89731
90272
88970
89509
89001
88980
89860
90529
88809
89695
89301
89276
90013
90016
89077
89370
89415
90408
89340
89237
89260
89868
90063
89827
90038
88884
89914
90071
89627
89361
89423
90358
90304
89610
90222
89455
89347
89122
89452
89526
89683
90305
89786
89742
89294
89846
89762
89318
89927
89108
89665
89362
89598
89858
89824
90076
89534
89494
89010
89654
89982
89844
89788
89311
89455
89405
90036
89845
90001
89841
90034
90269
88909
89426
89989
89667
89708
89851
90423
89450
89364
90375
89252
89255
89416
90109
89511
89446
89942
89742
89425
89478
88797
89279
89026
89441
89592
89770
89275
89953
90786
89503
89984
89481
90000
89027
89745
90692
89211
89557
89278
89619
89479
89594
90303
88689
89322
89850
90265
89548
89553
90484
89059
89766
89290
89791
89875
89988
90174
88613
89410
89266
89743
89688
89998
89475
89165
89175
89147
89472
89399
89181
89403
89762
89503
88476
88890
89043
89288
89203
89174
90034
89113
89872
89680
89265
89530
89114
90129
89391
89864
89641
89497
89395
89708
90530
88781
89919
89773
89050
89294
89166
90343
89216
89824
89741
89635
89406
89694
89612
88605
89409
89306
88913
89462
89758
89986
89391
89726
90310
89561
89615
89911
89920
89034
89442
90473
89213
89305
89377
89765
89355
89739
90812
89406
89414
89518
89712
89461
89800
90521
89014
89346
89505
90423
90088
89509
89767
88865
89782
89621
88542
89509
90045
90627
89149
89444
89675
90012
89904
89702
90012
88477
89499
91099
89650
90045
90004
90210
88710
89448
89971
89158
89082
89581
89924
89271
89836
90894
89385
89903
89890
89676
89328
89315
90527
89744
89763
89479
90083
89189
89343
90433
89435
89728
89323
89067
89283
89689
90523
89627
89677
90325
89455
89104
89274
89634
89160
90193
90566
89355
89696
89366
89805
89264
89256
90129
88448
89338
89116
89112
89454
89383
89963
88713
89657
90752
90035
89702
89795
90660
89016
89404
89831
89318
89484
89994
90753
89490
89378
89727
89620
89956
89808
90457
89178
89635
90365
89719
89391
89382
90238
89880
90623
88803
89251
89999
89908
89782
90080
89327
89717
89696
90662
89185
89577
90224
89472
89381
89462
89882
88954
89796
90255
89683
89495
89239
89707
89514
89710
89327
89989
90143
90199
89576
89290
89827
90058
90048
89944
90792
89587
89335
89825
90332
89782
89701
90132
89407
89540
90108
89833
89950
89902
89787
89840
88965
90021
89670
89742
90572
90204
89757
89954
90399
89671
89986
88825
90031
89758
89970
90740
89708
89849
89785
90028
90168
88977
89671
89677
88850
89009
89423
89566
89482
89693
90239
88480
89370
89398
89918
89762
89552
89209
89583
90220
90150
89580
90160
89330
89989
90241
89320
88918
90069
90352
89678
89166
89735
89345
89566
89783
89305
89332
89161
90167
89416
89687
89728
90134
89710
89886
90579
89956
89824
89273
89943
89860
89886
89380
89550
90180
88694
89443
89724
90315
89413
89469
90204
88521
89250
89784
90116
89649
89678
90192
88589
89673
90271
90033
90015
90313
89530
89007
90115
89587
89614
90074
90459
89846
90131
89280
90062
90037
89567
90355
89514
89535
89640
89716
89207
90165
88733
89745
90428
89661
89969
90348
90416
89582
89692
90207
89397
89146
89410
90249
89972
90221
90861
89179
88937
89870
89992
89792
89016
89906
89847
89755
90548
89482
89302
90104
90844
89237
89290
90244
90239
89985
89386
90158
89744
90536
89278
89239
89173
89618
89145
90031
90567
88889
90052
90058
90329
89847
89663
90418
90159
89860
90531
89418
89562
89771
89196
89003
89179
90559
89286
90086
90395
89177
89137
89933
89328
90000
89714
89153
89289
88834
89508
89808
90408
89223
89860
90240
89344
89091
89303
89957
88666
89632
90661
89639
90012
89845
89962
89109
89332
90787
89343
89629
89908
90504
89546
89821
90841
89490
89547
89390
89423
89354
89338
90234
88785
89729
89875
89151
89257
89659
89866
89302
90075
89634
89009
89585
89953
90668
89363
89304
90368
90046
90000
89326
89599
89062
90105
90625
89054
89581
89903
90560
89190
89535
90104
89375
89775
91016
90026
89629
89429
90091
88744
89175
89879
89309
89328
89643
90060
88446
89439
90265
89899
90070
89940
90574
89635
89215
89818
89543
89642
89711
90313
88910
89446
89387
90244
89923
89482
89410
89271
89985
89235
89907
89366
90239
89856
89238
89324
88517
89457
89490
89041
89494
89829
90271
89292
89705
89787
89240
90180
90918
89376
89662
89907
89901
89448
89439
90203
89039
89226
89366
89503
89253
89810
90855
89462
89789
89528
89499
89401
89767
90479
89162
89383
89521
89831
89601
89795
90324
88955
89610
90071
89931
89447
89498
90699
89561
89746
90118
89394
89898
89791
90359
89358
90185
88877
89791
89709
90421
90085
89817
89451
89915
89457
89477
89320
89869
89915
90084
89948
89670
89798
89920
89821
89424
89615
89553
90043
89699
89965
89548
89654
89898
90092
89953
89265
89792
89189
89382
90400
89626
89949
89990
89562
89291
89301
90193
89540
89768
90192
89977
89714
90198
90417
90074
89665
89873
89724
89596
89518
89514
89837
89556
90130
89633
89807
89297
90163
90038
89915
90379
89983
89781
88466
89141
89135
89731
89748
89865
89841
88784
89308
89498
88986
89398
89594
89931
89121
90177
90083
88980
89142
89274
89679
89334
89204
89638
89274
89710
90392
88986
89330
89854
90294
88858
89537
89762
89556
89475
88911
89890
89398
89850
90329
89475
89699
89779
89897
89704
89420
90199
88918
89331
89361
89483
90295
89933
90407
88770
89324
89920
89816
90053
89605
89747
89331
90396
90302
89678
89828
90090
89355
89426
89846
90336
89622
89976
90513
89721
89385
89447
89171
89477
89127
89815
89899
89214
89953
89986
90133
90246
90242
90752
89314
89659
89789
89510
88944
89305
90057
88692
89623
89586
89895
89843
90273
90131
88934
89404
89617
88963
89698
90068
89926
88593
89541
89744
88898
89920
90319
89187
89756
89661
89778
89015
89514
90520
89488
89414
89563
89651
89361
89884
89798
88175
89024
89565
89866
89817
89712
90522
89169
89822
89956
88344
89393
89873
89796
89350
89958
89651
88957
89392
89147
89497
88698
89919
90537
89197
89319
89638
89151
89646
90017
90395
88902
88890
89435
89965
89395
89860
90082
88234
89058
89852
90243
89692
89826
90442
88935
89459
89483
89361
89267
89450
89312
89526
89254
88925
89074
89455
89593
89313
89716
89449
88822
89258
89455
89687
89187
89623
90337
89321
89914
89769
89984
89539
89427
89860
89101
89751
90107
89887
89555
89446
89367
89830
90395
89324
89677
89513
90024
90015
89679
89828
89030
89728
89764
88758
89485
89445
90318
90062
89619
89601
89538
89533
89841
90080
90045
90008
89670
89889
90069
89388
89810
89806
90883
89350
89966
90127
89975
89327
89472
90557
89525
89946
90422
89774
89252
89571
90450
89478
89769
89925
89554
89075
89613
89890
89978
89513
89374
89319
89429
90008
89971
89703
89520
90079
89465
89090
88690
89227
89304
89417
90196
89653
89813
89366
89919
89740
89962
90276
89832
89674
88933
89451
89098
89528
89930
89279
89632
89681
90246
90047
89788
89661
89436
89315
89600
89935
89983
89910
89381
89236
89589
90026
90370
89215
88506
89666
90020
90753
88637
89316
90972
90122
89780
89406
90148
89291
89624
90382
89366
89355
89413
90444
90038
89939
90475
89803
89426
89757
89229
89319
89422
90040
89586
89403
90181
89980
90268
90014
90529
89447
89541
88863
89603
89727
90256
90532
89617
89458
88870
89758
90476
90262
90196
89145
89426
89305
90057
89805
89767
89884
89691
89675
89583
89359
89748
89172
89629
89751
90115
90001
89719
90099
89003
89603
89976
89786
89946
90064
90269
88994
90291
89811
89613
89369
89410
89485
88845
89363
89535
89276
89656
89870
89376
88716
89195
89750
89074
89745
89669
89674
89180
89287
90593
89008
89365
89469
89768
89458
89198
89910
88882
89429
89858
89439
89179
89597
90827
88894
89583
89521
89366
89670
90149
90177
89620
90004
89927
89303
88976
89232
89748
88459
89320
90106
89400
89758
89757
90222
89295
89815
90226
89270
89255
89873
90305
89383
89596
89961
89024
89794
89923
89986
89889
89650
90424
88750
89819
89809
89317
89735
89749
89475
88699
89552
89562
89789
89975
90245
90130
89364
89997
90645
89779
90090
90062
90183
89276
90135
90752
89625
89647
89689
90673
89558
89619
88615
89101
89347
89624
89531
89781
90367
89544
89933
89536
89142
89316
89802
89940
88714
89304
89405
89763
89914
89478
89366
89038
90196
89970
88293
89002
89693
90130
89636
89133
89110
89171
89822
89862
89149
88723
89238
90584
89862
89241
89641
91022
89748
89753
89578
89940
89751
90219
90592
89215
89995
89655
89713
89392
89008
89955
89296
89650
89864
89659
89578
89487
90134
89633
90312
89962
89667
89454
89173
89555
89980
89990
89426
89477
89670
89369
89198
89442
90380
90069
90013
90826
90057
89606
89630
89561
89936
89928
88774
89488
89429
89853
89729
89589
90052
89895
89969
89878
90203
89997
90291
89562
89563
89415
89452
89649
90472
89074
89833
89560
89622
89110
89439
90457
89298
89655
89700
89619
89757
90225
90271
89441
89579
90029
89800
89258
89459
90253
89683
89682
89715
89444
89732
89719
90566
89118
89720
89737
89563
89620
89717
90460
89357
89784
88991
89970
89769
89805
89622
89736
90357
89043
89427
89407
89356
89304
89377
90495
89073
89673
89380
89071
88767
89620
89948
89975
89132
89074
89997
89883
89628
89738
89860
89307
89683
89293
89511
89918
89661
89753
89925
89622
89711
89591
89394
89171
89638
89096
88258
89523
89367
89410
89046
89529
89530
88538
89474
89381
89720
89881
89835
90362
90027
89767
89357
90493
88826
89731
89717
89593
89746
89575
88955
89823
90684
89249
89306
89101
89981
89671
89373
90164
89189
90065
90140
89852
89534
89988
90900
89696
89511
89430
90276
89872
90108
90193
89194
89976
89251
89379
89460
89667
90622
89510
90145
90623
90259
89980
89986
90412
89336
89397
89828
89276
89336
90079
90444
89030
89404
90191
89138
89735
89972
90542
89664
89438
90129
89229
90011
90252
90122
89438
89246
89997
89418
89818
89859
90003
89775
89408
90301
89195
89263
88936
89762
89174
89199
89995
89012
89259
89766
89330
88913
89145
89416
89250
89194
89970
89198
89536
90420
89914
89714
90044
88797
89469
89119
88650
89805
90732
89924
89229
89407
90054
89173
90022
90444
88766
89558
89840
90472
89122
89250
90304
89546
89539
89463
89956
89412
90130
90579
89295
89454
89745
89556
89879
89387
90361
89488
89759
89555
89821
89743
89223
90075
89762
90071
89702
89937
89989
90313
89843
89525
89540
89542
89882
90050
89890
89801
90087
89746
89165
89274
89927
89066
89956
89637
89471
89504
89580
90156
89702
90145
90506
89501
89565
89462
89652
88907
89821
89959
89857
90829
89870
90268
89223
89691
89499
89564
89582
89527
89969
89130
89906
89605
89480
89802
89600
89890
89563
89315
89675
88689
89133
89531
89865
89627
90080
89740
89104
89482
89491
89452
89701
89690
89679
89151
89771
89641
89452
89345
89485
90240
88903
89382
89086
90041
89446
89738
90029
89014
89635
89886
89811
89075
89406
89844
89152
89740
89624
89355
89657
89772
90108
88894
89716
89494
89343
89665
89696
90135
89854
89937
88598
89455
89257
89331
89442
89419
89934
89319
89581
89549
88692
89477
89951
89971
89356
89791
89570
88622
89592
89522
89833
89995
89776
90263
88681
89299
89467
89458
90023
90027
90623
89194
90303
90023
89743
90010
89925
90228
88941
89948
90850
89377
89915
90092
90131
90136
89994
91002
88948
89294
89408
89149
89881
89958
90681
89292
89759
89366
89675
89908
90090
90820
89482
89118
90224
90083
89675
89679
90289
89389
90048
89699
89323
89399
89522
90687
89002
89651
88952
90090
90111
90148
88864
89614
90178
88993
89718
89840
89802
89172
89901
90570
89173
89769
90084
89991
89639
89831
90092
88860
89418
89415
88317
89163
89811
90345
89442
89366
89171
89310
89242
90075
90080
89125
89486
90463
88995
89519
89691
90396
88878
89139
88608
89406
89715
90073
90209
89315
90371
89177
89860
89493
89405
89765
89345
89077
88688
89383
90091
88718
89558
89150
88442
88964
90300
89483
89022
89920
89798
89883
90228
89831
89362
89675
90171
89430
89768
90036
89683
89375
89419
90465
89844
89801
89692
89171
89723
89849
90617
89718
89950
90460
90061
89567
89557
89712
90312
90144
90549
89706
89472
90611
89594
90131
90163
89871
89468
90231
88973
89670
89268
88669
89213
89229
89681
88985
89271
89663
89293
89471
90732
90165
90118
89513
90051
88749
89490
90340
90201
89799
89490
90221
89349
89646
89984
90164
89952
89563
89853
89463
89735
90234
90123
89575
89229
90116
89424
89389
89801
89969
89751
90081
90013
89982
89770
89770
89955
89672
89442
89719
89564
89707
90218
89730
89871
89140
89830
90107
89599
89366
89336
89560
88764
89490
89361
90091
89529
89261
89510
88828
89902
90046
89349
88980
89546
90201
89227
89719
89218
89401
90109
90259
89506
88734
89567
89790
89342
89447
89078
90189
89743
89825
90810
89249
89131
89435
90399
89089
89319
89869
90063
89965
89846
90476
89255
89686
90045
89578
89066
89585
90564
89450
89897
90396
90044
89956
89461
89935
89866
89909
90085
89715
89466
89761
89908
90165
89923
89768
89643
89566
89792
90150
90080
89329
89986
89860
89239
89850
89262
89743
88882
89426
89395
89831
90400
89967
90173
89422
90060
90211
90100
90448
89910
90000
89585
89203
89318
89305
89407
89535
89458
89807
90060
90072
89999
89324
89304
89244
90201
89948
89825
88952
89330
89707
89227
89346
89063
89726
89395
89984
89310
89218
89183
89783
90724
89416
88786
89031
90092
89932
89543
89876
89308
90337
89691
89461
89742
90091
89631
89569
90282
89293
89388
89337
89883
89098
89834
90706
89390
89917
89931
89662
89412
89654
90054
89022
89603
90074
90035
89358
89432
90432
89257
90057
90092
89615
89253
89155
90254
89194
89639
89251
90164
89787
89547
88983
89513
89868
88903
89860
90033
89887
90298
90259
90330
89786
89940
89296
89911
90213
89904
90451
90242
90393
89661
90110
89985
89928
89990
89376
90295
89937
89564
89755
90124
89183
89261
90171
89557
89716
89858
90158
89207
89820
90963
89663
89927
89542
89960
89939
90306
88682
89412
89743
89702
90139
89362
89526
88934
89896
89962
88823
89435
89463
89697
89675
89859
90476
89169
89816
90499
89792
89551
89648
90223
89030
89966
89498
89982
89768
89684
89997
89298
89178
89330
90042
89488
89772
89907
89166
89278
89537
89995
89836
89604
90232
89042
88859
89708
89966
89973
89822
89823
89411
89352
89446
89711
89554
89525
89963
90259
89772
90075
89852
89434
88906
89586
89565
89679
89907
89599
89750
88980
89682
89647
89786
89999
89883
90618
89407
89422
89535
89565
89720
89597
90376
89292
89935
89440
89346
89190
89964
90398
89582
89448
89718
90903
90068
89459
89866
89767
89880
89844
89526
89585
89726
90796
89856
89595
89502
90242
89902
89738
90332
88556
89627
89292
89102
89857
89955
90214
89378
89728
90817
89169
89938
89755
89836
89373
89443
90223
88804
89910
89987
89928
89757
89673
89983
88528
89743
90131
89696
89690
89463
89935
88859
90113
90716
89919
89735
89205
89798
88645
89669
90764
89569
89716
89869
89883
88954
89339
90111
88981
89300
89229
89478
88877
89479
90162
88522
89379
89241
89638
89230
88993
89783
88647
89334
89385
89310
90019
89713
90521
88940
89113
89135
89424
89762
89539
90603
88908
89227
90376
89741
89666
89578
89404
88783
89808
90824
89292
89459
89641
89818
89397
89156
90141
89165
89830
89972
89490
89111
89550
90099
89281
89750
89714
89644
89658
89284
89597
88417
89295
89702
88872
89155
89546
89730
89048
89974
90553
89878
89898
89769
89648
88858
89940
91071
89346
89498
89623
89505
89266
90233
90954
89439
89528
89410
89641
89311
90116
90604
89489
90045
89830
89428
89234
89350
89997
89219
89590
91051
90355
90029
89939
90421
89201
90162
90710
89778
89966
89782
90571
89162
89659
90713
89906
89898
89646
89563
89232
89523
90488
89415
89552
89675
90496
89515
89638
90217
89622
89779
89867
88925
89327
89861
89225
89635
89232
89202
89758
89674
89308
89192
89179
89514
89127
89305
89198
90405
89212
89547
90974
89374
89227
89292
90212
89337
89729
88817
89410
89666
89944
89635
90128
90470
89580
89927
89723
89391
88540
89598
89685
88980
89755
89837
89716
89582
89479
89799
89247
90018
89486
89280
89538
89678
90103
88950
89950
89372
89523
89169
89183
89846
89231
90096
89748
89411
89486
89590
89828
89070
89562
89747
88870
89365
89595
89577
89327
89340
89863
88674
89316
89365
89262
89958
89387
90102
89174
89940
90210
90403
90006
89711
89622
89186
89836
89732
89892
89964
89500
89381
89322
89729
90206
89237
89627
89482
89907
90079
89731
89371
89020
89896
89274
89392
89643
89879
90219
89555
89402
89729
90361
89276
90220
90372
89300
89285
89051
90183
89050
89667
88668
89627
89596
89707
89618
89245
89702
88530
89455
89448
90121
89412
89866
90012
88690
89131
89738
89920
89516
90066
89165
89197
89174
89894
89309
89675
90640
89369
89023
89090
89790
89862
90064
90698
89462
89395
90012
90008
89378
89406
90153
89150
89489
89142
89512
89367
89595
90097
88768
89295
90435
89508
89361
89257
90182
89371
89940
88996
89521
89829
89754
89535
89465
90036
88751
89567
90873
89950
89228
89628
90051
89486
89942
89956
89423
90084
89918
90303
89238
89248
91123
90078
89563
89375
90329
89758
90185
90316
89261
89862
90087
89772
89732
89812
88518
89836
89592
89915
89667
90202
90342
89433
89580
89823
89208
89865
89436
89554
89138
89647
90083
89987
90042
90008
90384
88604
89518
89832
90063
89999
89461
90009
88953
89617
89373
89733
89548
89502
89070
89529
90155
89055
89815
89955
90286
89985
89327
90193
88836
89357
89205
89321
89309
89569
89596
88515
88928
89899
88669
89411
89364
89157
88617
89261
90050
88844
89151
89578
90240
89732
89909
89354
89423
89239
89389
89882
89263
89690
89693
89490
89387
89758
89935
89622
89313
89864
89750
90058
89977
89070
89959
88646
89644
89419
89656
89371
89676
90201
88729
89493
89692
89549
89852
89788
90216
88689
89558
90073
88936
89146
89171
89847
88856
89105
89791
88490
89431
89406
89576
89787
89986
90166
89947
89903
89123
89614
89787
89838
90203
89517
89498
88764
90172
90043
89913
90252
89497
89779
88745
90016
90224
90048
90839
89836
89692
89002
89628
89426
88964
89221
89516
90053
89907
90350
89916
89497
90028
89991
90316
90039
90008
90685
89371
89538
89399
89229
89408
89503
89727
88546
89835
89870
90028
89683
89499
89849
88782
89475
89741
90011
89737
89304
89321
89587
89623
89999
88533
89706
90605
89727
89243
89478
89918
89279
89789
88969
89534
89718
89926
90618
89073
89462
89223
89282
89876
89718
90693
89875
89894
90040
89520
89719
89829
89790
89755
90171
90447
90216
89857
89550
89436
89131
89383
90411
89835
89906
88909
89362
89084
89912
90379
90111
89316
88950
89674
89667
90112
90097
89565
89684
88717
89304
89494
89691
90717
90157
90024
89187
90058
89777
89652
89426
89479
89487
88729
89551
89232
88950
89359
89374
89059
89389
89630
90300
89264
89977
89896
89999
89660
89982
90378
89046
89182
89354
90118
89845
90300
90198
88954
89382
90325
90292
90081
89748
90089
89082
90011
90593
89327
89514
89599
90640
89682
89215
90409
90084
89687
89569
89939
89538
89983
90761
89548
89646
89575
89928
89527
89612
88505
89347
89586
88518
89468
89273
89469
88880
89417
89379
88937
89998
90218
89876
88925
89281
89804
88720
89942
90446
89331
88986
89218
90400
89450
89836
90369
89341
89325
89454
90296
89948
89914
90709
89249
89133
89307
89838
89389
89630
89030
89528
89882
89775
89701
89646
90015
89243
90101
89895
89854
89871
90102
90167
89416
89854
89699
88921
89124
89316
89053
89159
89368
90100
89250
90088
89421
89515
88983
89375
90503
89346
89470
89431
89584
89687
89934
90155
88700
89373
90068
90095
89383
89315
90388
89133
90068
89094
89403
89787
90232
90551
88554
89171
90355
89951
89774
89737
90629
89445
89670
90084
89710
89420
89553
90485
89343
89788
89162
90314
90028
89886
89896
89559
90072
88849
89926
90534
90056
89890
89759
90090
88725
89795
89407
90137
90008
88869
89339
89571
90200
89441
89654
90437
88885
89490
89380
89527
89435
89996
90002
89259
89937
91023
89826
90098
90474
89917
89588
89582
89932
89550
89878
90528
89798
89710
90539
89614
89518
89238
89820
89266
89430
89259
90240
89630
89399
90049
89170
89832
89710
89599
89565
89416
88741
89643
90143
89108
89303
89586
90023
89314
89364
90267
89173
89455
89483
89511
89418
89884
90421
89251
89393
89471
89643
89455
89634
90912
89766
89670
90131
89374
89258
89546
90096
89387
89384
90274
89430
89668
91130
89911
89700
89123
89426
89326
89562
90865
90266
90113
88793
89202
89386
89764
90562
89868
89843
88647
89446
89706
90104
89913
89847
89685
88800
89426
89708
89528
90186
90174
90151
89874
90138
90198
89367
89934
89715
90134
89619
89807
90167
89407
89980
89984
89146
89805
90145
90336
89152
89602
89489
88908
89407
89614
90068
88958
90002
90685
89137
89490
89762
90423
89828
89911
90225
88917
89639
89886
89834
89223
89538
90661
89749
89998
89623
89780
90120
90003
90355
89413
89690
90617
89641
89455
89178
89930
89602
89332
90133
89603
89839
89994
89945
89382
89684
90611
89805
89872
90656
89440
89455
89451
89704
89221
89874
89505
89790
89522
89424
89277
89709
90020
89452
89945
89469
89309
89369
90250
89630
89672
89819
88852
88873
89742
89867
90081
89950
89949
89463
88665
89691
89255
89448
89803
89348
89893
88798
89190
89499
89538
89114
89452
89606
88664
89466
89344
89093
89330
89758
89856
89691
90012
90655
89306
89802
89667
89609
89331
89750
90625
89324
89310
89452
89253
89995
91276
89651
89631
89798
90754
89620
89537
89794
89953
90149
89841
89882
88746
89883
90849
89611
89562
89551
90212
89880
89991
91002
89620
89389
89693
89592
89395
89381
89990
89105
89199
89010
88842
89536
89354
90688
89300
89884
89817
89606
89356
89283
90243
89841
89915
90241
89475
89151
88798
89948
89819
89530
90039
89395
89362
88663
89711
89930
89690
89563
89262
89504
88743
89527
89619
89803
90024
89766
90266
89156
89359
89431
89966
89716
89451
89513
89015
89976
90414
89112
89437
90025
89995
89391
89566
89001
89276
89256
89396
90126
89792
90159
90504
89597
89220
89301
89766
89908
89711
89776
89203
89558
89932
90290
89145
89111
89929
89927
89627
88775
89289
89737
89880
90657
89256
89246
88999
89808
90013
89419
89862
89445
89613
89017
89659
89524
90033
90733
89892
89838
89712
90006
90104
89701
89731
89514
89425
89222
90113
90092
89374
89868
89288
90316
89170
89964
90157
90164
89386
89412
90286
89950
89975
90004
89728
89226
89494
90656
89725
89792
90410
89712
89306
89608
90332
88988
89768
90189
90071
89928
90064
90933
89571
89870
90523
90135
89667
89873
90502
90014
89865
90240
88953
89091
89212
89783
90016
89850
89990
90148
90072
89983
89596
89574
89563
90052
89946
89370
89656
89702
89685
89838
89272
89408
89711
89934
89924
89667
89198
89720
89769
89098
88937
89144
89438
89786
89895
89374
88578
88876
89474
89819
89791
89690
90294
88811
89816
89387
89219
89516
89266
89479
88724
89224
90497
89523
90168
89902
90144
89343
89340
90231
88817
89764
89903
90140
89384
89243
89732
89411
89699
91080
89569
89270
89708
89437
89840
89788
89195
89760
89501
89492
89305
89319
89771
89345
89956
89966
90088
89782
90070
90625
89466
89599
89898
89939
90019
89799
90388
89181
90205
90123
89998
89862
89743
89831
88744
89624
90385
89544
90027
90213
89734
89677
89615
90573
89336
90104
90381
89781
89487
89770
90796
88854
89523
89946
90105
89767
89340
89966
89514
89855
90932
88933
89372
89612
90138
90135
89831
90348
89112
89496
89771
90096
89833
90315
91049
89856
90061
91250
90329
90155
89967
90751
89540
89920
89957
89303
88891
89343
90500
89320
89699
90300
89647
89269
89171
90386
89880
89655
90201
88990
89029
89900
90367
89801
89491
90187
88873
89498
89642
89802
90035
90156
90766
89323
89474
89557
89613
89174
89278
89998
89381
89463
89735
89403
89173
88885
90297
89490
89438
89647
89540
89541
89882
89833
89771
89865
90512
89751
89239
88762
89647
89771
89749
90298
89172
89603
88893
89675
89868
89631
90058
89667
89427
89828
89362
89683
89402
89792
90379
88686
89448
89327
90015
89680
89781
89701
88397
89523
89933
89719
90376
90019
89939
88959
89553
89926
89115
89405
89409
89438
89600
89451
90302
89676
90039
90221
90038
89430
89386
90458
89451
90085
90148
90048
89574
89373
90006
89596
90024
90670
89500
89195
89434
89558
90066
89457
90261
89643
89557
89482
89376
89618
89962
90509
89990
89773
88941
90025
89835
89709
90424
89310
89567
89083
89569
89707
89250
89674
89821
90073
89614
89754
90096
90008
89505
88968
89812
89194
89134
89706
90397
89522
88927
89415
89349
89649
89840
89885
89519
88437
89373
89671
89409
89507
89404
90234
89359
89560
89254
89654
89728
89847
90307
88486
89259
89358
89831
89523
89806
89579
88865
89346
89247
89395
89394
89514
89569
89255
89854
89359
88696
89629
89501
89330
88944
89231
89908
89483
89707
89535
89390
88951
89638
90523
89255
89689
89616
89662
89167
89550
90703
89375
89831
89283
89389
89094
90064
90653
89198
90002
89634
89463
89643
89475
89816
89765
89924
90826
89809
89967
90115
90796
90060
89963
90439
89717
89921
89967
89950
89601
89375
90368
89009
89078
90279
89826
90012
90222
89726
89479
89281
90146
89149
89599
89879
89864
89279
89785
90857
89855
89835
89495
89682
89635
90103
89811
89625
89452
89931
89782
89037
89655
89574
89878
89923
90015
89476
89187
89180
89850
90074
90016
89943
90104
89558
90158
89745
89746
89289
89351
89910
90092
89603
89779
90159
89803
89560
89158
89968
89202
89861
90452
89864
89191
89283
89454
89216
90256
88899
89581
89605
89504
89257
89638
90365
89074
89502
89451
89308
89460
89283
90379
89849
89793
90700
89835
89492
89643
89740
88933
89693
89091
89422
89495
89638
90090
89852
89405
90903
89890
89827
88877
89819
90247
89656
89450
89445
89801
89127
90062
89964
89913
89644
89655
89774
89448
89963
89975
89285
89477
89937
89908
89572
89374
89956
89186
89921
89631
89484
89873
89999
90748
89307
89881
89947
89149
89831
90112
90489
89009
89242
90064
89451
89611
89844
90288
89219
90375
89327
89822
89503
89982
89473
89775
89858
88409
89511
89852
90137
89792
89431
89772
88893
89702
89780
89142
89551
89628
90079
88692
89744
90218
90232
89888
89316
89499
88747
89659
90904
89695
89544
89838
89591
88520
89225
89809
88698
89526
89522
89968
89439
89900
90745
89464
89648
89709
89958
89442
89392
89933
88770
89138
89466
88882
89370
89282
90751
89271
90007
90020
89134
89194
89394
90360
89491
89689
90165
89411
89758
89758
89887
89319
89547
90834
89519
89646
90773
89705
89522
90193
90069
88871
89396
89515
89945
89709
89514
90253
89185
89766
90241
89975
90222
89695
90728
89751
89386
89603
89668
89693
89487
90421
89916
89731
90406
90027
90258
89365
89327
89555
90321
89739
89823
90465
89414
89189
89378
90774
89759
90002
90566
88893
89576
89670
90181
90097
90108
90677
88993
89353
90821
89671
89452
89766
90518
90018
90043
89553
89238
90112
90275
88858
90026
90328
89234
90004
90240
89861
89963
90006
90716
90006
89565
89618
88923
89506
89431
89358
89536
89881
90367
89362
89371
88758
89878
90132
89709
89626
89366
89986
89241
89465
89130
89515
90470
89995
89285
89223
89802
89939
89742
89175
88981
90567
89750
89905
89179
89593
89235
89611
90485
89291
89750
89821
89300
89511
89290
90423
89437
89720
90756
90038
89823
89808
90371
89610
89559
89243
89557
89195
89404
90565
89451
89678
89498
89450
89343
89978
90631
89933
89835
89699
89269
89122
89911
90099
89578
89691
89790
89276
89383
89680
89609
89562
90113
90409
90066
90305
89583
90217
89979
89821
90283
90135
90429
89347
89913
90186
90169
90826
90251
89674
89266
89787
89289
89803
89960
90037
90093
89625
89777
89686
89580
89735
89879
90111
89426
89384
89868
89207
90094
89376
89393
89974
90098
90257
88717
89779
90717
89799
89283
89714
89670
89395
89534
90322
88797
89412
89990
89878
89783
89998
90356
88733
89495
89518
89183
89312
89059
89493
88372
88937
89551
89784
89755
90058
90241
88735
89674
89014
89111
89437
89752
90517
88815
89047
89591
89152
89504
89895
89909
88716
89434
90251
89150
89789
89938
90199
89152
89502
90011
89249
89451
89367
89480
89319
89534
90266
89778
89984
89466
90171
90054
89951
90637
89230
89435
89931
89419
89651
90109
90618
89043
89378
89393
89169
89053
90015
89879
89881
89702
88754
89387
89571
90085
90009
90120
89787
88827
89601
89915
89858
89452
89432
90259
89385
89895
89693
90060
89827
90033
89866
88737
89706
90015
90048
89383
89750
90129
88952
89386
90065
89843
90037
89798
90457
89357
90001
89943
89202
89899
90135
90625
89960
89631
89710
89527
89246
89785
90278
89835
89938
89189
89416
89331
89809
90648
89807
89695
88821
89562
89696
89698
90536
89968
89811
88834
89488
89010
89463
90205
89922
90156
89656
89770
89515
89454
89430
89019
89216
89262
89211
88943
89106
89636
89241
89387
89446
89305
89385
89563
89335
89926
90104
89047
90127
89874
89587
89250
89278
89615
88788
89603
90530
88944
89525
89170
89903
89131
89967
90069
89101
89479
89809
89742
88892
89281
90820
89542
89636
89493
89887
89497
89851
90688
88990
89003
89699
90490
89743
90094
90207
88928
89325
89764
89480
89658
89477
90047
89179
89042
90257
89461
89575
89885
90945
89385
89926
89858
89560
89377
89912
91024
89833
89880
89543
89840
89455
90310
90803
90044
89528
89982
89518
89900
89907
90939
90167
89777
90100
89386
89179
89541
89671
89969
89809
89739
89970
89555
90549
89178
89916
90119
89996
89251
89711
90524
89442
89758
89910
89755
89661
90308
90557
88847
88844
89549
88865
89361
89498
90220
88951
89853
89339
89026
89269
90055
90104
89741
89290
88498
89597
89711
89636
89414
89319
89676
89523
89573
89553
89359
89373
89870
89779
88636
89747
89423
89875
89982
89350
89356
88690
89470
90087
89225
89459
89977
90194
89118
89518
89798
88769
89653
90280
88958
89207
89841
90109
89505
89713
90415
88862
89434
90377
88902
89691
89713
90041
89047
89583
90811
89775
89599
89656
89533
89135
89738
90307
89389
89786
90989
89957
89570
89096
90067
88822
89719
89906
89582
89637
89750
90926
89630
90309
88914
90073
89890
89837
89326
89519
90021
88961
89377
89352
89236
89291
89834
90133
88833
90072
89915
89528
89310
89211
90222
89306
89813
89565
88478
89612
90011
90288
88762
89352
90080
89922
89822
89173
89990
89320
89920
90296
88944
89307
89663
90492
88756
88999
89928
89447
89842
89586
90195
89515
89820
90900
89447
89305
89608
90103
89627
89586
90780
89466
90022
89583
89767
89305
89425
90768
89442
89366
89580
89476
89265
89546
90495
89492
89673
90516
89614
89350
89460
90832
89601
89679
89754
89332
89443
89553
90461
89415
90123
90976
89882
89786
90017
89507
89734
89822
90496
88842
89292
89648
89312
89471
89692
90361
89743
89886
89859
90171
89663
90239
90131
90043
90191
89384
89445
89505
90087
90139
90364
90671
89496
89706
89451
90368
90165
89235
90134
89788
89918
90248
89310
89260
89857
90196
89864
89370
90360
89555
90306
90530
89668
89196
90271
90604
89698
89278
89323
89495
89493
89754
90442
89519
89860
90631
89691
89615
89145
90220
89786
90006
90063
89338
89243
89797
89788
89415
88933
89341
89455
89077
89526
90069
89992
88966
89406
89051
89034
89868
89649
90291
88796
89673
89115
89553
89488
89150
89961
89318
89930
89914
89646
89589
89665
90313
89944
89921
89563
89540
89734
90210
88690
89237
90354
89743
89666
89482
90253
89911
90463
90356
89294
89159
89659
90058
89474
89697
90720
89510
89475
89970
89281
89642
89806
89749
89062
89835
89244
89804
90727
89326
89498
89935
90359
88694
89562
90682
89801
89333
89412
89884
90172
90227
88950
89503
89612
89908
90476
90112
90350
88911
89795
89222
89514
89719
89510
89582
89150
89915
89101
88877
89598
90295
90513
89521
89826
90044
88705
89515
89724
90199
89709
89767
90158
88772
89330
89967
90095
89194
89184
90046
88854
89666
89883
89818
89458
89779
89956
88801
89402
89370
89368
89054
89085
89618
88714
89846
89695
89028
89486
89703
89887
89304
89721
89628
88730
89421
89051
89259
89051
89279
89649
89778
89557
89383
90492
89125
89045
89848
89316
89647
89151
89839
89359
89254
90067
89968
90088
89141
89057
89768
89390
89874
89349
89514
89365
89818
89477
89058
89175
89958
90181
89216
89557
89868
89337
90028
89637
89687
88827
89402
89832
88989
89758
89319
89518
89449
89548
90199
89000
89259
89400
89191
89918
90268
90289
89112
89560
90478
89377
90012
90159
90342
89005
89401
90341
89969
89836
90074
90008
89030
89492
90580
89661
90035
89874
89916
89570
89741
90243
89231
89492
89419
88732
89649
89858
90555
89531
90199
90844
89966
89835
89870
90616
89916
89656
90396
89627
89183
89417
90100
89245
89409
90325
89495
90089
90095
89708
89118
89065
90292
89699
89817
90248
89490
89499
89851
89547
89752
89659
89301
89571
90311
88891
89488
90077
89918
89763
89286
89308
89443
89514
89439
89207
89048
89491
89759
90056
89899
89285
89907
89748
89475
89619
89585
89211
88702
89394
89611
89102
89640
89919
89931
89245
89683
90236
88636
89455
89622
89977
89753
89713
89834
88549
89677
89798
90032
88718
89014
89708
89215
90079
90057
89959
89442
89696
89679
89101
89596
90088
89359
89779
89924
90127
89536
90060
89172
89248
89668
89885
89982
89202
89590
90657
89477
89692
89944
90305
89699
90182
90728
89336
89631
89472
89086
89207
89490
90600
89509
90119
89681
89594
89211
89923
90651
89551
89435
90125
89557
89687
89777
90232
88908
89532
90139
89794
89415
89521
90236
89445
89932
89964
89081
89911
89784
90497
89616
89354
90497
88744
88921
89347
89902
89478
89878
90575
89111
89526
89425
89635
89254
89327
90189
88791
89601
91029
89951
89904
89148
90315
88797
89657
89961
89812
89047
89130
90221
89662
89701
89631
89685
89428
89448
90446
89832
90168
89310
89530
89169
89266
89175
89387
90177
88537
89202
89590
89982
89868
90184
90321
89194
89873
90031
89866
89692
89654
90174
88782
89400
89575
89388
89562
89782
89785
89758
89831
89065
90125
89485
89261
89907
89670
90162
89380
89480
89496
89343
89698
89791
89686
89543
89719
89936
89921
89710
89462
89802
90396
90068
89592
89198
89469
89691
89983
90047
89954
89415
88863
89719
90022
90073
90817
90316
90431
89472
90203
90030
89748
90568
90119
90305
89365
89797
89621
89465
89928
89403
90228
89346
89942
90000
89275
89379
89634
90737
89925
89292
89178
89914
89751
90247
89176
89601
89515
89826
89223
89348
90452
89708
90130
90819
89707
89259
89394
89836
89462
89055
90138
89219
89366
89324
89175
89264
89322
90102
89280
89210
89786
89851
90026
89744
90357
89520
89895
89414
89583
89273
89057
90191
89842
90079
89208
89432
89425
89709
90711
89682
89687
89381
89407
89497
89718
89410
89331
89822
89511
89685
89684
32322
32322
32322
32322
32322
32322
32322
32322
32322
32322
32322
32322
32322
32322
32322
32322
32322
32322
32322
32322
32322
32322
32322
32322
32322
