9948
89553
90425
89795
89730
91461
89827
90636
90948
90981
90871
91432
90898
89941
91330
89505
92068
91569
90912
89651
91506
88961
89575
89746
90399
90920
90226
90839
89484
89935
91630
89828
91294
90934
91388
90435
89970
90021
89699
89541
90872
91748
91609
90839
91058
91368
91211
91082
90064
90683
90998
88823
91341
89274
90316
90697
91269
91097
90985
90992
89803
90160
91085
91022
89594
91376
88974
90647
90018
91109
90329
91301
91272
89702
91145
89645
89813
90062
90288
91388
89724
91245
91681
89729
89648
91294
92242
90614
89831
91797
89457
90756
90116
90655
90144
90982
90109
89261
89772
90487
90043
89495
89097
89566
90265
90396
89771
90842
91285
90893
90144
89413
90724
89570
90120
90869
88855
89658
91141
90069
91072
89909
90599
89393
91541
90191
89471
89435
90972
90832
90475
90979
88668
91259
89847
90016
91065
91096
91561
90805
91585
89998
89710
90938
89861
90699
90449
90899
89622
89852
91566
90846
91694
89816
90065
89351
91389
89730
90922
90816
89866
89361
89142
89776
91505
91684
89187
89617
89509
91894
90555
90467
89997
89982
91597
90445
89989
91633
90821
90832
90144
91184
90030
89133
89097
89828
91624
91021
91357
90949
89868
90716
90129
89818
90087
90523
89963
91251
91656
90108
90977
90455
89786
90652
91602
91931
90439
90992
90263
91204
91441
91104
89689
89671
89473
91844
91051
89602
89840
90273
91289
90513
90345
89835
90328
89645
89921
91125
90613
89908
91534
90345
90917
89747
90309
89975
90478
91256
89784
89554
91590
90385
89198
89384
91069
91392
91824
89716
90733
90927
88940
91008
89259
91645
90461
90564
89446
91099
91846
90128
89944
90589
91197
89842
90046
91049
90998
91073
91375
91705
89856
91343
90917
90086
89509
89591
90440
89455
90278
90853
90001
89766
90073
90114
90929
89531
90352
89712
91221
89229
91219
89280
89282
90553
91381
91788
90816
91065
90683
90964
90518
90898
91266
90887
90190
89919
90561
90548
91423
91053
90599
89850
91710
90369
89486
91084
89887
89707
91495
90103
90016
90699
90171
91472
91215
89971
91037
89894
89571
92301
90063
89613
89984
90239
89997
91659
90973
90589
89153
91641
89959
90832
89844
91749
91369
89745
90054
91755
91012
90860
91995
89225
89790
89554
91670
89963
91307
90303
91065
89783
90719
90847
90542
90998
91069
91283
89899
91292
91413
90533
91117
90287
91150
91265
90852
89336
91286
90908
90701
91392
91550
90123
89532
90591
91246
90151
91250
90295
90884
91080
89670
91173
91032
91232
91215
91043
89486
90276
91620
90502
89217
89650
89529
91957
90470
90356
90835
90371
90047
90680
91649
89212
90780
91632
89614
89891
91446
90467
90797
90828
90829
90687
91492
90905
88988
91413
91124
90776
89973
90674
89373
89267
90567
90578
90416
90035
89827
90280
90316
90847
90566
90611
90090
90982
90981
89742
90267
89996
92058
89686
91417
89899
89618
89441
89492
92010
91371
89808
91570
91537
91888
89876
89799
90033
90845
91666
89669
90242
90659
90952
89974
90471
90974
89862
90365
90150
90922
89589
90964
90632
90960
92247
89395
90549
91698
89535
89971
90300
90790
89514
91176
91237
90560
90476
90199
90641
90208
90884
90968
91338
90357
90860
90432
90160
91620
90477
90677
91073
90039
89883
91393
91384
90322
91579
90217
91237
89687
90288
91281
90507
89622
91531
90387
89882
90073
89960
91058
90684
89538
91015
89853
90438
91612
91844
91198
89866
90326
90303
89878
90940
90568
91060
90832
90383
90586
91471
91332
91258
90854
90695
90511
90601
91427
90859
91408
91245
89765
90776
91010
90772
91005
91204
89334
90769
89943
90261
90584
91333
90833
89445
89920
89682
90399
89769
91122
89626
89414
89710
89387
90665
91298
92045
89325
90131
89672
90696
91881
89939
91139
89731
90204
91336
90018
89475
90395
90930
90022
91069
90210
91505
89962
91558
91704
89563
89765
89970
91785
90643
89374
90605
90093
89677
90316
92263
89675
90265
90459
90030
89285
90230
92476
89678
90316
89998
91794
89656
91645
91910
90588
90984
90644
89638
90543
89675
90232
89234
91493
90066
91048
91459
90910
91430
88803
91132
92247
89859
91730
89954
89879
90913
91411
91872
90854
91141
89498
89940
91202
90055
91013
90970
91401
92286
91644
90147
90159
92202
90947
91436
91206
90930
90728
89270
89396
89903
90531
91689
91655
91613
89933
89577
89557
90447
91122
89781
90247
89862
89439
90425
91517
89363
90298
91818
89255
91365
91540
89669
89515
91377
90156
90182
89173
89373
91806
89263
90802
91394
90561
91096
90742
90423
90087
89496
91273
89480
89724
90713
90134
91532
91533
89976
90846
91242
90119
89791
90171
90961
90377
90419
90918
90976
90776
90880
89238
89611
89374
89761
90486
90403
89451
91114
91259
89380
90167
90505
90075
90216
89672
89586
89537
89583
90891
89753
91099
90371
91555
90783
91445
91698
89787
91187
90594
90243
90939
89822
89834
90738
91520
89979
91089
91902
89644
91343
89401
90268
89763
90228
90176
91294
90106
91457
91080
90678
91310
92263
89515
91685
90865
89581
90558
90994
92565
90994
91427
91698
91308
90251
89534
89874
91287
90326
91119
88951
89799
91027
91139
90604
91327
90555
91213
89874
89504
90774
90564
89400
90480
90081
90507
89516
89754
90119
90984
90879
90279
91055
90424
90556
91273
91748
90133
91521
90152
92001
90367
90656
91260
90246
91458
90709
91385
91153
89296
89831
90190
91699
90881
89859
89318
89866
89455
90404
91089
91059
90917
91160
91673
91730
89511
90022
89856
89758
91661
91410
89831
91610
91653
89833
89911
92344
90141
91315
91423
89862
89453
90226
91799
91226
91453
90195
90542
91125
91428
90312
91305
91065
90673
91544
90344
90590
89291
89602
91634
91459
89550
90292
91599
91192
89830
90576
90863
90895
91448
90264
89611
90742
89878
90876
91624
90142
91389
91701
90392
90248
89884
89361
91011
92090
89855
91206
90936
89154
91255
90451
88939
89559
90840
90167
89946
91419
91551
90304
89638
90603
89608
90585
90597
92065
91454
89742
90637
91309
90374
89568
90950
91503
91124
89163
90020
91383
89756
90129
90203
89723
90246
91226
91329
90321
90174
91195
90233
89271
90729
90102
90100
90283
89330
90834
89793
90799
89529
88775
89736
89127
90560
91322
90383
91307
90542
89427
91173
90240
90506
91621
91665
89724
91360
91552
90596
89792
91319
91586
90672
89906
90289
90252
91133
90445
90845
90037
90263
89606
90521
90403
90733
90036
89550
90777
90662
90533
90976
92255
91009
89703
91041
90902
90064
90098
90205
91428
90892
89791
91633
89551
90363
90907
90306
91072
89325
90894
90695
90200
90954
89674
91320
88840
91094
90567
90095
89673
91149
89660
89092
91497
90581
91269
89988
89745
89228
89986
91775
89964
90661
91339
89382
89736
89531
89331
90132
90337
90712
91631
89176
90442
91593
91377
89779
90373
89835
89328
91329
90201
90453
90251
90255
91988
90751
90509
90644
90967
91199
91045
89987
89872
91361
91721
91446
91119
89483
91494
89660
91407
89349
91407
89594
89719
91394
89467
89574
91519
90651
91710
89195
91228
90965
91646
91955
91053
89423
89165
91530
89699
89592
91271
89649
91762
90684
90521
89185
89831
89126
90738
90047
90025
90976
89611
90885
91296
91772
89781
90547
91185
91243
91515
89459
91813
90516
90208
89643
91083
90244
91561
89872
90598
91291
89527
91517
90827
90697
91428
89142
91272
89994
90820
91530
90511
90218
90189
91722
91202
90711
91530
90229
91250
90590
90892
90955
90449
90429
91684
89613
91086
91063
90267
90781
91300
90449
89436
89631
90231
90634
90776
91128
92109
90496
90140
91817
89627
90752
89478
91966
90760
89734
91295
90629
91408
89937
89422
89663
90473
91789
91040
89566
91821
91657
89957
91228
91362
89585
90809
91937
90161
91141
89846
89762
90612
91390
90472
89761
89883
89917
90630
91144
91204
90685
89540
89300
89727
91364
90057
90784
90267
89738
89267
89623
89575
90303
90929
89604
91596
90724
91198
89486
89923
89009
89976
90962
89250
90899
91197
90506
88947
90391
91461
89728
88959
89686
90324
89554
91312
91225
89607
91392
90475
90079
91486
90113
89875
90276
91287
91415
91104
89458
90848
90652
91102
91210
89085
90635
91923
89475
90599
90132
91380
90155
91318
91279
91114
89543
89488
90875
89930
91365
90350
90131
91361
90192
91073
89746
91268
90196
89724
90723
89393
91732
90481
89640
90754
90908
90983
90992
89916
90952
91444
89486
89450
91636
91202
89667
89827
91708
89415
89860
90537
91086
91054
91112
89577
91298
91729
90670
90437
91621
90628
90198
90855
91578
92145
89450
91074
89909
89757
91819
90436
90463
91198
89795
90201
91314
89874
90183
90335
90068
89993
89463
89808
90463
91144
90111
90297
91342
90181
91123
90240
91461
90418
90441
90894
90833
91200
91094
91294
91719
90777
90944
91367
89967
91468
90416
90407
91376
90718
89753
90751
89828
89858
90065
90075
89610
89824
91395
89939
89615
90828
89722
89449
89693
89953
90639
89840
91210
90629
90133
90994
90785
89395
91383
89566
89643
90123
90492
91406
89268
91666
90696
90416
90563
89547
91262
88992
89265
91382
90489
90987
89297
90150
90596
91072
91595
90769
89619
89359
90847
89340
90046
91517
91156
90251
89595
91615
89559
91556
90633
90405
89164
89583
89653
91746
91602
91794
90477
90381
91664
90977
90635
91741
90450
89540
91252
91688
90848
90032
90611
91158
91275
91054
90732
91676
89711
92031
91421
90878
90526
91063
89722
91268
90514
89584
89156
90740
91565
89859
90012
90687
89797
89448
90922
89713
91646
90232
90248
90533
89940
89614
91621
90552
89646
90612
91574
90621
90970
91026
89654
90480
91260
90676
90434
91310
89707
90035
90242
91619
89438
90147
90409
89744
90627
90908
90357
91409
90428
90316
91542
89420
89211
89316
89194
89486
91476
89856
90337
89956
89830
89972
90673
89931
90267
90607
91255
89880
89414
89552
91365
91548
91392
90648
91044
89391
90962
90275
90384
90818
90408
89591
89887
89962
89663
89240
89611
91534
91627
89535
89795
89895
91523
90295
91244
90057
90393
89580
89787
89855
89815
91432
89679
91794
89626
89724
91045
89966
91726
89900
90494
90544
89463
90153
90996
91454
89912
91594
90609
91141
91708
91150
91213
89410
90035
89146
90931
89639
89474
91200
89750
91969
90783
89498
90098
89957
90237
90672
91345
90833
91078
91286
89792
90988
90468
89893
91246
90016
90190
90599
90815
90778
91606
91966
90883
89338
91473
89738
91703
90957
91896
89516
89830
91951
91345
91225
90817
91070
89194
89578
91304
90595
91701
89726
90630
90049
89400
90749
90051
89638
91322
90077
89504
91181
91502
91135
90655
90881
90799
89963
89730
91440
89850
89955
91607
91001
89867
89489
91442
89782
91087
91214
90539
90517
88845
89375
89406
90789
89843
90104
91330
88975
89671
90792
89507
90387
90719
90852
90007
91137
91415
89486
89770
91103
90693
90323
90676
89888
90913
91403
90449
89311
89812
90550
90248
90129
89053
89761
89078
89400
90475
91427
92052
90825
91605
90013
89975
91875
89633
91384
90029
90506
90977
89995
91497
90314
91200
90769
90083
90719
90676
89780
89448
90905
89415
91013
90076
90595
91711
89972
89407
90108
90740
91605
89797
90587
91312
90517
90160
91464
90996
89539
90823
91463
90745
89955
90167
90929
90121
90456
90552
90094
89585
90314
91414
90936
89818
90887
91039
91209
89519
90079
90222
91921
90925
91758
91472
89679
90376
89717
89955
90376
90777
91931
91591
91093
90542
89883
89827
91263
90793
91046
89726
91424
92096
89951
89914
91540
90855
89451
90881
91804
89786
91796
89547
90681
89521
89832
91289
89553
91391
89449
90786
89379
89360
90839
90231
90007
89562
91177
91155
89198
90372
90714
91116
91309
91258
89783
90111
90833
89765
89513
92151
91474
90493
90059
91086
89627
90917
90425
89729
90005
90941
89268
90412
89374
91282
90893
91524
89944
91484
90098
90918
89884
89186
89432
90265
90468
91241
89670
91657
89719
90557
90132
91305
91978
90075
91143
89984
90497
91337
89739
91047
89455
89385
90386
91375
91573
90986
90393
89859
91128
90233
89729
91363
90511
91808
90103
89924
91463
90671
91719
90356
89402
91623
90336
91617
91156
89580
91457
89735
91132
90948
91460
90654
89943
90525
89773
90591
91322
91420
91575
90266
92386
90737
90864
92530
91368
90311
90564
92476
91004
89959
89192
90776
89832
91013
90033
90797
90667
91009
91690
90018
90520
90435
91121
90376
90014
89627
91154
90592
90833
90862
89037
91192
90825
91453
90292
89689
90889
90258
89413
91397
89561
89558
90344
90988
89378
89882
89984
90796
89462
89302
90283
90681
90155
89652
89602
91096
90640
91188
91337
89582
91458
89904
90042
91120
91617
89452
89509
89396
89564
90878
90181
90212
89758
91430
89067
91283
90868
91462
90614
89022
90619
91065
90794
91394
89515
91094
90058
90065
91028
91080
90075
89944
90782
91217
90172
90788
91097
90569
89563
91242
90070
92026
89911
89721
90325
91279
91516
91333
92063
90849
90804
91431
91323
90980
90004
91709
90981
90332
92006
91422
91370
89419
91873
90035
91505
90617
89900
89758
90397
90063
89576
90798
90726
91546
91405
91410
91035
89686
91125
90794
89427
91110
89832
91860
91838
91128
90618
90513
89582
89456
89750
89768
90716
91124
89893
90492
90621
91270
90240
89609
90615
89421
90653
90749
89819
90365
92361
91226
91368
90391
90835
90912
91825
90956
89839
92253
91337
90505
91329
91285
89369
89754
90648
89449
90929
90748
91393
90464
90429
90285
91010
90613
90027
90594
91141
89427
90302
89057
91793
89693
90900
90186
90759
91494
89113
90204
90680
89315
90457
90099
91575
90178
89589
90456
90931
89585
90329
90413
90660
90155
91847
91134
89889
90524
91226
89105
89289
91960
89090
90989
91570
91073
90180
90255
90704
89413
89594
89947
91706
90083
91362
90936
90627
89406
91528
90302
89066
91168
90882
91512
91283
91311
90571
89446
89148
89399
89341
89519
91472
89805
89530
91572
91220
91529
89685
92239
89227
89312
89746
90276
90199
91421
91648
90876
91170
89737
90940
90355
89382
92079
90747
91363
89653
91369
90107
90817
90456
89390
90836
90587
91153
90836
89902
90364
90850
90112
91120
90720
89890
89846
89678
90472
90789
90872
89684
90217
91426
91247
90167
90988
90156
90819
89887
91437
90473
89881
91689
90923
88629
91074
91528
91367
89787
90172
91067
90919
90559
91474
90416
91286
91763
91256
90871
89695
90198
90667
90815
90247
90516
90775
90089
90272
90952
90392
89387
89099
91426
89811
91153
89554
89687
90828
89755
90584
89698
90911
91453
89629
89241
90297
91097
90340
90633
91466
90920
90612
91113
91202
91908
91233
90158
91662
90023
89651
90982
90291
89728
89220
89763
90617
91789
90301
91308
89740
91156
90949
89620
91911
90779
91657
90817
91386
90990
91561
91226
89617
91366
90323
90867
89572
90483
90103
89306
91243
90184
90337
90383
89832
90833
89009
89979
90648
91168
89572
91221
90844
89869
89658
89437
90414
89675
91447
90039
90437
90795
90993
89792
91017
91193
91227
89481
90005
89319
90513
90648
91305
90050
90803
91366
89902
91682
89283
89382
89303
90120
91287
89983
91207
90609
89859
89532
89736
90980
91045
90303
89749
89638
91244
90840
89362
90328
91601
90896
91478
90428
90254
90495
90665
90321
89443
91029
89332
90770
90358
90718
91378
89871
90553
90528
91278
90559
90623
91084
91455
90956
89923
90145
89211
91546
89810
91161
91536
90317
90898
90961
91428
91113
90112
91523
89748
91584
89862
90799
91212
89794
89443
90488
90198
89867
91212
89459
89777
89872
90623
90401
90436
90963
89562
90483
90645
91108
89228
89418
90783
90941
91353
89716
90251
90069
90300
90270
90826
90024
91798
90587
90673
89678
89486
89711
91221
89528
89643
91563
91389
90028
91628
89834
91337
89293
91383
91149
91422
90219
90278
89776
90704
90918
89677
91420
91028
89674
91296
90852
90857
90967
90629
89670
89946
90204
89950
91724
91670
90475
91408
89633
89826
90766
90567
91572
91028
89833
91171
90977
91171
89658
90388
89178
91151
91264
91697
91558
91192
91745
90073
91446
90195
90468
89845
90766
89731
90797
90025
89605
89750
91313
89612
90077
89771
90988
89037
90938
90998
89964
91599
91082
90812
89926
89684
90964
89427
90133
92085
91648
89637
89577
90617
89651
91742
91175
89121
89608
90991
91317
89599
91705
90395
89615
90003
89862
91239
91065
90240
91517
90562
90695
90208
91888
91589
91454
90385
90642
89659
89881
90268
91127
91441
91816
89283
91163
89700
90470
89723
90728
91260
90682
89207
89726
90107
90667
89009
89454
90620
91553
90716
91019
91823
88935
91129
90127
90440
89435
91530
90302
91700
90504
90459
90094
91059
89643
90159
90140
89501
89972
90431
91300
90029
89389
90048
89387
90448
91413
91333
90304
90844
90016
91682
92143
90877
90022
90515
90965
91118
90307
89901
90399
91394
89483
91713
89707
89542
91796
91439
91628
89536
91448
90700
91167
90872
91843
90373
90687
91266
89818
90794
90206
91282
90513
91795
91243
91586
89145
91081
90486
91125
89593
89507
89977
89375
91649
89752
89831
91336
90396
90737
89652
89354
90990
91273
90859
89851
91931
89535
90849
92331
91338
91177
91364
90924
91179
91408
90190
91777
89852
91246
89664
89856
90026
89590
89918
90880
91191
91353
91534
89875
90032
89556
89997
92205
91404
89368
91276
90833
89360
90629
90778
90892
89412
89725
91739
89982
90392
92243
90964
91119
90245
90942
89223
89786
91451
89618
91388
91288
89729
89209
89030
90115
89926
90110
90921
90524
90538
90773
91522
91177
89531
89625
89863
91148
90804
90601
90496
90073
90955
90255
89357
90715
90250
91053
90595
89832
90384
91176
90503
89137
90764
90557
90713
90061
90226
90081
90977
89066
91641
90761
89989
90141
90958
90665
90555
89748
91198
90473
89658
90966
90856
91126
91297
89737
90634
91108
91013
91872
90619
91049
91235
89474
89783
89655
91582
89529
91642
91723
89769
91796
90911
90425
90760
90693
90303
89531
90501
91302
90118
89927
90390
89804
89574
90034
91329
91865
90301
91176
89892
91419
90212
92083
91286
89499
90484
90427
89569
90717
89608
89221
89722
92313
91334
89555
90843
89840
89568
90692
90265
90787
91934
90520
89739
90976
90717
89559
89353
90689
90888
91120
91044
89579
91017
90825
92014
90300
89311
91917
89662
89816
89344
89879
90121
91568
91732
89931
90195
90966
90829
91106
90489
91331
91236
89816
91185
89866
91089
89262
90192
89207
90554
89583
91261
90813
91390
90704
91047
89784
91204
89970
91269
88842
89293
89723
89502
91564
90049
90136
89660
89610
91404
90884
89657
90271
90379
91184
89951
90163
90872
91655
91648
91526
89955
89958
90179
89446
89657
89546
91766
90081
90099
92015
90154
91606
90251
91102
89657
90279
90961
90480
90446
91379
89663
91694
91474
89306
90299
91061
90568
91411
90676
90518
89243
90189
90288
91340
90338
89148
91674
90047
90187
90244
89424
91082
89705
91545
89000
90067
92105
90185
90994
91600
91324
89741
89767
92184
89005
90652
91461
92007
90355
90078
91021
90894
90996
91505
90434
91246
91438
90822
90172
91496
91453
89819
90266
89311
90132
90010
91130
91897
90698
91357
89859
91887
90957
90629
89401
90997
91536
90935
89928
90536
90432
90476
90847
91555
89489
91329
90348
89909
90544
89954
91355
91430
89996
91646
90557
89919
90320
90628
89643
91053
89381
89553
89053
89309
91611
90424
90555
92042
90832
91246
90191
91447
89477
89431
91128
89651
90714
89742
89564
91006
91699
90792
91406
90220
89978
90690
90322
90533
90614
90366
90413
91869
89871
90990
91236
89632
90015
89375
90262
90962
91377
91694
89717
91371
90327
91668
90435
91216
90768
89436
90366
90914
91417
89962
89507
91357
89932
90566
89618
90058
91002
91077
89937
91008
91326
91287
90719
90112
91099
91598
90954
91251
89503
90562
90095
90285
90419
91453
89898
91300
91253
89666
92142
90716
89587
91089
90288
91469
91184
91049
91174
89559
91218
91360
92301
89808
90131
92295
90684
90196
91161
90513
90025
90060
90988
90411
89764
90029
90255
91221
89869
90692
91465
89867
90220
90655
89656
90296
90376
91049
90680
90980
90284
90820
91213
90352
89635
91606
91126
90070
90501
90628
91229
91137
91522
91285
90480
91242
90873
90431
91440
91699
90771
90316
91035
89677
91433
91206
90408
89683
90463
89647
90596
91041
90364
89282
89469
91401
90287
89858
90241
90743
91463
89347
91155
89520
90449
89536
90247
90992
90791
90276
90259
90253
90845
91787
90930
90267
90408
90016
90248
89456
90536
89799
90354
89775
90685
91118
91021
91563
89522
90002
90181
90339
91201
91503
89594
91553
89724
91530
90520
90771
89998
90809
90177
90713
90171
90531
91569
89836
90108
90207
89449
91424
89715
91639
89304
91129
90945
90514
89448
90376
91832
90995
91509
89694
89475
91221
91190
90060
90212
90307
91276
89798
90733
89679
91453
89967
89643
90225
90645
91006
91388
91192
90736
90338
91804
90025
89458
91019
90140
91420
91756
89922
90140
89789
91108
90352
91090
90173
91241
89829
89595
90098
89897
89368
91545
90463
91080
90740
89558
90569
91390
91690
91312
91235
91306
90329
91420
90168
91215
91939
89952
90998
91321
91226
90843
90064
90204
89168
90441
90078
91114
89669
92031
91621
89919
90421
90621
90353
91308
89794
90791
90930
92038
90142
91216
90307
89460
90236
90183
91097
89006
90985
89518
89840
91161
89678
90119
91211
90783
89766
90105
89964
90268
90330
90149
91046
90977
89984
90179
90548
90057
90172
89752
89780
89712
91194
91185
90136
90271
91305
89446
89687
90414
88840
90566
90459
89309
90549
90329
91546
89713
90940
89940
90990
89545
89851
89414
91116
91038
90764
89295
90826
90221
89752
90743
89790
90769
89420
91293
90008
90685
90465
90714
89835
90429
90954
89870
89873
90492
91614
90251
90718
90818
91214
90371
90110
91686
91920
89646
89808
90256
89805
91387
90070
90574
89359
89846
90196
90488
90890
90656
90564
90640
90569
90065
89838
91260
90824
90653
91400
90683
91244
89081
91153
89639
89816
89970
90841
91313
89159
91682
91071
89706
90302
90600
91773
89806
89863
89879
91260
90083
90428
91617
90609
90726
90082
91056
90989
89526
89978
91027
91079
89989
89851
89581
89928
90340
89215
89311
90671
89010
89598
89077
90413
91115
91523
91454
90095
91381
90699
90639
91278
90796
91789
90664
90525
90106
91189
89506
90637
88970
90911
90925
89964
90120
89344
91239
91050
91618
89976
91460
90957
91170
90047
89766
91178
89088
90290
90022
90272
91206
90280
89918
89877
91388
90140
89084
91191
89958
89376
90180
91193
90192
91060
89635
89726
90121
89470
91251
90693
89879
89738
89942
89594
89859
90648
89868
90897
91815
90777
89650
90326
89880
89816
90618
90497
91125
91267
90212
89938
91397
90259
90565
90950
91323
90142
89514
90339
91273
89335
89944
91284
89481
90994
91113
90446
91081
89385
91714
90475
91340
91260
91481
90908
90019
90031
90817
90932
90885
89503
91342
91631
90562
90599
89780
90065
91057
91237
91302
90133
89518
90429
89358
90734
90383
90677
90965
91374
90291
90631
89157
90335
89908
90935
91199
89759
91212
90187
90993
89829
89877
90319
90252
89286
89610
91871
89868
89206
89780
90794
90160
89998
89704
91300
91727
90420
89990
90663
90569
90309
89034
90323
91453
89606
89827
90524
90366
90257
90681
90344
91449
90241
90251
89591
89866
90415
90545
90529
91470
91147
89404
89499
90448
89232
89495
91525
90677
90708
90071
89805
90737
91726
90461
91553
90010
90654
90013
91858
91381
90093
90819
91090
89913
89086
89341
89935
91071
91157
90392
91523
89188
91080
89502
90496
90024
89602
89442
89216
90248
90194
89730
89711
90276
91632
91061
90920
90066
90435
91095
90829
90699
89970
89869
90249
91298
91306
90936
89402
90540
89496
90323
90642
91368
91205
90379
91125
91729
91785
90383
90444
90881
91663
90192
90391
89828
90679
90142
91243
90637
91379
90155
90644
89813
90263
91232
89808
89889
90278
91396
90147
90998
90219
91207
91666
91025
90739
89598
91144
90037
90140
91141
91192
90798
89697
91552
90898
90311
89952
90361
89477
91111
91365
89144
90854
90265
88945
89487
91024
90738
89635
90963
90667
90074
89750
91351
88904
90917
89331
91099
91061
91007
90011
90761
89343
89583
91222
91479
90049
89909
89249
89730
91345
90462
89275
90581
91159
91254
89755
89015
89955
89896
90881
89410
89548
90900
90875
90388
90697
89517
91141
89698
90200
89273
89630
91635
90283
90322
91522
90150
91238
89627
90714
91006
90861
90066
89840
88818
90417
91945
91363
91437
91094
91630
90944
90706
89544
90922
91619
89699
90729
89671
89543
89703
89718
89816
91636
90293
91626
90302
91165
89778
91421
90301
91922
90599
90954
90448
90712
90319
91159
91251
90758
91258
90546
89441
89341
89890
91397
90479
90933
89823
90029
92069
90555
91506
90672
91339
89507
90291
92156
91280
90976
90519
89802
90435
90642
92361
89319
91048
90622
90168
90910
91376
91790
90057
91456
91773
89766
89902
90391
90080
90472
90673
89382
91258
91084
91636
91534
89324
89918
89914
91253
90339
90379
89789
89884
90921
89795
89547
89955
91428
90628
91125
90038
89950
91034
90693
91593
91674
90853
90991
89100
91242
89523
91645
90023
91090
90386
88820
89755
90482
91151
90275
89636
89653
89225
90883
89831
89733
91013
90349
89583
90592
89886
89538
89602
89993
89307
89965
91197
90532
89774
91424
90990
89469
90047
89728
90838
91169
91473
90324
89402
91356
89522
91310
90664
89733
91992
90960
89891
90717
89915
89810
89731
91339
90723
91478
91415
89794
91297
90076
92091
89536
89408
89487
90987
90400
89489
90676
89407
91234
89951
90625
90136
90149
90168
90062
90758
89846
90784
90097
89654
89260
91185
91511
90214
91295
90544
90718
91462
90944
90707
89870
89378
90192
90131
91061
90699
90307
91163
90143
89581
89900
91088
90505
91059
89894
90700
89936
91301
89764
90262
90347
89389
92037
89810
89789
90299
91657
91214
89372
90345
89474
90644
91385
91608
91176
90335
91601
89827
89619
89651
90554
90663
89543
90316
91608
91376
90681
91761
89860
91300
91807
90834
90493
88986
89804
90021
89716
91725
90226
91131
89630
89558
89827
90417
90326
91276
89400
90536
89422
91630
90177
89293
90096
90261
89237
91250
90199
89463
89534
91080
91218
90876
90031
91286
89639
89698
89839
91114
89883
90709
90367
89189
90926
91093
90046
91423
90929
91737
91148
91079
89379
90476
90225
91556
91982
90345
89147
90195
89632
90260
91197
90078
91566
90523
90166
90720
90872
91570
91040
90836
89811
91633
90881
90207
89862
91237
89402
89199
91389
89128
89720
90424
91718
91321
91587
92000
89806
90970
92205
89589
90705
91229
91669
91456
90184
91451
91342
90256
90726
90026
91372
89908
91517
89262
89918
90802
90909
90923
89778
90376
90783
91118
89669
90836
91741
89278
90813
89748
91468
91390
91108
91476
89253
90287
91690
89922
89446
89431
89931
91145
90985
91148
89436
91293
90225
91191
91040
90309
90337
90965
90515
90869
90409
90650
90241
91440
90270
90324
89726
91109
90607
90260
90517
89369
91386
91412
91382
91231
89786
90992
89671
90419
91580
90040
90774
91114
89366
90846
90362
90024
90252
89431
89975
91260
90863
90863
91861
89866
91281
89371
90345
90618
89258
90160
90839
90216
89655
89803
89377
89811
91485
89749
91253
90602
90892
90226
89736
91629
89231
91032
90213
89436
89352
90947
91571
89910
90139
91479
90343
89372
90034
90292
89935
89703
91518
90486
89692
91419
91440
91017
91386
91476
90948
90064
89429
90072
89849
89525
91134
91736
90752
89963
90212
89618
91545
89714
89867
91656
90123
89585
90931
91479
89475
90596
89455
90157
90129
89746
91549
89260
89946
90847
91151
91421
91268
90098
90897
91318
90391
91424
91537
90935
90013
88864
90521
90808
90613
89727
91566
91232
89404
90178
90403
90878
89863
90573
90200
91311
89647
90330
89186
89269
89674
91321
91592
90367
91129
90756
91526
90583
91612
91438
89977
90991
91694
91000
90997
89781
89455
91011
90784
90800
90364
89565
91289
90710
91013
91598
89879
90811
89573
91081
90326
91313
91350
89120
89701
90864
90344
90725
91013
90392
90079
91153
88999
90552
91223
90026
89506
89706
90194
90784
90964
90703
91212
89846
90192
90199
89699
90813
89746
90530
90459
89366
91620
90531
89406
91392
90028
91049
90374
90308
89687
90051
90262
89715
90713
91101
91210
90044
90694
89035
89427
89781
89980
89960
91577
89821
90797
91159
91289
90759
90300
91468
91016
89311
90117
91059
91324
91032
90087
91165
90910
89754
91444
90936
90167
91004
92131
91594
91025
89743
90091
89811
90941
91002
90271
91477
91241
89801
90840
89368
90171
89982
89518
89481
90707
90516
89984
90442
90056
89907
91642
90595
91705
89952
89491
90503
90024
89624
90398
90230
90383
89839
91336
91178
90432
90319
91058
89488
91263
90740
91533
90137
89712
90602
88837
89709
90419
90018
91081
89401
91603
89546
89907
89309
90839
90013
91289
91394
91635
91412
91683
91896
91164
89381
90727
90764
91053
90411
91449
91195
90424
90368
89613
91733
90788
90070
89370
91211
90528
89605
90100
89658
89777
91030
90899
91955
90847
90958
89987
89958
91325
91040
90835
90842
91037
90544
90617
89545
90466
89925
90960
90297
90811
90982
90855
90116
90513
90786
89542
91182
89507
89994
90152
90182
90622
90653
89882
89191
90095
91130
89682
89657
91257
89309
90829
90680
90656
90891
91065
91286
90359
90459
90032
91397
91441
89750
89898
91311
90655
90884
91449
90820
89217
89807
91025
89119
90190
92321
91572
91687
91548
90176
90215
91525
90616
90135
90624
91331
90240
90103
91646
90103
90996
89564
91693
90828
89931
90911
90313
91180
91057
91513
91088
91130
90952
90994
90091
90349
91488
90307
91257
91613
91694
90091
90521
89920
91281
90104
90048
91872
91564
90894
91029
90220
91457
90420
90686
91566
90667
91873
89655
89138
91152
90365
91363
91009
90516
90933
90180
90160
89720
89498
89002
89844
90515
89455
90327
90740
89627
88794
91000
89406
89598
89650
90702
92066
91204
90731
90631
91216
89732
90233
90099
90896
90695
89246
89678
89363
91497
90365
90400
91407
90690
91006
90676
90477
91068
91495
90588
89695
90625
89988
90677
91435
89373
89819
91725
90050
91742
91353
91132
90561
90219
91173
89128
91026
91551
89631
90424
90847
89750
91736
89716
90371
89887
90690
89698
90160
90753
90012
89820
89730
91250
89922
90105
89970
90606
90988
89781
90412
90059
90088
90011
91758
90180
91734
91571
91622
90220
89584
90644
91907
91134
89655
91286
91559
89962
89821
90858
90129
90405
89912
91316
91497
90727
91019
89260
91244
90723
91345
90953
91358
91680
91356
90005
89628
91009
89224
90157
91639
89573
90561
90396
90927
90142
91010
91244
89868
91117
90408
89471
89347
89496
90736
89995
90220
91737
89410
89357
90015
90839
91003
90708
90013
89550
91034
89639
91012
91122
89790
89359
89754
90961
90115
89902
91594
89813
91035
90092
90311
91393
90125
90955
90892
89751
90035
91513
89136
90495
91141
90368
91009
89793
91553
89912
91368
91234
90836
91436
90581
91340
88813
89445
89916
89553
91054
89742
91876
91065
89411
91414
89286
91009
91237
91698
89575
89491
90840
89515
91189
90696
89463
91411
90315
91153
89128
91335
92231
90098
91007
89766
90155
90945
90715
90938
91065
90192
90043
90095
91001
89226
91517
91409
90826
90711
91313
91617
90516
90355
91029
91141
90407
90027
91946
90574
90367
89650
91239
91514
90881
91426
90374
91173
91271
91042
89805
91845
90182
89850
92008
89382
90335
89916
91849
89698
89700
91174
90891
89565
90356
89989
91464
91374
91352
90035
90445
91140
90555
89908
89033
91045
90251
89967
89794
91535
91264
90005
91142
89761
89377
89341
90879
90082
90046
90660
91199
90607
89828
90554
91429
90643
90387
90426
89316
90964
90195
91096
91148
89431
91475
89574
90865
91296
90242
89871
91113
91633
90615
89455
91546
89967
89604
91172
90712
90959
89808
90446
90295
90387
89410
91224
90812
91176
89611
90319
91569
89992
89839
91346
89761
90791
91456
89629
89634
89960
90978
91701
89967
91511
91430
90534
91100
90179
90623
89558
90683
91574
90929
91307
89840
91873
89626
90588
90396
90151
89707
91760
90086
91502
90571
89555
89874
89821
91251
90107
90213
91225
91593
91394
91395
91127
90095
90657
91004
90094
90567
91382
91643
91768
90063
90986
90221
89447
89184
91266
91282
89948
91830
90713
89288
90112
89510
91129
90346
90864
89006
90067
90310
90411
91224
90147
90809
89838
91238
89958
91450
89646
90377
90351
90817
89304
89253
90091
91384
90054
91051
90949
90721
89423
90489
90928
91079
91715
89797
90653
90413
91232
89926
90102
92085
89746
90841
89871
89879
90048
91598
90916
90303
90372
89628
89488
90204
90653
91111
89225
90622
89106
91456
90886
91043
90142
91253
90695
91514
89155
90848
89058
91088
90977
90537
90504
90467
90540
90710
89758
89454
89556
91816
91577
91851
90317
90367
90579
89515
89546
89714
90936
90812
90012
91541
90965
89482
91048
90837
90365
90444
89709
89166
90748
91406
89823
89845
89339
91194
89130
91225
89467
89994
90062
89854
90597
89403
91573
89808
89790
89904
91094
90798
89997
90463
90695
89461
89214
89799
91900
90325
89902
90181
91375
91385
90457
89673
89374
91494
92239
91307
89462
90806
89998
91250
90198
90221
90720
90599
91404
90071
89983
89984
91730
91582
91889
91047
90254
90498
90095
91388
90162
91507
91344
91358
89664
91157
91021
91022
89882
91660
91318
91392
90891
89914
89233
91673
91461
90359
89916
88934
91346
89262
90761
91602
89899
90709
89450
91382
89658
91308
92082
91101
90635
89890
90831
91279
91114
90788
90033
89237
91115
89974
90794
90688
90220
89470
91076
91581
89622
90213
90857
91606
88761
90927
91021
89790
91202
89885
89787
90889
89702
90533
91394
91442
90552
89957
91175
90038
92141
91503
90596
90813
91805
89647
89823
91918
90209
91106
89471
89845
91337
89942
90757
89494
90783
90390
90368
90986
89335
90180
90659
91120
89715
89894
89731
91021
90692
91169
91379
90158
91284
89819
91547
90410
90607
91410
90972
90957
90107
91088
90115
89781
91114
91282
90891
90829
90945
89558
89633
91368
91235
90463
91114
91685
89893
89756
91221
90765
90192
90641
89788
89891
90995
90944
91158
89773
88962
89497
91261
89931
89635
91032
89042
89809
89239
90033
89306
90055
89540
90879
90942
91284
89634
90317
89877
90168
91837
89536
89557
90424
90651
91342
90644
90783
89975
89944
89724
90899
89655
90059
91527
91460
90349
89928
90616
89285
89867
91047
90781
89285
90992
90961
91090
91217
89719
89715
90684
90108
90468
90046
89444
91295
89811
89677
90137
91043
89824
89512
89716
90055
90190
89185
89690
90992
91012
90457
90400
90942
91241
89377
90823
90883
90004
90144
90882
90239
91190
91170
91019
89799
91346
90473
90281
91961
89462
89701
91278
92084
90771
89338
90424
90763
89682
89852
89859
90705
91522
91681
89844
91519
90349
90489
91590
90476
90330
89875
90407
91556
90822
91390
90341
90073
91217
91325
91896
91478
90271
91507
91381
89358
91070
90115
89647
90757
91077
90270
91520
90445
91354
91264
89429
90024
91547
91347
91381
91044
89063
91329
90252
89876
91316
90815
90688
89430
90618
91725
91194
91094
91430
92026
89639
91484
89948
90405
89253
90772
91533
91246
89439
91750
89495
90307
89626
91300
91201
90363
92070
90641
91052
90833
89575
90812
90562
90425
89470
89489
90749
91153
89543
91670
91452
89145
90363
91678
90665
90667
89639
89947
90667
91076
90140
89225
89236
90311
91282
91063
90172
89315
90648
90647
90648
91380
89598
91592
89550
91164
91004
90680
90395
89684
89921
89852
91434
91109
89460
91465
91273
91466
89923
90459
91619
90584
91344
90878
90850
90671
91057
91645
89291
90065
90476
90423
91085
91818
89628
91294
91334
89941
91594
90250
90395
89338
91592
91582
90705
89399
91357
91133
89707
89753
91974
90117
89278
89519
90420
89907
89867
89606
89827
89538
89713
89838
90282
90427
90070
89760
89690
91306
90665
89784
91412
90804
90885
91657
90282
90840
90692
89994
90386
90692
90853
89719
90200
91091
91068
90514
90730
90280
91059
91743
90091
91250
91590
90953
91516
89471
90940
89667
90569
90981
89953
91190
89695
89793
89942
91370
89844
90207
91478
88905
91117
91535
90459
90483
89673
90496
90610
89650
90179
90823
89691
91364
92086
90806
89514
89879
90529
91557
90524
89954
90408
89878
90717
90120
89467
90272
89798
91023
89501
91492
90350
91176
91730
90909
90504
90839
90108
90728
90250
89042
90120
89197
91053
91002
91423
90253
89086
89563
91453
89646
91056
90858
89698
88897
91191
90546
89685
91661
90847
91227
89860
89324
89657
89310
91336
89930
92059
89619
90648
89711
91272
89933
91296
90188
91144
89546
91025
91078
89566
90930
90220
91564
90306
90773
90292
89511
90041
91666
90280
90818
89178
90814
91127
90467
91747
91157
91191
90805
91349
91533
90067
90506
91189
91500
91228
91092
90333
91277
89564
92033
91783
91182
90187
91313
88785
89546
91203
91188
88990
89886
90997
90793
91532
90998
90787
89585
91410
90148
89133
90820
91081
91511
90362
89991
90837
91425
91584
90305
90812
89306
89569
90378
89866
89938
91125
91117
91047
91489
90453
89454
90239
91298
89194
90973
89361
89810
89273
89566
91300
90208
91618
90531
90009
90336
89620
90559
91617
90310
89390
90524
89864
89430
90893
89746
90390
90093
90853
88909
90452
90960
89795
90421
90968
91318
90522
90206
89725
89386
90463
91337
90627
89904
90489
90891
89458
90488
91508
91207
91558
89866
91292
91542
89762
90644
91266
90370
89386
89406
89808
91037
89863
91829
91163
89539
90504
91014
90856
91050
90533
90420
90729
90263
90866
89711
90055
91293
90551
89470
90222
89385
90472
91885
90101
89804
89562
90297
91910
90371
90920
91441
88762
90433
89445
89909
89777
89686
91861
89197
89617
89677
90661
90140
90216
90890
89749
90586
90017
90458
90937
91210
90341
90589
89557
91332
90752
89789
89571
91121
90591
90219
90871
90313
89919
89602
89171
91172
90606
90500
90433
90016
91602
89515
90760
89657
90726
90627
89597
91519
91522
91313
89709
91591
91236
89688
91893
90004
90746
91393
90992
90162
91174
90472
90453
90170
89575
90593
90252
90844
90620
90725
90386
88805
91158
91034
91307
91432
90218
90387
90195
89634
89796
90293
89837
89931
89714
89904
89613
91310
89231
90166
91568
91057
89388
89762
90383
89014
89535
91211
90039
89277
91290
91637
89833
91359
92008
89733
90018
89847
91579
89561
91830
90412
90504
91354
89727
90494
91050
89694
90794
91012
91005
91482
89715
90465
91808
90968
90138
89258
90948
89639
89688
89887
91771
90344
89961
90977
89778
91338
90515
90015
89278
91155
90420
90932
90416
91216
91640
89595
91043
90636
89870
89893
89423
91396
89781
91317
90156
91483
89409
91630
90513
89367
91245
90461
89910
90603
90658
90248
90164
91377
89942
90619
89543
88992
89822
89585
89974
89182
90105
90764
91049
89408
90141
91331
90246
89723
91048
90241
91390
91805
89452
89340
89568
89843
90924
90033
89723
89174
89393
90652
90514
90414
89808
90338
91422
91709
89944
92049
89348
91694
91376
89594
89923
91002
90155
89789
91143
89289
89609
91038
90052
91288
89191
91500
91246
89690
90046
91120
89974
90792
90871
92212
90253
90476
90013
90669
91174
90970
91583
90972
91506
90088
89918
91140
89824
91502
88695
89911
89372
91466
89750
90856
89535
90348
91857
88769
89478
90484
89507
90186
89417
90295
90597
89644
89693
91393
89576
92550
90159
90124
89185
90022
90367
89926
89971
91170
90105
90945
89978
91346
89741
91046
90814
89952
90822
90569
89587
91726
90602
90878
90191
90021
90992
89897
91645
91138
89408
91531
90677
89670
91280
89959
90556
91572
91465
90815
89656
91338
90221
89583
89748
90324
89532
90782
90029
89419
90560
90521
89275
90095
90310
91418
90427
91127
89139
90376
89363
90792
90604
90080
91295
91206
91405
90640
91207
90752
91487
89973
89279
90679
91218
90212
89407
90218
90875
91146
90216
90603
90149
89499
90817
89588
90866
91868
91685
91510
91699
91541
89770
89277
91597
90754
91154
91255
89474
91185
89025
90124
90390
91033
90001
90547
91389
91237
89923
90313
89488
91578
91406
91204
91403
89409
91152
90093
90755
90725
90245
90045
91570
89570
89315
89755
91563
91038
90255
90416
89632
90792
89682
90100
91776
89964
89242
90218
89350
91165
89502
91080
89456
91068
89833
88679
89337
91395
90588
90016
91340
91629
89233
91325
91194
90518
91482
89998
91338
90908
90200
90073
90348
89496
91373
91033
91425
90848
89899
89992
89423
91162
90889
90930
89710
89962
89258
90035
90538
90681
89840
89766
89691
89707
90710
89767
90143
89382
90636
90018
90064
89018
89977
88953
90913
90650
91018
90683
91033
90374
91265
90930
89395
90173
91606
91770
91624
89384
91176
90896
91513
89811
91088
90193
89655
91278
89430
89987
89485
90268
91080
90536
89812
90255
89768
89320
89888
92088
91202
91514
90009
89790
89189
89494
90393
90190
91323
92060
90311
91260
91601
90225
91776
90545
91132
90259
90020
90172
91758
89342
90643
90236
90358
89955
89456
90164
90285
90166
89831
89802
92098
91421
90255
91437
90519
89543
90388
90117
90953
91388
90972
90091
91125
89766
90184
90313
89983
90918
91798
91597
89923
90848
89482
90820
90300
91111
89634
89511
91544
91418
92195
89455
91123
89872
89836
90164
89712
91690
89052
91203
91219
91114
91622
90238
91030
89070
90313
90492
90779
89716
90777
90430
90527
89891
89823
91318
91264
89655
90828
91326
90394
89565
89259
91389
91249
90356
91336
91709
90443
91044
89419
91289
89907
89904
90039
89063
91530
91416
89468
91053
90856
89960
91241
89625
91184
89439
91133
90921
89410
89406
89601
90639
90219
91208
90884
89717
90592
89653
90116
90745
91549
89765
89875
89980
91150
88665
91152
91806
91378
89842
89741
91312
88881
90401
90661
89884
90196
90978
90141
90862
90087
90287
90387
91280
90765
89216
91518
90313
91340
90247
89715
89848
91086
91236
91639
91734
89078
90010
92247
89474
89627
91284
90135
89923
91566
91344
89709
90428
90048
90132
90933
90495
91304
88910
89719
91308
91668
90561
89845
92405
89922
90279
89792
91630
90321
91256
91190
88902
89852
91462
90692
90138
90627
91464
89796
90642
91754
91381
91436
90607
91254
90462
91427
90394
90342
90675
89729
90134
90397
90811
91214
91084
91115
91217
91656
89519
89823
91335
90361
90163
90824
89628
91132
91579
90512
89621
89227
89768
90887
89933
89577
92152
91483
89836
90828
89820
90843
89542
89959
90574
89762
89263
89907
91419
90624
90038
91805
90549
91569
91458
91618
90595
89761
91174
91256
90782
89237
89383
91698
91078
89689
90952
90445
89497
90988
90175
89806
89599
90254
89974
89963
90921
91147
90773
89622
90429
89731
90649
90791
90236
89534
89197
89677
91776
90455
89759
90028
90706
90307
89515
91296
91106
91283
91557
91682
91574
90676
89596
91390
89622
89444
90946
90296
92075
89643
90477
91644
89718
90095
89455
89991
90503
91558
91132
90030
89852
89238
90625
90192
89326
89777
90038
91366
90599
90353
91129
90146
89539
91375
91300
91205
89844
89979
91153
89979
89653
90300
91851
91535
91257
88910
90334
90689
89887
91622
90985
89884
90283
89282
91065
90997
90074
90750
89202
89134
89418
91610
89282
89833
89735
90035
91070
89460
91322
89275
91373
89929
90243
91421
91146
90018
88874
90515
90211
88998
91169
90071
89944
91141
91234
90354
90043
90726
90995
90155
89743
90061
90109
89149
91023
89262
89675
89358
90333
90402
91058
90924
90158
90233
89511
89742
90964
89826
90427
91666
91124
90851
90011
90912
91561
91209
88924
89636
91242
90424
90003
89665
90456
89084
90624
91750
90190
89758
89409
90140
90010
91520
90481
89319
91348
90122
91707
89294
90623
91160
91517
89957
90196
91341
89550
90960
89935
91128
90648
90436
90753
89418
90056
91293
89686
89535
90861
91360
89739
90903
89487
91159
90265
89678
90561
89424
89859
89573
89607
92070
89648
90451
89563
89590
90356
90315
90742
90635
91127
91161
90862
90168
89251
91178
89203
90487
91499
91157
90761
90817
91167
90282
90041
90109
90292
89866
90231
90347
89573
90046
90680
89257
89483
90022
89951
91273
90762
89548
91066
92045
89876
91250
89648
89779
89543
89801
90290
90269
89978
91493
91038
89155
91945
89652
89505
89439
91030
89874
91264
91303
89960
90824
90446
89515
90745
90454
91157
89986
89755
89530
89710
90494
90428
90164
89643
89261
89345
90070
90891
91188
89399
90264
89783
89036
91238
91106
90349
90748
89812
90156
91050
89769
91575
90313
89611
89681
90431
90064
89747
89471
91756
89618
89778
90932
91266
89834
91254
92093
89750
90548
90309
91199
90801
89394
90742
91655
90746
91158
89967
90692
91374
91522
89367
89708
91460
90816
92254
90178
89474
90518
91220
89728
91559
90633
90296
89765
90780
90822
91414
90360
91446
89855
89351
89904
90447
89471
90841
92005
89661
90126
90534
89688
91285
91538
92062
89631
89695
89289
91156
90481
89785
89788
91438
89135
89862
90738
89879
90572
90248
89767
90993
90718
90351
90525
89651
90349
89322
91437
90484
89383
90168
89257
90071
90988
91131
89494
90209
91618
91199
90235
91422
90127
91334
90351
89897
90225
89003
88881
90435
89826
89635
91448
91278
89833
89234
91041
91369
89330
90218
89715
90423
90265
91530
89848
89750
91228
89818
90588
88781
90396
91336
89973
89575
89488
90463
89947
89596
90564
89335
90216
89871
91195
90438
91119
90691
89436
89974
91268
89837
89208
90405
90176
90771
89417
90587
90540
89504
91239
92385
90210
90716
90198
91440
91394
89792
91242
91385
90636
90960
90410
90168
89926
90496
89923
89495
90735
90687
90972
91583
90913
91253
89911
89835
91222
89951
89572
90909
90555
91457
89430
90242
91281
90042
90491
91628
91333
88859
90595
89442
90844
90822
91057
90625
89568
91569
91471
90737
89689
90788
90767
90102
91439
90175
89998
89283
90241
90469
91023
89803
91902
89290
89342
90275
90923
90030
89465
91727
90415
91055
91476
89828
89403
90791
91950
89450
90432
91081
90886
90717
91274
91591
90051
91585
89223
91451
90614
91047
90381
89346
90268
90896
90982
91314
91571
90067
90814
90341
90156
89712
91350
91019
90693
90103
90816
91225
90893
91567
89491
90861
89567
88848
91141
89521
91185
90921
90112
91989
90560
90309
90969
89616
91400
91309
92238
89939
91486
89935
90735
89384
89483
91376
91120
91482
89397
91123
90432
89682
90589
89727
90769
89666
90112
90876
91429
90195
91061
90452
90162
90344
89768
89570
90584
91238
91550
91453
89969
89822
89779
90902
89494
91324
91562
90097
89151
91037
90753
91148
90451
90575
91528
89726
90507
90000
90695
89591
91420
91817
91304
89748
91548
91178
90823
89637
90809
89790
90469
89482
91404
90992
89691
90739
90345
89610
90922
90734
90012
90808
90802
89691
89388
90823
90413
89822
89761
89944
90714
90749
91193
91816
90757
90182
90620
91290
90033
90278
91519
90850
89010
91307
90446
91501
90558
90776
89590
90173
90413
89700
91374
90531
90985
89264
89443
91306
91121
89728
90566
89602
89327
89672
91734
91645
91355
90525
91732
91465
91493
90423
90459
91345
90330
89789
89811
89452
91344
90005
89837
92194
91255
91216
89311
91562
89855
90338
91569
89767
91335
89531
91005
89562
89573
90149
90401
91325
89202
91218
89325
90208
90489
91395
91292
89340
91003
89198
89336
91056
89513
91294
90771
91174
89801
89985
89416
90046
91345
91384
91700
90022
88826
90099
91134
90909
90875
91165
91260
90546
91528
90557
91563
91161
89844
90810
89136
91449
91685
89787
90115
90794
91226
89703
90449
91681
90079
91474
89968
91197
89352
91616
90760
89306
90168
89802
90662
91021
90002
91169
90716
90671
91381
90687
89555
90921
90637
89789
91261
90981
90975
91047
90364
91038
88995
91290
89179
89675
89666
89403
89879
91493
90655
89530
90920
89409
90808
90108
90430
90396
88820
91222
91074
90873
90492
90305
91218
90079
90440
89243
89424
90323
90898
90714
89923
91452
90252
89854
89868
89659
91332
89495
90432
90122
90360
91056
89632
91785
90132
90015
91838
89107
89396
89303
90403
91568
89967
90416
89014
90618
90775
90084
90082
91251
90964
90800
91033
90174
89959
90355
90441
91719
90770
90980
91104
90383
89466
89866
90488
89394
89921
90575
90393
91539
91695
90901
90681
90041
91770
90639
89908
91036
89122
91449
90999
92251
89469
89847
89358
89510
90030
90059
91566
90925
90626
90135
89229
89248
90367
91566
89730
91393
91704
90986
89577
90562
89940
89075
91298
91666
89547
90284
90544
91806
90849
89898
90863
91324
91592
91227
91977
89620
89238
89902
91106
89626
89544
90812
91402
89936
90905
90701
90085
90953
91442
89853
92019
89610
89862
89687
90040
89295
89397
90609
89708
91322
88931
89373
90972
90381
89455
89658
89800
89490
89239
89127
89987
90881
90644
89988
89836
89298
90532
90345
89933
89782
90616
90075
90848
90699
91857
90388
90435
90597
89707
89820
89022
90075
90928
91265
90142
91189
91598
89481
89636
90952
91266
89995
89340
89754
88925
89998
90028
90529
89519
90322
91020
89275
91447
90744
89823
90254
90226
90318
90997
89615
91322
89606
91013
91576
91229
90522
91710
90394
89410
90716
89659
90671
91390
89511
89956
89950
91273
91852
91024
89753
90033
91110
89728
89233
89726
89863
89869
90925
89179
89439
91398
91992
91088
91817
90664
89799
91486
90727
90772
90496
89642
92350
90027
90005
89766
89852
91224
90891
90264
91183
90635
90507
89870
91165
89887
91181
90692
91362
89708
89162
89489
91282
91177
88902
89508
90172
91090
90015
91157
90441
89287
89886
90143
91247
89527
90495
90501
89928
91385
91545
89842
91562
90310
89834
91203
90009
91539
91410
89978
91913
89334
89533
91005
92314
89347
90140
90362
91332
90863
90672
89828
91127
91683
89556
89547
90569
91414
89741
89556
89300
90901
91483
90759
91500
89525
90756
90994
89767
91423
91646
90274
91407
89673
91276
90643
91039
90208
90687
90662
89369
90864
89857
89586
90981
89962
90613
90792
90820
89313
91087
91710
89030
91392
91424
89313
89213
91263
90518
89751
89696
91053
91512
90854
89869
90311
90906
89713
91254
89847
91167
91152
90184
90956
89523
90461
91263
89646
89869
89362
90755
90391
91099
89677
89273
90555
88832
91204
91958
90796
89887
90743
91588
91326
90279
91757
89038
89402
90728
91255
90009
91245
91116
88830
91494
91790
90991
89178
89550
91863
89282
90320
91017
89307
90016
90086
91488
90629
91142
91250
90612
91346
90868
91227
90273
91567
90218
90916
89189
92050
89498
89657
89742
90063
89134
89995
92146
89511
91714
90701
90992
91259
90348
91238
89716
90628
90697
91375
89766
91141
91285
90509
90349
88697
91226
89704
91275
90370
90514
89213
91431
90503
91541
89875
89511
89320
90334
89700
89627
91557
90808
89543
91032
90529
90487
90162
90251
89332
90006
90003
89683
90786
90205
88996
89646
89225
89397
90268
91505
90877
89442
91268
90629
89087
90637
90007
91124
89099
91326
90750
89594
89985
89675
90445
89181
91609
91954
89733
90196
89522
89918
90660
90616
90752
88941
90686
91546
90775
90195
89527
90821
90467
91180
90970
90486
90064
90637
90725
91135
90973
91166
91203
89347
89534
91771
90683
89698
89960
89034
89967
89571
90848
90038
90801
92278
89143
90209
90981
91324
90978
91626
90576
89913
91595
90789
89087
90704
90335
91997
91489
91489
89780
90443
90291
89616
91962
90829
89735
90892
90560
89271
89862
91482
89919
91785
92007
91168
90790
89383
91650
89702
89746
91143
89824
90821
91232
89924
90814
89627
91010
90491
90675
89903
91216
91098
89606
90889
90497
91550
90396
91324
91392
90510
91176
90096
90581
89764
89539
90440
89850
90909
90255
89980
89422
91387
91319
90978
89233
90125
90211
91523
89121
90263
89414
90277
90875
89944
90732
90271
91100
89317
91133
91720
91138
91353
91562
91484
89390
91147
89987
90593
89526
91013
91317
91215
90422
89863
89779
89878
89328
89711
89963
90693
89882
89829
90632
89949
91022
89962
89764
91741
90619
90404
90387
89966
91135
90765
90435
91155
90629
90283
89444
91326
89977
90634
90149
90139
89942
90884
90401
89812
90882
90598
92034
90328
90012
90243
91434
90228
91208
90433
91469
90640
90744
89505
89580
90622
91036
90872
91194
91385
90601
90833
89144
90851
91698
90525
89765
91292
89808
91326
91407
90891
90827
91522
91532
91008
91139
91618
90900
89675
89919
89365
90190
89873
90225
91733
88987
90911
90922
89569
89435
90044
91591
89623
90803
91572
91505
89261
90238
91200
89271
91101
90736
91251
90896
89855
91606
89846
89906
89064
90458
91426
90578
90523
89730
91012
91534
90224
91398
91038
89454
91261
89617
89886
89635
90218
90836
89931
89643
89321
89540
89714
90730
91137
89544
90418
89882
91049
91314
91433
90380
90104
89901
90329
90459
89955
91834
91402
89886
89667
89698
91593
89251
89789
89768
90657
91588
90242
90202
90278
89529
90635
91540
90765
90166
91072
90291
91363
90020
89860
90798
88966
89956
90692
90311
90317
89990
90050
90900
91674
89815
89637
91374
91284
90171
91221
89697
89473
90229
89726
90157
89611
89969
90759
90292
89690
90000
91385
90051
89450
89876
91836
90637
91321
91932
90980
91257
90425
90559
91105
91086
91695
91373
90245
91230
91692
90298
90638
89939
90127
91565
89743
91177
89791
89701
90560
90309
90464
91511
91186
91226
89585
90127
89728
91116
90026
90960
89708
91128
91536
91340
89444
90931
91357
90727
89532
89573
91000
90324
90471
90292
90517
91296
91860
90306
90864
91509
90256
89037
91169
90887
90357
90487
91042
90480
89346
90837
90414
89460
89512
90979
90397
90920
89845
90639
91229
90522
89673
89594
90929
90348
89716
91390
90284
89860
91279
91877
90748
90858
91566
90199
90833
89817
91048
90079
90193
90111
89885
89628
90193
90622
89203
90375
90639
90134
90834
91045
91553
88990
89787
90396
89543
90665
90626
91051
91396
90261
89563
91437
89930
90223
89225
89810
90469
90993
91294
90705
89446
91245
90597
89938
90685
91484
91312
89235
91782
91792
90210
90192
89748
90662
90187
91094
90080
90464
91801
90679
90965
91130
89559
90800
89430
90561
90917
90459
90143
90184
90339
91270
91158
90198
91466
91318
91834
90988
89218
91639
92598
90343
89720
90098
90557
91718
89911
91549
90953
90059
91962
89798
89883
91165
90538
89671
90470
91381
90561
91870
91361
90819
91597
90951
90017
90316
91105
90936
91157
90707
89422
89720
89613
91236
90704
90121
91424
91212
91616
89520
90912
90088
90490
91399
89881
90594
90463
90647
91851
91261
89964
90708
90291
89293
89785
92210
89962
91654
90093
90035
91024
90929
90401
90443
90218
89838
91404
89369
89929
89731
91938
90509
91108
91247
91965
89635
90774
90567
90416
89972
91232
90557
90452
91363
91043
89576
90216
90303
89751
89857
90474
91261
90796
89694
91061
89641
89610
89698
90251
90863
90936
91401
91688
91251
90684
89757
89735
90073
90106
90016
89933
91242
91208
90966
90073
91057
91204
90072
91161
90248
89535
89246
90951
89680
91294
88721
91331
89800
90956
91334
91926
89784
90614
90450
89474
89756
90343
91892
90714
91428
91139
91252
89964
91550
90505
90475
91028
90108
90452
89980
91311
92001
89506
91309
91273
90926
91658
91329
91153
90808
89361
91506
90748
89624
90031
90277
91126
90018
90603
91442
90478
90681
90077
90220
90114
90056
89562
91597
91222
91108
91118
91248
91165
91441
91029
91470
90362
90881
89995
89870
90014
90191
91618
90534
89817
90577
90571
89630
90155
91217
89657
91223
91455
90558
89702
91758
90969
90758
90945
90828
90020
89439
89346
90948
91287
90932
90092
91357
91254
91237
90241
89800
89626
89517
90449
89434
91111
89960
91079
91017
89176
89622
91456
88881
91421
91582
90580
91556
89792
89809
89498
89976
91539
90295
89791
90076
91231
90283
89762
91127
91430
89999
90796
89459
89937
91094
89629
91167
89427
91367
89487
90108
90850
89466
90330
90932
90921
91242
91297
90663
91646
89791
90888
91259
91485
91540
90247
91450
89923
91032
91574
89747
89809
91062
89746
89871
89259
89801
89974
91801
92010
91754
91266
91554
90037
89744
90262
91557
90523
91142
90665
90187
90231
89138
89614
91268
90929
89671
89826
91840
90714
89473
89614
90665
90856
91509
91372
89328
91106
91365
89968
88846
90079
91108
89239
89799
89971
91721
90334
91823
90108
90526
90300
90625
91096
91294
89777
89347
90992
90480
89437
90154
91065
89326
91318
90299
91685
90114
89741
88999
91305
89717
90528
89962
89809
89216
90754
89448
89686
90088
90193
90227
91546
91332
89134
90612
90946
89779
90024
90709
91091
89213
91322
91346
90034
89210
89626
90234
89960
89246
90015
89817
90444
89219
91073
89632
91525
91962
91258
89725
89144
90193
89646
91117
91091
89518
89701
91215
90087
90559
91206
89835
89841
89813
90044
91273
89502
91510
91808
90515
89448
91184
89723
91402
90381
89357
89893
88993
90568
91418
91484
90520
91347
90949
88862
90904
89200
89465
90511
89386
89893
88969
91156
91197
88876
89929
91118
91500
90485
91469
89739
89703
89959
91832
90191
89945
91213
90549
91016
89959
90741
90998
91180
91374
89851
91307
90179
90217
90264
89339
91340
91296
89528
91299
90795
90411
90803
90372
89724
91421
91571
91039
91379
91302
90731
89703
91005
90590
91868
90995
90633
89478
89667
91217
89884
90397
89816
89653
88835
91432
91426
90464
89665
91289
90288
90646
91548
89667
90164
90776
90573
90903
89181
90262
90071
90195
90439
89835
90712
90392
91141
91757
89232
91670
90648
89673
90801
89975
90204
90522
91125
89798
91143
89160
91406
91950
89625
90392
90224
91254
89852
90421
91231
90033
91157
89630
91220
89748
90324
91625
89850
89849
90195
90551
91516
90980
89464
89456
90738
89747
90580
90873
90753
91085
89924
90621
90373
91336
90750
91824
91139
90661
91577
91329
90760
91235
90502
91094
91809
92207
90451
90993
89476
90071
90439
91650
91493
89883
91321
89883
90821
89772
90504
89810
89567
90344
89382
90269
90876
90271
91154
91112
89638
89717
89680
91541
91235
91151
91076
91074
90780
89887
91368
90194
91501
90022
90744
89377
89211
89877
91173
90825
89566
89471
90714
90175
91300
90444
89940
91314
90149
89167
89909
89699
91690
91105
89826
91325
89463
91360
91216
91006
91631
91109
90886
90650
91007
90578
90691
90885
89816
91308
90589
89932
89704
91087
89908
91358
89603
89643
90773
89970
89751
89545
90622
90381
89964
91319
89331
89727
91302
90213
89747
90591
89649
91309
90879
91344
90583
89250
89789
89217
89737
90394
90993
89271
90737
89818
89487
91500
90741
91662
89575
90351
91450
91759
91739
89265
89890
89815
91179
91182
90985
91756
90900
89622
91155
90457
90027
91881
91733
90132
89941
90996
89847
89591
90645
92268
91755
90139
91065
90153
90270
91732
89776
90781
91596
90118
89790
91719
90494
89250
90992
90748
89709
91077
90699
90561
90322
90461
90124
91331
91233
89925
89987
89603
91650
89465
90299
91352
91198
91236
89293
90084
90897
90018
92215
89520
90979
91368
91649
90122
90117
90115
89388
90411
89436
91345
90035
89882
90147
90802
89419
89441
89623
90735
90048
89208
89528
89985
90469
89477
89670
90840
89101
90309
90982
89631
91170
91129
91057
90148
89306
91063
89992
90484
89936
91603
89229
90922
90494
88994
89912
90708
90089
90167
91097
90589
90964
91128
90103
89593
90773
90246
91249
91111
89493
90140
91412
91233
90960
90061
88920
90154
92048
91152
91044
89546
90569
89774
91286
91681
89710
91021
89598
91466
90204
91108
90672
90728
90594
91044
89641
89985
90067
91596
91594
90800
91516
91483
91274
90574
91248
89537
91508
89439
91294
90442
91231
90212
91468
90095
89886
91142
90756
90413
91911
89942
90834
89835
89806
89714
89614
90813
89862
90725
90889
91229
89499
91420
91467
90052
89646
90836
90541
91711
89144
91292
90338
89988
90838
91116
90069
90394
91092
89888
92070
91477
90989
90197
90387
91215
91573
91245
90325
90091
91068
91301
91736
92162
90193
90483
89333
91463
90537
89758
90311
91131
91656
89667
91057
90141
89751
90522
89996
90935
90738
90192
89374
90925
91196
89095
91343
90968
91052
91389
89704
90335
90913
90454
89816
89886
90064
90785
89812
90042
89497
91251
91137
90573
91260
90300
89388
89515
90756
90236
90411
89740
89733
90027
90109
91268
91056
90943
90711
91130
90386
90398
90622
89685
92105
89771
89951
89871
89556
89501
91649
89546
89255
91621
89308
90260
90585
90887
89498
91185
90532
89274
91400
91648
90403
90743
89730
91742
89631
89080
89113
89481
90802
90968
90699
90136
90181
89649
90655
89898
90014
91129
90853
90893
89955
89916
91028
89365
89711
90347
90494
89037
91346
91113
90613
91718
90700
90044
89961
89992
89971
89799
91236
89737
91425
90825
91389
89760
90888
89746
90645
90043
89486
89214
90881
91213
89727
90927
91120
91589
91850
91517
91410
90392
90301
90468
91489
90029
90758
90939
90552
91010
89514
90059
91900
90741
90271
89382
90271
91519
90439
91141
90667
89999
89497
90667
89515
90415
89611
90964
90453
90091
91713
90228
91410
91797
91377
89759
91307
92082
90100
90156
89554
89854
90660
91226
90493
89675
90604
90801
90971
91483
90082
90326
91376
89727
89694
89613
90014
90953
90841
90944
90680
90981
90279
91234
89818
91200
91167
89682
89214
91601
90103
89360
90089
89368
90077
89846
90344
90917
89475
90489
91155
90855
91014
90066
90224
89418
90819
89843
91321
89963
91048
89987
89194
89526
90352
90162
90061
89831
90899
91154
90098
91179
90383
90133
91789
91517
91562
91102
91218
91807
90023
91905
91157
91080
91155
89780
90468
90298
90358
91153
90484
90631
90144
90744
90492
91785
92190
89275
90896
89823
90617
90910
91652
91283
90773
91118
90577
90265
91348
89948
89694
90895
91368
91829
90851
89918
90615
91517
91330
90687
89370
91097
91449
90439
90458
89407
89103
90052
91059
91434
90191
90609
90853
89421
89929
91188
89547
91650
89272
91776
90564
91193
89814
89558
91944
89915
91069
90648
89757
90825
90875
89994
90583
89921
91044
89791
90415
89831
89924
91343
89787
90877
89336
91142
89199
89335
88976
90175
91481
91694
90514
90068
91558
89171
89211
90098
91383
89863
89654
90932
91277
90117
91582
92178
91494
89959
90414
91130
91360
91666
90256
89531
90691
91123
89992
89600
89102
90769
89874
91505
91654
90019
90989
91220
90196
89578
91335
90068
89885
91802
89857
91899
91076
90847
91134
90483
91722
90240
91280
89326
91048
90633
90417
90186
91457
90735
90987
89171
89835
91474
91056
90813
89474
89507
90229
89871
90577
90047
91229
90806
89378
89564
89461
91431
89586
90815
89908
89644
89700
90195
91928
89746
91487
91466
89900
89931
90031
89954
89758
91176
90055
91280
90597
89986
90731
89178
91202
91354
90794
91713
90167
90641
89482
91593
89347
91006
91091
90090
89366
89201
91517
90847
91695
90238
91233
91347
91200
89972
90828
91427
90182
90079
91398
89620
89907
90848
90531
91347
91687
89811
91029
90267
90469
91102
91387
91469
91015
91268
91148
90031
91133
90140
89939
90107
89790
89332
89168
90014
90228
89550
89068
90453
91604
89778
90476
89248
90675
88916
89958
90018
89516
89900
91049
90322
89990
90868
89863
91217
91865
91521
91516
90438
90117
90843
90074
89483
89889
91242
90311
91872
89668
91184
89910
89314
91125
91228
89861
91620
90218
89876
89647
89905
89832
89820
90305
90296
32361
32361
32361
32361
32361
32361
32361
32361
32361
32361
32361
32361
32361
32361
32361
32361
32361
32361
32361
32361
32361
32361
32361
32361
32361
