9884
67630
71271
67791
69628
67377
67526
69639
70165
70766
69798
69639
69928
70476
67486
69912
70350
67530
67554
71341
68693
67614
70802
67494
69353
69400
71056
67367
67533
67080
67272
68964
67178
71181
68729
69952
71370
70819
68121
67733
68824
68950
71188
70975
71508
70647
67977
67321
68418
69267
70643
67577
71471
71271
69294
70356
68047
67440
71191
67621
70623
69110
69416
68968
71391
67762
70707
71066
69379
70874
69323
70279
71046
69698
70878
71373
67542
68293
68402
70041
71452
67180
67174
68151
69934
69511
68538
69854
67564
69179
67766
67321
67391
69618
68577
68039
69751
68612
68231
69914
67271
71316
67954
69227
70157
68605
67737
67846
70026
71047
67624
70998
69937
68654
71165
70178
67120
70355
67578
70294
70322
70468
67921
68950
67449
69323
68728
67742
68051
71618
69517
69445
71626
68707
70688
71455
67542
69618
67790
71395
70331
69475
67610
70982
71420
69347
71442
70085
67421
70654
71110
67390
67534
67935
67524
68332
69059
67285
67704
68352
68892
67843
71327
67340
70187
67445
71006
67915
68620
69741
69930
68704
69436
67620
67688
68228
70451
71774
68280
67774
67533
68379
70358
71576
70695
68821
67575
71536
70682
71058
68132
71676
70888
68444
67817
67239
70988
70794
71730
70236
69037
67865
69428
70766
70428
67622
67673
71391
67585
70734
71415
70214
71693
67633
68170
69484
68419
71559
69352
67726
67650
68092
71160
69049
70837
68229
70926
69447
67960
67205
71430
71679
67782
71134
69790
71519
68135
70265
71534
70500
67253
69712
70858
67512
67347
67538
67351
69085
71253
69337
71483
69248
68242
70078
71152
68356
69444
67430
69994
67830
70083
69009
68664
70675
68323
68790
67260
70374
71547
67248
69232
70896
68418
68483
71512
67930
70063
69337
67434
68395
68542
70318
68003
67490
67252
69894
67545
68613
68503
69859
71092
70569
67532
67678
70142
68749
71140
67694
68275
67777
71301
70199
68895
71176
67229
70278
67767
67757
70213
67085
69642
71185
68857
68655
67432
67382
66849
67662
69985
67052
69642
70656
71018
67498
67793
71753
70783
70924
69469
71230
71163
67554
69737
70869
71415
71198
67620
67645
70352
69136
67954
70778
70920
68750
67338
70182
70107
67175
69262
70117
70390
71091
70603
71658
69629
71040
69384
67469
67876
67330
67695
67869
71271
70857
67249
70698
69720
68076
69732
69170
67159
67473
68542
68592
69995
70549
70965
69960
69745
70885
67688
70205
70998
69809
68263
68743
71513
71356
67335
68449
71201
71522
67400
70085
68761
68870
67397
69002
70908
67361
71042
67477
68146
70631
68766
71236
69702
70845
69240
70919
69843
68866
68254
67602
69899
68632
67402
70111
68172
70562
69620
71403
70098
69898
67500
68663
69231
67355
69597
67758
71462
69741
67757
68082
70747
69759
67642
71271
69848
68422
69972
67553
67977
69288
67551
70676
70255
70240
67823
67332
67741
68480
70645
68246
67291
67572
69384
70609
70941
68429
71540
70695
68277
67566
70044
71474
70180
71450
71710
70398
71607
71355
69440
70005
67246
69319
68205
69117
67680
71336
69576
67552
71579
68042
71380
71447
70764
71063
67468
68965
70427
71043
68109
69632
68475
71402
67701
69715
70246
67557
68051
70988
69624
70920
67415
69898
70993
68389
67380
69516
70334
71029
69478
70063
68011
71019
68042
70212
68077
70022
68769
67683
69660
67383
71124
67447
69770
69049
67668
71027
68187
67293
67833
68408
67597
68964
71208
68942
69609
71495
68006
70434
71012
71429
67271
68196
71151
68490
70436
68726
70285
70645
67443
70753
68219
67524
70836
69154
71376
68518
69020
67340
70586
67440
71359
67397
67951
68932
69362
70978
70953
70655
68445
68847
67769
67362
67417
69027
67617
66976
67220
71253
67288
70252
69652
69127
71024
67177
70867
70797
70199
71255
67815
70831
69063
70066
71122
70731
69745
70417
71327
67968
68554
69469
70341
71206
71113
71038
68430
69218
67270
67576
70289
67776
68620
70672
70078
71269
68810
68037
71320
71083
67768
70441
70603
71077
68649
69600
70197
70488
67131
69572
71210
67805
67874
69216
71318
67076
69220
67378
70531
70986
71588
71022
69867
68186
70903
68325
67954
70505
68782
67694
71726
70811
67495
69751
67089
70056
71460
69929
71114
67666
67286
70663
67399
70297
68033
67311
67832
70452
71347
70575
70367
69794
71095
71139
71208
67565
67837
71274
67664
68747
67896
67365
71032
68043
71149
69953
67700
71078
69866
71315
68015
68542
67931
68921
70070
70449
69310
70262
70936
68584
69678
70871
68336
68420
69192
67735
70455
68791
67706
67544
67624
71211
70347
71172
67803
70151
71393
71322
68387
71036
67476
67802
69442
71194
70871
70635
70668
69211
70937
69850
67640
71671
71601
69148
68314
69166
68125
67380
71008
67284
67689
68570
70709
67525
69001
70842
68348
68966
71281
68480
71621
70518
71339
68857
70616
68294
71246
68290
67725
67657
67601
69419
68994
67698
67715
68942
68498
70391
70908
69252
70076
68894
69792
69677
69248
71618
68524
69890
69751
70081
67906
70944
71105
68803
67332
71355
67219
71316
68504
68303
67921
70170
71035
69690
67582
69680
67695
71161
70870
71221
68160
69256
71124
68821
70518
70996
70247
69160
70683
67123
69183
68766
67290
66993
70928
69124
67093
67262
68232
69513
67628
68573
69960
69974
71315
70766
68593
68319
69702
69529
70010
67384
68912
68866
69932
67839
71509
67572
71387
67382
70975
67073
70546
68574
69536
69367
69054
69440
71042
69229
69231
69175
68551
69840
70295
69449
69492
71172
67911
69463
69941
67937
68482
70762
70746
68902
68694
70826
69762
71174
67703
71417
68492
70729
70732
71271
68910
71269
67877
70967
67693
68197
69008
69905
67618
69212
70780
67556
70324
68566
67599
68288
71510
67767
71306
68243
71150
69059
69421
67314
70979
71079
67398
69067
68197
70954
70272
69308
67861
71417
71527
68960
68713
70806
68483
71397
70434
67927
71427
69043
68210
69842
70790
67532
69497
71334
70939
67401
67300
67489
67553
71263
70944
69656
70531
71011
71374
69347
70615
67998
70049
71318
69894
70746
71144
71092
69415
70750
70731
71424
68243
69274
67992
70866
69579
68379
67157
69890
69111
70391
67531
70398
69041
68943
67972
68628
70879
71143
71185
68876
69021
69241
67212
69901
68232
71133
67661
68523
71115
67769
69440
71284
67513
67843
70341
69028
67993
67907
67578
67992
70888
69801
70952
68534
71004
69477
67241
70567
71311
68372
69436
69096
68097
67168
68469
69290
68547
68329
69028
71265
70247
68503
71239
68259
68260
67927
67979
71391
68031
70942
69388
71134
68614
67203
71113
67645
71190
69363
67547
67051
71343
71348
71021
67551
68836
70549
69382
71416
70222
69336
69524
71371
69947
67966
67290
69479
68233
67989
69502
70022
68452
70935
71472
67670
71236
70850
70030
67622
70648
69660
67610
68610
68051
68471
71342
69296
69730
71639
69749
69448
68898
67731
69633
68895
70577
68221
70014
69824
68290
70799
68826
67521
70404
69798
67510
69542
71084
70496
67964
68683
71275
70863
69986
68995
66780
67794
69131
67409
67278
69553
68184
68645
68623
70853
68334
67570
67517
68958
67326
68762
71440
70094
71228
67541
69535
71386
67422
68619
68095
71106
67100
70775
68314
70306
71945
68467
69098
71172
69840
69975
71232
70488
69844
70339
67894
68183
70401
70054
69966
71335
69644
67874
71170
68425
67377
67761
67927
68209
71816
67546
67587
67605
68536
70193
68645
67988
68740
70541
68065
70571
71333
70204
70879
67674
67766
69238
67915
67231
70794
69746
68584
67052
69673
68001
70156
68182
71199
69567
69448
70053
68211
71491
71635
68950
68596
66976
70934
67661
68933
71108
68690
71537
69204
68698
68964
68187
71292
68638
67505
67591
70549
68704
68731
70671
71319
69741
69232
69626
69758
67453
68297
67949
67795
70977
68383
71625
70398
70898
71592
70818
70442
69926
69601
67525
71374
70875
70986
67267
71041
67690
68850
71157
67518
68885
71342
71282
69540
71043
69206
70688
70559
70967
70950
69180
67946
70860
68302
70841
68105
67606
68346
70118
68732
70461
70200
67760
70723
66964
68342
68357
71261
71115
71266
66976
67396
68562
67417
67428
68735
69286
68122
69358
71655
71302
69267
71665
68943
71011
67353
71151
68330
68538
68423
69801
67469
71301
71489
70392
68416
67626
69414
70094
71655
71271
70541
69861
70645
67323
69187
70643
71186
70318
69186
70898
70324
70518
70339
68634
67714
69712
69637
67508
70935
67773
71200
68458
71134
70319
70193
68222
70313
68543
68339
70291
69435
67402
70645
67405
71287
67946
71401
71189
69966
71158
69977
67898
71144
70966
70336
68646
71497
70605
67394
70663
71156
70749
70585
68797
70237
69547
69838
67405
67414
67406
67392
67685
69365
71126
67848
71172
67355
67155
67398
71025
68502
70188
70006
67711
70128
70493
70555
69191
70358
70526
67090
67148
69823
70496
71089
71168
67377
70453
69343
69859
67825
70484
71109
67328
70491
70959
67680
67921
68019
67016
67113
69523
68641
71408
67956
69612
69961
68542
69537
70245
71317
67494
70181
68019
69955
71430
67404
69713
71246
70194
67797
67325
71108
70928
67558
70916
67622
70751
68372
70297
70497
71242
67208
68597
69924
68252
67352
71295
69488
67123
67960
68162
67364
68155
70627
67863
68041
70427
67645
69029
68098
69727
67645
70614
71213
70161
70099
69608
71024
68493
69380
69524
67228
70412
69976
67244
70869
69877
70057
70614
71127
67336
67613
69322
68099
71263
68087
67445
70535
69051
69006
67590
68363
67856
70185
70351
70204
71346
69733
71002
67818
70748
67805
67869
67117
69680
70350
71199
71321
67515
67582
70613
70979
66977
70102
68783
69216
70716
67707
70309
68448
71586
67234
70090
71515
71252
67906
70194
68268
69930
67834
68206
70533
69791
70722
67358
69729
71335
68240
68492
71416
68827
70702
70095
67519
67674
67835
69619
69215
71101
70863
68795
67416
70397
68595
70963
67942
70756
71062
71371
68258
68446
67526
70713
70595
68598
71004
68348
68375
70203
67626
67927
69869
71024
70399
71482
68035
68389
69825
69486
69478
67749
71641
69321
67480
68103
70892
67729
69123
68995
70045
67639
70114
67228
70653
71361
68815
68262
67482
69604
68395
67360
67258
70118
70754
70495
71098
68632
70455
71510
70728
67452
71206
70782
69031
70801
70942
71210
71419
71484
68776
68611
67146
67798
71132
68853
71023
71259
70097
69576
67734
67469
70711
67528
68914
71369
68859
70987
68716
71418
70477
67986
68537
71231
70109
71318
67611
71327
67819
70595
70358
67538
70314
70674
70642
69240
70787
68547
71231
68952
68851
70759
70307
67537
71157
69224
69209
69710
70564
71812
71307
69180
71463
69608
71053
71311
70203
67890
68978
68441
69761
69135
68286
70265
69408
70839
71783
67362
70749
68678
69040
67393
70198
70755
68567
70702
71356
71130
70334
67903
71555
70689
67954
68769
67277
68135
70826
68874
69666
68497
67425
68302
67697
70396
69250
68061
69508
67426
68178
67705
68845
68285
70103
70633
70219
67654
67445
71027
68144
67488
70344
68272
71156
69279
69762
70461
70014
68166
68603
71422
68698
70089
69308
69256
71378
69488
69463
71659
71246
71203
71461
69939
67290
67447
70482
68827
69760
69517
70072
70037
68741
70389
68935
70018
70914
68562
68996
71358
70422
70595
70387
68575
71175
68362
69845
68064
71183
69216
67821
70027
69143
70704
69994
70557
68899
67782
69149
71218
68792
67453
68287
70879
68315
70598
71142
68511
67364
70809
68711
71102
67704
71791
68615
69010
67135
69684
68653
67448
69293
68422
67270
67328
67464
70105
68170
69340
70792
70625
70368
71628
71459
67212
71377
68058
67428
67735
69632
67525
70032
70729
71256
67670
71108
71162
67673
68795
67773
71352
70430
71393
71149
68467
68371
71123
70927
67314
69340
69397
67557
71605
71152
70459
71332
70555
68334
68740
70616
70719
68594
70756
68246
70185
69969
71616
67826
67166
70427
69664
71416
69119
71480
67782
68336
67715
70967
70828
68481
70549
69685
67489
71600
70894
69241
70822
70600
67310
69320
67767
68280
71073
67474
68486
68010
71389
71092
71326
71058
67533
71301
67425
70081
71516
67222
67480
68612
70135
68094
67561
70973
67664
71444
70900
69276
70656
71136
71397
70594
71293
70887
70193
67824
67093
67288
69395
68769
67799
69706
70465
67628
70549
67459
70298
71479
69753
70707
67373
67791
69211
70109
70667
71265
67925
69164
67470
70233
71122
70578
71054
68502
67625
68757
70411
70641
68067
70210
69265
67422
68460
68800
70782
70997
68653
69867
68235
67368
67115
68005
67660
70815
70259
71047
68619
68132
67616
69313
68867
71169
69923
70931
71021
70260
67466
71021
71086
69676
67807
71028
68442
70724
71445
67347
67547
69885
68774
67702
67813
70369
68311
71126
67909
67511
70080
70363
69912
68109
67622
67397
68513
70188
68952
68567
68063
67174
67737
71436
67311
68602
68064
70353
67395
69351
70805
69945
69781
69110
69246
67552
71237
71735
68201
70930
67537
67389
68443
71236
70453
67745
70458
69046
70650
69139
70621
69035
67520
71192
70594
71240
70390
69930
71370
67502
71226
68453
67493
70975
71685
69601
71019
69288
69504
70501
67842
67427
69300
69931
70102
68984
71290
67430
69540
67532
71546
68937
70921
69083
67387
71420
68459
68176
69632
69491
70515
67458
67494
67363
68790
69074
70177
68268
68086
70224
67679
68956
68273
71215
69326
69479
69901
69359
68269
70431
67829
67466
68988
71247
68143
67989
67821
71232
68830
68967
69441
68530
71120
70499
70551
68751
69418
71237
70638
67316
69611
68602
69113
68054
70630
67573
68293
70913
70445
69913
70909
68688
68888
67485
68439
70318
67638
69437
69620
71503
68794
67428
68670
71123
71356
70767
71540
69701
68938
68338
71106
70695
71347
68459
68975
70886
70432
71008
69711
71386
70434
66979
71084
71775
67437
70010
70191
67798
71372
70741
70675
70871
68165
69449
68871
70864
70371
71304
69013
68307
68924
70943
67524
67305
71311
70649
68627
70453
68849
70780
67521
68167
69367
71122
70261
67662
68579
69662
70268
70803
71309
68256
68439
71195
67433
70855
70999
68852
70939
70943
67407
70250
69958
71205
69326
67902
67894
67277
71481
68711
71305
67400
67500
69368
69096
70584
67205
70997
67647
67163
68334
66978
70930
68557
70499
68310
68505
67749
70339
70912
70400
71402
69793
67692
71355
69346
67130
67461
71500
68724
67356
68243
68397
70691
70740
70370
68996
67478
71687
67511
69102
67719
68071
70135
69524
68275
70746
70340
70349
70675
67500
70327
69865
69106
68717
70515
70076
67265
66960
70415
68758
70619
68363
69673
67604
70529
71368
70781
69287
68593
67275
69117
67993
67196
70550
70206
67555
68864
68258
67283
69890
68039
70525
67364
69340
68527
67180
70863
67858
71316
71557
70545
71140
68612
67085
67926
67349
70165
67222
68063
67404
67489
67578
68055
71461
69843
69706
67251
67706
67600
67462
69738
67917
69182
68131
67509
70663
70166
71053
67315
70685
67991
68142
68650
67421
70387
71209
68130
67799
70762
70367
67632
69516
71506
68193
67997
70558
68257
67854
67277
67401
71402
67594
67602
70676
70919
70895
69403
69193
67002
70973
70705
69584
71297
67751
68107
71284
71218
69236
67518
67428
69638
70631
69204
69606
69916
68098
70094
68935
71691
67194
70976
67533
70976
67323
71006
71676
71229
70135
70790
70606
70363
68898
70272
70372
67634
67215
67970
70006
67309
71808
67626
67441
67522
69970
70885
70950
68854
69219
67867
68023
70659
70001
71061
67691
68846
67448
67845
67830
67237
70771
70713
67294
67735
68166
68049
67574
67793
70010
71190
71004
69899
67282
68574
68713
69120
71284
69331
68508
68712
70734
68924
71066
67363
67742
67397
67989
67976
67310
67650
68245
70457
68134
70310
70709
70904
69350
71119
67544
69406
69689
69844
69236
67670
69319
70313
71383
70003
71279
69969
68331
70746
70974
68199
69192
67755
67746
68809
67598
69546
70306
69742
71366
67544
67518
69805
67450
67512
69179
71095
71255
68174
70605
68322
70722
68987
69388
70060
71114
69975
67921
68999
68182
68262
70058
67954
69620
69740
71074
67410
70192
71193
71011
70485
70026
71030
68718
67458
70855
68314
70897
71097
68753
67545
69098
71287
67407
70782
70407
67150
70193
69499
69468
71336
68410
69296
67377
67904
68269
69460
70507
70401
69152
70257
71174
69858
70173
71334
68632
69741
67795
69944
69890
71135
67541
68785
70998
71275
67997
70503
67682
69459
70016
69625
68234
70275
69665
70373
68816
69924
71235
69227
71575
70887
69103
70484
70490
67345
71556
70934
68328
69171
70742
67827
70797
71880
68229
68586
67229
71379
70665
69612
67500
70659
67472
70936
69058
70700
67590
71169
69301
69619
69236
68080
67253
70569
67098
70031
70681
70862
67839
71196
68386
70584
67671
71357
67560
71568
67434
67722
71507
69652
67408
66957
71372
70105
67493
67424
68031
67643
67245
69924
68379
70109
71295
70296
68955
67082
67806
68522
67474
68187
67841
69646
70824
67581
71043
70979
67354
70037
67946
67106
68505
67843
71028
68192
71066
68103
71074
71187
71671
67609
71519
69394
70227
67927
70884
68420
68269
67483
67465
69240
69225
69095
68408
68128
67537
70697
71620
67462
69184
71428
69137
70638
69844
70602
70025
68273
71328
67184
71027
67970
71259
71582
70238
67868
70785
69338
67990
67372
67930
67194
71032
71331
71222
69370
70617
71432
69545
67004
69402
67582
68999
67407
71455
69236
68035
68774
67545
69555
67739
70830
68916
69626
67186
68254
68788
71416
67774
68061
71174
71100
69039
69269
68655
69589
71375
70436
71570
69970
71086
68609
69583
71315
67723
67830
67332
70088
68467
67249
71043
71548
67549
68103
69188
71562
71238
70168
68344
67801
67979
68078
69293
67761
70697
68214
71428
67740
68711
71189
67513
71067
69419
71091
67685
69645
67562
70376
68022
67484
68263
67968
67399
67735
67205
67333
68235
68539
67373
68561
67775
67854
67395
70729
67843
71726
67316
69874
69841
68141
70523
70033
69676
71346
69735
70306
67442
71263
69785
67694
67645
69019
71701
67417
67090
71213
68917
68856
67553
70994
70815
70964
68653
68685
70870
70919
68247
70074
71167
69851
70734
68366
71262
67602
70955
71049
70353
70277
71106
71540
67562
68979
67383
70832
69006
68097
68719
67170
69130
67504
70205
70777
70297
69118
67643
71238
67416
71311
69070
70516
71352
68356
68361
70472
67905
68066
70042
71225
68790
67840
69112
69674
70978
69056
70587
67995
67150
67946
70765
71258
70098
69304
69938
71188
71081
70920
71317
70763
67477
70983
67739
71300
71305
67444
70201
71303
71389
69025
70144
67505
67655
70902
68237
67718
69893
69191
70483
69813
67702
71192
70539
67773
67293
67815
70511
71279
69954
71340
69976
70124
67608
69813
68533
68690
67498
67741
67356
67673
68891
68029
68191
67504
67509
71516
68846
69549
67956
71027
71095
70432
68141
68110
71377
67995
70980
69804
67453
70770
71124
68301
69748
69634
69245
70934
68707
69044
67567
69315
67818
71210
67116
68228
69924
69926
71328
68694
70877
69033
67413
70611
67559
68408
67551
68330
69950
68631
70901
68295
67423
70992
67262
70742
68079
67654
70850
67983
67169
68126
67673
69637
68295
70131
67627
67309
68062
71332
67686
67905
69959
71287
69498
70699
68057
69672
67417
70168
68019
70425
67603
68542
70377
67973
71507
68839
70253
70467
69502
67703
70915
70922
69604
69841
70992
68836
67591
70259
70401
71168
71584
67370
68741
67377
70445
70298
71482
68932
70202
70250
69858
70669
67661
71283
68143
70519
67202
67724
68784
67991
68643
71656
68830
67379
71595
70514
70546
67281
68730
69286
68735
68578
68613
67739
70209
68444
70513
69893
68499
71463
71215
68959
68243
70955
69928
70819
70918
68554
68225
70845
71560
70434
71294
71310
67374
67874
68338
71622
67359
67665
67105
69524
69684
71013
71164
71243
67413
71428
71206
70423
69341
71290
67521
67822
70812
71233
71627
70221
70813
67722
69605
70916
68329
71080
68674
71369
67506
70252
67154
67768
70607
70682
71211
71602
71180
69872
71350
71028
67286
67838
70283
70856
71008
71417
69824
69090
70349
71376
67226
71027
71316
69499
71248
70840
71075
67694
71360
67656
67008
70598
70850
71236
68378
71242
71075
67490
70605
70125
70878
67440
69216
71667
69680
67489
69973
67647
70558
68883
69476
67394
71266
67576
69688
68786
69712
68020
70429
67261
68676
70480
67883
71566
70233
71382
70217
67826
67708
67705
67697
70776
68753
71079
70138
71574
71175
71429
67599
71047
71215
69793
70651
68478
71029
67797
68444
67522
67834
69061
69607
70330
71387
69635
71327
70412
68815
70121
71097
70447
67680
71272
70423
69164
71620
67418
70735
67570
67539
71304
67852
70823
67571
71294
71288
71098
70758
71064
67533
68749
69026
70285
68002
70914
67827
67508
70474
70461
70989
70234
67398
70756
67526
67052
70174
71246
71106
67524
70194
69505
68040
70959
71299
70005
68633
68318
70454
68043
70351
71138
71342
69690
71464
71612
71159
69234
67310
71238
68527
67926
68846
67808
67785
67170
67507
67874
71021
71636
67497
69180
70968
69730
68827
71150
68578
67929
67620
67605
69894
67412
67591
68007
67336
70449
71579
67970
67989
69555
68043
71286
71046
69485
71011
69632
68123
70406
70821
69103
70113
68469
71431
69705
67563
68527
69270
68550
69866
71437
67448
68856
69050
67921
69340
68738
68414
71258
68064
68003
71189
70039
68983
71136
71379
68426
71284
68320
70222
69553
70607
68947
69978
67851
67880
70602
67443
71292
70876
69384
70539
70266
71155
70360
68169
68790
69565
68970
69433
70149
69661
69503
68652
69336
69253
70050
67308
69385
67433
70424
71449
71064
69361
69303
70460
69753
69155
71256
67605
70395
70319
70061
67280
68940
69834
69397
71371
67778
71087
67665
67892
67536
68635
71415
67937
71083
67956
70031
69047
67435
70781
67466
67813
69360
67950
67477
70942
68138
67244
67372
68724
67451
70710
70957
69096
69140
68532
68627
68411
69802
67414
69075
68577
70158
68330
69520
68659
67471
70181
71134
67799
71343
67994
70147
67687
67911
67212
67293
67639
68790
67528
68938
69534
69720
71288
67663
70528
67435
67289
68749
70347
69846
67511
67618
71004
67784
68979
67101
67447
68650
70148
68991
68971
68099
70456
71572
69961
71059
69062
69968
71604
67701
70539
67460
68194
70046
67896
69797
71310
68801
67839
70004
70983
67285
69484
67904
69249
69207
67690
67083
69654
69942
71241
71663
71211
70879
67283
67839
67389
67495
69934
68292
70107
71208
70610
71120
68799
69151
67973
67354
67405
70726
70683
69092
68571
70836
69120
70269
67323
67782
69280
67294
67832
70458
67228
71238
67496
71362
71004
67306
67306
67171
70309
69223
67660
70370
70575
68430
67267
69860
68263
70202
71274
71099
70368
69064
71294
67902
71162
68913
67448
70675
67401
70778
69467
71032
71157
68920
70089
70535
67931
67633
70821
70776
67314
70621
69084
70617
67658
67924
67375
67544
70986
67773
69990
71714
69119
67952
71491
71094
67518
67760
69481
71155
67174
71607
67740
71252
68098
70794
70555
67947
67893
67583
70070
67728
67539
67100
67956
67299
71318
69133
70542
68479
69961
69287
67866
68553
70785
69481
68264
67911
70004
70735
70519
69119
68123
68846
69751
67004
71091
70350
68482
70275
67373
71678
67812
71539
67426
70850
69395
69568
70197
67969
69857
70690
70866
71250
71293
68415
71010
70925
68109
67368
69804
67802
70917
71232
70815
67832
67905
67836
68919
70306
70155
67630
67694
67882
69894
69387
69802
67516
71426
67271
71046
67766
70607
69935
69303
67814
71261
71067
67985
70423
67899
71461
67626
70761
71209
67566
71746
69569
67313
71441
67789
69787
67721
68302
67860
69062
70796
71083
67733
69246
69495
67450
69923
69683
67631
69749
71506
69941
71602
70865
71495
67285
68046
71687
70032
71738
69338
71328
67931
71292
67462
71381
68163
70530
68295
67511
70263
69201
67197
68079
69710
68791
71337
70475
70279
67533
67731
69267
71266
69386
67830
70930
71098
69987
70869
67974
70258
70967
70504
67758
68503
68631
66988
68060
68658
68118
68835
67910
68603
67446
67452
67590
67365
70125
70587
67298
70665
68092
70892
69975
71298
71287
67959
68489
71372
71785
67529
69861
67811
67540
70786
70668
70779
68334
68426
70701
69450
70284
69491
69857
71063
71303
70459
68544
67838
66958
69630
71013
68569
70681
67160
66991
67195
71462
71114
70314
70324
67285
71228
71070
67583
69040
68543
70222
70646
69123
67252
68532
71461
69800
71229
67639
68208
70678
68950
71198
71137
68721
70951
67212
69516
67885
67889
69247
71431
68278
67897
68527
69638
70058
69554
68244
70443
71052
68543
67522
70886
67615
70886
71064
69352
69401
68968
71493
67226
69235
70419
68071
68023
68801
68628
70641
69806
67762
70455
71632
67521
70660
71280
67382
71472
69219
68539
67233
68199
68251
70331
67403
69645
71346
70643
69037
68961
71129
71058
67475
70274
70261
69467
70443
68077
68796
69911
67611
67850
69926
70544
68694
71363
68710
67939
70655
68840
70509
71091
68154
71543
68201
70319
67954
71363
68879
68583
67644
70591
69111
71113
71026
70728
69086
70342
69742
67501
71022
67237
68019
70357
71304
67926
68918
70640
67432
70662
71179
70912
69589
71103
67335
68442
66968
68913
69741
70666
67666
67120
69756
69225
69489
67431
71180
70798
67617
68429
70560
67978
69563
71122
69685
71407
69795
67750
67625
69123
68189
70355
71199
67322
69618
71188
68567
70227
68069
71298
67164
67557
70456
70974
67329
68774
71219
68415
69271
71239
69656
70951
69456
67560
70527
70734
67681
68681
67765
71203
67833
70273
71745
69880
69612
69906
67623
71105
67485
71279
70759
69002
69540
69395
68393
67960
70729
67633
70471
71407
71545
68378
71295
71740
70823
70494
70302
67714
67542
68762
68653
69189
70367
70261
67885
67475
71245
68405
71227
69717
69128
68290
67594
70881
67782
67698
70305
70889
69111
71147
67662
71068
68907
67426
67435
71278
70054
70577
68436
68063
67442
69683
69781
71289
71291
67837
70183
67374
68190
67408
68211
68824
69801
67706
70566
71259
68691
68937
69873
68281
67477
70341
70335
70628
67368
71332
69184
69390
67266
69140
67593
67752
71725
70147
70722
68034
67306
69155
70108
71512
71391
67851
67202
71376
71515
67591
68526
71138
69505
68103
71318
67446
67693
71896
67549
70489
69311
68182
69579
67468
69420
70746
67309
70797
69099
69611
67510
70917
70476
71480
71683
69915
69813
71087
70618
71051
67420
67307
67882
71118
69258
70292
71451
67901
67313
69249
70990
67437
69199
70470
69580
67292
69550
69856
69646
71348
70290
69099
71572
70419
70628
67323
70126
67869
67908
69901
68777
70450
71602
67276
67298
69272
70069
70322
71637
70054
69706
68553
71644
68907
71099
71346
69148
67421
68195
67461
67702
67377
69430
69010
68304
67562
68085
70979
70969
68658
67897
71317
69719
67302
68499
70314
71135
67656
71251
71714
71019
70147
70242
68603
71160
70557
68121
67516
69175
71075
68306
67281
68211
67556
70952
70779
69235
68643
67855
67290
70551
67068
67468
68154
68967
68395
67417
68786
70391
70877
71619
71622
70000
69054
68821
68025
67378
68960
70004
68955
71191
70011
69854
69825
70414
67393
68430
68376
68385
67640
68774
70473
69393
67659
71608
67484
68588
69260
69363
71140
68114
71068
70970
71059
71206
70184
69891
69300
69589
69384
70307
71010
67677
67610
68957
71411
67683
67181
67991
67661
69017
69377
70678
68964
69379
68955
67586
70838
68165
68165
69136
70917
70328
71138
70263
71256
67067
70502
70835
71643
68051
69294
67497
70786
67841
67626
67652
67711
71523
70418
71317
71289
69624
67575
68179
67977
67165
70947
70374
67296
68150
70922
71300
70993
70910
70448
68053
70297
69557
68279
67969
70898
67949
67475
70404
70261
69545
68578
71099
67507
71207
68178
67554
71698
70856
71210
71179
67437
69343
68880
68193
70333
67661
71400
67637
70973
70736
71656
71760
67557
67789
68483
67766
71272
70883
71119
70345
70703
69254
67193
68660
70757
67861
70222
68686
69527
69879
70223
67985
70759
68303
70890
68402
69341
68628
69805
71218
67624
68342
67580
70600
67786
70628
67276
69934
69435
67539
70279
67950
67396
70787
70102
71255
71097
68478
67701
68896
71223
67578
67229
71570
67594
71179
70459
67384
69167
70810
71526
69771
68409
70902
68061
69116
67378
71399
67342
68108
67126
67129
69493
70477
70421
67151
71354
67507
67713
69567
67323
66851
67436
70328
67506
70545
71061
67878
69434
71171
68169
69427
69541
71524
69314
68351
68747
70984
69459
69519
70303
69075
67972
71516
68994
71531
70130
70234
67755
67324
71166
69683
70544
68372
70790
71669
69939
70223
71289
70865
69966
70609
70623
70105
70707
71371
69862
70736
68198
69993
68001
71258
70843
70617
68591
68970
70872
71153
69111
70649
70322
71439
68997
68450
71131
70843
71228
69054
67737
69894
67932
70154
67756
69580
70737
67436
69395
67863
67185
70437
70395
67870
71314
71282
70397
67230
67441
69600
70713
67982
71038
71525
68755
71316
70849
70740
67614
67372
68460
70727
67822
71569
68272
70425
70399
68920
68078
67454
68756
67327
67403
67365
69363
68566
70349
68380
69236
69341
67472
69734
68715
67942
69355
69195
70634
70722
69558
68223
71230
69334
67277
67412
68270
70751
71233
71105
68181
67248
71321
67405
67014
71096
70355
70138
71051
70271
71545
69340
67663
68293
69365
67544
67862
70220
70927
69725
69858
68834
71138
67474
71426
70896
67638
67774
67428
71342
71290
71524
69492
67706
71545
70105
67288
70185
68411
71215
70110
69657
67649
68703
67549
67440
68625
71151
68449
67910
69052
68902
70162
68575
67641
70057
70502
69896
70267
71322
70172
67899
69536
70336
71173
68675
67634
69131
70291
67841
71269
69081
68468
68025
68781
70608
68554
68298
68751
71123
68920
70925
67665
70863
70106
70690
69461
71447
68290
68322
70737
71282
69930
70754
71480
68528
71362
71584
69688
68154
70932
69165
69909
67366
71863
67523
69264
67912
68948
67796
70222
71314
70440
70247
68039
70472
67081
67327
67765
68349
70076
67583
67189
68139
70439
71764
67355
68547
68885
68153
70156
69914
71659
67252
69246
69330
71131
67725
68423
69094
68941
67369
69702
69565
71124
70454
67931
71020
69248
67437
67951
67689
68002
69836
68843
71265
69368
70807
67721
69657
69386
70719
70360
71506
71535
69122
67236
67954
71184
68260
70845
70662
68045
67415
68062
70586
70685
68909
71564
68305
68363
71202
67124
67633
71309
67679
69645
71378
69251
71102
70010
70193
70425
67949
69409
67397
71300
71156
70073
71255
68531
70051
68318
68755
67931
67300
71176
69295
68111
67467
68785
71002
69754
69215
70759
70931
70422
71399
69530
71278
68610
67189
70458
68633
69295
67799
69443
70973
67012
68307
70866
71315
67443
71352
68364
67842
68794
70980
71721
67293
67506
67940
68154
70586
71086
70700
67113
68662
71191
69483
69497
69662
70577
70270
67840
71335
70475
69565
71346
68454
67193
67233
70786
69654
71127
67596
67454
67341
68831
67759
71516
71344
67410
68581
70427
71320
68238
69162
70406
69974
68560
69560
70863
70696
67558
69611
70261
71371
69765
67352
71587
68514
71153
70935
67277
70029
71097
70938
69958
70661
69978
68487
69442
67155
67298
68708
70704
69656
70718
70482
67884
70788
69196
68103
71310
69790
71651
70212
70754
67733
67749
70892
71000
67554
70795
69305
69301
67451
68558
69527
70155
67680
70205
69553
70357
68048
67440
69941
71071
70531
67296
70308
70991
69447
67484
67890
66947
67661
68539
70947
70339
71108
69967
70847
67316
67762
71570
69593
67990
68010
67314
67217
69004
68720
70111
71168
68522
71118
70960
70109
67798
67830
71281
71456
71099
68916
67493
70780
67739
69645
68110
67129
70238
70021
71087
67394
68792
67517
70709
69964
71537
70442
67524
67367
71367
70485
70067
67795
70970
71205
67313
67522
70452
68307
67500
69890
69564
70257
71087
67808
68063
68478
71388
67445
69545
68390
69149
69623
71703
68841
68678
70185
67465
70502
70910
69818
67364
67699
70900
70180
69250
69203
71446
69148
71538
69095
70786
68914
68694
70995
69203
70049
67375
69231
68273
67434
70272
70831
68781
68867
70351
68829
68800
67198
68533
70206
69564
71019
68191
70782
70979
67565
67967
70887
70532
69804
69178
70447
67833
69523
67764
67436
69028
69731
67921
67594
70683
69188
70432
67538
67945
70477
70266
70942
71066
70017
70595
67462
69189
70782
67659
69589
71460
71887
70904
67382
67968
67625
67221
68390
71139
68606
71124
70735
67729
70517
68077
67458
67795
67797
68113
71419
70434
70910
69216
68613
68634
67770
70657
69552
68921
67676
69897
67642
70469
69693
67709
70679
67319
70213
70826
67634
71399
71188
69306
70917
69636
67594
68728
68520
67855
71260
67373
70875
69971
67549
70346
71058
70923
68885
71268
70295
71095
67582
69524
67312
68323
71037
70804
69179
69108
70324
69239
69690
68714
69622
70718
67604
67041
68135
70982
70898
68707
71076
69514
67604
69829
67538
68581
71048
68514
68154
70101
68519
67448
67637
70885
69780
69686
68632
71019
70294
71156
70815
67618
71501
67442
68253
71495
67957
70879
67750
70301
69902
69050
69403
70579
69383
70460
68581
67455
69733
69517
71311
68616
70732
70518
70982
67105
67585
69443
70157
70664
70736
71448
67945
67299
71432
67624
70855
71351
69272
71317
70690
71159
67762
69813
71364
70830
67344
70802
68726
69793
68779
70817
70443
68282
70834
67340
70780
70165
70048
70909
67424
67327
69674
67371
71085
70550
70700
71060
70824
69897
67602
70206
70470
70580
69645
71291
70994
68341
67939
70122
69285
68458
69103
70678
71559
67957
67188
70015
69903
67733
67637
68302
69032
68785
68183
67537
67451
68199
70455
69029
71395
68072
67319
67264
67583
67731
70397
69782
71169
67645
68179
68781
67442
67418
69071
67722
71461
68302
70749
67461
68324
69204
69571
71274
69686
67403
67667
67505
71680
70335
71182
70685
70229
68244
67564
68724
69806
68002
68295
71398
70193
68939
71227
71025
69755
67965
69255
69878
70781
70534
71188
70422
71091
71542
71383
68694
71438
67814
67833
69762
68070
71437
68558
67109
70993
67648
69427
70806
71488
68832
67442
70126
67958
67773
70823
68122
67336
69217
71214
70567
68650
71187
71220
71043
69629
67935
67787
67476
67485
71409
69657
67554
70751
69027
67725
67584
68258
70526
69074
70189
70671
70982
70050
69003
70895
71253
70976
71367
69647
68468
68282
67081
69315
70773
68859
69632
68734
69888
70994
71331
70823
71100
68591
68508
68760
70619
67500
71258
70666
67478
71015
68622
67730
67277
67517
67083
70261
67738
71454
70574
68523
71178
68834
67530
67632
68747
71054
68954
69034
71079
70659
70323
70707
68041
71573
67711
70706
68218
71670
71100
70784
70004
70180
68354
68195
67728
71001
69294
67625
68314
67929
69600
71273
68134
70193
70912
71428
68147
67400
67741
69682
69589
71274
70053
71024
71364
68196
70317
67440
70884
67793
70721
69216
69996
70995
70640
71604
69373
67399
67455
67557
68086
69303
70494
68854
71108
69362
71498
68234
67378
71684
70839
68361
68802
67629
71007
68876
68748
67823
67581
69754
68555
67062
69674
71423
67521
67210
71063
70123
69657
70423
67582
67766
69255
69906
68393
69612
67703
71219
68058
71264
70538
70683
70663
67383
71177
70671
69909
67939
67905
71227
68846
71403
67664
69373
67818
67995
69244
69976
68863
67568
70866
67125
69140
70315
70883
71476
69809
71266
70277
71591
70958
69730
68911
70895
71361
67462
70426
70319
69705
71467
68786
69543
68065
71355
68158
71374
71918
70415
68780
69006
71043
69499
69474
69214
69356
71266
71044
70433
71035
67878
71375
70890
70582
67823
67654
68618
70958
71369
69817
67571
71721
68138
70409
69055
70771
69670
68616
68855
70446
70553
69520
69805
67496
70027
69995
70008
69408
70224
71241
67894
68051
68353
67620
69858
67845
71079
71182
70798
67550
70295
68074
71018
67222
69584
70924
69897
71180
68374
71739
69675
69759
69411
71435
68055
70146
70644
67558
69236
70689
69154
71046
68041
67487
70271
70762
68972
70514
68027
70502
71564
69021
70562
69091
69252
67961
71240
70935
69822
69933
67814
70369
70326
70854
68029
71072
68035
68860
69085
71148
71230
68815
71257
66933
67332
71168
71134
71266
71341
67616
70491
67687
67927
67536
67693
67636
68138
71451
70146
70819
70605
71349
71763
69877
68148
70966
68082
67083
69418
67928
67780
70346
71268
70192
67749
68424
67753
71463
69615
70271
68648
68983
68499
67653
71015
71099
69169
68519
67766
67956
67721
71623
71382
67924
70826
69860
68617
67734
70720
67826
69500
71536
68319
68920
67707
69424
70510
70876
68991
67417
67751
67707
67412
67445
67880
71195
68529
69918
67519
70882
68854
69950
71402
67788
67940
70828
69522
71486
71299
69495
68639
69304
70574
67222
67157
70194
70811
71016
67764
67680
68099
71012
67903
67254
69225
68947
68990
71102
68765
70637
71304
70783
70065
67765
69008
69715
69413
69326
68492
70259
68890
69518
70423
71052
69327
70729
70529
70615
68124
71606
70632
67946
71571
68600
67376
67632
70393
67404
70266
68438
70584
70255
67703
69204
67480
68515
68446
69630
70493
67351
67449
67625
67825
68129
67946
67940
69749
67556
70845
67769
67591
70701
71020
67193
71358
67535
67225
71455
68986
68119
68329
71525
68128
68357
69807
68916
68738
71215
69702
70030
69148
71291
68078
67490
68388
70077
68113
69040
69997
67538
71273
67350
67426
70596
71141
68143
68860
71446
69623
69706
70503
71108
67808
70316
67998
71251
70480
71537
69669
67458
70057
71495
70245
71439
67691
68166
70084
67344
69942
71317
67581
67430
69972
71316
71211
68258
69545
70739
68407
67592
67206
71856
68317
70489
67225
70377
68082
68999
71211
70537
67842
69856
67682
68871
67430
70189
69027
71315
70605
70094
68050
69769
71466
67770
68162
70647
71450
70539
70488
67727
69868
71278
67438
69436
69039
68401
71550
71026
69311
70735
71036
69038
68281
68102
67403
68959
70041
69741
67370
71035
68403
67434
69306
70928
70500
71542
67666
70419
67340
67033
70628
67617
71446
70930
69385
70716
68482
70493
68098
67697
67821
71467
70264
68193
71498
67501
68879
67604
68631
67844
69490
68998
69298
71341
70392
70644
69565
71163
68901
71117
70678
68800
71230
71043
69116
68999
69822
68960
69862
68507
71090
67382
71183
67171
70953
70722
70815
71371
69658
68819
67160
70399
68274
69715
68269
67699
68435
69281
71104
69412
67790
70555
71141
70012
67914
70417
70571
67312
70190
70180
66850
68017
69303
67266
67357
67977
67281
67897
67605
67579
69604
70696
68708
68338
71243
70972
69694
68526
68430
70189
69075
71274
69578
67889
67386
67492
70627
68304
71218
67805
70485
70740
71344
68533
67561
67373
71136
69537
68723
71689
69679
67638
68102
69194
70916
67829
68130
70935
67503
71308
67574
68560
71111
70907
70975
68917
69356
71240
70971
70272
68182
70666
71154
71372
70516
70315
68629
69973
71352
68161
70352
67132
67955
69163
67772
67918
68019
71468
69032
68126
71387
70029
70754
68646
67002
71096
71195
70502
71136
69422
71390
70879
68035
71444
69662
68849
71093
71422
70324
71391
70809
71158
69551
71131
67532
67905
69024
71623
71177
69476
68830
68795
67509
69552
71150
70313
70966
71129
70884
68545
71234
69123
67319
68875
68163
67302
71097
69696
68629
67186
69113
70608
70294
67225
70978
68767
71419
67566
68650
69054
67810
69868
71119
68486
70469
68845
67574
67851
67082
67682
67601
68922
70902
67644
68394
68641
70566
67922
71474
69389
71416
68249
67523
71460
67464
70770
70031
68134
66949
70772
71124
68004
68403
71347
70002
68282
71040
68525
68696
69946
67272
71323
68611
69597
70877
69525
71050
68508
70441
67242
67598
70443
70141
68231
70442
69796
71331
69683
68241
67066
70468
67751
70251
67884
71298
68541
69355
70959
67985
70060
71434
68769
70138
67433
68425
68786
67933
67402
69049
67878
68023
71505
70078
70335
69458
71318
70779
67878
71619
67529
67478
68552
69713
71172
67660
67600
67319
71324
68940
69421
68547
67571
70808
70320
70935
71121
68967
67301
71416
69375
68789
68810
67429
71176
71156
70213
69431
68418
68712
67403
70815
68470
70589
70456
69221
70682
67541
67570
67671
71278
71071
67629
68844
70964
71413
70033
67938
68733
67169
67528
69371
71507
69219
71147
67435
68620
68344
67807
67582
67653
67473
69878
69813
67959
70166
67485
69357
70090
70431
67446
70564
69908
67948
70186
70971
67417
67227
68977
67624
70585
69641
71287
71251
70642
70872
69676
68621
69280
71230
69727
67416
67694
68721
71572
68710
69523
68352
67786
68454
67735
68307
67722
71044
67623
70922
70597
67497
66988
70197
69699
69664
68824
67619
67554
69701
70379
70963
67045
67649
68018
67794
68515
71061
67787
70910
69007
68495
66986
70058
68397
71257
70550
67647
68521
67182
69535
70903
71502
70498
70502
67733
66870
69244
71039
69475
68028
68378
68186
70995
67967
67656
71343
69966
67332
71496
67877
70127
68163
71266
68013
71236
69668
69405
71168
68423
67677
68709
68258
67685
67701
69938
71317
70454
71353
70455
70164
71150
67636
67349
67390
70373
68374
71555
70463
67641
67601
70487
71168
69728
70541
67721
69950
68909
69289
67986
68070
69586
70903
67578
67383
71148
68117
70800
69494
67951
70223
67352
67948
68055
69831
67581
69293
68943
68331
71226
70615
69271
71084
67453
71501
68800
70443
69003
70261
69225
67888
68671
71202
71305
68482
70831
67295
68854
71252
71182
67461
68541
70620
67400
67021
67960
67844
67569
71467
67483
69211
67556
69633
68118
68250
69427
67417
67740
67003
67755
71569
70168
70603
70650
70454
70853
68395
71511
71099
70933
71625
67278
68095
68044
70660
67356
69988
71247
66988
71003
71354
70801
68694
67978
70454
68034
70590
69115
69166
71335
69176
67731
70571
69373
71417
69348
67319
71086
71604
70940
69711
67637
69347
70402
68755
70878
70790
70647
71740
70495
67214
67196
71436
68261
67632
70633
67335
67556
71053
68333
68669
68451
68556
68346
70269
71537
71210
67922
71001
69820
68367
67597
70470
68021
70476
69103
70773
70184
71007
69314
67336
69011
71234
68963
70175
68607
69047
70102
70638
68039
68651
69468
67591
68185
67163
71115
67715
67376
70845
67515
71202
67840
70825
70930
68034
68189
69829
69030
71205
69555
69409
68372
67554
70788
70693
68229
70847
68746
69680
69561
67709
68022
71098
67649
70769
68347
68771
69060
70332
67194
67988
71304
67697
69373
71225
69375
67856
69022
68854
71504
70851
69246
68825
67349
67444
68610
67392
68638
70991
71431
67358
71307
67545
71352
70553
69849
70991
67238
70646
67647
68784
70875
71145
71237
70583
67522
67267
69065
70030
69664
67700
70890
71050
71332
70842
70916
68429
70063
67142
70818
69710
70622
69007
68612
71182
69092
71549
68715
67758
67633
67626
68082
67594
69893
70860
70087
68994
71146
67851
67389
67813
70996
67573
70894
67633
68297
70089
70549
71377
71549
71055
67454
70537
70719
67898
70661
68277
68151
68807
68530
68539
70146
68120
71142
70560
71256
70955
67177
70390
68916
67381
68214
71136
71327
67709
71012
69346
68263
70848
71318
69169
67466
68884
67947
69837
69889
67621
71004
70939
70351
68174
71454
68731
71333
71716
69008
70619
70707
71228
68786
68468
70955
70759
67586
67713
69661
70136
69161
69051
67616
67284
71019
70304
70840
68108
71175
67105
68707
70569
68198
68087
70656
67630
71039
71350
68875
70399
70201
70808
71224
68363
70601
67041
70587
71258
69481
70670
67604
70847
70620
67634
67963
67398
71252
67534
68448
67428
70759
69760
71159
67148
70655
68888
67570
68399
70286
67648
67376
68282
67869
67637
70201
70407
71195
69745
68182
68998
67292
71277
70673
67266
70105
68924
67430
68018
68322
70211
69897
71207
68102
67853
67870
68519
67811
67316
71342
71278
70860
69343
67215
67748
70499
67991
70970
70408
69515
68867
67604
67708
71012
70914
69014
67950
67353
69068
69818
68185
67353
71402
67756
69143
67737
70757
69215
68991
67679
68252
70698
71395
70252
68312
67783
68689
71561
67892
70842
71424
71655
71003
67362
71445
69414
68390
70731
69962
67665
67317
71071
69196
68671
70993
68978
67918
70730
69182
69460
69596
67740
68039
70916
71976
67172
67712
70294
70117
68370
68232
70374
68427
68611
71023
69385
71172
70985
70494
69428
67815
67527
69044
70926
67604
67350
69694
67766
66892
67566
69506
69368
69727
68147
71126
71150
70577
69187
70698
70814
67450
68476
71475
67717
67516
70887
71481
71429
68268
68679
71030
70883
71755
71143
71048
71306
70213
67605
69452
71129
67897
68278
68374
68178
68425
67938
67678
68488
68649
71117
67577
70149
67422
71308
68553
68260
69595
71118
70236
69597
67345
70522
70289
70940
69024
69294
67622
68126
69019
67825
67746
68634
70781
69369
71201
67421
71257
67513
68136
69526
69098
68670
70722
67463
71087
68087
70461
68243
69424
67429
70190
71475
71273
68561
71180
71491
67437
71094
68299
67283
70422
66885
68156
67305
67954
68458
67602
71387
69591
69087
67316
69538
70242
70586
68614
70661
71081
71139
69121
68272
71327
70605
69128
68326
67913
68960
69944
71248
71072
71175
68971
67313
68720
70179
67590
67297
71139
70065
70078
70030
71657
67310
70133
67416
68710
69887
69860
71339
67707
68652
71038
68205
69381
71140
70958
69192
71083
70414
68498
68402
68187
71272
67727
67436
70655
68252
69624
70955
67826
70219
67209
70539
67931
71255
68630
67510
71183
67352
70631
67168
71223
67934
67192
67684
69128
70803
71422
68117
69391
67682
67554
68086
69952
68246
67981
67083
70657
69068
67094
67554
69699
67640
69774
70510
70026
69458
68859
70897
69700
69955
71439
71578
71402
70154
69591
68285
71168
67735
67866
68643
69631
68198
71059
70347
67221
71191
70961
70934
67153
70950
67168
68332
69687
71175
68551
67538
67733
71728
67541
68279
70473
70510
67610
67256
71524
70807
67378
70055
67506
70563
67693
71650
67072
70938
71148
67515
69168
68695
69251
68852
68523
69549
69163
68096
68267
71641
70914
70716
70732
67138
71328
69035
69382
70999
69088
71141
67310
67750
68081
67542
69035
68242
70797
67080
71397
67062
71311
67179
71115
67759
68366
71648
68323
71151
71397
69907
68623
69983
71039
68094
70930
70774
68038
67629
70048
67377
71215
71497
67813
67703
67604
67410
70505
67498
70737
70911
69879
67128
70597
67918
67782
68107
70269
67024
70739
71513
69140
69945
69604
69690
70427
69210
67274
68101
68859
70482
68583
71315
70635
68251
68181
71600
68030
71516
71520
68123
70645
70879
70059
70986
68499
68307
69143
69710
71407
71251
68023
68226
71169
68718
69239
70365
70324
71314
70806
68143
71008
69702
68547
70024
70041
70686
70981
70123
68379
71040
67148
67370
69734
67569
71185
68065
68589
69965
68312
68909
71200
70758
70819
68576
68356
69280
70109
67152
71025
68305
71239
70967
68019
70814
68451
67894
71379
70667
71358
68931
66918
68336
70366
70638
71218
68346
66994
67709
70434
69046
68012
69497
71080
67613
69669
70509
67682
67280
67599
71247
67589
68740
68752
69327
68498
71305
69460
68009
69850
67625
70518
70232
71089
71806
67892
70178
67429
71020
70843
71203
67574
69023
71051
67053
67242
71191
68788
67185
68367
68711
70138
68971
68679
71573
67815
67428
67721
69940
71333
70964
67478
67326
67985
70075
67300
71055
71807
67239
68990
71432
68543
70924
70625
68444
69711
67563
67905
69640
69600
70885
71418
67953
70570
70955
68427
68926
67273
67352
67018
67247
68223
70711
70767
68550
69812
70951
71197
67469
67505
67751
71248
71163
70967
69190
71088
69571
71283
68805
69753
69945
67697
71349
71903
71085
70980
70784
67449
71378
69372
71315
69119
70252
68517
68650
69949
68575
71367
69477
69823
67550
68664
70111
69625
67894
67142
70253
68406
69725
69253
68414
67681
67623
67778
70318
68946
67622
69474
69907
67679
67273
68102
70587
69541
67293
68421
67488
67589
67258
69064
67555
68194
67549
67734
67630
67382
68249
71254
70919
70322
67390
67819
70586
71282
71092
67424
68086
67923
68143
70270
68853
68071
69311
69152
67397
70750
70630
70447
67802
67326
67428
68899
69295
70550
68016
70481
69997
68216
68603
68045
67416
67604
71094
71101
71254
68808
71533
69247
71046
71200
67638
70956
69188
67694
67503
67454
69529
71478
71172
67928
67505
70971
67266
67072
70422
68030
69628
70659
69141
70958
67905
68394
70242
68923
67255
68993
69620
71384
71381
69958
70970
70457
69129
68983
70007
69111
70819
67846
71340
71265
68448
68287
70451
68305
67028
67383
67995
71163
67334
71057
68917
70798
71233
70299
69467
68600
71435
70589
69584
67663
68804
71303
69785
67341
69946
69878
69288
67233
69944
69965
70947
68656
67342
67757
69713
71058
67705
69394
67182
70156
70474
69976
71130
67702
67766
70223
68806
70417
67902
71408
70939
69937
71213
67366
71600
69697
70988
69781
67671
70977
69110
70887
67700
71117
70218
69482
71455
68612
70724
67366
67386
68175
69862
69867
71155
71163
67639
68874
68742
67939
67630
67246
70550
71008
71296
70458
67883
71647
70108
67879
68469
67438
69524
68382
67797
70537
71394
71722
67718
69408
70924
68920
68307
68669
71834
68645
68257
70630
70722
67493
71094
68403
69198
68410
68381
67927
67701
67306
69070
70487
68236
71488
69576
67892
68558
67308
67061
67937
67633
68505
67524
69433
70322
71148
70783
67228
67727
70880
68063
67170
69476
71614
67643
67687
67477
71701
71482
68997
71326
70616
70437
70661
68256
70953
67098
67873
69658
69665
67410
70881
67176
68178
68166
70894
67280
69493
68740
67808
71350
67500
70387
67572
67748
68863
67365
71097
67738
70366
68217
71037
68065
68847
71579
68363
71180
68099
67272
68242
66768
68585
70778
71298
67482
67512
69197
68700
71486
67866
67528
70766
67975
69080
67132
68536
68282
71034
68327
70965
71081
70903
71223
67598
67541
68121
71039
67762
71486
70968
71412
67630
68982
71806
70379
67649
67477
71624
70779
68757
71313
71027
70261
67641
71255
67137
70972
69818
70331
70742
71227
69948
71321
67902
70068
70879
67986
67666
68564
69775
70792
68744
70182
67648
69746
70200
67719
71324
70402
67747
67540
71394
67997
67894
68697
70415
67499
67424
71413
68078
71182
71087
68954
70369
68498
71268
71055
68609
70621
68493
67843
70931
68579
71160
69007
67380
67704
70039
70974
68451
67724
69551
70961
69765
67559
69358
70515
68821
71369
67349
67990
69470
68915
70702
70778
70511
71326
71387
67577
71382
67627
68410
70748
71150
70354
67587
68661
68212
68743
67174
68545
68565
68203
71492
67572
67827
69861
69705
67862
67086
67335
68089
70446
67042
69901
70537
67062
71097
69925
67329
69791
70685
68631
67525
71167
70635
67328
70404
69013
69702
69135
70114
67720
71162
67207
67804
71055
67291
67682
68057
70181
67530
67889
71346
69163
67671
71665
71204
67308
68330
71318
68501
71536
70606
67272
68190
69453
67298
71249
68723
68765
68955
70610
71072
70083
69140
70447
71542
69119
67408
69429
67802
68125
70978
71215
69359
70322
67391
66882
69011
69533
69385
71523
67503
69345
68922
69814
68654
67203
67401
68831
67330
69157
67824
70206
70999
71159
70767
69238
67795
69820
70300
67721
67872
70570
71296
69969
67464
69637
69369
70005
67340
70437
68026
69268
68723
71206
71736
71228
71179
70920
70468
69969
71247
69806
70984
71291
71233
71314
71262
69297
71360
70271
71284
67528
70258
69325
70295
68211
69702
67597
67562
68039
70813
69219
67978
70594
71229
71198
69381
67388
70389
70883
67794
71042
68086
71068
67566
67372
70157
67289
70792
71133
70192
70556
67677
71269
67236
67798
70715
68740
67653
68514
70286
71614
70593
71818
69465
70688
67650
71064
67204
67300
68082
67578
67589
67820
68305
71809
67793
67184
70927
67394
70078
71195
70805
70355
69596
71499
71329
70529
68362
67686
67591
67558
70209
68706
70679
69351
69487
70343
67404
68008
68529
71075
68080
67284
68548
68062
68054
68382
68215
67441
71155
68335
70638
70970
67202
71170
70332
68474
68525
67372
71051
67703
70778
67300
70677
71061
70570
68292
69994
71338
70266
68761
67557
71464
67979
70103
69637
70073
70632
67440
67705
69973
68881
69103
70800
70477
68688
70805
70626
67669
71369
70901
70419
71856
69696
71212
70468
68525
69042
67182
71277
67751
67673
71406
68797
69267
68060
71172
68849
71404
69820
70390
70306
69435
69516
67372
71193
67761
71126
68635
71283
67992
67595
68370
67713
68804
68418
71554
68026
71219
68059
67262
68132
70154
70822
69088
71668
70131
70066
70512
67456
69431
70675
69458
70301
67267
67454
70038
71376
67451
67507
70356
68617
68729
70589
71412
68433
68017
70999
70195
70581
67305
67356
71459
71300
71584
69083
68384
70148
71029
68498
70844
70841
67489
70786
70069
70484
70734
69539
68909
70237
67716
71123
71069
67993
67180
68574
69366
68755
70672
70661
71391
68835
67823
68230
68793
69185
67471
70898
68033
71489
67388
68950
71357
71433
70999
67909
68949
71324
67361
71040
70774
67243
69620
68306
71339
71315
67236
67239
69375
68060
70273
68349
70264
70365
70615
71384
68688
67860
69382
70797
71222
67787
71064
67743
68538
69320
71019
71387
69076
68253
70076
67758
70970
67269
70971
67789
67251
71140
71223
68943
69169
67201
68519
67369
71383
68171
71427
69755
69287
71373
70393
70139
69245
70888
68813
71393
71138
71496
71032
67116
71259
68909
68861
70561
68885
67627
70998
71201
71739
68727
69525
68538
68021
69154
70640
68300
67731
67578
68001
70998
67180
67913
70150
70872
67597
69472
68840
68865
68943
68387
67282
71480
71504
68330
69097
71284
71656
68122
68190
67894
67096
67882
71413
71672
70283
67150
69225
70650
68499
71120
70634
70953
71130
70501
68807
70898
69534
68810
67566
68558
67719
70790
68086
70522
69657
67846
67504
71308
71129
67093
67362
68979
71124
70681
67865
67308
69950
67438
71290
70402
67345
68781
70481
67730
70510
70792
68008
67661
70933
70909
67832
67226
70319
70629
71038
71151
70434
69210
68280
67310
70873
67528
69504
69922
71579
69896
71102
67200
70859
71184
71082
70366
71251
69226
68215
67606
70507
71370
71291
69082
71250
69452
71083
69994
67821
71864
70981
68850
71131
70030
70855
68562
69804
69986
67803
70870
71244
70404
71369
68522
69777
67828
70903
70961
68112
71415
70893
70053
68275
69295
69664
69969
71696
71033
68940
68739
70666
67541
67500
68087
68452
69320
67845
71079
71533
69434
71206
69988
70619
71704
71442
69160
70799
71292
67866
68211
69442
71168
71137
67651
69778
67196
71057
70960
69914
68907
67734
68009
70906
67623
68109
69905
67016
68752
70327
67615
71096
70283
69271
69800
71247
71351
68880
67188
70041
71723
71332
70930
68745
67986
70260
67352
68697
66995
68563
67745
68648
67970
69489
67324
70165
67480
69733
71352
68373
70716
70720
70874
67342
68075
68627
69981
67781
71079
69277
67414
70426
69834
67332
71452
69318
67531
68344
67482
68041
70782
68502
71289
67549
71411
71244
71170
69695
71449
70710
71262
68096
67260
69751
68146
71667
67651
70536
68890
69288
67511
67539
70988
67995
71133
67823
70601
69309
67366
71490
71397
70769
71167
70122
67751
67436
68580
67418
71090
69387
67885
68258
70511
68021
67894
68795
68126
68235
68712
68591
70855
69025
67166
70367
70813
69905
69841
68845
69967
70800
71201
71136
68526
69425
68274
70507
70686
71060
69117
71091
69968
70499
69877
68740
67176
68931
69600
71319
71319
69976
67959
68805
71207
69097
69363
71000
68423
68475
67696
67929
68621
69910
70992
67297
68486
68941
67711
71292
68937
69599
69889
70068
67738
67977
67266
69715
71686
71236
71223
68947
67918
68724
71326
69952
70548
67197
68702
67693
70353
68264
67637
70223
70403
69322
69576
68086
70937
68119
67260
67511
67392
69945
68277
67946
69194
70558
70110
67900
67632
68946
71023
68136
70297
68436
70811
69040
68065
70897
71408
70648
69688
71240
68910
67386
68442
71324
70497
70812
69327
70972
71679
70218
67216
70971
68351
67579
68188
71004
67334
69639
68517
67897
67996
69439
69035
70502
71418
69211
67961
67518
70617
67381
67212
68981
68071
70381
71046
71148
68916
70741
69409
67891
71323
69520
70314
69863
70053
71100
67514
68767
71380
67258
70598
71344
70511
68750
69075
71245
67963
70238
68204
69477
69047
71086
70445
70333
69740
68793
68038
70575
68955
71180
69572
70662
67978
71149
70364
70029
67245
67562
68566
70687
68213
70212
68558
67820
70533
70715
67668
71190
69702
70611
67207
67429
71037
68750
67474
67588
68826
69998
69762
70148
70364
67465
68380
68299
67729
69382
70815
67503
67345
67778
68023
69176
69254
70471
71101
67363
69012
71452
71047
67382
70530
70576
68953
71345
68113
68356
70114
67569
71057
71234
71569
67790
68838
71585
69822
67526
67509
67581
67972
68588
67352
70255
70930
69106
68266
67446
71065
68234
67418
70082
68370
71190
69283
70692
71095
68450
69732
67513
71166
68020
71134
71161
67598
67722
71201
67527
70866
68267
69985
69001
67445
68066
70677
68578
71396
71206
67669
70077
71327
67489
68241
69612
69660
70849
71085
69304
70768
70442
71139
70983
69163
68911
70505
70742
67446
67579
70746
68549
67653
68805
70882
71307
68877
67773
67874
68182
67593
71486
68832
69709
67562
69946
69983
67524
70648
67523
70012
67564
70655
70351
68233
69670
67530
67471
71279
69348
71089
70659
71031
70870
69952
68575
70627
70364
67316
71328
67858
70717
69968
67145
67273
68117
70018
67561
71716
67569
68153
70133
71149
71394
67574
71237
71517
67827
69873
68277
67007
69462
67541
71135
68353
68126
69588
70407
69223
69950
70019
69064
69037
71563
68130
69376
70537
70994
71425
70109
69746
68457
71373
71348
68019
67580
68228
71284
71307
67159
71608
70952
70160
67845
69220
70480
68410
69650
67458
67563
71402
68765
68242
67551
71270
67837
67429
71363
69856
69666
67124
67558
71482
67397
67737
69933
69924
68234
68767
67807
70064
71695
68567
70326
70126
71165
70897
69335
70561
68907
68800
68454
71424
69800
69086
67899
69036
67726
71710
70420
68067
67658
71262
70241
68574
67781
67373
67053
71428
69937
70692
67330
68363
68925
70970
70578
70147
68410
70168
68523
70265
69138
70803
70660
67418
69483
69099
68281
67932
68719
71420
70910
67568
70117
69715
71458
69981
70503
71312
71464
68582
71032
70964
68131
69874
70045
70827
67769
67088
69831
69448
68004
68111
69522
67628
71067
69969
71048
66756
67520
70000
70391
66946
71228
71263
67309
71647
67500
70658
67530
68480
71523
71199
71167
67835
69061
69951
71192
67508
69325
67416
70051
71408
67578
68141
71988
67057
71239
67348
70026
69579
71365
67658
71113
71121
68374
67222
67423
67184
67905
67249
71165
67414
68702
71396
71097
67890
69297
71495
67533
68174
67301
68809
71660
67650
70443
68323
71443
68785
67891
71670
70420
70300
67476
71235
67944
70255
71332
70055
71121
70487
67767
71643
70068
67262
70881
67488
69175
68219
68666
68530
70829
69108
70933
70750
67364
70795
68117
68708
69352
69109
67897
70277
71584
70932
67175
70554
68762
67811
71399
68339
67336
70512
67879
69349
67503
71256
69909
69373
70328
68407
67777
71200
70743
68894
67553
68869
68911
71310
67340
68355
67566
67597
70857
69244
71463
68139
67092
67542
71260
70726
69384
68327
71550
67340
71095
71740
69511
69491
68084
68670
70854
68037
68096
67647
71229
67480
69882
67595
70902
67956
71272
67860
70653
67552
69512
67450
71424
70868
69018
71229
69604
68499
69621
69233
70631
68058
67255
70061
68187
66959
70138
71248
67922
70519
71448
71474
70829
71389
67348
71183
67165
67381
67940
70941
67249
71083
69959
68576
70743
69192
69940
67385
67656
69640
69036
68327
68999
68083
71142
71527
67387
69775
70038
69458
71246
67640
66983
71004
67914
71067
68013
70949
70157
70687
71071
67424
68076
70950
70104
67520
70880
67260
67734
71112
68898
71210
70248
70151
68087
68075
70699
69806
68940
67448
67131
70812
71124
70701
67252
68162
69358
69615
67593
69768
67528
71231
71524
70595
70412
70130
69155
68794
70514
68502
66832
67297
70734
68373
67875
71110
67734
67047
68944
69309
70104
68351
68217
71440
70920
68181
70999
71507
67897
71087
70455
71220
71210
71136
69338
69874
71233
69339
70331
70900
71027
67861
71272
70373
71435
70955
69245
70929
68160
68519
67752
69111
68748
67584
68910
70429
68861
70750
68580
71398
67778
67988
70743
68327
67298
70504
70471
68389
71093
71014
68049
69960
67423
67367
69915
71049
69987
67764
70929
70748
67342
68854
70019
67885
67380
71075
70235
71342
69527
67366
70180
67773
68077
67174
67577
68043
67912
67270
71350
70875
67949
69058
71059
71152
71079
67074
67814
69200
68006
71338
70321
71242
70722
68085
67958
67800
67825
67201
68564
67303
71285
71099
70754
69373
70001
67321
71110
71035
70558
71790
68382
68747
69675
70300
68141
71459
71740
67462
69209
67040
70744
68850
70771
69823
68672
71716
70545
68440
71497
67650
68979
71087
69239
67902
71224
70779
67539
69934
67678
67546
69937
70824
68373
68732
67981
71259
70680
67339
70085
71719
70931
70381
71279
69646
68751
69829
69511
71401
68091
67334
67496
67579
68708
68131
71411
69838
68713
70845
70657
70476
68190
70597
69778
67325
67422
67459
67609
67418
67746
71178
68586
69277
70709
70468
70722
69349
70142
70354
67366
67701
67446
67518
71327
70937
71083
69424
71282
67666
70156
70086
67489
68609
69504
67693
68294
70617
67388
67919
69014
67106
67737
70522
66964
67404
67441
71204
68672
67870
67244
70293
69983
71192
70398
68771
67433
70557
70424
69289
69928
67276
67342
70182
67801
70971
70709
69419
70925
70758
70730
69764
70273
67725
68870
67197
67422
67605
68655
69624
70595
71215
69496
70756
70807
67162
67892
68214
71369
71327
70693
71128
67941
67715
68959
71124
71022
71539
67642
68023
67601
69612
69200
70461
67686
71152
67471
69404
67941
67837
70954
68332
70879
67321
71244
68826
69438
70929
71374
71053
70687
67331
69981
71607
69554
70862
69774
67970
67501
71369
69050
70118
70943
70083
68932
71350
68803
71753
67646
70321
69866
67254
68087
68095
70528
70936
71051
68198
68754
67266
69382
69034
68536
67500
71011
71279
67754
70384
71509
71340
67702
67985
67445
70835
69892
69392
67553
67316
70228
69978
68647
68617
68163
70275
70135
69990
68245
68799
71215
71403
67813
70361
67793
71265
67047
67159
70752
71608
68859
70759
70334
67614
67383
69844
67515
69396
69010
67524
67934
67405
71338
67399
68524
70760
68042
67615
68784
70160
68442
68398
69096
67302
67605
69983
68905
70482
67578
68470
70611
71058
67526
68255
70756
67460
70755
70184
70785
70223
67753
69284
68551
69164
71267
70946
71376
71143
70338
67609
67380
69528
69933
70536
67462
71303
71288
69161
69080
70190
70383
70031
69477
70419
71206
67446
70145
71090
70038
69401
70594
70681
67606
71162
71276
70163
70052
71017
67515
67966
70636
71281
68018
71269
68099
71156
70114
67737
68590
68542
68850
69507
67697
70482
70834
68305
70396
68517
71010
67617
71520
67241
68728
69598
71158
71040
68198
71755
32369
32369
32369
32369
32369
32369
32369
32369
32369
32369
32369
32369
32369
32369
32369
32369
32369
32369
32369
32369
32369
32369
32369
32369
32369
