9884
70928
71434
67931
69133
71112
67197
67340
69342
69047
70189
69334
69653
68795
71183
71145
69663
70069
71362
70463
70694
71028
71288
67646
68009
71005
68639
69298
70050
67689
68145
67982
68167
71364
71181
70879
67774
67625
71283
70462
71445
67643
71104
69573
67416
67190
68891
67381
71338
69973
68324
68393
69070
71360
69230
71140
70534
69460
68944
67300
67547
71399
71375
68299
67254
71394
67313
70562
69379
71054
70008
68882
68789
71091
68182
69532
69813
70939
67065
69043
67278
67728
70215
70752
71303
70859
69610
66940
71156
69091
67901
70902
71537
67552
67721
68315
68347
70846
67209
70314
68932
70186
67627
69519
67573
67610
67496
70747
69970
68754
67190
71640
70383
70238
71320
68082
68309
68673
69373
69620
70002
70685
69467
71186
70033
69180
71654
68654
68400
70124
68163
71069
70978
67827
69075
70383
70286
68271
68230
71104
71116
67754
70974
71268
69155
71395
71593
67710
70930
67709
68557
71008
69589
67644
67889
67833
70578
67936
67928
71131
71536
70193
69532
68595
71575
69494
71548
69875
68347
70309
70764
67379
69675
70890
71395
67444
70279
70425
67294
68409
67904
67421
69070
68825
69530
68945
67469
68267
70312
69328
67118
67366
70070
69428
68027
67856
69640
70204
71002
68957
71400
67855
70896
71936
70144
71142
71279
70925
70763
69010
69769
71458
69351
70694
67844
70906
69909
69711
71010
69127
68322
67758
70459
70882
69787
71469
71074
69825
71402
67718
67273
67050
71012
68439
69222
68742
67469
67158
67735
67698
67550
69571
70350
70712
69335
68563
67330
69368
70692
68506
70650
67466
70811
71044
68952
68230
70201
71997
69630
67941
71683
68353
67937
69146
67945
70227
71313
69266
70435
71023
70558
69033
67863
71569
71202
71354
67491
68930
71467
68326
67409
71312
71676
71491
71364
71632
70796
70814
68537
68117
67769
67482
67406
70107
68518
68091
69347
69481
69212
70490
68681
70898
71057
67086
71090
70860
67220
67598
67253
71181
71112
70453
67626
71357
68244
69031
70772
71304
71167
70331
69692
68198
70201
68316
70777
70381
69006
71609
70687
68165
68756
67397
70790
69967
70696
70908
71282
69505
71186
68562
70051
68100
68933
70763
68644
70822
69524
67418
70706
68274
68634
68316
68073
68582
71202
69073
71442
70578
67967
67398
71099
70122
70296
69989
71551
69287
67329
70968
67154
70721
67927
68424
71041
70021
67679
67901
71583
67522
68850
68065
68256
70232
71125
68074
71571
70374
70512
67357
71508
71126
69958
69633
69913
70947
68867
71515
71086
67448
68320
67585
71387
68294
69075
71087
67389
71423
70673
68190
71418
69888
67404
69815
71535
67702
67202
68422
69184
69227
70793
68064
69820
71548
68990
67531
70383
70688
71456
71432
71210
68916
68056
70751
67907
68884
67417
70470
67476
69304
71345
70517
68384
70979
70335
67191
67596
70290
68142
67657
67349
71022
69359
69489
70924
69519
68130
69990
71114
67494
69938
70212
69384
68291
70458
69260
68105
67683
70673
69904
67702
67985
70771
71001
69858
70554
70579
68682
68952
69910
68326
67453
70834
71144
68271
70719
68149
70126
68948
70992
67592
68499
67496
71547
67702
67814
70793
71071
71146
67777
71195
70821
67780
67580
71101
68486
68102
71251
71032
68602
71050
71107
68210
71404
69276
71210
68326
71125
67524
69155
71023
67801
67985
71462
67207
67989
71773
68918
68356
71072
68222
69737
70040
72018
67227
68559
69571
68534
69784
70939
69942
67445
70553
67797
70923
68680
67798
70341
67569
69734
70978
67463
68261
70443
69117
71108
67641
70055
71358
69180
68003
69364
69561
67627
69906
67570
70535
71385
70653
70445
71383
70686
69362
68455
68123
69301
71154
70141
71451
71375
71454
69203
71343
67288
71294
70060
71015
70226
67346
69702
68952
71108
68815
71355
70362
69391
68189
68953
69032
71263
71100
68836
67711
67669
68762
68303
68316
71264
71241
69003
70146
69688
70228
70862
68958
68727
68699
67346
69501
68389
71304
68363
68152
69808
68578
71363
70025
69846
67985
68234
70313
70888
68428
68198
68805
71542
68403
69607
71832
70384
68151
69937
71633
67293
67281
71207
68246
68756
70717
71300
71268
71312
70349
67996
70661
70364
71652
71383
69348
67169
68041
70663
68524
67686
68343
69095
67779
68189
67271
70862
70695
67851
70643
68107
71088
70261
69137
68594
71098
70778
70935
70864
67765
68445
70485
68403
71043
70468
70302
68404
67933
71196
71022
69834
67800
68297
69993
68620
67747
71104
66924
70353
68594
67739
67434
71338
68826
68667
67649
71419
68187
70197
67953
70534
69877
70402
70635
69685
68734
70165
69660
67426
67498
71279
70518
71127
70986
67786
71515
67442
69605
68249
68206
67459
71283
70806
69701
69247
67761
69573
70161
70882
68305
67318
69817
71222
67907
67691
69394
71430
70067
70745
70846
67554
70776
70875
68468
71267
70846
67608
71284
71094
70776
68238
70929
67516
70742
67422
67791
69806
70415
69593
70317
71360
70644
67535
67266
69335
70153
67401
70124
67486
70118
67129
69995
70009
70526
67666
70676
70734
68161
71155
67630
68161
67531
71476
67769
69809
67235
69121
69689
69789
69975
71698
67386
69501
69873
70519
71043
70727
70861
69856
71300
67770
69217
67370
71012
71353
71125
67794
68447
69953
71481
69620
71297
67228
70015
70513
70140
69211
71169
68863
71164
69548
71204
68252
67811
67226
70903
68552
70950
69981
68977
71686
67579
70055
70020
69942
67320
68011
68689
70254
70978
71862
69621
67557
68391
69788
68771
70711
70152
70473
70273
71308
67892
71247
70946
70746
70048
67075
70987
67974
67576
68693
70859
68837
67352
71270
70765
69180
67521
71314
67926
68016
67562
71193
69981
69039
68817
68747
70001
67700
67981
69092
67441
68884
70952
71306
67492
70957
68156
71591
67394
71325
68894
67502
67512
67650
71663
69028
69935
70349
70482
70083
67120
67819
70709
69296
71685
68853
69496
69152
68702
67586
68203
67905
67429
68311
67647
70661
71548
67385
70668
67163
67517
71631
67343
69682
69372
70943
68773
68511
71377
68388
70941
69950
71298
69117
71352
69463
67392
67965
67164
67778
67839
69694
69024
69660
67320
70313
68946
71408
67225
67912
67298
70878
71277
71274
71459
69718
71046
67787
69852
68786
68990
68393
71380
68765
67974
70169
67946
68590
69882
68231
68543
69309
70915
70276
71507
67597
69413
70062
69513
71286
71114
68777
68389
68154
67377
70719
70840
70066
70273
67568
71284
68062
71285
69603
70723
68407
71357
68537
70948
69049
68473
67160
67458
68343
68662
67991
70057
71231
70967
69316
67606
71128
70038
70481
70439
68503
71253
68668
71428
67390
69054
69768
71275
68347
68139
68215
69416
68282
70371
70338
68097
71387
69052
68522
67508
71228
70987
69898
70475
68257
69642
69623
68505
71449
67815
71052
69758
67756
67302
67701
67762
70374
68467
71378
69434
68015
66997
67344
69456
68887
67901
67424
67905
70857
70807
69793
70003
70386
67230
67793
70873
71126
70462
69789
67704
67874
69884
70913
70476
69232
67992
71201
67618
68688
69249
70976
70904
68496
68001
71249
68795
68057
69486
69133
67930
70691
70168
67962
67627
68137
70662
70588
70031
71246
71503
69168
69895
67928
71500
71361
67584
67057
70755
70345
70776
71522
71535
71118
70295
68936
69096
71190
67506
67518
69276
67293
67319
67655
67417
69555
70942
70600
67595
71161
70223
71000
67616
68278
66836
70441
70780
69540
69864
70468
70971
67746
68875
70021
71003
70309
71185
69275
67489
71272
68197
68165
68093
71084
67646
71282
67396
68786
67565
67910
70211
71635
71491
67214
68002
70155
67432
68455
69837
69133
71310
67850
68848
69120
67376
70460
67916
69295
69647
68782
70498
67206
69543
67475
69599
70602
71180
70019
68299
69090
70052
68924
68723
71335
70341
71331
68149
69985
71166
68787
71297
68525
67823
67650
68859
70530
69788
68431
69065
69958
67530
70732
67595
70602
71099
70089
67450
67389
67715
70592
70794
70646
70589
70463
70969
71163
67512
70706
70446
68274
71310
68313
70575
68506
69923
71055
68027
71864
67254
71058
67530
67831
68228
70718
67827
71032
70733
69005
70367
71123
69316
67699
67701
71091
71245
71601
67481
70890
69175
70262
71585
68429
70964
70781
71190
71648
71091
69120
68868
67798
70347
68530
67767
70899
70037
70555
71110
67935
70838
68720
70908
68944
70229
67333
67662
67437
67822
67590
71102
67775
70539
69758
67339
71323
71151
71162
67039
69095
70034
70735
70421
70916
70408
68291
71414
71631
70086
70161
68476
71236
71349
68723
71327
67860
67722
70889
68208
69212
69033
70662
67435
68559
67141
67489
71194
67453
68507
67325
68030
71136
70363
69683
67616
68055
71168
67484
68724
68209
71175
69829
69288
70697
70120
70213
70939
69221
70876
68297
69174
71012
69466
71127
67735
67526
67907
70530
68411
69984
71223
68557
67335
67935
67871
68138
68714
70667
67734
71517
68289
70934
71176
68037
67762
69456
70658
67638
69846
69909
70756
70675
71398
69438
68499
70846
71218
69864
67934
68860
71258
67744
70094
71076
71331
68167
71197
69373
67339
70871
68712
68029
67817
70869
68515
68739
70289
68075
71116
69504
70009
68045
69476
70475
71144
69607
70875
70508
71320
70604
68906
70673
70648
69702
69796
69423
67506
70761
69939
67401
70673
69275
71326
67349
68373
69494
69342
67526
68434
69591
69411
68995
68097
68162
68581
70595
68048
70514
69619
71249
70425
70721
67669
70140
70925
67369
71191
69645
70582
67417
68443
68627
67910
67502
69795
70290
70446
71531
68359
71427
69231
70954
69673
71252
68252
68823
71291
69556
69785
67649
67846
68036
71063
70330
71027
70916
67797
70196
71017
67255
70049
71356
70202
71288
69799
69973
71022
69668
70372
68753
69453
67611
69337
67169
69214
67528
70940
67449
69897
69211
68979
68263
69983
67477
69485
71136
69433
68908
68094
69073
69369
67882
69722
67272
67366
67381
71299
69580
67187
68142
68441
70172
68069
68883
67514
68655
71565
67741
67590
71347
70990
70811
69376
71490
68628
70447
67713
71211
71025
69182
68632
67303
68109
67176
67589
68144
71139
67733
69936
67878
70371
67484
68235
70321
67896
67826
71268
70192
68770
69554
69231
68317
67555
70543
67836
67657
70044
71255
67373
67450
71287
68213
67549
67697
67289
70789
67267
67737
67278
70316
69922
70358
67452
69529
67711
68702
68130
68127
69110
69071
70066
70956
69128
71467
69741
67636
67646
71149
67613
71338
67605
68006
70100
70424
70013
69761
68792
67554
70362
71063
69847
68969
67489
70500
69790
69842
68157
67475
71279
68373
69072
67685
67789
69078
70266
67402
71281
67451
67692
67388
71763
70862
70458
69921
70243
70106
67741
68851
68036
70127
68323
68690
67851
69217
71491
68208
71316
71928
70107
69788
67105
67889
68946
70480
71267
70964
67761
71048
71354
69591
70148
71341
70474
70947
69813
71276
70144
71423
71814
67890
69392
69349
69456
67372
69192
69779
68932
67781
67625
70371
71006
71179
68595
68332
67966
68527
71070
71190
71094
70281
67842
70886
70283
67261
70432
67274
70089
70968
70418
67551
68501
71356
67618
71099
69937
71173
67651
69064
69078
70936
71498
70050
67698
71741
70214
71022
67427
69493
71437
71491
70923
68842
71163
71443
71451
68873
67921
71292
69063
71172
71194
67549
67717
70574
70389
68338
69497
67422
70183
70830
68716
70032
69854
70408
68199
68292
68885
69613
70380
67944
71420
71492
70834
69038
70304
68485
69889
71101
70078
68110
71335
71158
70880
70783
67833
67361
71436
69657
68226
71160
68703
68815
70208
69386
68753
69603
70227
68750
69066
68975
71212
67574
67703
70078
67494
69064
68010
71387
67753
70307
69809
71092
67313
68590
71248
71050
70872
70205
67782
67197
67213
71332
69012
70627
68196
69240
69484
70929
69801
71147
71047
68677
71311
67522
71381
67442
70482
67737
70317
70941
68069
67226
67766
67426
70051
67939
68979
67827
68569
67513
69069
69245
68728
68048
69119
68343
71185
68530
71270
67529
68032
71287
67279
70344
71179
67491
71098
70852
68411
70947
70002
70171
67676
71558
71290
71315
69460
68531
71177
71460
70379
68501
67294
67915
69362
70343
69655
68530
67598
67687
69736
70644
67539
71407
71078
70825
67310
70611
69367
67646
68838
68002
70971
68230
69639
67564
71252
70657
71081
68758
70768
70804
69383
68944
68054
70673
70280
68527
71496
71513
70747
67420
68477
69857
71427
69146
69590
67261
70941
67824
70728
69483
71229
69695
68941
70149
67487
69905
69097
67281
67658
69404
69992
69692
68254
67830
67618
70531
70458
70235
67822
70018
67657
69102
67835
67814
68565
71439
70890
67736
67504
68342
70275
67466
69681
66887
69967
69521
67353
70457
67370
71711
68061
71229
68518
67691
70743
71036
68683
71162
71319
71755
71672
71195
70932
71039
67610
70558
70874
70371
70976
70045
67971
68214
68368
71486
69219
69354
67473
68431
67904
70486
68959
67943
69812
69063
67754
70624
71311
70770
70812
68179
70899
71254
68962
71605
69730
68043
70132
67553
71443
68882
69744
71305
68458
71040
67677
71423
71422
68893
70877
69048
68226
71430
70648
71681
70150
69303
70345
67159
68176
71072
69870
68333
68853
70644
69357
67636
68532
67821
70674
71340
70943
70539
67535
68043
71287
68742
67976
71259
68462
69661
71048
70375
71032
70039
69961
68181
70874
68459
70441
69048
67545
71492
69777
67104
69726
71291
69280
68862
71335
67043
70770
69781
71345
69411
68959
70868
69569
67830
70743
70490
68545
68735
68475
68098
68996
69568
67437
68047
71880
71208
67324
69793
67856
67571
68095
71135
67316
71643
68580
70466
69792
70942
71054
70635
67301
71423
67342
68450
67700
68685
70307
68360
67926
71104
71213
71840
69048
67640
69682
71594
70916
68276
67288
68099
69621
70994
71008
71460
69321
70250
68777
71343
67661
71318
69340
67999
70053
69984
69336
70945
68206
71193
70005
70924
67935
70054
67419
68326
70186
67066
68799
69040
68949
70290
67339
70393
67579
67872
67478
70227
71178
70555
71174
68878
68202
68549
70214
70284
69415
68738
67124
67426
68267
69384
67526
70428
70113
68652
71569
71274
68518
70697
67773
69588
71258
67486
69750
68007
71413
68453
71023
67522
67680
70150
71413
69295
66906
69420
69654
67223
69342
67574
70784
69850
67209
67776
70639
70234
70810
71399
67074
71070
71194
70327
69584
67415
68547
67355
67713
67765
70883
70814
70429
71624
70873
69157
70749
68681
69938
68866
70608
68066
68710
68262
69751
71519
69006
68192
71145
69341
71135
70195
67773
67999
71114
67497
68302
70623
71367
69676
70306
67325
71243
71323
67509
70447
68974
67896
71640
68421
67496
70842
70627
70658
67634
67742
68981
67238
67728
69785
68280
67751
67566
71203
68507
68131
71240
71212
67447
69445
69580
66958
71104
71232
70255
70104
70981
68520
67172
67935
69003
70997
67553
71145
67732
68519
68310
71409
69532
67797
69669
71416
71150
67664
68210
70126
71136
68063
71183
69656
67553
68664
69396
71260
71396
68146
71363
68379
68041
67390
70209
71304
67707
71137
71272
68697
71280
71167
70252
67855
71291
68353
68582
70146
67304
71812
70853
70551
67223
70283
68094
70546
69592
69962
67348
70983
67667
70813
71019
71052
70933
71028
70464
69875
67475
68870
71474
67330
68685
69745
68963
68188
70277
71707
69876
69047
71048
68476
67712
70107
69763
70405
70036
71187
71003
71131
70265
68296
69250
67479
71922
67534
68921
70420
68583
69213
67285
68688
70358
67395
67828
71224
67610
69958
68286
71197
70799
68228
68318
67526
71257
71785
70565
71300
71035
70350
68018
69473
71462
68964
68639
71459
68678
70675
70505
67622
69931
68064
68501
71174
67418
67261
69984
67259
67274
70695
69386
71432
70694
69284
69149
69021
68611
70708
67663
68736
71253
69872
68823
70018
67652
67958
67560
68074
70337
70993
67017
67573
70201
68530
69862
68499
70527
70903
71218
70718
70635
67986
69447
69303
67648
70873
71381
67878
68749
67639
67373
69204
70816
71088
67437
71660
69954
67495
68555
68097
69161
67244
71308
67360
69510
68715
67729
67436
67322
71184
69925
67590
67743
69202
68931
67690
69049
67366
67958
70698
67159
70377
69713
71598
67490
68867
67286
68153
71580
70799
67935
69397
71548
69811
67900
68373
67093
67413
71320
68248
70344
71251
70445
67760
71162
71340
69866
68583
70200
70690
69226
69299
68374
67366
67499
67700
67994
67329
68463
71291
70210
68519
71355
70244
69212
71301
70607
69508
67488
68182
68860
70779
71170
68203
68443
71101
71402
71321
70498
68586
68595
67613
68271
67221
67555
68055
67522
69312
69996
67468
70304
67521
70034
70841
71586
68547
67312
70640
70759
69939
69164
67861
67722
68974
67947
68025
67167
71048
71236
68778
71240
70987
71456
67491
71257
68391
71198
67806
67478
67281
70371
67846
71589
67441
71101
70327
70606
67601
71439
67574
70799
70806
69649
71154
67126
67786
69435
69175
68087
71293
70485
71877
69960
70192
69223
70282
70173
70483
70506
69016
71629
69172
70903
69822
71010
68769
70257
69099
67821
69379
68134
71667
67183
70164
70247
69790
68963
67711
71435
67946
68633
67252
69060
67545
69689
67348
69621
68966
70877
67682
71412
71642
68095
67366
70547
67550
68546
70983
67535
70762
67507
68364
70215
70068
70340
67396
69796
69986
70972
67695
70738
68900
67578
70113
67825
67504
69588
69461
69314
69776
70482
70750
67339
67847
67957
70964
70698
67208
71456
68078
70827
71253
70422
67117
67765
71386
69746
67570
68302
68009
68369
67233
70966
67869
67413
67890
67754
68473
70403
68223
67322
67098
67028
68370
70814
67982
70858
71095
71455
67652
67387
68698
67365
71049
67784
71289
67387
71369
67504
70911
68103
70267
71106
69306
67392
70065
68009
68154
71730
70864
70234
71037
68046
69662
71105
70281
69759
70416
67920
70955
71023
67782
69853
69238
68393
67562
68642
70734
68890
67896
67927
69832
67937
68157
70651
67624
71647
68181
70918
67878
69442
67884
70896
71476
68684
69587
69978
68843
68888
70114
70020
68781
68438
70275
67551
67553
69814
67669
69912
67413
68195
71220
70201
67737
71276
71116
71168
68614
68296
69884
69698
69235
71190
68182
71832
70958
68162
68332
70662
71294
67546
71647
68880
71736
68207
70650
67530
68515
69995
71090
69553
69452
69718
68286
70905
68880
70359
68396
68716
68308
69237
67444
70052
71202
69149
68716
67188
68163
67749
68067
67654
67729
71286
67462
67229
67575
69495
70861
68418
71715
70553
71270
67836
70664
69624
68009
70170
70981
70956
69341
69405
70872
69765
68841
67116
71058
71258
68241
68454
70609
67690
68370
67661
68636
70415
71204
68792
68629
69657
70157
69954
71472
70650
70590
67493
70926
71369
67910
70906
70614
70185
71266
68326
67329
71236
67475
71764
69015
70231
70718
70958
71400
69523
68074
70192
67273
70407
71308
70555
67127
68206
67661
68635
70092
70777
70221
67090
69618
68585
70912
69109
69200
71394
70971
71211
69813
68082
67496
69484
70816
68800
69799
71338
68854
69830
70769
67412
71154
70508
68964
70874
67812
68299
67479
67520
71242
71235
70634
67507
69983
67590
67818
67477
70092
69809
67758
71211
70344
70051
71666
68786
69339
67516
68009
69244
68782
68437
67293
69196
67549
68161
70305
70880
67922
71240
69821
69525
70235
68842
68201
71735
70102
68371
70107
71343
68251
68938
68528
67914
70850
67392
68312
70026
67714
70090
68822
67033
67974
70161
69012
68197
67705
69033
70738
69229
70366
68612
69317
67670
67864
69754
68039
67633
67546
67774
67820
66950
67946
70964
66941
69688
71175
71542
70720
68338
70253
71098
67233
70779
68698
68512
67511
71634
66917
70964
68575
71396
70085
70234
69514
71022
71374
67460
69535
69264
68040
67674
70985
69993
70556
69941
67889
69199
70423
69061
68666
67345
70027
70987
71010
67550
67020
69487
69466
67380
67580
69347
67786
68987
71588
67953
71387
67596
67319
70451
68555
67543
67543
71212
71456
70894
70795
71287
69445
69447
71154
67593
66997
69436
69415
67653
68302
68936
70286
71094
67794
67247
67161
69880
70035
68240
70456
68575
69361
69608
71515
71343
71483
67405
67340
69480
71060
71044
67866
71223
67895
68072
71179
69685
68623
70308
67258
67613
67867
68093
67017
68818
68441
67574
71127
71172
68604
67961
70550
70249
69725
70509
67648
67674
69347
68576
68084
70739
68267
71199
71532
69141
67441
71504
67455
70803
69673
67394
70900
70862
67241
67932
68330
68142
71256
71450
70230
70885
70022
68814
68081
69164
67213
69319
67701
67236
70889
67735
70890
70811
69579
67650
69764
71029
70183
67289
68175
69817
67418
70826
67680
68387
67463
69512
70733
69593
69376
71458
67397
71520
69916
70012
71089
68957
67352
67663
67543
68940
70468
70313
67323
71099
69376
69308
70240
68478
68325
71274
68355
70188
70819
71020
69672
67855
67938
67397
68697
71272
71330
68157
67587
71357
71179
71276
71515
69121
69664
71029
70366
67335
70309
68697
70379
70922
71474
67699
67669
69991
69870
68456
67327
69975
71008
69608
66870
67364
67410
70121
67236
68400
70114
69222
71054
69030
67477
67227
68844
70120
67557
70963
68913
71166
67266
70819
68327
71175
71256
69533
70402
68259
68523
71150
68041
71676
69321
71563
67253
68013
68055
67322
69613
67773
67349
71387
68114
67466
70603
67282
67885
68321
67213
70194
71344
67897
68738
70660
69189
70143
67517
71723
71156
67054
70723
69456
69360
68847
67565
68007
68011
68839
69213
67788
71305
68974
67919
70401
71253
67704
70516
71044
68068
70109
68944
67432
67627
68384
70490
71331
67379
69016
67438
68198
67940
67256
67539
67659
69744
67623
68641
71380
70081
71144
68013
70080
71459
71477
71424
67761
69426
71293
67415
68328
67679
70267
67303
67691
70475
68742
68773
70516
69263
70729
67762
69508
67354
71372
71144
70054
69870
67096
70634
70065
67606
70684
71323
71289
67630
70870
70744
70748
67860
70037
67523
70910
71124
68662
69620
68105
69499
68930
69491
71244
71000
70214
70880
69835
70470
69132
71075
67855
68631
67999
70089
70760
68576
71391
70174
69248
67694
69146
67430
71462
67442
67558
71501
69939
68976
68270
67543
70502
70767
70206
67996
70217
67906
70888
70252
67244
70292
71328
71044
71641
69182
70700
71195
70982
70214
69527
68173
70991
67547
68740
68875
67233
70009
67769
70983
69523
70610
71056
69505
69133
69324
70578
68612
67818
71038
70713
71013
70099
67966
71211
67410
68710
71332
70487
69763
70735
70237
70948
69450
67610
68210
71169
69823
71547
70284
67833
71542
69414
68231
70565
67923
67615
70065
71343
71135
67708
68675
71246
68655
69332
71337
70771
68819
71828
68602
70457
70747
67797
67526
71274
68647
68632
70109
71498
70256
69589
70709
67691
67361
70739
70155
70440
67181
68220
66992
69293
67288
70299
68987
68851
67666
71594
70907
70235
71232
71088
70927
70364
70976
67496
69725
71515
68634
71226
67510
68844
68457
68472
71131
70257
68680
69383
67567
71479
68378
67914
67578
69723
68241
68819
67364
68649
70983
70014
68691
67582
67292
67597
67641
67569
68219
70332
69307
67938
71004
71007
71248
67421
71302
68856
68731
68678
67298
71499
67821
68841
67549
67434
71579
69933
67799
67899
71283
67500
68415
67766
67217
67395
70419
71063
69197
71537
67649
69495
67609
68099
68035
67432
69204
69748
68207
69232
68794
70903
70058
71068
67301
70618
68769
67765
69160
67220
71080
70853
70809
68834
68229
71145
70594
69322
69194
71040
69145
70459
67563
69285
70535
67372
67169
67789
68860
68932
70881
69113
67233
70216
69255
69300
68975
69393
68044
68201
69768
69935
67026
71294
67798
70802
67507
71195
71077
70240
71299
68539
68228
67864
67471
67584
69289
67891
68881
67721
70299
68151
71711
71167
69717
68438
67515
67583
69685
68627
69819
69199
70786
70042
71685
69488
69483
71107
67662
71323
70655
71666
68754
69748
67326
68513
71234
69627
67862
71265
69175
70871
70511
71209
69176
68239
68708
67945
70198
71450
67387
71381
70878
71299
69711
67200
71270
67168
71447
70858
69116
67609
70677
68927
69035
70509
69381
68974
68078
67337
71032
67409
70486
69100
68484
71028
69049
68355
70397
68761
71131
67910
70906
71144
67517
67900
71479
67575
68531
69539
68306
69542
70925
69154
71474
69869
68183
67802
67986
67477
70916
67866
68272
69770
67545
68835
69308
70126
67991
67993
67410
70934
71489
67611
70304
70638
69237
70525
66888
70125
67492
70966
69288
71005
67443
71086
69080
67370
69395
67455
71210
69073
70082
68668
67545
69938
67315
71357
70676
67019
71389
67986
69645
70577
68176
67721
69529
70145
68904
68369
68105
70353
67321
67517
67458
70827
67702
70856
67564
70907
70282
69311
69324
70879
70740
70764
67818
70923
67382
70780
70726
70306
71280
71110
70230
69068
71383
69422
67773
69635
70155
68401
70389
67794
67889
69812
67768
70927
70745
68530
69881
68884
67432
67391
67486
67708
71092
71592
67653
67597
70493
70515
69079
68368
70026
71217
71398
69032
68229
69939
69839
68834
67869
69024
71138
67974
70177
69088
70720
71420
67484
71456
70182
71505
70678
70209
70292
70827
67186
70523
69119
70235
71028
69369
68778
70563
71197
67525
67323
67264
69923
71001
71051
67470
70293
70354
71505
67831
69568
68438
68210
70815
67625
68627
68967
67183
70282
71259
70363
71220
70553
68984
71044
68249
68499
70577
71531
67668
70743
67421
69365
71360
68288
71080
71369
68726
71194
67229
68059
71420
67911
71381
71340
68483
69103
68098
71353
69584
68974
70966
68526
71167
68094
68895
68085
70474
67514
67556
67158
69998
70807
67524
70797
68995
69665
70383
70413
70566
68623
67971
70506
67689
71005
68565
68950
68693
71185
69420
69526
67312
67434
67017
71288
68047
69036
67370
67141
67641
67440
69303
69220
69503
67521
67534
70187
71097
67997
71428
70049
70852
67773
68091
71399
68234
68694
71131
69942
67569
70097
71196
68086
68941
71151
70209
69273
70011
67877
71221
71164
71177
67201
68542
70012
70855
68049
71350
67465
69993
71020
67449
71175
67533
71344
71181
68443
69632
67097
70238
68598
71413
70712
69846
69158
68056
69631
67825
70381
70127
68766
71151
67784
68500
70149
68077
69522
68616
69003
69069
71107
70819
71553
71401
70346
70682
71079
69073
69324
69288
70717
70652
67202
68004
67833
71178
67075
69128
68957
71291
67502
67426
67316
68973
69297
71361
71288
71185
67458
71622
70831
67646
71191
68827
70109
67910
70293
70550
67397
67437
71359
70285
68608
69057
67664
67728
67822
70778
68206
69976
69262
69653
70651
67770
70982
68595
70478
70027
70528
71149
70157
69098
67209
67627
67525
69507
67434
71213
67991
70054
68527
68062
69377
68200
71139
70091
70001
67218
70922
70727
68009
69246
71269
71229
70072
69750
69785
68080
70843
67873
70310
69888
70989
70710
69623
67476
67638
70240
68742
68277
67426
67896
71280
68984
70930
71384
68655
70993
69994
70947
68506
67197
68606
68266
67623
71656
67835
71253
68827
71332
71079
69517
68645
70358
68435
68220
71316
67329
70249
67867
67538
70618
67790
70288
70313
69899
68275
67165
67797
68249
70420
70531
70725
69693
67476
68086
70393
67838
69917
69890
71330
68459
69660
70171
71340
69580
70644
67565
68721
70634
67314
69706
71025
68901
71206
68485
68851
67614
70639
67198
70938
69498
69658
67214
71357
70707
71021
67845
67662
67262
67356
68467
70759
70079
71265
67740
70741
70032
67249
71742
70748
69870
67733
68099
67553
67778
67677
67581
70546
70216
69147
67960
68612
70751
68378
68263
69226
67320
68891
67196
67188
68395
70613
70811
69759
71549
68896
70107
70516
69304
67802
67568
69507
70538
70196
69727
68025
70349
69520
70632
68317
69887
67558
68992
67953
69640
67142
70124
68193
68703
68716
71206
71510
67516
67421
70221
71479
67341
69911
70893
70782
67558
69633
70293
69385
70602
67594
71024
68361
70764
67691
67693
69286
70835
70114
68952
69713
70610
71250
68754
71274
67963
67285
67645
70919
71212
67931
70308
67419
68736
71007
68847
68892
68784
71009
70791
69842
71201
67898
67754
68115
69797
67396
68511
70727
71369
68229
67650
71014
70236
68331
67841
67639
69300
67433
67577
71092
71378
69323
68005
67396
69695
69142
68561
68348
67847
70878
67981
67266
67397
71478
68978
68073
67116
67259
68777
67783
71504
70882
70387
71079
71098
70113
71270
70619
67520
67618
71536
69447
67015
71066
67982
69122
69630
70247
69242
67541
70500
71241
70070
68706
67351
68734
70737
69954
67546
67221
71312
68303
68383
68808
71048
67930
68430
69988
71096
69293
70187
69726
71289
70170
67305
70761
68351
71371
67298
70648
70266
69009
68963
68465
67976
67215
70705
70939
67869
69555
67599
67335
70687
70903
71072
69032
69871
69275
71264
71187
70576
69306
67468
68353
71150
70955
71254
68478
70420
67160
70816
70325
67600
67605
71478
70377
69031
69820
67930
71310
70775
68654
68891
68233
71291
69332
70753
70145
68178
71384
68375
69858
71055
71237
69944
70945
69412
67524
70474
69048
70915
67501
71151
67473
70030
68052
69589
70077
70559
69419
69122
70806
68111
68175
69281
67110
69833
71257
67738
68958
70867
67637
71354
71315
67290
70018
67678
71576
67137
71027
70242
68646
71244
68193
71445
68336
68787
70668
69431
68454
67104
71172
68029
70411
71248
70700
68070
68269
69144
68399
67971
67837
68527
69984
68043
68562
68424
68179
69805
68487
71167
67717
68658
71128
66886
67567
69465
69081
67324
68048
70841
70290
67466
68646
69787
68619
67923
67312
71499
68496
68101
70347
67437
71153
67556
71358
67525
71188
70204
69426
71489
69701
71400
69193
67446
68806
70675
68439
68017
71149
67250
70948
71127
70172
70054
68973
69721
71567
67879
69301
69669
71192
67509
67856
69122
67820
67638
67092
67567
71291
69590
67406
69662
67399
67590
71382
70247
66996
70395
71281
67323
67454
69800
70475
67102
69029
67316
69382
68371
67963
71471
67478
68320
67394
68193
70185
70502
67535
70173
69155
71212
67268
67488
70157
68487
67700
68092
68169
70934
67454
71029
67472
67452
70898
67256
68599
71126
70976
70987
70641
70563
71195
67789
69713
70355
71447
67957
71074
71800
71110
67646
68409
67307
67381
71127
71194
70441
71117
70189
67636
67521
67869
67893
70987
67787
68670
70499
69006
68933
68763
69862
71928
67488
68994
70419
71319
69374
71282
70967
67006
67268
69853
70992
67387
68844
70116
68390
68071
71383
68174
67759
67824
67802
67291
69878
70856
70348
68928
67632
71252
70790
70970
71539
71013
69098
67473
71692
69949
67606
71340
68879
71216
67349
68203
67957
70885
68646
68835
68075
71373
69296
67781
67330
70225
67095
71493
71178
70466
68508
67602
71607
71005
71153
68095
70481
68406
71473
71232
67293
69659
71626
69658
71070
70015
69961
67433
67452
68213
70637
71386
69335
69148
69288
70460
69100
70951
71258
70051
67727
67340
68354
71836
70631
68952
67417
68216
67975
69731
71338
71062
69926
70798
68891
70286
69440
71308
70778
70556
70147
67378
70805
68374
70700
67644
69383
70285
70183
68243
67934
68115
67756
67857
68664
68510
67599
67831
70991
71490
70711
71392
67617
67966
70981
67156
68118
68976
69376
70130
68330
67352
71223
70952
67700
66880
67245
69896
67780
68263
67740
67930
67295
67300
70457
68898
68375
68032
69953
67462
67312
69360
70721
67654
69808
68515
68879
67314
70327
69023
67618
68288
69698
70249
68896
70343
70999
68434
67434
68170
71260
68979
70266
69527
67722
71047
67310
67396
70920
71389
68503
67987
67634
67544
70854
70720
70277
68155
68317
67668
70805
70918
68788
69079
67554
71425
68158
69409
69211
70510
70033
69272
69275
68645
69360
70151
67319
70262
69808
69074
70434
71318
70570
69532
68590
71000
70382
67886
70045
70004
67120
67344
71642
67577
71479
67826
67507
68581
71384
69496
67304
67614
70086
67409
67557
68254
67649
70989
70967
71565
68811
67671
67971
69030
68264
67605
68610
70301
69614
67590
71368
71285
71383
68313
67848
71198
70389
70384
70876
67696
69789
67422
69374
70711
67913
67740
70749
69231
71016
70154
71263
67979
67740
70244
71189
69082
69956
67865
68135
68663
71054
68469
67220
69508
67905
70697
71585
68932
70182
69388
69319
67497
71401
71539
68667
69371
67760
70554
71107
69686
69956
69501
68031
67449
69074
70929
68492
68359
68867
69091
67474
71466
69240
70107
71075
69714
71214
70819
70559
69082
67586
68195
68139
67620
68298
70123
71173
68754
70050
71067
71358
67485
67479
67399
69930
71244
69490
68813
70205
67510
71106
70978
68066
68061
70402
68081
69820
69771
67293
67499
68356
69596
67665
69905
70423
69407
67603
71159
68936
68963
67008
68854
67246
70799
69473
68000
70231
70702
68398
71320
71408
68579
68103
69741
70492
69754
67709
66887
69657
71139
67489
67539
68075
70735
70473
69852
69459
67615
70113
71387
68282
67885
69899
68976
69590
68087
70434
71112
71176
68403
69762
70659
70821
70944
69457
68225
68646
67884
68218
71073
69362
70145
69428
70653
67822
67367
70262
67713
67358
67442
67265
67433
68980
71836
68762
71232
70743
68025
67613
71228
71598
68586
67755
67301
70529
68152
68692
71528
71230
68139
67768
68499
68870
69857
71822
71439
70683
70611
70970
69612
68627
67738
69733
68204
69683
67465
68417
67750
70432
70564
71042
71549
70782
70906
68034
68318
71408
69416
71101
69056
67207
69489
69554
70612
67810
68955
68122
71310
68758
70371
69830
67289
67957
70458
70795
70793
67386
71296
71291
68568
70605
69599
69085
70858
67038
70018
68112
68788
69782
69752
68870
68300
69575
67547
70469
67729
71149
71150
69924
67745
68381
68242
70755
70496
71503
71652
68802
71269
69771
67486
70851
70358
68872
67390
67748
68297
69170
69572
69194
69104
71490
68084
70433
68030
70099
69783
68549
71307
69152
71249
70758
67148
71443
71119
68258
68893
67135
71449
67570
69841
68568
67875
71540
71644
69364
69460
71218
69678
67498
69425
70979
67313
68742
68007
70648
68814
68882
68042
67532
71420
69666
70881
70820
68048
71006
70538
70250
67966
70418
71154
67975
68876
67787
69617
68456
69854
69062
69792
70761
71216
67785
70023
67216
71593
68062
69910
68465
66909
70192
68318
70452
69042
68553
70298
69216
69376
68749
70240
67190
71145
70246
67002
67499
67313
69914
70251
69197
70675
67184
71564
67249
70034
68198
69078
71239
70793
71164
70986
67786
68366
67429
69058
70421
68274
69088
70817
71554
70763
71089
70663
71491
69113
67090
71155
69352
67555
71275
69017
67698
68863
71098
71147
69099
67252
69757
67495
71379
71532
70058
68351
70401
70222
69811
71657
70263
67502
69117
68381
68445
69596
71164
68053
68221
67369
70714
67434
69784
71311
70830
70676
68058
70912
70114
67449
71104
68012
68628
69561
68635
68638
71458
69492
71280
69947
71316
68792
68616
71053
71221
67819
67474
71611
70816
68045
67828
67166
68507
71262
71088
70742
69212
70590
66976
68598
67931
67787
68821
69981
71295
67866
67274
67643
70974
70085
67590
70668
71089
67522
71087
71013
68830
70061
70850
70776
67728
70922
67537
71229
68591
71786
68515
70410
71137
71033
67222
67452
69749
70254
70082
71696
69547
67349
71138
70907
69639
71093
67946
71151
68515
67355
68296
67895
68193
70594
67180
68897
70043
67644
67752
69142
70828
71053
68126
71584
69798
69015
69351
70867
67344
68612
69851
71275
67413
67597
68206
68331
67851
67186
70000
71595
68019
67281
70590
70520
67604
69712
68550
67789
69019
71441
68466
68664
68195
68710
70062
68095
70345
67429
67758
71246
70743
71020
71226
71394
69383
70054
71364
67827
70609
68812
68291
69874
69997
67431
67485
68390
70437
70734
69797
67504
67433
67715
67821
69309
71366
70472
70355
69260
71079
67681
67070
67658
70519
69536
69693
70051
67403
67143
68605
67657
69995
68048
68750
70428
71073
70585
67824
71086
67857
67537
68712
67718
71133
70017
71184
67649
70790
68003
69758
68376
69621
67261
67354
70870
68907
70351
70689
68238
68346
67172
68693
68828
68348
68375
70038
70484
67442
67691
68024
67297
70421
67570
70044
68261
68100
71235
68308
67750
71352
71084
71008
67939
68812
70587
67117
68678
71573
70435
69280
68177
70421
67550
68637
71404
67154
70402
69621
67760
70978
68270
69989
68478
68765
68355
69632
67966
68267
68802
67609
67605
70698
67827
67751
68323
71160
71254
71071
70066
67664
70939
69447
69935
67643
70333
67221
71338
67537
67311
69718
68445
68466
70311
71179
70531
70109
70402
67506
69175
70470
71271
67881
67841
71332
67521
70563
68220
69330
71205
69161
67693
67321
68879
71191
71232
68351
67680
70630
67418
68665
70336
68382
67915
67430
68948
69419
69899
71178
67568
69656
69572
67298
69609
69453
70331
66912
71266
70041
68139
69915
67392
68703
70291
70230
69738
69244
70229
69300
68064
67238
67858
67204
70925
70435
69291
67696
68998
68581
71314
70367
67305
70118
70266
68201
69344
71091
68656
70272
71107
68063
67424
70479
69564
69067
68739
69266
68421
71516
67927
71323
67386
71406
70118
69156
68591
67745
70321
71494
69377
67120
69694
69110
68593
71142
70535
68509
67839
67682
71392
70848
71330
69735
69192
71392
67535
67936
70422
71348
70902
69016
69344
69745
69662
70292
69607
70075
70670
67851
70234
70790
68489
71160
68591
67857
70779
71577
71071
68760
70803
71150
68712
70320
71084
69795
69560
71673
68062
67711
67989
68311
71481
70736
69555
70667
71045
68606
68924
70610
67232
69044
69064
67814
71363
71035
68919
68285
71383
68249
71313
71724
70450
68993
71123
70215
67236
68918
67585
67156
69809
68346
68782
67719
68845
68025
69410
71196
68904
70979
67413
67586
67751
69064
67598
71224
70401
71066
67685
71664
67302
67569
68358
69526
71290
67663
70950
67209
71155
69398
69577
68346
69643
68898
70961
70596
67618
67348
69729
68225
71167
67245
68036
67649
70950
71387
69562
70642
68834
67431
68512
70867
69920
67745
68138
68914
71228
67344
70426
71177
69694
67301
69101
71471
68402
68538
67461
69795
70711
67471
68603
70756
71373
68698
69005
69953
71213
70696
67811
68431
67165
70555
68104
70966
67571
67312
69836
66868
70995
70312
69675
71592
70643
71190
70259
67633
68007
70230
68658
69470
68397
69741
68142
71265
67174
71383
67346
71100
67566
67273
68025
68650
71272
70731
68950
70327
68713
71638
71031
69969
70592
69731
71117
68758
69140
70984
70899
67455
68363
68595
70302
71468
67412
68601
68793
70782
67688
71349
67929
67229
67344
70807
69127
69305
67695
70783
69662
71186
67998
69308
68083
71253
67266
69356
67265
67867
68575
67785
69391
67412
67883
71202
70758
70900
67463
71266
67239
70793
67907
67087
67525
70989
67307
68100
67998
68262
71304
68385
67333
67722
70324
67375
68716
67330
69487
69464
68378
67570
71055
67857
67840
70701
69100
67583
67663
68424
69403
69937
70129
71532
67827
68964
70597
68105
71025
70774
71304
67813
68467
71438
71396
71236
70484
69729
67784
69733
71259
71214
71223
67310
69895
70877
71632
69231
67433
69932
69421
67899
70578
67816
67390
68561
68086
71533
71510
71051
68242
70441
67728
69179
69707
69228
68277
67654
70668
69575
71212
67319
69063
70726
71499
67789
68198
69495
70395
71354
67879
71246
67716
67502
69135
67449
69504
69046
69202
68822
69168
70987
70391
67564
69295
71628
67541
71276
68279
71125
70737
67861
71030
70800
70763
71052
70888
67661
67393
69847
67813
70342
68440
67835
70135
68318
68321
69047
70053
70329
70810
71127
67336
67483
68035
71107
67918
70050
70927
69192
71357
67573
69911
67816
70941
67318
67212
69072
70947
69030
71714
70914
67646
71329
70110
70165
69262
69404
70895
70535
68540
71213
70023
67366
69980
70314
68807
67692
69008
70398
69179
71312
69117
68655
70486
70472
68403
70394
71556
69682
70840
69370
68776
69522
70167
67934
70620
67603
70679
70569
68552
71318
70647
67287
70498
69792
69419
67297
71382
69209
71432
69974
71576
68246
68274
68009
67689
68619
67357
71528
68132
67958
71001
69923
69344
70074
68424
68139
68476
68658
71264
70722
70513
67365
71613
71183
70910
67915
71387
67546
71507
69892
67331
70507
67774
71258
68164
67626
68553
68439
70354
67835
68472
71274
67175
71272
68620
70856
68208
71105
67959
71119
71007
67216
70929
70747
67817
70846
70394
67518
69093
71379
67542
70120
70790
71437
71024
70834
69115
69627
69931
67582
70805
70512
68113
68145
70368
71133
71339
68182
71216
69639
71316
67260
71591
70335
70968
69591
69399
70991
71542
67404
67172
71095
70707
70989
69218
70018
67480
71424
71195
71033
67412
71046
68810
71627
68226
70316
71275
69261
67660
68191
70361
71170
71214
70131
70670
67841
70429
67798
70866
70747
71108
68402
71094
71019
67922
71402
68753
69652
67180
70266
71407
67173
67477
71510
68146
70243
68027
67719
67486
71312
67964
69546
71069
68408
69514
70676
69041
67542
69299
67763
67467
69319
70113
69437
67443
68703
68883
69843
67893
70975
70496
70785
67689
69789
69375
67902
67322
67853
68963
71131
70705
71543
67823
67806
67404
68992
70865
68795
69052
71356
67207
70633
70485
70667
69683
67455
69263
69789
67549
69648
69881
69416
67600
67815
70689
67868
68390
67790
70445
67895
69724
70294
71326
71324
68664
69300
70599
70929
67989
67963
67987
70209
69436
68623
71208
67513
70236
71104
71019
68619
70722
71094
67438
71549
69532
69991
71272
69110
68799
68606
69722
70766
71393
68854
69288
69949
71107
68707
69680
67843
70036
68119
70624
69270
67404
67592
67862
67857
70474
69118
71212
69857
68216
70807
70279
70760
69135
70509
68413
67640
68595
67500
70554
70409
70330
67851
70719
68426
70291
68786
67056
70581
70852
69093
68631
70995
67677
71583
70224
67494
67370
68459
68614
71159
68519
71277
69399
71114
68240
70125
68458
69253
69678
70996
71131
67071
69782
68555
67500
68890
70641
71810
70297
70838
70083
69037
69192
68958
70126
68582
69050
71179
71281
70530
70285
69803
69475
71406
67699
69518
69397
67377
71534
67578
69652
69079
71295
67790
70893
67848
69792
70012
70169
68671
68179
69163
70988
69816
70492
67204
67289
67362
68020
67653
71822
71312
68675
70171
69034
68508
70745
68855
70594
69184
71226
67607
68705
67868
68969
70310
67915
70530
69186
71527
67550
69315
70685
71259
67814
69620
71378
68286
71751
68175
70580
67842
67358
67797
68658
67670
71254
70499
68250
71039
68763
68891
69599
68790
68936
70663
70563
71527
70789
71411
67628
68139
69319
67384
71249
71273
68761
70028
68522
69262
71084
71348
68013
69388
71733
70197
68894
69827
70498
69293
67560
71295
69967
70439
68847
68222
67821
71715
69248
70796
71260
67923
67515
70812
71563
67658
70367
69846
70802
70579
71159
69185
68831
71129
70548
68659
67485
68493
70133
67154
71008
70038
68302
70379
68890
68302
68559
70271
69296
70381
70515
67189
71399
70415
70914
67556
69811
67832
67987
67201
71153
71118
68958
68689
70931
67746
67273
67821
68005
71463
67127
67278
70245
68073
67784
67598
69701
67785
68516
67616
70117
69402
68899
67758
68790
70940
68576
67993
71324
70316
70600
68018
70915
67470
67772
70840
70415
70399
70234
70670
71295
70775
69586
67428
70522
67378
68329
68038
71020
71176
68874
71534
67530
67915
70160
70859
69742
67879
69911
68970
69751
71792
71435
68971
71491
67286
70957
68740
67415
69845
67783
70963
67389
67950
71140
70952
70014
67836
69034
67293
67566
70672
71242
71061
68967
68695
69555
70018
69987
71188
68208
67988
71326
67627
68298
69422
70423
67364
68294
69906
67655
70750
69049
67415
69396
71294
68633
67418
67638
67872
69299
70766
71504
71416
69420
67373
69059
68012
69745
68633
67446
69516
68940
70706
67604
69880
71279
69582
70859
70646
71181
67424
71353
67334
67777
68682
67544
71130
67806
69136
69812
70101
69782
71279
68375
69899
70000
69654
68717
68331
69892
67484
70426
70115
69588
68191
68875
71543
67788
67770
67895
68391
68872
67372
69291
68417
71217
71084
70218
69373
71208
67068
70916
70917
67963
71023
67843
67637
67384
70890
68944
68805
70893
67635
70461
69979
71146
71682
68922
68971
70767
68390
71442
69110
69311
67397
71480
67409
71327
70799
70551
69772
68715
71540
67245
68924
68421
67842
68405
68807
68231
69563
70591
70064
69049
70396
71077
70823
70937
71249
68217
68575
68279
71031
71164
68942
71492
69502
70873
71272
67657
69874
70185
67643
70880
69508
68487
71190
69951
68677
68030
71155
67153
67410
67579
70617
71307
70442
68558
71068
68366
70280
71166
68122
71355
69969
70983
67498
69416
67892
71612
69877
67795
69083
69559
71319
69087
67565
67261
67443
69300
71439
68248
67422
67790
69726
68372
70837
69404
71127
67332
68622
70572
69701
71045
70958
67235
70922
67189
70358
69958
67735
68822
68829
70566
70984
70685
71603
71151
68418
71148
69741
69690
71260
68211
70342
67613
70227
67155
70297
67678
69686
69156
69917
70406
67547
71097
67417
70431
67405
70636
68223
67270
67401
70137
70730
69593
70505
67818
68196
67380
69201
67717
70996
69323
70234
68159
71232
68426
70739
70768
67763
68622
70706
70965
71276
67385
67829
68106
68215
69406
71264
68722
70967
71628
70534
69301
68519
67470
68354
71331
69818
71359
67750
69954
71059
67685
70213
67420
68882
70821
67797
70302
70880
70440
68539
69259
70229
67386
68108
71813
67274
71314
70965
70689
69512
71176
68629
71417
67977
66945
69117
70713
71024
67085
71138
69447
69522
67621
68588
68851
71215
67521
69739
70857
68794
68122
67519
69377
66921
71016
67324
71204
69536
71093
70894
70898
71697
68776
70194
70781
68886
67891
71351
71278
67162
70611
70644
69745
69493
69584
67450
70185
68208
70553
70808
68416
67446
69742
70263
70599
69796
70651
67519
67956
71448
70386
67214
69359
67734
68492
71059
70480
68940
69599
67975
68526
71501
70504
69978
71076
68298
70948
71483
70286
67546
69346
67359
67952
71421
67558
69535
71026
67705
71136
71322
67941
69210
71368
69234
69894
67985
69077
71358
67802
69301
70220
68499
67237
71187
67576
69217
68000
69965
68329
69936
68850
69663
69426
68642
69618
68662
71185
71396
71237
71055
68499
70382
69015
69935
70010
70307
69054
68250
69865
71487
70285
70418
70565
70954
68479
68454
71286
70223
67651
71084
68097
67432
69542
67457
67442
67223
69096
68560
68860
67625
66823
70726
67986
71012
67239
69439
69314
67362
69653
71232
67457
67504
70661
68452
71179
70508
69990
70230
70821
71319
67937
70991
69563
70849
67393
69604
70971
70986
71455
67416
70335
67466
69396
68420
68158
67819
69638
70410
68960
71503
67507
68549
68672
67405
67573
68398
68161
68778
68479
70410
69026
67850
71444
69719
70588
67761
70779
69681
71212
69118
67551
70077
70159
70998
67404
70265
68382
70186
67334
68374
70666
71048
67393
68960
71113
67720
69855
71080
71375
70556
70406
70914
71291
69831
69882
71064
69889
71336
67416
69238
71259
70960
67607
70631
70918
69523
69918
71179
68100
70563
70814
70327
71828
71442
67224
70244
70885
67618
67757
71074
71035
69046
67459
70131
67446
71787
68310
71296
70985
69169
67117
67407
68023
69437
70778
69057
69693
71152
71475
68545
68366
71025
67547
71214
69352
68464
71226
69500
71027
68061
69796
67311
67400
67813
67188
70231
67369
67480
70809
70078
68304
71028
67268
67774
70377
71039
69781
71183
70404
71072
68426
71185
69136
69008
70753
68617
70671
69869
68214
69251
67553
71229
71282
67757
71789
71351
67625
70482
67354
71517
70722
67701
70165
71002
68852
67536
69927
70733
69568
69402
69307
67388
70250
71122
71371
69579
71019
69897
70393
71327
67994
71487
69087
70318
70871
68020
70776
67346
70645
68746
67369
71067
70150
70132
69081
70360
71651
70858
67967
67344
70286
67472
70877
68082
68659
70006
70239
68902
68329
67336
67882
68326
67751
67536
70887
67438
69026
68676
70495
71518
68188
70272
70313
67304
67953
70534
68098
71057
68393
67885
67269
70302
71272
69139
67217
70477
69944
71356
69196
69011
70145
68082
70699
68403
69071
67276
70102
67338
68586
67167
69644
70255
68400
68335
69170
70511
67661
67364
70527
70023
71244
71155
68987
67592
68463
69443
67680
69359
71058
67478
70451
67939
71379
70985
71191
69560
69174
67910
69531
70282
67845
69443
68205
67525
69729
67240
68742
67972
70976
71122
71160
70545
67361
71158
68423
68518
67253
69635
70666
68909
71039
70631
67290
71115
70094
67705
68735
68132
71244
70327
70405
71848
71114
67362
67975
68719
69766
68422
71660
71362
71307
67160
67527
69216
68413
71521
68039
69217
70958
69383
68106
69112
70126
69335
71548
70775
68867
71395
71014
69467
67470
68682
70410
67508
70861
67234
70035
70162
71229
69489
68190
71537
70853
67220
70587
69145
68663
69449
67647
68246
68369
71048
67634
68362
67721
67524
68198
70169
69573
69112
67384
68367
70298
69677
70891
68257
68573
70880
71732
69953
68621
69579
67969
67962
69355
70874
69654
70019
69627
68647
69554
67397
68074
70620
70915
67426
68383
70794
71053
67557
70395
67622
67813
71174
70281
67346
71482
68703
71050
67390
71636
68135
67360
69666
68665
71076
71483
71378
69711
71041
71271
70374
70463
69023
71494
67973
68926
68918
67287
70859
69456
71546
71095
71177
68095
67302
67540
69144
68279
67739
67176
69927
69044
67565
71291
68260
67544
67688
69234
71584
71239
70670
69569
69093
67505
70893
70734
69204
71154
68390
67682
68410
68411
68711
67185
70433
68276
67444
68638
69019
67648
67738
70391
70805
67270
67981
71206
67563
69977
70271
71119
67455
70715
68358
69431
71249
67642
69240
67449
67802
69860
71128
68963
70219
70631
70088
70902
70379
67722
67348
69306
67946
71002
71383
69708
67329
70324
69428
69007
69935
71065
70454
67489
67676
70031
67337
71370
70134
68580
71267
69896
67447
67764
71059
70939
67607
71239
71055
68511
68836
71694
70096
70081
71625
67508
67461
69379
71623
71263
67573
68115
68033
67398
67321
69601
68097
71377
69224
71040
67220
67729
70853
68459
69263
67730
67645
68623
70561
69102
71417
70704
67842
67764
67670
68909
70723
68404
70456
70653
67597
70214
70733
70746
67784
67966
71509
67864
70920
67322
67764
68894
67373
68327
70511
70210
70578
67635
67529
70217
69948
70891
70813
67300
70875
67917
70300
70867
68530
68432
68076
71326
71019
69458
70131
71389
69812
71075
72063
71314
71386
68380
68444
67851
67299
71802
69225
67699
69639
69027
68363
67431
71721
68773
67317
70098
67646
68507
68950
71466
67519
70030
68589
69347
70035
69883
68927
68359
71328
67714
71280
68700
68218
71172
71387
67272
69004
67524
67478
71312
67743
69340
69013
67567
67414
69531
70860
69328
68570
70414
70956
68437
67262
67410
67450
69307
68731
67466
68343
67207
70839
67435
71337
70566
70365
70261
71335
71307
70283
68918
68752
68013
67518
70695
68006
68445
70093
70388
68076
71216
68515
71223
71028
70840
67983
70250
71532
67318
70648
67534
70973
68552
70911
70860
67089
70900
68407
71375
68534
67516
70414
67476
68025
70401
69926
70424
67652
71370
70249
67561
71220
67285
68130
71628
70799
71226
71153
71097
68442
68431
69595
68894
68763
67393
70314
69431
70869
70477
67982
71059
69986
71525
67578
68563
68465
70529
71360
68768
67719
67508
71291
69738
68169
68345
68260
69788
68992
70170
67938
70284
70053
70244
71079
70604
67641
71063
70584
69928
69485
67745
69826
68956
67986
68690
67186
69148
68835
69507
68371
71161
70113
71330
68732
67391
71036
68614
70342
69371
69321
67363
67349
67731
71625
67416
70955
71119
70907
70173
68990
69076
70017
67744
71147
71215
71312
71486
71471
71090
69575
71084
71178
69280
67894
71189
67427
68091
69414
71173
67330
69721
67858
67626
68935
67266
71422
69136
67563
71011
67430
67687
68378
70391
71228
67325
68083
68734
67269
70923
68736
70338
70739
70743
68643
69405
68425
69494
67729
67296
68062
70883
68191
67969
71360
71451
67857
69905
71228
68230
70033
68179
70002
70211
67537
69419
71105
68279
70521
70757
69435
71147
67797
71366
67072
69774
68006
70604
69803
71120
71289
69965
67888
69044
67819
68968
68330
71294
70659
70475
68538
70616
71414
70214
67458
69464
67915
71360
67491
67447
71423
68685
71406
69451
67717
71140
67753
68975
71496
68026
69614
70405
69224
67267
68318
70218
68259
71225
68720
71019
68528
70277
67324
71258
67394
68219
70347
67368
67307
69373
70411
67133
69226
68255
69910
70615
68392
69706
67816
71443
68451
67098
71083
67480
67478
67112
68754
68551
71046
67388
71481
67386
71079
70582
71355
70372
71158
70034
69519
68094
67846
68608
69749
69891
71573
71091
71184
71193
71578
69270
71487
70833
71047
71117
68156
71716
67595
67778
67650
71346
70453
68094
67649
68775
68792
71171
70901
71056
70875
69612
71120
68143
67230
67613
70849
70401
68682
68999
70113
71220
67939
67330
70241
68487
69029
67693
70583
71241
68058
71024
70349
67832
69337
67608
67737
71573
67210
70342
70109
67538
70603
67290
67467
71386
67488
69647
67682
69623
67396
71291
68122
70413
70214
67289
68785
67895
70806
68767
67692
70734
71224
67674
68287
68289
69092
67657
69775
69403
70126
70188
69946
67055
67454
70789
68989
70769
69822
68802
68652
70885
70558
68573
69965
70823
70632
68436
68932
69644
69758
67395
71139
71459
70851
67799
70179
68840
68636
68630
71271
67387
69544
67206
68312
67145
71096
70287
71428
69426
68943
70924
67634
70179
68204
70300
69045
68920
68643
68491
70949
67457
69758
71297
70245
71000
67868
70573
69292
67568
67430
67614
69235
69124
69542
67814
67712
69293
68694
67489
70070
68223
71627
67232
67808
69444
68707
67242
70953
70687
67629
67117
69552
68288
70856
71509
70039
67602
70126
69528
71171
70693
68136
68798
67682
71354
67613
68571
68266
71542
68159
67836
67573
71234
68259
68385
71596
69311
70374
68083
70833
70477
69088
71281
71142
68636
71082
70069
69193
69766
69326
69270
71266
68692
68098
71533
67677
71735
69356
68510
71149
71290
70543
69680
71284
68179
70191
69530
68775
70821
69730
67967
71098
68952
70155
67681
68861
71277
70855
68273
71082
68145
70819
67383
69649
69836
67626
71407
71676
67954
71332
68153
68827
71444
71192
70688
71036
67509
67310
67338
71347
70242
67281
67061
67546
70490
68279
71398
71499
67619
69353
70435
68854
70229
68854
68923
68723
68214
70748
69568
67386
67919
67650
70241
70825
68994
68932
69623
68037
67516
68039
68838
70958
68649
70947
71246
71380
70829
69310
67922
70818
69389
70593
70686
68919
70875
69509
68244
68231
70679
68692
67321
71381
69696
67693
70763
68438
70209
67380
67420
68558
70897
68332
69744
71124
68949
71392
71316
67434
67573
71122
69840
67469
71368
70321
67863
67623
67802
70955
70970
71100
69529
67458
69123
69089
71090
70267
67237
69927
68082
70126
67708
67160
68529
70957
71066
71009
70262
69162
69091
69579
71215
67657
71104
71707
68440
70807
69506
68174
67823
69865
70945
69050
70670
71163
71127
69339
68819
71196
68056
69219
70671
71252
68114
67592
70756
70458
67661
70995
68040
69443
69114
69429
71374
70075
67088
70693
67955
70938
70718
67392
69260
67623
69764
67851
68804
68944
70631
67571
67233
70732
70849
71308
70492
71454
68838
69091
71315
71266
68076
69101
69374
71571
69004
70822
68382
70448
71280
69294
67201
67821
69099
69356
67282
71147
68358
70454
71091
68470
67387
68188
68479
67363
67940
68766
67525
67634
71143
68916
71546
68061
67321
70470
68848
68384
71268
67445
67533
71544
71507
69512
69601
70653
70844
70435
69096
70543
69280
71411
70907
67524
70543
67537
69179
67108
71290
70609
67461
67661
70940
70894
67629
70177
67433
71116
69527
67321
67855
70108
69942
69963
68984
69806
70121
70416
68740
70723
70780
68254
71011
70448
70546
70672
68255
70727
71180
69379
70205
71519
67500
69660
68994
70562
67914
71473
71046
71095
69051
70887
67610
67457
68126
67272
69211
69677
67932
67696
67775
68189
70429
70620
67923
70994
71145
67807
69504
70611
67708
68872
70874
68401
71690
71352
70956
71136
67129
67387
70831
67432
68218
67877
67485
70875
71424
67846
70651
71256
71518
68452
71176
67819
68975
67955
67520
70369
68091
70229
70119
71133
70168
69349
67852
67422
67599
68181
68028
69480
67511
69668
68263
67299
71187
71450
68947
69099
67450
69424
71883
71375
71042
70554
70991
67452
70994
68394
67593
67619
70935
67642
69557
68323
68343
67670
71366
69353
67607
70695
71250
66885
71108
67790
70866
68005
69992
69182
67607
71511
71329
71079
70968
68114
70134
69473
69165
68544
71085
71499
71061
70846
68528
71401
67650
70979
68595
68651
67282
67383
70193
71279
67661
69813
70981
71063
69745
69754
71345
71172
68018
70908
68271
70214
69478
71194
67546
71338
67385
70917
71159
67414
68447
67462
68966
69743
70871
68639
70014
67447
67403
69904
69942
68303
69408
70338
67498
69322
71242
69990
69679
70773
69244
67530
66916
70122
71031
70943
71186
67181
67709
71426
67499
71516
67470
68210
71034
70803
67770
71415
70766
67764
67959
69618
67114
69726
67410
71156
69121
71062
71284
68235
70957
68983
71233
67745
69839
67299
71393
68633
68478
70220
70335
67542
70954
70353
68103
68364
69916
71094
68329
71412
69155
71636
67462
67725
68634
69092
71499
67631
68498
71272
67633
70734
71158
71302
68548
67669
69702
71527
69204
67619
70846
70123
67442
71230
70822
67434
71204
69982
67000
71270
68133
69558
70747
71543
71139
66936
71186
70829
68324
70442
71128
71361
68524
70153
68159
68709
67701
70957
71564
71391
67631
67952
71322
71033
71348
71636
71389
69815
69054
67910
69763
67489
67284
67492
67290
69209
70381
69895
70540
71155
68896
67623
68332
67750
71508
69458
67493
69156
69302
67249
69980
71319
67408
70446
68044
69754
67461
67755
67750
68313
68842
67415
70720
71217
69958
71462
67292
67224
67458
67602
70839
68803
68937
70700
69303
71118
70238
70285
67577
70866
71509
70465
68437
67908
67285
68685
71039
68107
70854
71151
67284
71212
69349
70884
69650
69772
71294
69300
71187
67578
71370
67825
67249
68933
69067
70798
69967
68503
71355
70760
67560
71379
68830
71109
69383
71434
68733
71011
70873
71240
70768
69272
68196
67733
67852
68051
67952
69520
68619
70319
71531
69100
67248
71515
67374
68503
68083
69666
69072
70074
69261
70544
67148
70036
68933
67789
68503
67345
71165
67169
67725
71337
71313
67590
71134
67554
70666
69539
67165
68215
69543
70065
71338
68991
68351
68209
70854
70962
71117
67593
68068
71335
68299
69240
71416
68193
71296
68757
71171
68318
67350
70734
70790
67780
71366
68044
67761
70911
67529
67674
71475
68354
71267
67924
67856
69175
67290
70988
69802
70816
69580
67665
70091
67714
67684
67192
68103
69174
71299
67646
67932
69462
67966
68206
71480
69205
68876
70082
71358
71394
71007
67372
71304
69508
67754
69793
70887
69243
67218
70483
68729
67690
68575
68672
69441
67634
71580
71132
70831
70636
68972
70446
69780
68100
68463
68293
69288
71461
67355
70516
69150
71179
69530
71586
68010
70722
68358
69248
68245
67742
67352
71091
67491
71201
67769
70590
71022
71901
71209
67705
67582
69854
69744
70013
68139
69105
68905
67473
68334
67227
70615
67162
71202
71114
71342
69815
71594
67401
69918
67594
68191
71448
71412
70841
69463
69089
69134
69045
67330
70962
68402
70248
67701
67229
69628
67584
69708
68616
69953
67714
67406
67336
70443
69007
68430
69078
67450
70076
69232
71255
71056
69447
67446
67951
71172
67260
67205
67853
69834
69362
67071
71491
70974
71244
68747
67272
69631
70930
68855
70877
70461
71354
68143
70737
67601
67559
69607
70616
71213
70822
67210
71301
67543
71230
67953
70586
66893
70046
68018
70446
70135
70942
67608
68691
70018
71268
68214
70583
70517
70467
68171
68683
71040
70428
69661
71699
68602
71190
70967
69236
67640
69899
70934
71385
70937
68947
67422
71148
68219
71280
67325
68251
69375
69531
69203
67502
69517
71264
68070
67575
71083
70804
67708
67470
70494
68643
68218
71297
71587
69388
68508
70141
67565
69438
71190
69002
67548
67904
67941
68640
70694
68575
67128
67902
69908
69555
69572
68897
71179
67565
71590
67374
69034
70526
67360
71508
68573
69612
70994
71478
71578
70841
69913
67450
71536
70559
68468
70617
68365
71299
69361
67469
70205
69810
67563
68053
71255
67685
69746
70545
70277
71018
70539
71508
69779
69625
71210
70249
70775
68862
68269
71366
70247
71120
68227
67586
67869
67977
70614
71606
68178
67369
71068
67662
70963
69005
68077
67070
67962
70958
67490
68365
68868
70999
70531
70111
68049
67608
69121
70558
70607
67265
70395
71069
68002
68852
67420
67308
69866
71191
68772
70284
68873
71468
68390
70884
70086
67616
67974
67453
70771
68510
70738
71110
69295
69046
70079
71567
70199
68720
69144
69838
67345
70267
70646
70133
66943
67589
68565
68321
67594
67434
67952
69830
70459
69625
70519
71038
69455
71082
70958
71362
69906
68505
67418
68339
67946
67534
67630
68202
71066
67400
69954
68026
68835
70576
69332
70066
70691
69735
69817
71054
71396
71463
71151
67852
71279
67500
71316
68168
67398
71009
68629
68222
69377
69420
68351
67447
69932
68284
67777
67556
67517
67623
69730
71050
70622
67578
70870
71315
68188
69953
69996
70202
67419
70703
70329
69643
69038
67853
67750
71089
70756
71398
71356
69322
67361
68025
67593
67674
69556
71623
70301
71096
67582
71034
67760
71289
70074
67813
70449
70965
71439
68282
70706
71473
69480
70173
68401
70599
69171
67146
71204
69323
71197
69363
68376
68917
70897
67567
71306
70867
67285
69767
71386
71540
71123
67853
66909
69623
68647
71016
67607
71456
70281
69082
70266
69527
71297
67454
70996
71072
68905
67594
70918
67746
71374
67334
70253
67593
67551
67959
69361
67758
71488
71609
69175
69824
70656
70773
70257
67324
69599
71231
70938
71086
69379
68995
68530
69092
68749
68679
68554
70774
70338
68272
69974
69825
67755
70451
67645
71070
67625
71010
70319
69433
69404
70845
70803
70391
68979
70951
69926
71008
68573
70430
71492
69418
67358
70128
71062
70883
70465
68325
70393
71124
67618
68771
68163
69083
71612
67821
69461
67523
70040
71052
70956
71153
68091
70859
71708
68512
69480
70517
71524
69517
71442
68608
69267
68882
67636
67706
69004
71631
70328
70561
68612
67830
67046
67266
71653
68861
69380
69630
67733
69697
69066
70915
69174
67885
69813
71309
67270
69436
70587
69174
67841
69962
69656
69630
68804
67637
71124
70145
70034
70870
67652
68617
69305
70854
71087
68295
70247
71283
69921
70766
68643
70957
70273
71428
70243
69058
69048
67009
68001
67628
68095
71385
68793
67630
70905
68149
69335
67209
69316
70142
68671
67447
68410
66985
71187
71303
69412
67617
71217
67574
69633
71178
68523
71470
67634
71407
71115
71115
71588
70901
68816
71262
68775
68838
66938
70954
67767
67344
69849
69353
67874
67729
71095
68989
68199
70633
71499
67863
70440
67309
67357
67787
70565
67738
68081
67966
68910
70044
70958
67265
67403
68019
69403
70620
68700
71018
67618
70413
70987
71351
70874
68299
71009
67472
68574
67968
70115
69757
70709
67367
70461
70494
70623
68523
69350
70010
70602
67735
70449
67827
68221
32388
32388
32388
32388
32388
32388
32388
32388
32388
32388
32388
32388
32388
32388
32388
32388
32388
32388
32388
32388
32388
32388
32388
32388
32388
