9884
127444
127656
129105
127695
128999
128011
127937
128714
129434
128348
127263
127476
127875
128250
128332
127367
127848
129509
127439
128306
127698
128536
127047
128566
129338
127329
127872
127337
129438
127705
127997
129255
126609
128227
128284
128845
128423
128669
129091
127493
129060
127978
127286
127800
128928
129090
127564
128846
128160
127115
127610
127347
128044
127561
128991
129423
127837
128433
129225
129107
126833
127385
129365
127804
128718
128436
128690
127902
128015
126716
127703
128552
128701
128497
128620
128579
126993
127083
127669
127505
129234
129302
128062
128436
128000
127832
128506
129069
127602
127298
127943
128230
127819
128746
127973
127393
127197
126814
128485
128336
126713
128440
127642
127332
127995
127352
128721
126914
126965
128854
127088
127573
127884
127455
126524
127206
127371
126772
127783
129050
130003
128160
127258
128099
127486
128581
129305
129386
126660
128098
128537
128194
127017
127104
128510
129129
128875
128817
127795
128744
128255
127586
129039
128117
129105
128728
127775
128991
128260
128735
129353
127532
127076
128505
128337
128022
129241
128100
129245
127879
129472
128990
128456
128890
127922
129286
128026
128840
129132
128994
128980
128572
128992
128367
128603
129535
128184
127312
128434
128986
128875
129124
128232
127696
127693
128000
129079
127648
128221
128153
126963
127566
128623
128674
129310
126845
128019
128581
127751
128924
128469
127821
126415
128431
127938
127341
127296
127857
127985
127607
128561
129082
126942
129270
127865
128918
127633
127449
127458
126813
127664
128247
128730
127479
128196
128243
126296
129571
128202
128260
127224
127041
129362
127967
128097
126789
127850
127518
127872
128148
127032
128222
128016
129523
128731
126589
128032
128093
128170
127739
127444
128918
127501
127980
129084
129229
126480
127878
130299
128765
127456
128710
128818
128222
128685
128553
128520
127928
128278
128316
127134
128645
129034
127473
128181
127580
128390
127905
127515
129968
127893
128665
128376
127678
127611
127736
129531
128737
127957
129357
128284
128916
128049
128313
126940
127769
127143
129121
128861
127140
128874
128658
128653
127294
128464
127353
127526
128116
128714
127581
127042
128188
127242
127808
127712
128135
128543
127867
129228
128887
127003
129132
127535
127015
126846
128336
129494
127051
128137
127394
128502
128314
128440
128847
126709
127331
128266
126768
127861
127967
128557
127558
127974
128676
128428
127032
128229
128066
127547
127615
129373
128331
128935
128138
128985
128102
128985
127237
127986
127696
127901
127708
128290
128745
128037
127319
127741
128093
128269
128789
129251
126658
127813
127507
127536
127410
128732
128729
128180
127522
128907
126223
128109
128310
127468
128523
127992
126905
128901
127902
127587
127732
127017
128604
128986
129117
129237
126820
128321
128308
128773
129394
128384
127620
126889
128896
128191
128486
128798
128018
128826
127494
128180
128732
128234
128958
128716
128966
128773
127576
128643
126128
128531
127994
129522
128093
129052
127936
126530
128134
129398
129231
126866
128147
127669
126838
128976
128005
128325
127963
127919
127909
128114
129329
128521
127104
128142
129185
127555
127290
126987
129009
127188
127891
128904
127620
128690
129953
128107
128010
127511
129765
128293
128330
128863
127272
127659
128164
128481
126898
127597
129634
127051
128736
128923
127921
127763
128632
128338
128696
128710
128081
127662
128360
127855
127945
128418
129298
127639
128080
127060
128212
128988
127142
127539
126719
128244
127946
127143
127994
127422
128700
128385
128236
128338
127348
128348
127818
127937
127457
128096
128803
127764
129033
127710
128656
127018
128097
127572
127164
128305
127699
128541
127735
127905
129228
127944
128246
127069
128970
128271
128873
127917
127232
128799
126994
129063
128834
128694
126984
128430
127162
127231
128638
129091
128300
127614
127319
127619
128128
128083
129090
126142
127879
128626
128145
128080
128715
128569
127445
127537
127620
128658
128253
128159
127963
127584
128563
127839
128219
128539
129071
128550
128183
128147
128177
127317
127800
129141
129454
127869
127976
128937
127263
128852
128231
127817
126889
128576
129615
128521
127210
127686
129633
127794
129307
128167
127721
128370
128568
129214
127115
127074
128859
127258
127647
128975
128849
128604
128834
128535
128056
128848
127968
128011
127221
126946
129483
127894
128619
128693
127611
127254
127951
128279
127597
127213
128257
127793
127692
126576
127855
127106
129099
127744
127152
127222
126509
127071
127527
129213
128857
127912
127130
126623
127379
127286
128591
128641
128017
129964
128169
128656
128048
128229
127910
127730
129478
128669
128096
129011
129454
127645
129042
129022
128048
128400
127732
127816
128040
128873
128554
127431
127769
127968
127471
128196
128031
127607
127854
127879
127105
128299
128453
128143
127721
127571
128312
127843
128425
127270
128479
127721
128768
129313
127820
127522
128712
129330
127693
128114
129493
126740
129007
128738
128654
127197
128195
128688
126700
127437
127891
128853
127872
128467
129148
126594
127691
127098
128660
127393
128592
129877
127421
128172
128682
128393
128451
127300
128332
127599
129145
129242
128336
128061
128043
129160
127125
128881
129822
128162
127110
128125
128942
127952
127978
129830
128310
129047
128605
127838
127556
127548
129510
127039
127991
127590
127564
127202
127863
128080
127809
128278
127561
128734
127423
128413
129586
127754
128709
127545
128328
127856
130178
127655
127913
127103
128261
128092
127115
127704
128714
126922
126173
128079
128625
128826
127263
127847
129296
128270
128377
128090
127461
127984
128107
127573
128058
127324
127528
128821
126635
127103
128316
128346
128778
128675
128916
126969
128613
128765
128177
127612
127712
127673
127043
127288
128497
128378
127893
128568
129625
128312
129142
128641
126679
127289
128304
128143
129034
128568
128927
127229
128181
127695
128964
128508
127704
129600
127945
128270
128078
128351
128776
127609
129084
127406
129115
127216
129165
127224
128614
128214
127675
127496
127379
128219
127910
127916
127525
128008
128836
128137
128289
127749
127952
128805
127823
127853
128097
128033
128972
127598
128659
127477
126839
128056
128504
128541
126987
127323
128064
127834
127347
128070
127531
127867
128041
129410
127477
126805
128471
129094
128251
128610
127842
127292
128001
128689
127256
127951
127741
127941
128727
128008
129565
127346
128088
127241
127462
127602
127605
128885
126355
126861
128504
128697
127647
126687
128782
126470
127729
129354
128242
127582
127468
128879
127881
127596
129812
128194
128552
128388
127891
128140
129705
128293
127643
127934
128462
128008
127326
128615
126610
128136
128808
127344
127741
127758
128535
127309
127442
129238
126921
127579
129279
129297
128361
127934
128467
128192
127360
128283
127972
127867
127964
127895
127743
127997
128781
129510
129292
127956
129094
128003
127409
126577
127766
128308
129469
129630
127951
127717
127623
128956
128886
127610
129026
128264
129247
128156
127569
127788
128336
130074
127253
127524
127449
128203
128465
127627
128357
127660
127489
128953
128053
129053
128448
127603
127637
127187
127005
127404
127440
126649
127078
127232
127739
128516
127587
127598
128236
128568
128247
128688
127851
126908
128923
127463
128187
128306
128664
126825
128098
128924
128041
127851
127318
128404
127884
128585
128614
127865
129436
128415
127828
128059
127448
126488
128817
129381
127821
127915
128717
129896
127480
127689
128319
127648
128757
127399
129179
129493
128080
129472
128946
127324
128193
128569
128151
127297
128379
128129
128137
128541
127133
127313
127585
129323
128946
128768
127455
128525
127586
129018
129177
128655
127466
126994
127707
127183
127591
127636
128801
128636
128449
128355
128641
129016
127865
128280
127543
127272
127752
127731
126513
128216
129568
128325
128211
128124
128449
127035
127343
126686
128580
126832
127357
129087
127827
129410
127547
127949
127855
128257
128581
126489
127789
129562
127136
127805
128054
127838
128845
129152
128874
127943
127223
128316
126356
129024
128804
129031
128192
128608
129327
127941
127940
127333
127209
129056
129249
129455
127683
129046
128994
129237
129006
127700
130145
127525
129051
128503
128793
128097
129341
128791
127538
126961
129327
128764
127676
128983
128405
129125
128444
128396
127800
128506
127420
128015
128456
127257
127140
128566
128434
127413
127273
127377
128503
128140
127102
127299
126840
127908
128937
126886
127896
127400
128897
127177
127051
129129
127741
127923
127708
129315
128485
127983
129171
128627
127573
128477
129360
128623
128846
127279
128754
127972
128862
129998
127391
129141
126583
126985
127443
128763
127408
127220
128299
127372
127376
128420
128522
129017
127865
127845
128213
128060
129437
127828
129350
128638
127184
127124
128573
127569
129157
129032
128216
128587
127812
127775
128432
128353
127822
127006
128013
127355
127478
128559
128111
127965
129844
128699
129230
128162
129170
127506
129234
126950
128637
127341
127264
129484
127597
128084
127849
128855
127079
127712
129680
128684
128177
128460
127106
128664
128925
129151
128297
128389
129857
129408
127853
128737
128121
128359
129248
129263
126702
128711
128801
128330
127959
127702
128569
127018
126793
128287
128393
128121
128838
128112
127620
127514
128968
128822
127678
127047
127439
127147
127609
128917
128943
129281
127424
127221
126731
127543
128279
128144
127383
127659
128325
127576
128614
127811
127690
128921
127664
128336
127470
128227
128807
128520
129200
127415
127614
128248
126953
128120
127219
127535
127928
127481
128821
128266
127578
128860
128938
128456
128023
129249
126481
127717
128642
128466
128120
128809
128119
127780
128840
129029
128505
127407
127166
127674
128305
129322
128776
127675
128163
127129
128054
127507
128877
128303
127891
127703
128361
127938
127090
127410
129851
128477
129116
128721
127412
129236
128048
127721
127470
127310
128495
127472
127578
128122
129378
128211
128136
128973
129376
127811
128936
128029
129535
128157
129298
128068
128880
129048
128551
128307
127387
128500
128279
128364
128993
127571
128472
128072
128192
128774
128420
128251
127427
127082
127833
130039
128749
127777
129290
129006
127984
127751
127887
126636
127283
130215
127829
129154
129430
128305
129123
128533
128803
126845
127625
128673
127623
127764
128800
129784
127334
128149
129179
128559
129010
127752
129145
127440
127567
128046
127190
128472
128793
129694
127208
126742
129029
127640
127917
128300
126789
128058
128366
130088
127669
126744
127923
128832
127428
126919
128208
127198
128281
128944
128264
126835
128118
129611
128269
127854
128258
128145
128853
128319
129852
126882
127688
128644
129549
128368
128283
129450
127948
128177
128010
127893
128500
128104
127727
126756
127904
129137
128535
128902
128864
127309
127470
129080
126878
127922
129160
126917
128615
128106
127605
127127
129234
128863
127891
128092
127876
129591
126337
127190
128664
128724
128668
129121
129866
128858
129045
129636
128290
128905
128785
129249
128327
127834
128656
127836
127912
128197
129129
128175
128292
128835
127788
128481
127079
127909
128629
129341
130104
128714
128800
127289
128508
128211
128349
128229
127931
127873
128720
128054
128816
127609
129189
127821
127692
127557
128383
128565
128899
128744
127570
128896
127045
128247
127960
128588
128353
128092
128466
127849
127863
127720
127654
128821
128659
130493
127851
127686
129046
128752
127398
127240
127315
126716
127311
129016
127536
128472
127334
128626
127479
128224
127916
128715
127892
127318
128058
128175
127623
127713
127961
127717
127119
127457
128236
127558
128648
128483
128207
129031
129134
128151
128685
126921
127249
127277
128845
127279
127973
127976
128270
126860
127652
128812
127314
128434
127151
127353
128684
127470
127075
128638
127569
127625
128351
129331
127416
128398
126818
128620
127794
128248
127543
127368
127418
127956
128228
128150
130205
127311
127529
128080
128610
128920
127461
128657
128462
128853
129568
127454
128642
128109
128362
128572
128656
128382
127853
128882
128867
129506
128601
128053
129334
127140
128372
127764
128624
127853
128244
128420
128855
128006
127276
127620
127756
127925
128863
129028
128518
127341
128733
128124
126780
127926
127702
128146
126358
128182
128395
127170
128232
128085
128741
128168
127983
129386
127719
128977
129060
127771
128519
128488
128536
127377
128199
127300
127923
126886
128044
128873
127776
129323
127402
127389
127790
128576
128583
126846
128938
125985
127972
127791
127835
126796
127554
128713
127991
128770
126984
129145
127548
127905
128337
128307
127305
127308
127055
128455
128137
129154
128307
126858
128464
128143
127682
128382
127611
128995
128450
127464
127315
127703
128637
127921
127663
128496
127496
127312
128308
128141
128439
129109
128902
127879
127663
127657
128518
128458
128053
128773
128465
128168
128501
126692
129246
129294
128512
128247
127421
129042
127951
128318
130520
128537
128673
128766
128226
128261
129261
129251
127983
127706
127538
128622
127599
129106
129887
127279
127535
127927
127683
127333
127038
129882
127627
128815
128954
128081
127748
128914
128509
127517
129158
128593
128265
127972
128250
128046
128286
128367
129302
128411
127187
128220
128662
128310
127580
128702
127719
128711
126588
127854
127817
127588
129223
127278
127687
127885
127414
128901
128485
127307
127006
128204
128429
127710
126905
126293
129136
128715
127754
127409
128144
128819
128779
128255
128237
126552
128021
128498
128186
128051
128783
128071
128268
129214
128705
127764
127539
129368
128809
126148
127375
128158
128280
128195
129366
128226
127652
127068
128092
128277
128246
127795
128530
127623
126572
127350
128142
129182
128913
128661
128679
127771
127689
127795
129046
128258
129905
128043
127803
128597
127533
127613
126914
128655
127111
128450
128261
128102
127268
127663
128850
128782
127347
128240
128263
128410
127159
128459
129497
127915
128352
129686
128256
128651
128390
128925
127632
127700
128606
127849
127327
128346
127716
127436
128530
128777
126979
128204
128771
128621
127101
128483
128662
127504
128715
128574
128536
128932
128801
130091
126944
127509
127981
127544
128573
128081
129298
126870
128253
127752
128131
128485
127622
127705
128165
127139
128912
128097
128293
127970
127549
127757
127541
129417
128506
127399
127763
126982
128664
129054
129614
126860
128241
127889
128770
128027
127954
128716
127415
127356
127113
127598
128917
128098
128588
127632
127359
128123
128051
127608
127196
127386
128561
127867
128692
128640
129152
127587
127491
128392
129443
127707
128724
126921
127724
128332
127873
129215
127590
128217
129347
129081
128410
129237
129418
126631
128638
127531
127870
128820
128307
129026
126771
128201
129586
127936
128689
127062
128485
128697
127960
129520
128077
128027
129229
128480
127648
128479
129186
127910
128556
128822
127131
127645
127640
129403
129180
127943
128020
127891
127375
126164
127315
127376
128448
128753
127814
129188
126604
127888
128626
128125
129886
128788
128339
127623
127551
128132
128206
128484
127932
127798
127967
128603
127937
128217
128750
128029
127789
128984
128345
128343
128444
128353
127664
128262
128196
127301
128316
126803
128394
127659
128328
126665
127072
128443
128149
128677
128904
129732
126802
127306
128413
127824
128767
127537
127939
127070
127650
128032
127903
128148
128381
130063
128448
127144
128528
127247
128927
127755
128456
127678
128388
129401
128284
126919
127383
126498
128052
128073
127526
127850
127744
128908
128050
128717
127644
128886
128109
127024
127697
128195
129367
128158
127275
129847
128196
127163
127859
128056
126051
128125
128081
127368
127527
126849
129354
129013
127262
128248
127423
128062
128016
128233
127690
127921
128071
128298
127584
128186
128532
127364
128538
129201
128832
129094
127455
129183
127289
127635
128695
129044
127886
127458
128932
127520
128918
129019
126757
127696
126871
128242
128685
127598
128972
128188
129189
128610
128320
127360
127956
129013
128560
128068
127899
128109
128405
127351
128354
127837
128487
127717
128481
127796
127537
127454
128241
127150
127740
128489
128816
127805
127797
127733
128632
128305
128105
128746
126462
128875
129379
127452
127993
127625
129274
126879
127382
127390
126644
127712
128448
127984
127646
127305
127804
128622
127776
128315
128721
127515
127356
128561
127499
126852
126235
127267
127986
128331
127642
128720
128121
127108
127735
127423
126828
127848
127024
128360
127031
128168
128536
127796
127186
128106
128938
126946
127676
127129
127043
128147
127871
128717
128018
127474
128070
127149
127132
128419
129395
127708
128209
129464
128261
128044
128414
128481
127468
127923
128322
127422
129009
127831
127813
128481
128588
127140
128377
127538
127476
127766
127414
127507
127783
128015
128549
127668
128047
127672
127832
127507
128236
128263
127935
128112
129154
127272
127134
127907
129939
127510
128369
130282
128906
127717
127614
127999
127791
129091
129302
128696
127679
128503
129443
129009
128688
128183
127073
127047
130041
128112
127706
128831
129274
128750
127755
128091
128059
128613
127696
129334
127503
127036
129093
128365
128109
127578
128066
127049
127833
128181
127825
128010
127196
127620
127091
128488
129367
128357
128137
126462
128036
128256
126723
128467
128043
128649
128490
128328
127124
127827
127436
128621
127583
128307
127751
128492
128768
127228
128205
126483
127145
126995
128535
128630
127528
128228
127373
127394
128080
127585
128130
128875
128656
127628
127771
128863
126445
127635
128197
128714
127384
128048
128867
128247
128304
128683
127055
127501
128736
128794
127455
127825
127151
127698
127283
128300
128883
127728
128127
127733
127945
128184
127263
127908
127325
129208
128585
128040
128661
128080
127902
128140
128084
127379
127826
127591
127745
127433
127766
129083
128289
128925
129362
127911
127825
127722
129131
127761
129661
128950
128203
128572
128330
128121
128264
128939
128925
128360
127286
127631
129647
128467
128169
129515
127524
128311
127877
128566
126626
128276
128708
128241
128560
128876
127890
127872
128600
129535
127212
129133
129598
128744
127526
127648
128214
126577
128029
127951
127518
128196
127671
128633
128013
127674
128749
126871
128101
129001
128097
128345
127997
128079
127667
127416
128712
129243
127881
127055
128353
127396
127549
127093
127360
128812
127548
128404
127433
128771
129162
128613
128297
128565
128700
128378
127463
129275
126814
127505
127155
127660
127369
128499
128789
127590
128188
127682
128430
127336
127889
126732
127073
129176
127278
128787
129289
127652
128221
127107
128953
127908
128685
129126
127470
128131
128140
128594
128142
129275
129555
129063
127131
128586
128401
127945
127147
128026
128808
128985
128452
128575
128440
127620
127923
127275
127423
128552
128225
127100
127406
128143
127345
126924
127459
126806
128271
127012
127356
129750
128439
128899
128374
128244
127906
128770
128318
127749
129082
128369
129681
127659
127192
128212
129053
129057
129326
127411
126856
127907
127647
129022
127434
127448
127988
129179
127743
126766
127914
128374
128514
128009
127628
127469
128870
128954
129156
126743
128242
127721
126493
127703
128219
128149
128220
128104
127961
127943
127760
127352
128734
126856
128041
128900
128093
127708
129120
129922
127477
127294
128184
127764
128111
127986
127843
127516
128396
128653
128621
127864
127900
127280
128184
128131
129783
128632
128518
128458
128911
127856
127739
128975
127828
127436
129439
129224
127847
128241
128934
127906
127872
127038
128024
129039
128529
129754
127836
127708
126984
128436
127901
126884
128749
127116
127754
127479
128318
128782
127512
128838
128625
128965
128233
128087
128349
128299
127486
128061
129555
127759
127114
127568
128164
128448
127500
128294
127799
127803
129114
127754
128208
127753
129270
128062
128033
128126
128002
127321
127423
129603
128788
128442
128329
128954
127916
128272
128943
127672
128405
128885
128645
128212
128693
129742
127976
127586
128519
128133
129030
128892
129817
128306
127767
129205
128425
128014
128405
128113
127843
127960
128906
128744
128011
127400
126943
128515
126720
128696
127961
127860
129155
128093
128107
127213
127687
126816
128244
127683
128155
128693
127264
127617
127914
127016
127525
127914
128849
126602
127786
127524
127984
128801
129071
128910
127334
127844
127819
126410
128863
128634
128392
127188
127149
128636
128158
128890
129043
126880
128013
129354
128577
127412
127351
129122
128359
128665
128185
127685
126842
128510
129010
129204
128520
126579
128547
127492
128788
128477
128641
128518
127317
128113
126954
127548
126945
127392
128379
125913
127833
128900
126718
127070
128079
128854
127088
128586
129766
126386
127572
127976
127894
127967
128554
128165
126248
128499
128756
129552
128020
127709
128009
127198
127599
127836
129156
129247
128329
128524
126507
127314
129426
128808
127759
128429
130162
128003
128808
129862
127749
129260
128080
128697
128033
129351
129220
128279
128044
130034
129191
127408
128611
128602
127315
128874
129011
128349
128624
129255
128317
126782
127993
128361
127642
129182
128198
127659
127121
128109
128991
128370
127415
127136
129476
128774
128236
129121
127829
127834
128939
127386
128272
128548
129678
128181
127815
127851
128221
126654
128392
129552
128639
127545
129117
127532
127548
128068
129727
127651
128769
128990
128483
127615
128278
129258
127392
127768
128333
128845
127752
127763
128789
126779
128312
128939
129163
128248
126954
128701
127601
129314
129971
127667
126994
127367
127848
127674
128161
130103
127656
128045
129607
127959
127873
127499
128741
127135
127163
127913
128196
128403
127590
129160
126948
128223
128932
127582
127363
127244
127862
128602
127982
129436
127988
128358
127880
127377
128349
127800
128163
128114
129420
128307
127859
127675
127899
127664
128941
130039
127285
128676
128893
128387
128306
127161
129678
128354
128937
129071
127968
127411
127720
128976
127459
127402
129744
128565
127723
128276
129410
128437
127723
126535
127529
129161
127329
128247
127704
127504
125954
127675
128812
127444
127868
128511
127911
128559
128221
129185
126476
127843
128876
127779
127287
127408
127283
127750
127744
128786
128091
127864
128626
127664
129146
127965
127540
127935
128526
128448
128227
127677
127550
127689
128454
127781
129403
128391
128407
128973
127756
128148
128836
129489
128377
128143
128137
128834
128705
128588
127865
128844
127822
127072
127687
128128
128317
128766
128728
129302
127483
127195
127719
127745
127939
127810
128042
126754
127407
128474
126594
127386
127624
127820
127522
128514
127878
127527
128506
128079
128834
127486
128551
127014
127527
127937
127813
129605
128040
127408
126798
127724
128623
129010
129106
128402
130384
128028
128096
128965
128054
127523
128980
129009
128498
127766
127488
127840
128324
128401
129923
128505
128212
127726
127667
128312
128124
129221
127881
128487
128286
128765
127443
128357
130138
127969
127748
127790
126879
127468
128742
128774
127310
128017
129026
128497
128197
129308
128174
127649
128169
129717
127979
128442
127467
129733
128952
128945
128713
128071
127853
129214
128391
128429
127472
129897
127021
127832
130068
128542
128637
128361
128445
127964
128190
128551
127522
128233
127169
129948
128541
127339
128173
128345
127909
128690
129361
127584
128162
130304
126922
127818
128097
128007
128157
128448
128145
127057
127134
128232
128006
128692
128161
127523
128092
127736
128495
128449
128695
128621
128071
127692
127211
127841
128071
128573
127192
127921
127344
128075
127792
128102
127439
126896
127761
128700
127498
127216
127847
128741
126233
127002
129162
128172
127674
128902
128991
127107
128348
128364
127279
128808
129165
128964
129173
128758
129601
127812
127555
127782
127935
128261
127717
129683
127722
127545
129511
129435
128287
128293
129194
127962
128228
128691
127880
127131
126844
128241
127749
129318
128561
127296
127188
128551
129615
129824
126441
128189
128762
128035
128229
128060
128565
126688
127639
128914
128535
128480
128032
129077
126456
127479
128198
128583
128823
128581
127574
127403
127600
129970
126947
128388
127547
128059
127499
128639
128376
128147
128292
128456
127679
128987
128025
130135
127651
129109
128897
126917
127607
127676
127696
128688
129340
129856
127991
127336
128485
128172
129382
128068
129720
126606
128257
128759
128427
128641
128069
128892
126811
126851
127472
128246
126841
127223
129301
127546
128376
128293
128953
129057
128286
128570
128896
129190
128268
127740
127997
127292
129259
128081
127684
127656
127790
127940
126279
127339
127724
128397
128170
128077
127444
127344
127928
128589
128989
127473
127934
128508
127600
128827
128502
127413
128267
128245
128934
128201
128053
128333
128473
127216
128123
129080
128545
129733
128361
127480
127491
128710
128059
127748
129384
128978
127781
127412
128888
127124
128297
128673
128052
128448
127573
127594
127693
129046
129122
127821
127881
127673
127830
127602
127218
130214
128614
129209
128125
127536
127384
128704
129143
128471
129029
128174
128252
127837
128749
129222
127814
128323
128673
127783
128115
126209
127838
128260
129059
129418
128270
129109
127328
128177
128109
128951
128591
129087
128894
126960
128420
128569
128380
129257
127709
127926
126687
126913
127140
127448
127871
128151
128520
126469
128447
127382
127196
127632
128644
127583
126992
127095
128885
127274
127342
127032
127576
128123
128677
128339
127217
128288
128621
128684
127975
126793
128194
127058
129021
127766
128461
127882
128303
129678
127915
127880
129111
128356
128920
127275
129117
127636
128072
127411
127902
127718
128851
129308
129062
128051
127562
128595
128111
127300
128875
128156
129855
127703
127979
127425
128383
128267
128837
129654
128130
128257
128031
128444
128126
128622
129615
127983
127793
128976
127992
127211
128816
128889
127839
127988
128898
129044
129271
128486
128785
127636
128355
129460
129152
128217
127955
129216
128917
128271
128229
127761
128418
127431
128893
126908
126994
128717
128004
128480
127556
128492
128404
127876
128268
127579
127336
127397
128160
129152
128509
127876
127115
128691
127971
127150
129182
126548
128496
129288
127825
127871
127240
128457
126909
128664
128145
127099
128124
127186
128060
128241
129066
128199
128912
129209
128981
129285
128287
128506
127584
127600
127770
128418
127885
128165
127707
127143
128072
128831
128237
128953
127997
127457
127116
128987
128145
127580
129478
127106
126469
128464
127801
128245
127415
127726
128275
127714
127944
127542
127924
127952
128736
128174
129092
126829
127979
129357
128172
127903
128272
128098
128577
127811
128113
127994
127390
128517
128218
127755
127667
129060
129739
128822
127632
127932
128487
127998
128252
128699
128237
128368
129160
128500
128107
128598
128653
128277
127751
128451
128050
128806
129570
128337
127961
127866
129064
127620
127238
127965
128945
128209
129821
127054
128075
128320
128824
128990
127979
129286
126653
127266
129290
128535
127657
127243
128770
127750
128442
126841
127802
127714
126601
128881
127655
128061
128020
128813
128231
126629
129428
127244
128622
128284
128525
127555
127710
128356
128538
128099
128921
128292
128251
126756
128061
128685
128112
127919
128722
126978
127046
127340
127408
126350
128630
129326
127868
126756
128759
129370
128168
128698
128986
127553
128139
129126
127803
128184
126925
129057
128896
128596
126569
128052
127849
126205
128314
128634
128536
129170
128142
128568
127612
127172
129354
129115
126950
128551
127912
128180
129041
129195
127742
127640
128945
128728
127867
128133
128333
128418
128537
127968
128438
127474
129385
130105
127472
128097
127055
127676
127558
127585
129572
127663
128589
128567
129098
128565
128136
129109
127921
128362
127359
128521
127667
127577
129203
128726
128121
129213
127786
127112
127576
128543
128284
128083
128380
127339
127737
128833
128133
127190
127240
127773
126790
128406
127375
127936
128578
128908
129054
127428
128917
126503
128227
128395
128243
127749
128824
128697
128808
127717
129656
128193
127605
127826
127954
128128
128441
128856
126369
127800
127543
127280
127142
127665
128661
128219
128597
128663
128163
127342
127985
127746
128640
128885
128990
127776
128549
127070
129690
128775
127165
128030
128470
128404
128600
128346
127006
128966
127084
128458
127943
128714
128413
128489
128060
128546
128430
128293
127684
129407
127503
127384
127785
128220
128937
127588
129579
128374
128383
127653
128327
128822
127478
129044
128193
129091
126934
128314
127276
127697
128992
127859
126717
127434
127576
129290
127172
127524
130106
127289
127829
128061
128353
128681
129113
128991
127540
127615
128181
128111
127443
128481
127545
128946
128429
127749
128553
128883
129246
128714
128788
128111
128721
129099
128409
128808
127001
128790
129024
128859
128513
127573
129345
127266
127140
129028
127932
127956
128316
128573
126850
127959
127953
128877
128531
125801
127341
128541
128756
128651
127332
128415
127637
128559
128865
127186
128658
127389
127663
127968
127108
128117
127527
128333
127643
128944
127668
128349
126785
125978
127614
128498
128679
128140
128422
127746
127459
127259
128603
127572
128312
128113
128451
127760
127728
128719
127815
128211
128972
129400
127224
128146
127649
127286
128257
128461
128285
128737
126937
128098
127268
127887
128982
128881
127897
127400
127636
126709
127123
127926
126928
128024
128232
129157
128841
128911
129133
127993
127966
128198
128525
127665
129544
129430
127535
128871
129357
128383
129062
128522
129014
128244
128546
129633
126933
129126
128604
128873
128786
128501
127153
127711
128589
128471
128825
127573
127459
128863
129022
128229
126829
128294
127933
126276
127041
127313
127467
127802
127936
127735
128074
128222
128165
128497
127066
128220
129339
126903
127256
128805
129122
127073
128001
129067
127246
128308
127832
128017
127747
129105
128767
126680
127421
127720
127931
128994
129027
128821
128428
128244
127504
126843
128512
128371
128015
127369
126897
127833
127906
127908
129009
127919
127476
127651
127842
127552
127531
128203
128526
128810
128917
128158
128345
128752
129221
127000
127496
128617
128742
127552
128814
128707
128036
127496
129841
127667
127619
127624
129038
127712
128040
128217
127135
127554
127533
128311
128165
128434
128572
127848
128275
128905
128423
128472
127108
127968
128284
129317
127914
128327
127192
127683
129259
127689
127398
129823
129018
128581
128657
128278
128061
128152
129430
127030
127118
129456
128935
128980
128968
128474
128292
128702
129258
127090
128435
129201
127286
128133
127639
129197
128302
128743
128053
129279
128659
127403
128151
126963
128406
128768
128221
129005
127038
127537
127723
128610
128756
128089
127441
126702
128146
128478
129225
128104
128879
128125
126537
128458
128425
127851
128182
128334
128092
127773
128714
128757
127387
128554
127381
128467
126902
127842
128684
128130
128261
127769
127860
128429
127456
127376
126696
127337
129961
127747
127937
128551
128315
126750
128435
128079
128091
128473
127393
129030
127986
129329
126933
127645
127540
127579
128446
128143
127534
126514
128373
128561
127034
127663
127566
128899
128509
128535
127007
126679
127614
128206
128755
128356
127237
128859
126668
128316
128037
127087
128421
126736
128564
127852
128058
127078
126503
127026
128353
128542
128094
128506
129002
127660
127703
128602
128311
128679
129109
129869
126629
127531
128042
129383
128762
127896
127570
126392
127692
128427
128144
128450
128430
128629
126521
128410
129439
127206
126954
128527
127691
128056
127050
129734
127051
127814
127844
128071
127162
128140
128408
127772
127003
129282
128067
128103
128805
128806
128972
128510
127960
127583
127560
127416
127789
128786
128016
129278
127240
128619
128275
127851
128111
127503
129075
128921
126722
127575
128028
129288
127398
128036
128307
128556
128073
127693
128308
127218
127230
125983
128176
127579
128340
126218
127886
128055
127985
127419
128546
128356
128280
129632
130034
126954
128061
128914
129281
128758
127082
129207
126705
128715
128594
127667
127482
127902
128493
126413
128051
128850
128810
127480
127212
128286
128104
127884
129188
127541
128369
127452
128882
127391
128615
130214
127916
128772
127629
127739
127392
128461
128331
128017
128391
128488
128415
127345
127515
129794
127402
128233
128815
127173
128809
127466
128510
128724
128011
130027
128060
128477
127886
127612
127788
128538
127984
129749
127855
126275
127009
128243
129363
129051
126698
127809
128096
128734
129448
127330
128802
128000
129893
125984
127058
128814
128575
127841
126835
127532
127677
127721
128188
127672
127518
127493
128099
127949
128301
127202
128025
129891
127109
127667
128227
128749
127850
127611
127713
127038
128131
128585
129242
129420
127256
127783
128585
128207
128387
127823
127390
126397
127014
127371
127155
128554
128858
127786
126770
128729
127695
127280
128267
128107
129432
126704
128784
128084
128382
127580
128284
127119
126789
128023
128997
127578
128397
128200
126271
128407
127168
129155
125983
127912
128140
128248
127523
128528
128382
128279
128471
129434
128108
126867
128023
129279
127202
128206
128653
128036
127230
127822
128177
127198
127029
126606
128699
127983
128434
128106
128680
129050
127032
127989
127870
128733
128666
128465
128125
129095
127291
128897
128605
127953
129337
129376
128185
127290
127468
127813
128613
128199
129812
128900
128692
127499
127428
127267
128765
128573
127333
128222
128435
128800
127707
128688
126896
128559
129818
128734
128437
128446
128386
127396
128227
130049
127484
127247
128304
128697
126569
128766
130144
127677
128581
127731
127975
127008
127619
129441
127845
128581
128275
128874
127875
128995
129109
128350
128758
127653
127463
128671
128685
129815
126798
127683
127887
127255
127868
126957
128238
127152
128892
129741
128836
127207
127523
128148
126850
127631
128369
128047
128609
127370
127982
128364
127313
128857
128198
128456
129415
126923
128038
128682
128395
129173
126531
127519
128695
128680
128707
128206
128433
126658
127148
127434
127857
128979
127711
128949
128366
128367
128757
128027
128825
129053
127728
127837
128220
128232
126839
126989
129974
128485
128653
127835
129527
127616
126761
128579
127811
128200
128922
128187
127891
128300
130197
128017
128488
128314
128129
128172
127717
129653
128214
128536
128814
128370
127912
128410
129302
128340
127282
128494
127289
128336
128954
126187
128136
128135
128324
127155
127916
128609
127472
128129
129473
127869
127230
128975
128447
128063
128125
127978
127232
127764
128757
129401
128353
128904
127713
127138
127724
128249
128025
127491
127962
127458
127852
127905
128947
127368
128384
128666
127448
126881
127583
127952
128542
128020
128132
127706
127659
126874
129002
128369
128111
128319
128557
127704
129861
129033
127424
127422
128566
128069
128885
129381
128484
127303
128036
127564
127212
127818
127400
128413
129014
127191
127896
128318
127010
128359
128963
129622
126744
127913
127449
127657
128934
129047
127792
127657
126781
127975
127773
128246
128975
128284
126526
128888
128501
127563
127799
128018
127752
126269
128342
127724
127158
127933
127055
127207
128052
126937
128284
126782
127840
127797
129077
127730
128881
128729
127511
127357
127169
127017
127703
128765
128407
126988
127867
127795
129482
128832
128750
128695
126604
128666
128963
127882
128008
127991
128396
128350
127226
128025
127729
129141
128135
128075
126293
127076
129136
127791
128138
129274
128639
127764
127293
128702
127034
127256
128024
127388
128140
128485
128802
127785
128669
128823
128863
128079
128512
129209
126965
128451
129635
128135
128199
127112
126990
127386
126441
127628
128742
128533
128053
127695
127080
127074
128003
127654
128873
128409
127842
128560
126236
127913
127747
128622
128071
128661
128504
127716
128128
129024
127382
128747
129125
128664
128722
129177
128434
129076
128996
129110
127320
126763
127645
127203
127802
127774
129049
128361
127771
128749
128160
128323
129379
128431
128540
127402
127680
128751
128217
128095
126730
128741
126905
129201
127147
127621
127485
127598
128148
126972
126890
128339
127940
128591
127403
127440
127786
127131
128261
127560
127925
127932
128831
127886
127738
128940
128468
127188
127804
128031
128637
127414
128151
128665
128924
128617
129848
128859
128381
129150
128068
127999
128517
128535
127595
128626
129475
127197
128616
128704
128184
128290
128031
128614
127595
128228
129712
128060
128148
128116
128799
128960
127855
127536
127402
128272
127377
128092
127430
129471
126473
127345
128513
127320
127709
128037
128750
126934
127395
127917
127119
127806
127590
129305
129040
127659
129590
127078
127446
128725
128385
129037
127373
129320
127216
128628
128626
128938
127446
127503
129867
128103
126858
130001
128004
127464
126736
127951
128260
127820
127702
127981
128675
127222
127396
128254
127128
128008
127391
127332
126550
127515
127530
126748
127933
128587
127779
128544
129160
128826
129891
127399
128337
126698
127754
127079
128148
128129
127825
127806
126798
127087
128153
127106
128987
128621
128733
128202
128260
128780
128622
128855
128397
129293
128275
128373
128456
128430
127733
129150
129500
128015
128972
128998
128187
128105
127511
129612
126682
127433
126936
127643
127554
128129
128600
127506
128611
128426
127803
128104
129289
129779
127364
128348
127489
127552
128115
128860
127639
127975
129546
127772
127817
128663
129709
128428
127864
128445
127837
127992
128036
128252
127237
127368
128883
127760
128365
127740
128189
128225
129034
128781
127467
128440
128245
128312
127923
128013
128201
126904
126644
127781
128846
128774
128843
129905
128444
129347
128451
127949
128861
128092
129555
127198
126972
127803
128096
128088
128416
128734
127244
127679
128616
128297
128585
128632
127955
127719
127053
129247
129106
128130
127574
128060
127403
128028
128624
128134
129291
128429
128717
127814
129676
126546
127474
127877
127006
127363
127185
129236
127015
128989
129628
127975
128113
127536
128964
126869
126556
127732
127572
127420
127215
128912
129204
128071
130325
127476
128143
128249
128952
129171
128072
129829
127209
127787
128417
129254
129173
127420
128672
128566
128290
128356
127315
128321
128699
128541
127527
129600
127348
129050
129283
127874
126972
127524
129458
128080
128216
128074
128209
129312
128948
128984
127425
128911
128562
126426
127938
129160
128966
127627
127575
129830
129019
127496
128357
128019
128140
128528
129237
128306
127401
128779
127322
127242
127595
127445
128937
127485
128301
128149
129089
127687
128041
128723
126782
127143
128136
127083
127992
127552
127859
128600
127580
127170
128041
126481
128049
127623
126805
126978
128016
128163
126843
127667
128518
126592
128507
128620
128940
126966
128717
128684
128104
127103
127100
127598
129030
128150
128989
128224
126999
128127
128149
127884
127195
127622
127122
128319
128047
127527
127459
126768
129350
128602
127215
127953
127655
128236
128474
128000
127975
127390
128432
127553
127882
128953
127873
127234
126752
127517
127416
128525
127992
128277
128412
126152
128013
127647
127371
128063
127437
128652
126517
128000
127634
128413
128425
127297
128286
126364
128937
128484
128779
128368
128688
128591
128428
128800
128952
128994
128388
128112
128353
128738
128775
128454
129333
127467
127024
129076
128244
127459
128314
129151
128712
128384
128601
128571
128750
128894
127927
128001
127393
128985
129237
128087
128392
127899
127159
127659
128374
127410
127857
128889
129533
129493
128440
127176
127857
127101
128101
127655
128796
127205
127549
128785
128113
128505
128211
127600
128801
127674
129685
127621
128342
128264
126830
127394
127009
128088
127847
127507
128713
128457
127682
128098
128622
127186
129297
128890
127406
127902
127572
128556
127868
128689
129566
127262
128886
129857
128209
127432
127599
128871
127422
127551
128821
128708
128646
127030
127779
128343
129193
129496
127784
127223
127402
127341
127942
128278
129840
128063
127130
128248
128141
127767
127883
128981
127547
127524
127572
128215
127413
127637
128367
126691
128409
126403
127939
127668
127964
128117
127443
128336
127726
127251
128180
127904
126925
128433
128727
128588
128154
130170
126885
127689
127031
126709
128975
128728
129149
126636
127412
129086
127915
128098
128055
128334
127559
128799
130244
128587
128761
128944
129326
127687
128811
128848
128169
128875
129885
127744
127120
128321
129412
128307
127866
128436
129165
126034
128738
128875
128119
126973
127994
127351
126913
127691
128650
128124
128618
128250
129629
129125
128962
129662
126251
127723
127268
128576
127696
127504
128281
126342
127607
127721
128680
128498
127405
129050
127548
127202
129331
127800
127636
128790
128665
128198
128021
128533
128382
128289
128334
127887
127768
128885
128900
128187
127167
127951
128473
128726
127717
128556
129399
128011
128520
128277
127458
126078
126783
129459
128016
128757
128882
128867
127994
127110
126056
126995
127871
127723
128084
127429
128881
128211
128059
127968
127904
127021
129063
127370
127228
128273
128378
128377
127892
128757
126485
127277
128051
128332
128324
127985
127511
127813
127341
128388
129018
129437
128998
127742
128303
129345
128548
129155
128391
127902
128953
129801
127555
127547
127249
127916
127527
127428
128344
128754
129286
126200
127091
128409
128631
128798
128036
128870
126969
128087
127481
128646
129475
128912
128300
126732
127558
128688
128084
127598
128546
129249
127947
128912
128678
127515
128666
129125
127767
128105
127475
129281
128051
128159
127987
128294
127960
128869
129598
128143
128556
129003
128960
127523
127586
127727
127131
127260
128933
127793
128067
127712
128305
127770
128309
129467
127696
127551
128437
128304
128731
127120
126709
127735
127550
128424
127702
128769
128759
128426
127172
128390
127388
129585
128981
128458
127803
127335
126654
128848
128591
127349
129137
127091
128337
129057
128493
128453
129075
128715
128650
128375
127696
128536
127101
127771
127415
129114
128528
128769
126544
127976
127899
128416
129207
127932
128119
126970
127309
127752
128701
128700
127502
127760
127618
127824
128630
126860
127321
128181
127653
128433
129026
129672
126695
127841
127641
127007
128208
128599
128105
128097
127837
128422
127209
127038
128451
127088
127328
128222
129482
127717
127954
128879
127672
128296
127415
127922
127038
128623
129066
127172
127823
127287
128853
128751
128763
128244
127682
127531
127680
127526
128879
127495
128456
128440
127622
128759
128273
127648
129294
128955
126168
128378
130214
128693
128882
128999
128144
127975
127951
128548
127506
128897
128088
128933
127445
128287
126655
128696
127438
127981
127080
128230
129420
126826
128561
128708
127800
126928
127539
129728
127312
129213
128727
126446
127447
127704
128389
127336
127710
127376
127328
127004
127439
129248
127431
128345
128675
127097
128088
128039
128810
127631
127575
127873
127299
128444
129156
129001
127092
129012
129290
127241
128320
128749
128726
128725
127680
127855
126794
128223
127460
127843
127625
127932
128731
127648
128169
127483
127602
127666
129558
129705
127391
127392
128547
127500
128047
128521
128138
127748
128418
129900
126807
126804
128036
128050
128453
127462
129430
128473
128179
129004
127672
128517
127005
129289
128800
128140
127981
127695
127294
127304
126709
128146
127267
127459
127972
128459
128181
128378
128054
127711
128006
127987
127799
127957
128076
128086
128350
127577
128752
128523
128457
128116
128698
128387
127957
128378
128739
127904
128134
128501
128916
128560
128598
127546
127142
127319
129241
128302
128107
128221
129572
127342
128330
129477
129156
129112
128221
129719
127760
127728
129287
128738
127790
127458
129226
129034
128534
128743
128125
127099
127743
128391
128439
127486
128488
127831
128268
127538
127086
127698
128214
129436
129024
127596
128107
128594
128754
128460
127381
128300
128740
128150
126849
126858
127395
128730
127721
128878
126376
127127
127665
127935
127980
126527
128392
126147
128353
127932
128347
128201
127976
128244
126689
127979
128053
127432
127578
126878
127922
126531
128743
127759
126989
128794
127180
127530
126452
128272
128809
128096
128172
128056
127994
126621
128498
128853
127613
127395
127871
127719
127566
128075
128346
128654
128368
127900
127970
127161
128336
127557
127888
127839
127413
127983
127945
128413
127973
128460
128977
129107
128431
128593
128988
129042
128597
129185
127280
128372
127396
126995
127002
128688
128205
127508
128087
127384
127760
128174
128630
129501
127602
129044
128179
126439
129058
129525
128446
127873
128407
129291
127759
128506
128209
127663
129086
128602
127608
126626
127719
128183
129153
127881
127978
128419
127260
127665
129339
128484
128982
128861
129589
127698
129342
129087
128266
128553
129138
127800
128866
128077
129082
127515
128626
128925
128129
128040
126852
129274
127401
127671
129316
128415
127007
127656
128963
129349
127450
128296
126930
127641
127456
128710
128703
128696
129878
127023
127896
128225
127372
127028
127116
128209
128675
127739
128274
127627
128993
127936
128526
126961
128601
127327
127908
128408
128364
127959
127084
128819
127485
128455
127615
128404
128275
128689
129078
126632
128193
128111
128740
128726
128749
128438
127018
128120
128125
127687
128760
126885
128694
126979
128507
128977
128395
127655
128784
129450
128205
127505
128105
128758
127952
128191
128521
128005
127157
127960
129414
129317
128485
128408
129028
128617
129333
128545
126745
127908
128844
128104
127481
127672
129010
126936
127903
128874
128438
128531
127247
128036
127344
128191
129837
127403
127139
127276
128241
127655
128752
128419
127250
127712
127355
127581
128137
128152
130146
126954
127939
128464
128402
127280
128016
128952
127521
128829
129251
129237
127854
127804
129396
128120
128153
128353
128433
127631
127332
128550
127375
126977
128003
127835
128833
127625
129123
128268
128515
128496
127356
127941
128026
128369
128630
127152
128115
126981
128561
128905
127639
126602
128380
128965
126963
127158
129254
128005
129340
127019
126968
128110
129133
127988
128213
128477
127114
126763
128017
128128
126824
128594
128869
128554
128524
128323
128673
128400
129257
128029
128932
128575
128802
128714
126389
127964
128564
127912
128760
127287
127815
127227
127500
128554
127995
128588
128781
128424
127291
128227
128235
128852
127236
128226
127192
128056
128341
128124
129107
129141
128640
128731
128764
127634
127118
128028
127509
126948
128185
129941
127772
128051
128664
127782
127090
128185
128827
126975
127094
127673
127697
128585
129282
130217
128754
129045
128025
127726
128489
128003
129200
127675
128938
128468
128486
126912
127821
130598
126806
127817
127426
129167
128875
128010
129300
128432
128913
126714
128474
127227
128877
127106
128223
127759
127248
128322
128138
127727
128101
128424
129592
127490
128193
127395
126709
126825
127830
128146
127276
128195
127151
128774
128771
128455
128319
126503
127204
128708
127549
128933
128104
128250
127362
127593
129014
127401
128112
128265
129005
127305
126511
128474
126961
128692
128691
127334
127742
127907
128779
127305
127616
127883
127814
127980
128020
128320
126622
128659
127328
127821
127528
128083
128391
127866
127816
129048
128059
128983
128848
129128
128230
127995
127122
127284
127704
127697
127991
128323
128608
126893
128225
128382
127624
128513
128099
127671
128033
127627
129047
128268
127003
126717
128735
127709
128924
128608
127825
128905
128370
127874
128003
127652
128548
127298
127989
128738
128593
127187
128176
128533
128524
127983
128731
128714
127652
129058
127184
127426
127688
128916
128108
129712
129821
128105
128053
128545
127589
126808
128646
130101
127422
127554
128493
127923
128172
128687
130310
127578
129028
128732
127644
127698
128356
128963
128244
128728
127314
127915
127712
127706
126983
128195
130043
129111
128298
128809
128146
128425
128218
128146
129288
127905
129561
128948
128849
128424
127715
127378
127738
128307
127301
127124
126969
127839
129276
129848
126680
128539
126932
126685
128216
127532
128711
126930
128006
129016
127360
127858
128189
128511
127308
128640
129298
126623
127442
128399
128817
127115
127279
128980
126649
128202
128737
127638
127652
127875
128016
127055
127459
127747
127507
127247
127317
127781
127384
127948
127983
127691
127767
127579
127604
126319
126928
127380
128210
126557
128782
130116
127278
127494
127948
128093
127986
129324
129931
126700
127642
127755
127306
127777
129253
127174
127897
127395
126761
127881
127450
128571
127555
128783
128011
128048
128240
128172
128530
127495
128590
128083
127692
128130
127508
127617
128182
128326
128465
127525
128959
128902
129793
128002
128756
130055
128196
128671
127370
128055
128069
128222
128822
127911
128761
128628
127544
127883
128615
129570
126182
128991
127564
128019
128533
127460
129159
128215
127782
126845
126841
128705
128329
129103
126982
127164
128570
128179
127792
128350
129655
127318
127039
127351
128331
128828
129134
128966
128151
128882
128097
128325
127904
128091
130045
128543
127650
127053
127498
127703
127260
128979
128273
128476
128415
127949
127102
127449
127917
127699
128425
127701
127299
127791
129053
128206
128236
128585
126372
127960
127386
127665
127190
128561
129158
127676
128285
128515
127885
128299
127961
127715
128184
126407
128682
127981
127580
128277
128650
127323
126642
127724
128510
128372
129312
128740
128017
126698
127666
128734
128071
128535
128433
129072
128003
126809
126858
128653
128365
128553
126555
127799
128982
128582
127721
127348
128913
128081
129510
128387
126685
128793
129193
129046
127118
127242
129038
128183
128065
128268
129069
126600
128257
129065
129282
127821
129268
128981
128813
128033
128388
128019
128671
128228
129564
128533
128197
129009
126958
127411
127964
129454
129425
128066
127906
128551
127678
128599
129370
128418
127403
128357
128055
127992
128567
128742
127750
128525
127823
128742
128376
128213
128202
128417
127598
128249
126914
127936
128206
128133
128293
127386
127630
129175
127370
128537
127644
127528
126458
128389
128025
127466
128757
127751
127116
128080
127674
128727
126441
128412
128647
128132
126623
128594
127818
129062
128858
127978
128226
128710
128445
128122
127582
127123
127158
127398
128513
128004
127574
129321
129061
127544
127337
127685
128635
127776
127818
127645
127126
127701
129076
128045
128183
128347
127134
127258
127664
127483
128559
126624
128504
127556
128535
127375
128636
128184
129035
128702
128020
128876
126779
128420
126478
127622
127889
128769
128472
127350
128726
125830
128867
128722
128268
127974
127055
127832
127423
128870
128255
128168
127473
127004
128387
127456
127745
128700
128042
129382
127925
129412
126972
128912
129831
127261
127949
128882
129485
127827
128181
129763
127886
127882
129157
128297
127900
127521
129018
127388
128294
128193
128971
127629
128105
129432
126817
127922
128108
128055
128214
128515
128049
128307
128957
128199
128349
127186
128450
127497
128137
129079
126846
127688
128458
127905
128104
128237
129032
126675
127610
128605
127914
126917
126978
128532
127229
128192
128067
128272
128739
127508
128272
128104
127405
128160
128778
127475
129387
127924
128516
128389
128097
127944
129076
128013
127735
127384
128228
128957
129111
127780
127695
127251
128093
129008
128164
127770
127224
127199
127461
127998
128921
129365
128757
127058
129253
128136
127414
128689
128118
127697
127274
126992
128581
128212
128779
128552
128600
126723
127987
128160
127824
128639
126970
129103
128488
128256
128620
128697
129117
128384
129514
128101
128196
128615
128546
128866
128330
129303
127003
128442
127546
128936
128657
128360
129814
129599
128142
128474
127922
128742
128361
129506
127104
128507
129907
128997
127709
128133
127902
128110
128998
129285
127744
127285
127496
126970
127714
127161
130023
128252
127478
128361
127290
128295
127430
128529
127389
128076
128935
128180
129081
128813
127238
126484
128364
128774
127937
128265
129238
126987
127174
129445
127778
127839
127565
126746
126807
127931
127823
129054
128607
128786
128686
128014
129259
128026
127285
128884
127683
127776
127435
127862
128399
128560
129679
128483
128062
128248
127610
128133
126937
128667
127507
128192
127422
127327
127955
127880
129367
128248
128452
126821
127981
128788
128908
129237
127041
127416
128059
127560
127976
126568
128175
127603
128443
128559
127199
127951
127128
127544
129571
127340
127297
128680
128197
128022
128620
127997
128202
128745
128695
128265
127514
128818
127798
127116
128397
127524
129238
128677
128496
129194
127587
127765
127080
128455
128569
127585
128924
128111
127847
127927
129119
128016
128189
128427
128117
129337
128547
127902
126763
127944
128353
128693
127935
128093
128768
126854
127487
128223
127549
129028
128188
128724
127720
127877
128858
128826
128535
127162
128005
127936
128349
128164
127484
127212
127421
127686
126994
127307
128664
127567
128316
128199
127454
129168
128520
128197
126418
127135
127902
128241
127272
128778
128164
128155
128072
126490
127255
128403
128027
128360
128149
128746
128770
126920
128446
128504
127575
127697
127362
127345
127883
128754
129294
128162
128108
127316
128362
128204
128044
127725
127184
126945
127333
128924
127568
128216
127044
127804
128172
128214
127969
127107
128581
126909
126738
127350
128698
129074
127273
127596
128970
126578
127736
129297
127656
128677
127795
128567
127959
128416
129051
129011
128167
128133
128838
127394
128077
129315
129065
127627
129052
128673
128469
127423
127968
128485
127516
128574
128162
128343
129279
129103
129345
128976
128998
128228
128636
128491
129405
128096
127843
126550
128463
127008
128104
128412
128921
128582
127997
129402
127924
128894
128004
128564
128196
128969
128733
126966
127055
128432
128963
128629
127187
127719
128457
129391
126945
127477
128570
127277
129294
127539
127705
127348
128777
128437
128267
127550
128251
128660
127836
127567
128723
128383
128047
127787
129897
127602
128332
129085
128558
128353
128602
128368
127957
127983
127661
127425
127513
127491
128099
127218
127886
128228
127915
128752
127838
128335
128215
127005
128504
127436
128087
128591
128715
127978
127502
129223
127397
129290
126806
128350
127279
128982
127687
126854
127602
126019
128000
128582
128253
127299
127568
128769
127236
127908
128508
128121
128661
127739
127985
128140
127778
128171
127302
128266
127518
128289
128055
127574
129008
127790
126854
128173
127827
128300
127410
127661
128828
127705
128177
126813
127974
127704
129291
129102
127761
127283
128550
129540
127045
126946
129709
127536
128713
127875
128305
127408
128388
128652
127692
128161
129164
128404
128087
127906
128714
129018
129362
129722
127079
128422
129367
129225
128269
128022
128539
127931
128297
128463
128422
127436
128777
128015
128524
127937
129707
127884
128140
127648
128296
128909
129351
129870
128185
128194
129378
128248
127497
127440
127764
128946
129033
128244
127835
128428
128448
126447
126866
127885
126822
127052
128356
127071
126727
127721
127630
126760
127728
128552
127298
128810
127898
128035
126567
129003
129319
126907
127179
126768
128400
127099
128942
128552
128228
126762
128057
128818
127256
127643
128160
128709
127949
129815
126879
126971
129557
129090
128776
128078
128939
127241
128489
128738
127578
128109
127998
128689
127111
128164
128902
127043
127662
127229
128962
128317
127243
127977
126601
127254
128133
128824
128544
127700
128595
127091
128507
127447
126773
127891
128451
129414
127883
128205
129575
128479
128214
127332
129728
128349
127493
128321
128056
128428
129101
128593
128325
127723
129356
128673
128873
128060
127484
128227
128293
129628
129124
128120
128983
128225
127979
128895
128156
129309
129030
129230
129105
128766
127490
128209
128107
128783
128789
127593
128781
127248
127741
127022
128764
130130
128798
127397
126391
128616
128569
129205
128866
128509
128548
128369
128730
127804
127362
127961
127393
128500
127471
127951
128479
128016
127966
128319
127371
126937
127450
128977
127451
127125
127266
126300
127739
127283
129066
127936
128836
129471
126724
128463
128852
128698
126839
128349
128467
127688
127380
127826
127324
126874
128631
129424
126427
127072
127411
128027
128882
128732
128370
127079
127110
128129
126458
127992
128196
129196
126773
127283
127996
127447
128202
127975
129204
128042
128555
128909
126980
127351
128079
127782
127196
127347
128568
127753
127989
128502
127231
127916
126930
128035
126565
126966
127563
128705
127989
128603
128899
128259
127835
128065
127304
127448
127678
128240
127262
128338
127922
127011
127110
127835
128159
127569
128924
128334
127251
127820
127872
128047
127947
129396
129433
126804
127400
127743
128584
128712
128591
128258
127124
128816
128272
127666
127490
128658
129704
127518
128531
127445
127575
127460
127391
129513
126432
127571
127603
128268
127744
127960
129060
126557
127869
128495
127700
127642
128455
128881
126707
126762
130019
128920
127556
128839
128053
127430
127253
129225
127494
128396
128903
128852
127359
126954
128003
126782
128070
128545
127668
128734
129211
129503
127859
128112
129444
129341
128041
127663
129789
126882
129018
128111
127925
128449
129097
128482
126504
128056
128684
127152
127001
128478
129000
127820
129014
127904
127123
127200
127723
129112
127521
128365
128593
129417
128414
128844
127871
127023
129439
127787
128219
127391
128858
127705
127916
127399
127788
127928
128941
127996
128835
127610
127354
128149
127841
128978
128494
128567
127843
126334
128407
128356
128393
126952
127391
129085
127014
128651
129155
127196
127881
127462
127148
127256
128699
127870
127723
127725
127876
127686
127222
127675
128604
127932
128479
128050
127946
127818
127992
129579
127028
128936
127686
128415
127174
127942
127661
127202
127088
128564
127124
128043
128129
127819
128234
128480
128924
127450
129045
128601
128078
128424
128056
127390
127303
127677
127645
127424
128333
127431
128187
126419
127223
126233
127763
127664
128703
128401
128300
128122
128908
128804
128074
126280
128052
128555
128205
127046
127028
128505
128095
128496
128355
127903
127843
128632
127804
125913
127940
129092
127956
127435
126742
127936
126939
127967
129864
126898
128871
128303
129582
127860
129178
130243
128109
128720
127637
128189
127477
127898
128703
126376
128280
128295
128857
127788
127506
128863
127153
127895
129179
128384
128206
128748
126910
128119
127674
129081
128913
128645
129094
127924
128241
126708
128209
128549
128046
130089
128082
127929
128296
129148
128159
128516
129038
128756
128297
128660
129342
129215
128941
128045
128609
130257
128561
128794
128865
128399
127488
127733
126608
127708
128106
127832
128804
127274
128708
126922
129389
129141
127482
127924
127371
128908
128830
128934
128277
127264
127805
127842
127304
128709
127518
128291
127540
128205
128174
128904
128570
128083
128921
126493
128072
128944
128557
127780
129315
128379
127573
129010
128076
129118
127935
127590
128745
128195
128063
128457
127461
127710
128182
127147
126714
129190
128081
128117
127933
127070
127858
128833
128945
129354
128269
126775
126967
128978
127969
129189
129801
127676
128000
127852
127245
127669
128260
129418
128016
127797
127618
128897
128831
128142
128470
127345
127944
127962
126975
127328
128248
128317
128860
127563
127791
129102
128608
128641
128685
128880
129174
128246
128345
127553
127918
128475
127846
127831
128293
127546
128888
126885
128991
128201
126697
126460
127275
128857
127659
127240
127894
128031
128810
129050
127118
128053
127981
130151
127718
126857
129007
127858
128609
128089
129786
127329
128467
126373
128237
127417
127436
128141
128139
128738
127596
128609
128401
128231
127941
127823
128302
127452
128099
128346
128978
126924
128889
128629
128201
128663
127718
128292
127632
127698
128169
128072
128730
128396
126777
127896
128709
128721
128769
127611
128902
127882
127944
127920
127863
127587
128609
129078
128231
127439
128737
128089
127964
128936
128942
128269
128542
127910
128668
128183
129229
128844
127663
127435
127837
127534
127077
127443
127218
127569
127748
128910
127122
128013
127185
128448
128196
127625
129387
127924
126942
127209
126732
127825
126969
128769
126637
127814
129539
127205
128484
127994
128212
127988
127362
128200
127601
127642
128153
127444
127404
128064
129038
127067
128176
129654
128908
128287
128626
128700
127446
128841
128832
128852
127308
127840
128257
126517
128688
127867
128863
127585
127472
127609
127259
129391
127829
129034
127614
127877
127156
127991
128191
128705
127748
129133
127803
127179
129151
128410
128761
128172
128563
127403
127351
128332
128652
128392
127919
129310
127851
127599
129946
128064
128997
129278
129284
128750
128050
129017
128191
126559
128061
127611
127563
126368
127238
128781
127540
128763
128583
128297
127986
128240
129563
127143
128465
129289
127663
128160
127579
129167
128424
128436
127616
126487
127776
129065
127560
127082
127343
129083
128223
127733
129086
126918
127675
128745
129089
127201
126445
126875
127261
128172
127598
127934
128509
129079
128140
128031
128754
128076
129378
128306
127364
128902
128506
126962
127905
127817
127676
128148
128701
127611
126662
127704
128356
127923
128365
128048
126821
128464
128333
128058
127708
126676
128096
126253
128199
128933
128015
127806
127724
127767
126563
127317
128090
126563
127798
126556
128334
126970
128140
128328
127018
127500
128330
127659
128044
127813
128105
127940
128218
127369
127391
128906
127979
127892
127712
129282
127787
127730
128618
127272
127661
128259
128567
128211
127631
127730
128851
128289
127891
127229
128412
127627
129867
127447
126995
128084
128741
128263
128330
128336
127627
128359
128593
128727
127673
127711
129023
128442
127978
129148
129750
128502
129683
129741
128810
128562
129799
129098
128068
128175
130158
128620
128807
128964
127698
127671
128129
128956
128197
128068
128739
127484
127509
128244
128890
129088
127467
128182
128480
129180
127509
127993
128321
127359
128942
129243
128304
127635
129106
127640
128306
127545
126590
128475
127779
128155
128902
126288
127572
128168
126991
127264
127399
127814
127067
128267
127772
126569
127893
127155
128037
127193
127571
128432
127364
128726
128937
127760
127621
127848
128055
128533
128545
129086
127869
127649
127882
128069
127627
128485
127654
128197
128553
128156
128297
127243
127819
128910
128876
127960
127975
128349
128377
128591
128214
127559
126674
127631
127351
128717
128396
128344
129017
128254
128821
127892
128835
127817
128027
129177
127563
128203
127628
128176
127720
127816
129238
128340
128754
127360
128910
128545
128343
129462
127452
128325
127891
128974
127175
128705
128902
127592
128005
127628
128803
128009
128934
128820
127764
127509
128698
127842
127466
127834
128151
128671
128147
129146
128599
127859
128844
128178
128787
128881
128885
127294
129551
126977
128155
127199
128866
127485
127600
128798
126780
128522
127011
128361
126938
126941
127950
128189
128834
128145
127639
128003
127450
128529
127237
127886
127144
127224
128601
127782
127805
125889
127398
128586
127943
127944
127182
128349
127919
128541
127587
128632
128173
128387
128152
128184
127748
128092
127774
127676
127476
127900
129062
128958
127248
127470
127868
126953
128247
127122
128349
128503
128226
127868
129329
126842
127563
129212
128214
128765
127737
127856
126774
128205
130011
127961
128598
127462
127998
126963
127643
128810
128521
128626
127890
127135
126958
127011
128036
127771
128660
127901
128721
129764
127344
128836
128338
128727
127439
128858
128884
126732
127198
127564
128644
127483
127338
128476
126803
128351
128604
128506
128141
127417
128808
127647
127177
129694
128386
128641
128290
127556
128663
128748
129830
126254
127207
128583
129245
128346
127060
129381
126783
128176
128781
127752
127338
128776
129033
128392
127785
128265
127919
127468
128681
129095
128719
129068
129491
128588
128193
129514
129440
127955
127915
128965
127605
127142
127194
127663
126863
127504
128515
128746
128336
127921
127852
127193
128630
128914
127201
128998
128235
127641
128404
126979
127974
127667
127885
128234
128442
127483
127295
128614
128746
128409
128620
127376
128204
126364
127123
127100
127983
127894
127017
128322
126365
127376
126966
128276
127924
128466
128595
127131
127708
128742
128007
128819
128156
128167
127796
128313
128312
127008
128456
128112
128813
127375
127395
128060
128420
128806
128140
127988
127794
127910
129921
127505
128468
128413
129021
127710
127555
128626
128238
128783
127962
127625
127824
127627
129394
128080
127660
128325
127588
128032
128575
129843
127875
129373
127694
128727
127515
129061
129535
129254
129733
127567
128635
127880
127863
127342
128400
130114
127275
127113
127925
128434
128580
128299
128621
126904
127519
127195
128890
127823
127837
128800
128854
127761
127571
128623
127810
128572
129262
128431
127476
127287
127602
127084
127190
127481
128160
127122
127923
126569
127855
127877
127314
128088
126843
127723
126714
127649
129224
127443
127575
127211
128137
127885
127391
126910
126892
129323
128196
128663
128693
127214
126815
127512
128100
127949
128277
128002
127922
128025
128802
128251
128309
128381
128978
127524
127940
128237
128093
128603
127767
129344
127549
128564
128009
128231
128553
128752
128824
127151
127910
127852
128593
128878
127869
129282
127374
128345
130286
128152
128194
128908
128584
127520
127098
127666
127554
129090
127668
127980
127702
128953
128003
127568
128497
128330
128913
128164
127352
128553
127305
127862
127953
128844
128502
127860
129553
128333
127636
126849
128359
128280
128047
127897
128003
129191
127880
128712
128105
127124
128508
128334
128529
128526
128868
127473
126182
127724
128746
128034
128043
129213
129244
128206
128168
128208
128357
128619
128553
129197
127312
127406
127963
127699
128167
129013
128516
127007
128458
129164
127544
127992
127160
129763
128253
127829
128053
128660
128953
127753
128194
127011
128028
127435
128154
127676
127291
128487
127735
128956
126797
128744
127544
128304
128521
128335
128849
126334
127972
128937
128420
127468
128957
129179
127317
127194
128278
127071
127517
128407
129239
127086
127543
128228
128024
129173
128105
128705
127824
127663
129345
127072
128257
128932
129357
127567
127595
129096
126635
128165
127030
127171
128813
128702
128619
129253
128640
128672
129225
128602
128225
128853
129175
128621
127600
129038
128229
128650
127271
128588
127901
126871
127655
128535
127887
127872
127758
128641
128072
127527
127990
129262
127324
128444
127650
127932
128560
128905
129367
128183
128300
129330
127622
128252
127311
129636
129055
128628
127163
127983
128590
128686
128709
128001
127391
126994
128388
127644
128231
127854
127116
127889
127495
127360
127233
126676
127766
128164
129181
126405
126898
128500
128893
129110
128640
128709
127615
127650
126166
127523
128929
129069
129298
126637
127268
126766
128399
127722
127546
127563
127391
128174
127448
128404
128425
128004
127598
127303
127199
127128
127400
128268
127514
128146
128599
127935
128537
128281
128469
127247
127642
128996
128223
128903
129046
128765
127961
127884
127597
127633
126271
128146
128734
128186
128672
127853
127970
127852
127384
128213
128059
127839
128220
128575
128422
128627
129061
127139
128624
128460
127541
128525
128213
128230
126396
127479
128211
128884
128300
128507
128793
128291
128251
129482
126890
127677
128079
128988
128930
128217
129313
127405
129152
128538
127774
128497
128675
129022
128348
128392
130096
128115
127659
128359
128368
128070
127439
128748
128012
128972
128381
128360
127474
129862
128065
127516
128045
127840
126331
128404
129708
128206
129143
129423
127672
128336
127457
127842
128812
128005
129749
127429
127792
128653
127446
127342
127697
128177
127932
126451
128555
128039
127039
126928
128452
128169
127055
128218
127305
128358
127342
128653
128324
128279
129178
127664
126757
127448
128976
128545
128780
129148
127131
128709
126966
128985
127464
126963
129278
127997
129158
128193
126874
128628
127803
128546
127902
126980
128149
128103
128826
126881
128876
128396
127709
128700
128546
128919
128260
127071
127815
129186
128016
127932
127094
127149
127660
128512
127576
127292
128174
128629
129327
127689
128036
127279
127969
126482
127089
128109
128646
129307
128518
127922
127607
128589
128023
128502
129039
127226
128308
127704
128241
129959
127507
127477
127549
128013
128248
128228
128604
128238
127612
129308
128136
128909
129199
129145
127627
128064
129699
127694
128890
128590
129681
127099
128725
128484
129267
129082
127925
129306
127169
126897
128441
127409
127262
128951
129170
128236
127976
129494
127841
128528
128431
126834
127163
128484
126986
127469
126736
126168
127796
128199
128515
126064
127633
129734
127274
128541
128029
128692
127999
127650
128116
128067
127122
128922
127218
127390
126978
128807
127411
128159
128015
127844
128267
127026
128826
128414
127367
128375
126816
127707
129555
128844
128535
127728
128110
126255
128360
129193
128077
127621
126789
128973
127398
128893
129199
128018
127405
127107
129062
127784
128469
129771
127731
127729
128417
127970
127989
128732
128557
128556
128120
127937
128176
128303
127828
129482
127611
128478
128357
129163
129116
128446
129578
127910
128291
128278
128104
127065
127675
127952
128512
129519
128926
129008
127675
127385
126491
127669
129660
127566
126899
127375
128538
126786
128630
128980
127728
128742
128565
127670
127049
127880
128849
128247
127580
127530
128228
128062
127748
128311
128148
127515
129029
127488
127973
128357
128308
128386
128858
128554
127952
127712
129395
128113
128294
127212
128475
128764
127085
128303
126413
127789
127790
128095
128992
127305
128641
126391
128476
128121
128879
128065
127208
128738
126413
127745
128279
128495
127104
127179
128192
126721
127391
128745
128857
128068
128067
128927
128908
127453
128048
128743
127078
126833
127739
128390
127295
128827
127077
126752
32355
32355
32355
32355
32355
32355
32355
32355
32355
32355
32355
32355
32355
32355
32355
32355
32355
32355
32355
32355
32355
32355
32355
32355
32355
