9884
108614
108402
108859
109852
108734
108288
109051
109071
108543
109111
108815
109128
108375
107729
107978
108371
109960
108492
109876
108291
109916
109844
109439
109577
108569
108093
107802
110234
108364
108999
109185
108446
108836
108338
108695
109469
107511
108211
109374
108810
107828
109535
110158
107684
107818
109202
108001
109496
109836
109872
107609
109149
109176
108629
108882
108362
109321
108267
109400
108882
110650
109164
108938
108856
108671
108138
108314
108348
107828
108481
110408
108335
109503
109648
107892
108240
108666
108980
109367
108926
108790
108066
108333
108502
109913
110144
108771
109468
108082
107787
107961
109537
107925
109933
109524
108851
107860
108680
108179
108367
109644
109176
108267
109264
108089
108949
108959
108645
107316
107709
109629
109033
108443
109656
109146
109137
108761
109270
109295
108582
109041
107954
109534
110183
109186
108641
109069
108354
109067
109927
108939
108138
108176
109717
109270
108694
109050
108393
109336
108403
110089
107690
109380
109083
109995
109340
109520
108128
109322
108496
110253
107781
107627
109396
109717
109374
108510
108673
109373
109633
108363
110129
107928
109269
107876
109384
109492
108346
109185
109020
108582
108656
108462
109179
108183
107830
109289
108634
108135
108729
108033
107677
109715
110058
109438
108395
109116
109370
108466
109103
109181
108435
108763
108087
110013
107321
108685
109602
109436
107819
107886
109803
107930
109868
109716
108484
107754
108094
108995
107681
109590
107765
109184
108668
108375
107758
107897
109875
110057
109443
109870
109567
109858
107897
109608
109415
108198
109278
108452
107675
107887
108244
109638
107636
108326
108432
109443
109028
108142
109329
109248
109494
108955
108015
107857
108220
109072
109106
108526
108152
109167
108975
108422
108206
108806
109230
107798
108825
110008
109532
109276
109958
110236
108975
108490
110079
110073
109303
108300
109111
108612
109457
108595
110236
109030
109921
109066
108573
109649
109482
108661
107953
108783
108809
109736
108674
109651
108781
109644
108234
107907
109763
109748
109686
108715
109337
109294
109262
107528
108707
109856
107845
108311
107644
107744
108913
109302
109267
108487
108622
109048
109528
109025
109708
109021
109208
108316
108954
109952
108803
107458
108710
107738
109389
108762
109823
108386
107990
109069
109103
109550
109724
108133
108728
108052
110170
109415
109427
109357
110148
108393
108753
107937
109145
108809
109923
108558
109069
109031
107879
108968
108854
109644
109484
108772
108575
108298
108646
108128
109563
108079
107392
108210
108029
109161
109575
110562
109816
108664
109374
108562
108848
108681
108951
108398
109031
108624
107996
108950
108874
108975
109189
108599
107795
108887
109508
108586
109635
109305
109171
108622
109148
108019
108386
109096
110080
108878
108398
110107
109708
108206
108409
107734
108843
108755
108908
109476
108924
108680
108457
108852
108247
108545
109593
110061
108725
109136
109979
108248
108683
110309
109006
109708
108684
110130
108964
109007
108139
109583
109124
109484
108854
108705
108537
108426
109088
109178
107773
108309
109169
108298
109567
109378
107740
109902
109437
108528
107181
108056
108297
109776
109439
108811
108131
108192
109503
109769
108784
108421
109135
109155
107807
109336
108040
107989
107653
109601
109819
110038
109029
109461
108066
109088
108143
110838
109644
108529
108077
109233
109154
108121
108142
108099
108551
108346
108802
110084
108986
109350
108975
108830
107103
107273
107846
109098
109743
109681
109167
108824
110429
108750
109218
110092
107743
108619
109660
109563
108359
108967
109536
108482
109667
109775
109711
109606
109901
108213
109358
108932
109193
108903
109662
107805
108846
109716
108330
108642
109654
109839
109725
108320
108793
108603
108683
108581
109030
107911
107703
109820
109224
107768
108369
109375
108493
108228
109281
108750
108307
109028
110472
109761
108707
109465
109402
107871
109234
109290
108808
109463
108642
109431
109492
109375
109861
108896
108880
109210
108772
110092
109812
109120
108583
109068
108989
109893
109882
109763
110335
108322
108742
108084
109691
108934
108649
109284
109210
108019
109439
109611
108323
109619
108545
107958
109340
108171
108821
107850
108860
109656
109215
108788
110031
108473
109524
108995
109417
109888
108737
110205
109515
108570
107990
108395
108151
109132
109786
107451
109537
108722
110002
108221
110029
108778
108130
109022
108646
108419
109244
107719
108473
108994
108984
109507
108737
108670
109919
108807
109480
108711
108049
109428
108812
108451
108431
107985
108379
108282
108778
109215
107269
109617
109809
108443
107865
109904
109945
108387
107660
107989
109569
109330
108036
109788
107772
108764
108480
109200
110121
108522
108876
108675
107733
108145
107519
109947
110026
109496
109547
107821
109240
107795
108918
108046
109246
109051
109022
108717
107765
109366
108691
109444
108257
108326
108458
107470
108438
108302
109996
109716
109684
109051
107972
108380
108682
108770
109460
109599
110174
109679
108758
109395
108455
109014
109196
109323
108690
107918
108730
108205
108758
109613
109846
110080
109061
109007
107924
109425
110598
108738
109604
108762
109141
109574
108848
108522
108859
108294
109461
109802
109254
107997
109073
109026
108028
108701
108438
109474
108088
109105
109693
108361
107811
108268
108620
108864
109442
109805
110085
109415
108521
108034
109750
108354
109505
108978
108503
107940
109659
109123
108979
108348
109594
108257
109000
107144
108129
108437
109475
108707
109438
109721
108342
107812
109369
109019
109555
108611
109447
107785
108165
107825
109192
110001
109756
110479
109688
108687
109518
108509
107700
108353
107346
107878
108425
107603
107596
109507
108935
108447
107815
108182
109646
107826
109180
109483
107466
108847
108796
109595
109853
108410
109592
108370
109286
108318
109759
109995
108460
108719
107849
110215
109460
108269
107865
108156
109547
108779
108192
109330
109520
109261
109500
108240
107724
108046
108904
110447
109082
108154
107519
109766
109211
109639
110124
109243
108794
109080
108555
108535
109495
108993
109077
108874
109180
109103
108682
109931
109684
108718
107205
109014
108519
108672
108691
108611
110444
108364
108039
109604
108797
109941
108906
108194
106788
109252
109500
108715
109231
108277
109863
108605
109195
107726
108333
109414
109957
109484
108376
109457
108332
108727
108853
108247
109596
108066
108091
108771
107713
108313
108013
110039
109427
108820
108538
108643
108800
108322
109609
109704
108571
107464
108077
109397
107828
108532
109836
109224
108823
109818
108556
110104
108242
109332
110076
109544
109448
108925
109286
108529
109124
110557
109305
109361
108891
108457
108073
107981
109424
108438
109360
110550
109192
108405
109068
108065
109059
108117
109880
108824
107861
108578
109038
107533
108538
109114
108667
109835
109973
108722
109623
109427
109550
107888
108255
109018
109036
109433
108230
107998
109256
108402
110425
108850
109610
109644
109370
107932
108972
109545
108798
108484
108840
108580
107827
108079
110029
109558
108860
108280
109045
110344
109623
110312
109621
109023
108030
108455
108542
108668
109483
108740
109862
109049
110005
109521
109861
108068
109290
108667
108001
108939
108788
108545
108613
109438
108742
109077
108817
108459
109128
109008
108376
109999
108104
108376
107842
108996
108567
109931
109160
109102
109147
108536
109549
109049
108853
108911
108934
108242
108762
109611
109116
109240
109880
107775
110105
107548
108334
109468
109471
108206
108756
109897
106876
107591
108835
107826
107593
109271
109805
108490
109696
108804
108938
108057
108948
110450
108877
109366
107848
107742
108059
108726
109769
108947
108604
107776
109395
107554
108233
108899
109248
109649
109519
108559
109670
107807
109398
108859
107231
108194
109039
109135
107464
107994
109048
107812
108942
108124
108765
108133
108306
108707
108830
108739
109419
108610
109320
109825
109681
108107
108079
107940
108882
108246
110152
109878
107391
108962
110716
108038
109472
108897
108985
108988
109180
109740
107281
109952
110580
109506
108935
109050
108991
108801
108298
109125
109287
108667
109548
109304
107326
108591
108956
108384
108032
108655
108985
108081
108865
109431
108315
108821
108777
108281
109502
108977
109271
107930
108212
110650
108526
109210
108227
108851
107868
108279
108748
108910
109465
109278
109271
109077
109852
108805
109868
108119
108141
109852
108777
108711
109159
109978
109177
108701
110401
109078
109411
108598
108566
108133
109220
109183
107956
108767
108634
107550
108657
107732
107739
108457
107814
109116
107882
108255
108998
109217
109219
109727
109186
108125
108343
109075
108721
108272
109270
109320
107317
108950
110000
108405
109079
108957
107872
108614
109165
108421
108664
109400
109100
109288
107684
108078
108416
108502
108973
108366
107899
108638
109482
108637
108627
107218
108744
109558
108989
108562
109166
109669
108420
108935
108837
107401
108636
108718
108682
108900
108646
109542
108974
108574
107817
108674
108522
108687
109948
108038
109368
109380
108154
109460
108581
109991
109243
108379
108352
107965
110047
108525
110237
109225
109318
108900
107328
108829
108877
109073
109203
108781
109770
107899
108831
108812
110065
109587
109878
109837
108909
109639
108477
108824
108274
110015
109029
107768
108507
107633
108502
109091
108992
109394
108338
110002
109477
109572
108986
108971
110069
109733
108654
108734
109923
109538
108554
108743
108431
109532
109917
108396
107554
108782
110325
109286
108260
109935
109224
108635
107894
109115
109549
108260
108189
109667
108692
107726
108730
108573
109819
107492
108608
110665
108153
108325
108678
108378
107987
107686
109695
107844
108313
109340
110157
109112
108766
109529
108415
108295
108892
109795
108090
109131
110263
109330
109507
109501
108426
108937
108667
110028
108207
108426
108867
108745
109655
108134
108975
108249
108038
108164
107957
107860
108341
110506
108591
109016
108986
108284
108416
109387
110291
108418
108710
108116
109538
108799
108061
108393
109386
109675
109846
110292
110414
109806
109288
108747
108908
109204
110122
108208
108542
108060
109643
108763
109487
109339
109219
108124
109183
108302
107978
108820
109043
108644
108060
107753
108285
108938
109622
109972
109473
107658
108602
108091
108776
108298
109535
109353
110234
110456
108753
110303
109889
109755
110114
109676
108409
108033
108470
109654
109145
109588
109449
110075
108553
108362
108576
108737
110383
108981
108799
107110
108959
108721
108147
109727
109635
109265
108985
109195
108760
109275
107737
109197
109238
108598
107983
109387
109798
108526
109278
108936
108629
107801
109102
109493
107825
108344
109032
108639
107790
108898
108577
107687
108842
109837
107798
108426
109722
108100
108797
108444
109962
107435
107958
109419
108487
108890
108567
109923
107840
109351
107738
109432
108383
108119
108326
108114
108883
108487
108944
109471
109188
107468
108812
110030
108687
109215
108490
109722
108205
108405
111183
109467
108464
108150
108597
108459
109550
109222
108097
107953
109972
109407
109632
109580
110460
110039
109548
110133
108879
107720
108623
110476
108283
108861
110165
108839
109863
109683
109112
109795
109602
108333
108015
110107
108427
109826
109487
107965
107728
107774
108330
108265
108768
109776
109219
109240
108950
108782
109629
109287
109889
109121
109377
110108
108334
109399
108329
108493
109035
108270
108497
108385
109472
108337
109590
108742
108652
107681
107978
109181
108143
110249
107646
108046
109303
107965
108475
108992
107928
109015
108352
110128
108342
109549
108585
109830
108215
109183
109802
109001
109723
109272
107873
106879
109506
109893
107878
107962
108512
108605
108093
108598
110191
107758
108006
108272
107499
108089
108917
108018
107608
109122
107467
109498
109499
110056
109326
108143
110461
108398
108665
107272
108343
108662
110240
109125
109399
108477
107768
108561
108594
109715
110003
109429
109134
107488
108963
108727
110405
107878
107809
108420
108595
108262
108937
109411
107887
109670
108982
108446
108735
109075
108165
108472
110628
110063
109553
109643
109192
108501
108003
107772
107869
109076
108004
110303
109061
110177
109448
108916
108328
108630
110531
109823
109408
109085
108454
107899
108118
109192
108863
108761
109426
109002
108402
108995
109255
109431
109225
110284
109040
108447
109134
109591
109921
109370
110038
109470
109522
107458
110115
108527
108209
109561
107796
108656
107774
109658
108039
109429
108087
108031
107858
108561
109280
107731
108915
109832
110003
108922
108247
107831
109449
107914
109828
109763
108929
109363
108257
109752
108593
108622
109454
108959
108288
108511
109692
108563
109031
109409
108095
108131
107840
108092
107600
107695
108697
108133
109361
108323
108771
108916
109018
108756
109366
110097
109464
107678
109253
108772
109365
108590
108337
109380
108752
108182
108548
110922
109297
108253
108537
109507
107997
108041
109753
108466
108744
107500
108991
109108
109206
108678
108995
109488
107976
109814
109903
108615
108882
108309
109680
108251
108130
109055
107338
108321
108072
108105
109090
109718
109993
108882
108544
109174
109760
107914
109070
109292
109682
108809
107886
109098
109464
109327
109913
108808
108732
109740
109458
107957
109010
109683
108585
109932
110143
108114
109150
109242
110249
109756
110083
108437
109056
109150
108299
109548
109877
109269
107915
109609
109469
109502
109763
108905
108796
110085
108890
108972
109212
108675
108973
109038
110029
109551
109828
108327
108861
109766
109595
109647
109646
109726
108221
110147
110657
107976
107662
108117
109550
108938
108423
109601
109204
108345
109301
109308
109667
108521
109251
107346
108638
109396
108255
108572
109079
109062
108475
109232
108669
108691
109530
109938
109556
108136
108487
107946
109300
109326
109472
110221
109036
108145
109302
109416
107846
109482
109635
109188
108038
107737
109639
108294
109068
107397
108959
108543
107960
109144
108837
108828
108756
107866
109973
107906
109412
109254
108569
109579
108113
109824
107389
109276
110551
109597
109378
109224
109816
109434
108586
108965
109035
108701
108776
108677
108383
109398
108979
107940
108153
108335
109807
109494
108562
109615
108794
109412
108599
109884
108717
109392
109057
108262
107830
109443
108180
109078
108179
108993
109123
108329
109502
108703
107721
107932
108634
109240
109254
107995
109477
107405
108858
108929
109665
107795
109243
109427
109059
109346
109830
108283
108581
109944
108076
108954
108262
108375
108723
108521
109301
107622
107941
109265
110180
109133
108335
109339
109856
109743
110377
109427
108340
109650
109688
109096
108064
108766
108844
109371
108048
107996
108072
109945
109061
109608
107834
108917
109784
108826
108827
108388
107581
109267
109150
108579
108927
109656
108824
109341
108575
109187
109775
109705
109119
109472
108077
108230
107961
109172
107997
108064
108995
107540
109012
108320
109287
109468
107626
109318
108638
107731
107809
107915
108808
108145
108928
109084
109022
108415
109055
109023
107990
108138
110862
108972
108215
109405
108455
107582
108803
110577
107582
107924
109265
109409
107819
108350
108676
108160
108869
109428
108781
108402
108647
109235
107621
109286
107997
107648
108826
108981
110564
107859
109086
109055
108456
108491
108329
108595
108618
108479
109331
108310
108397
107697
109649
107782
109110
110448
109391
109014
109547
108475
108453
109495
110343
108742
108723
108011
109146
108122
108936
110501
109282
109728
109715
109564
108982
108797
108988
108706
108491
108173
107805
107586
109382
110105
108498
109735
108573
109680
110203
107982
110818
109880
109535
108899
108195
107918
109756
109400
108259
110540
107668
107910
109291
108952
107936
108424
109404
108374
109689
109596
108953
108010
108102
108618
108141
108840
109110
107962
109348
108243
107935
109724
109050
108994
108764
109840
109797
109082
108293
107757
108316
107740
107978
109384
108767
108774
108527
108997
108719
107688
110079
109499
108505
108102
108845
108912
110094
110088
110008
109139
108221
109559
108570
109089
108693
108094
107932
109451
108902
108524
108073
108811
108651
108539
109022
110379
108846
108622
108574
108116
109401
110195
108808
108830
109026
109521
108841
108459
108958
108788
109457
108325
108862
108387
109241
110299
109760
107464
107642
107917
108331
108441
109268
107837
109233
107430
109095
108488
109166
110014
110069
110186
107589
108535
108659
109000
107855
108717
109682
109431
109995
109016
108123
107941
109202
108765
107809
109270
109187
108255
109980
109653
108583
107902
108350
109431
109699
107997
108700
109188
107918
108520
110008
108145
107997
109247
108533
108381
108835
109879
107413
109166
108055
108570
108811
108438
109391
110222
108057
108647
109301
107598
107562
108200
109017
108953
109498
109468
108440
108022
107369
108085
109718
108079
109468
107720
109299
108165
110076
108820
108523
108757
107906
108270
109207
108787
108687
107715
109067
109543
109216
107307
107746
109214
107618
109769
109640
108911
108054
108075
110383
108032
108879
108706
108502
108109
109484
108967
108279
109058
108603
108705
108968
108372
109854
108515
108598
110910
108881
109887
109832
107901
107968
109209
108811
109744
108041
109578
109188
109634
109288
109049
108142
108985
108427
110269
108669
109418
108259
109186
109793
107797
108457
108034
109432
108963
108917
110103
108319
109205
108294
108035
107446
108957
108925
108338
108835
109702
109752
107623
108286
108851
108350
109329
107757
108928
108155
110360
109310
108594
107953
108042
109344
109470
109408
108839
107467
107626
108431
110188
109168
108246
109625
107958
109863
109299
108434
107937
109452
109138
107103
109151
110109
109643
109754
109927
109774
108042
109135
109020
109050
108070
109117
109419
108293
109853
110310
109729
108393
108928
109981
108790
108465
109496
107792
107964
108041
109056
109584
108444
109218
109302
109455
108417
109965
109715
110012
109558
108638
109516
109566
108651
107910
108675
109069
109215
109410
108597
109247
108237
108648
108807
108746
109607
108072
109299
108810
108126
109237
108409
108111
108530
108726
109509
107951
107956
109014
108700
109413
108228
109371
108134
107896
107648
109191
108586
108878
108815
109609
108447
107348
109930
108954
109580
109364
108211
110010
109304
108635
108904
107962
108839
109569
108626
109366
109170
108986
108680
109388
107966
108494
108691
109535
109618
109015
109111
109295
109256
108127
109491
110072
108974
109182
108615
108403
109140
108621
109144
109140
109077
108197
109677
108175
108603
109904
108253
107748
108003
109225
108507
108497
109999
107380
107499
109375
108306
109036
108422
109439
107655
109335
110104
108780
108812
109535
108899
109459
108730
109770
108646
109206
108411
108085
108035
108868
108777
109409
109458
109294
109767
107968
107521
109024
108507
107239
109443
109011
108895
108003
109055
108357
108934
107937
109220
109856
109757
110077
108074
109261
107500
107785
109625
109751
109037
108395
109141
108477
110180
109001
108063
108249
108553
109380
107620
109800
108823
108215
109160
108481
108725
107468
108295
109653
110505
109327
108918
109340
108346
110042
108381
109303
108673
109553
109231
109474
108662
108954
109982
109620
110109
108915
109707
110325
108241
109090
107716
108218
109129
109607
109051
109590
108450
108098
109638
108002
109634
110805
108886
108894
108261
110013
108670
108989
109231
108490
108377
108329
108202
108599
109870
108891
108917
108141
108024
109736
108954
109908
109709
108002
108751
107885
107586
109422
108503
109378
108007
108174
109227
108600
108122
109503
109040
108784
108547
109388
108475
108294
108604
110018
107773
109267
108290
108138
108457
109634
109022
109439
109185
108306
109199
109202
108631
109912
108536
108360
109351
109104
107688
108920
108976
109109
109299
108218
108926
107787
109294
109130
109263
108651
109279
108662
109395
108366
108007
108466
107681
108662
109256
108435
109380
109732
109077
108363
108923
110377
109584
109035
108884
110116
109813
110001
108374
108333
109072
109473
110116
109116
108890
109075
109857
108412
109088
108545
107979
108353
108662
108827
107861
109104
109299
108703
107769
109288
108859
109936
109823
107858
108986
107851
108481
108366
108585
109632
109436
110514
108597
109450
108378
110723
108988
108526
109354
109532
108874
108900
109438
109295
108975
109853
109976
110134
108254
108711
109503
109434
109824
109572
108826
108613
108760
108528
108431
109596
108575
110039
108471
107519
109799
108470
109500
109710
110440
107929
110157
109356
107985
108738
107883
108740
108947
108796
108946
108783
108015
110203
109383
108503
109463
108795
109372
108288
108716
110004
108503
108627
108655
107080
107773
108927
108207
108657
108012
109298
108596
107854
108556
108966
107773
108219
109942
108532
109134
109027
108175
108370
109748
109291
108763
108221
108042
109951
108457
107577
107958
108100
109247
107886
108441
108895
107273
108061
109170
109174
107950
109457
108658
109115
108606
110264
108756
108342
108274
109204
108525
108273
109157
109218
109098
109392
109555
106977
107734
109535
109522
108845
108106
109687
107634
107975
109042
108580
108628
108154
108671
108240
108619
108635
109153
109672
108642
109554
109113
109489
108431
109673
108262
108826
108851
109233
109757
108955
109490
109350
107549
108965
108377
109274
109299
108180
108498
108607
109760
108211
109657
108226
110216
109118
108631
108357
108479
108283
109348
109158
108969
108116
108343
108954
107826
109103
109580
109568
108836
108483
110483
109894
109837
108555
110202
108838
109099
108563
108442
108672
109200
109804
109233
108508
108351
109290
108727
109544
108999
109810
108685
109538
108962
108663
109329
108316
108911
109856
108166
109547
108380
108945
108578
108166
109024
108892
109635
110180
109279
108334
109223
109330
107696
109392
108518
108174
109039
109409
108743
109121
109986
109672
108863
107934
108767
109176
109864
108110
109661
109719
109554
108570
108449
108834
108487
109239
108759
107944
110235
108008
107818
108820
109807
109248
108237
109742
107956
109101
108398
109212
108065
108541
110264
108142
107860
107782
108732
108740
108611
109262
109588
108223
109327
108489
109085
108896
107385
109122
109051
109863
107820
107877
108202
108853
109391
108927
109416
108543
108386
108867
108709
108032
108507
108012
109737
109819
108878
108749
107913
108578
107656
107867
108319
107604
108991
109205
109848
108556
108603
108303
108809
110085
108891
109855
107320
108386
108303
109875
108080
109191
108618
107196
108227
109239
108570
109225
108725
108278
107623
109510
109327
108747
108461
109163
109508
107936
108035
108332
108810
108330
110336
108764
109247
108307
109095
108204
109425
109097
108358
108122
109651
109951
108246
109055
110465
108142
107998
108286
108830
108789
108406
110084
108907
108599
109347
108970
109597
108611
110088
108621
109119
107593
109700
109498
109625
109148
109158
108387
109181
109206
108978
108796
107833
108731
109226
108609
107919
108145
109654
107693
108678
109788
107390
108457
109700
109641
108774
108506
108493
107939
108635
109611
108293
107865
108125
108814
107672
107728
107839
109122
107762
108895
110413
109595
107986
110076
107930
109083
108021
109558
109187
108602
109720
107654
109494
109149
108633
108509
109644
108085
109290
108787
109379
107915
109315
108310
108726
109736
108623
110464
107885
108808
108770
109243
108399
108528
109849
109179
108874
107888
108513
109575
108021
107988
108866
108600
109512
108746
108113
109267
110009
110207
108616
108865
108815
109220
107755
109235
109364
107917
108216
109198
109139
108043
109763
110219
109234
108748
108401
109913
107526
108341
109992
109586
109340
108815
109131
109994
108855
108887
108824
109611
110009
108689
109138
108261
109406
107565
107457
109246
108517
109646
108278
109103
108013
108528
109144
108287
108089
108792
109740
108875
109614
108587
110053
109724
108561
109623
109611
109059
108073
108903
108418
108034
108435
107975
110107
107735
108358
109206
108454
108358
108774
109029
109060
108719
108715
109927
109434
108175
108048
107740
109464
107738
108442
109063
108811
108209
108182
108342
109696
108117
108127
109360
108116
107877
108199
108596
108348
108353
108963
107779
108799
108714
109006
107375
109002
110644
108350
108076
109705
108833
108215
109347
109818
108042
109201
109134
109192
109465
109967
108413
108995
110015
108786
109788
109388
108386
108613
108871
109575
108855
109070
108405
109404
109164
109402
109113
109299
108594
108722
108395
109139
107756
109342
109427
107850
109029
108794
109828
108194
109797
108502
107491
108376
109304
109508
109274
108789
108534
108143
108059
108330
108850
108868
109797
109872
106749
108880
109682
108424
108518
108091
108314
107113
107660
110023
109244
109705
109489
109472
108300
109644
109705
108230
108370
108747
108483
108819
109048
109210
108448
109296
108713
109991
109724
109123
109390
108702
108692
110025
109439
109200
108842
109210
108165
109706
108589
108793
108338
108800
108812
110071
108344
110055
108198
109428
108505
109024
108613
108683
108622
108338
108524
109389
108680
109440
109064
109403
109694
108705
108399
108539
109502
110308
110344
108234
108983
107889
109104
108052
109242
108883
109346
109601
107881
109242
107880
107367
109820
108825
108412
110357
108544
109808
107433
109413
108813
109833
109921
108932
109206
107785
109298
109251
108326
108138
109141
108030
108489
108800
108846
108766
109778
107878
108573
109009
108125
109118
108885
108365
110596
108346
108835
109888
108648
108243
108183
109255
109291
109128
109690
109203
109209
109157
108279
109632
108456
109528
108987
109401
109230
107518
109199
108219
109190
109505
108389
110366
109146
107555
107893
109821
108218
108751
108721
109041
107967
109783
109218
108250
108659
108954
109289
108391
107365
109265
108193
109379
109894
108311
109103
108035
109350
108622
110090
109426
109368
108730
109278
108953
109529
109470
108764
107865
109339
107511
109204
108725
110180
109518
109972
108240
109082
109287
108462
109151
109650
110177
108864
108174
109933
109048
108856
108725
108265
108641
108642
109010
109411
108814
109032
108833
108318
109219
108202
108871
109062
108423
109400
108798
109737
108973
108987
109719
110339
108606
108002
108888
109202
107785
109129
108718
108119
109154
109281
109903
109704
109169
109103
109463
108863
108435
107922
107710
109476
108912
108379
109047
109900
108904
107822
108041
109230
110096
109213
108577
108850
109450
110118
108900
107620
108113
109031
110060
109192
108456
109117
108698
108492
109867
108034
108322
110209
109505
108172
108954
108280
109049
108184
109961
108455
108895
107648
109305
107587
108826
108759
108541
109142
108352
109784
109695
109240
109122
109097
109409
108016
109958
109071
109416
107583
109296
108121
109236
109309
108966
110049
109260
109445
108799
109350
109867
108554
109091
109855
108041
108594
109230
107777
107799
108346
109184
108343
108513
108111
108172
109559
108785
108458
108085
108202
109382
108548
109732
107744
108253
107789
108574
108357
108579
110345
108822
109485
109381
108236
109413
109787
110717
108849
109748
108595
109429
109788
109203
108095
109580
109924
108275
108618
107845
108795
109492
108969
109281
107396
108272
108810
109900
108060
109267
108831
107893
108935
109675
109179
108635
108653
107941
107357
109508
108757
109295
109235
109685
108487
108877
107785
108584
108044
108230
107886
109048
107654
109427
110249
107588
109151
108051
110177
109192
109278
109737
108689
107744
109126
109682
109656
109015
109759
107924
108775
108690
108042
109484
109438
110513
108523
109253
107562
108739
107974
109063
108870
108674
108028
107925
107803
108352
109496
108564
107822
107740
108941
108413
109423
108290
109151
108021
109079
108705
108350
107733
107960
109144
108879
108972
108811
110009
109498
107448
109371
109217
109899
108121
107979
108978
107923
109041
109579
107757
108643
109340
109772
109028
109305
109654
110574
108113
108779
108644
108742
110084
109106
107685
108259
109093
107850
108470
109072
109641
109584
109368
109131
108671
109373
110249
108885
109007
109783
109656
108154
108687
109235
109006
108634
108316
109735
108137
108268
110364
108471
109470
108866
109727
107155
108206
109546
109270
109116
107812
109531
108556
108317
109062
109412
108263
109268
108652
108979
108075
108691
107964
109055
107956
108184
108894
108166
109954
107440
108795
108595
109433
108781
107587
109871
108993
108535
110624
108691
109843
109550
108951
108910
107693
109141
109804
109940
108405
110149
107710
107826
109798
109676
108677
107908
109935
109209
108718
109258
108730
108649
108709
109675
109288
108292
109841
108415
110231
107963
108365
109098
110025
108266
109828
109830
107517
108921
107935
109344
108779
108183
108875
109445
109108
108352
108830
109643
109552
108845
107609
108403
109876
108221
109037
109350
109039
107528
108141
108109
108839
109120
109743
108086
108388
109106
107925
108418
110474
107917
108267
108065
109538
110156
109470
109288
107683
108289
108425
108008
108998
108689
109090
107970
109378
110377
108037
108718
108651
109164
107821
109098
109746
107866
107916
107817
107989
107979
108522
109680
108336
108279
108383
108736
108112
108185
109403
107964
108210
110701
108477
108242
109198
109969
108671
109596
108866
108122
108357
108537
109037
108008
108465
107452
108376
108934
109180
108661
108363
108857
108108
108378
109400
107791
109023
109694
109920
107939
108362
109118
108274
108742
107686
108926
106726
109264
108436
108448
108806
108782
108648
108468
109310
109207
107571
107771
109338
108815
107557
109376
109431
107477
108697
109069
109178
107921
109125
108573
108831
109481
108689
109314
108744
108878
110442
107125
108374
108770
108508
109072
109300
109512
107897
108544
109642
109618
108487
109655
108710
109278
108976
109116
110369
108264
108338
109694
109595
108956
109734
108530
108441
108707
108983
108039
108638
110703
110031
108161
107885
109192
108761
109405
109727
108570
109102
109352
108702
109661
109034
108682
108801
109533
107791
109591
109188
109587
110484
109310
109156
109035
108413
108132
108876
109876
107758
108566
109005
108340
109748
109212
110175
108268
109478
108774
108287
109050
109308
108831
109514
107904
108466
107901
108996
107584
109255
109227
108995
108341
109176
108560
107767
108746
109075
109383
107906
109299
108489
107606
108920
109904
108559
108370
108254
108455
108811
109788
110210
108022
108995
107820
109432
107956
109281
108484
108380
109225
107713
107847
109582
108452
107555
108534
108844
107622
108012
109157
109663
108225
108531
110011
108495
108902
108513
108746
108487
107892
109402
107664
108947
108961
108698
108922
109536
110006
107964
109243
109386
110189
109183
108847
108151
108078
108761
109179
108546
107649
108860
108382
109073
109628
108320
108060
109679
108819
108766
109268
109789
108955
108024
109776
107313
108848
108149
108940
108326
109026
110101
107717
109316
109258
108303
108885
109755
110338
108355
108761
108047
108999
108221
108440
109179
107508
109605
109789
107724
109811
110168
110091
107899
107797
108626
108162
108808
109043
108565
107896
109253
109525
108810
108981
109158
108808
108965
110079
109388
109990
108423
108903
110051
108123
109232
108739
110175
108906
110337
108398
109420
108153
108940
108691
107981
109070
108256
108033
108653
108486
108615
107218
109421
108445
108599
108415
108534
108162
107578
109528
110181
107194
107558
108170
108450
108760
108031
109098
108832
108740
108634
108173
107665
108155
109827
109357
108101
108087
107556
109064
108851
108380
108086
109443
109403
107986
109524
108287
109620
109572
108976
108878
108910
110014
108492
108116
108183
108870
108636
108820
109497
108845
109898
109059
109497
109213
108014
109352
111367
107746
108866
108538
109159
109136
109721
109007
108349
107727
108723
108812
108997
109765
109295
110091
109972
108795
108396
108434
109780
108032
109510
108489
109398
107990
108946
109035
109361
109778
109599
108453
109664
109035
109467
108255
109394
108334
109123
107744
108030
109082
108898
108606
109483
108084
109342
108862
109419
108306
108829
110236
108901
109722
110083
109564
108310
108043
110085
108362
108350
109451
109014
108385
108914
110216
108620
108253
108944
109217
110012
109922
110796
108973
108835
108145
108825
108261
108437
109234
108791
107468
108473
108149
108911
108230
107751
109864
109451
109307
108281
107963
108785
109212
109965
108496
108536
109175
108242
109593
109483
108906
109421
107459
107636
108846
109687
108923
109699
109972
107506
109230
107721
108792
108442
108084
108475
108499
109364
109640
110421
108169
108013
108723
108294
108631
108390
109400
108010
108556
109400
108891
108052
109771
109943
109709
108403
109325
108201
108819
108533
108359
109458
109831
108341
109345
108959
110177
109528
109109
109079
107928
108606
108706
108993
109092
107678
107301
108440
108458
109540
108965
108425
109011
108436
109191
108655
107919
108260
108222
110129
109125
109988
108844
109083
107992
109043
108652
108692
108242
108950
107749
109075
108437
108430
109004
108594
110558
109851
109565
109147
109647
109015
109783
110978
108743
108501
108816
108374
108618
109699
110936
108813
108305
108237
109226
109619
108539
108790
108058
109426
107924
108376
109131
109299
109049
109065
108994
109320
108607
108715
109260
109095
108499
107961
108515
107872
109258
108293
108890
109684
107658
108488
108528
109748
109839
108415
108708
108261
107506
108698
110039
107740
109478
108734
108847
109237
108047
109082
108521
108770
108209
108056
108250
108779
109716
109505
108295
109254
109483
108419
108729
108021
108974
107927
109872
108441
108067
108130
108341
108800
108273
108682
108374
108707
108523
107841
109560
108624
108331
110580
107812
108590
109763
108371
108353
109346
109660
107245
107738
108486
108456
108553
109842
108326
107437
108081
109539
109486
108567
109810
107380
108919
108033
109518
109797
109428
110500
108214
109178
108786
108451
109110
108603
110513
108942
109173
108177
109447
108054
109357
108828
109218
109567
109307
109422
108403
109139
109705
108383
109511
108744
107751
108736
108137
109560
109415
109424
109172
109376
109795
107878
109295
109588
109980
108937
109083
109606
107576
109308
109931
107946
109425
108688
108584
108905
108929
109422
107432
108904
108621
109034
107387
109406
108986
108097
108425
108358
109267
108313
109408
108066
108654
108970
109587
109529
109467
109120
107768
108547
109247
109246
109437
109436
109220
108157
109685
108061
107494
108172
109642
109173
107944
109544
108678
107160
108657
108165
109064
107607
109320
109633
108162
109579
109374
109075
108395
109156
109377
107724
108096
109679
108805
109262
108321
107576
108038
107869
109104
109572
109355
108185
108689
109487
108208
108186
108887
108382
108228
108308
109110
108304
106947
109220
108461
108216
108145
108703
110143
109827
107801
108228
109828
108501
108511
109410
108348
108785
109119
110450
109840
109366
107998
109770
108607
108414
109447
108093
109787
109763
110013
108408
108094
109149
108534
109117
108509
108664
109696
108034
108427
109729
108250
108664
109716
108856
108239
108554
108612
109139
108759
110456
109597
108969
108553
109710
108897
109014
109708
108617
109165
108777
110690
107998
108033
109260
109256
108887
108242
109705
108146
108636
108941
108474
109806
109747
108958
109297
110059
109547
108635
109220
109853
108433
107965
109623
108046
107896
108978
109647
107941
107824
110461
108508
108466
108152
108909
108174
108154
109127
107589
108114
109966
108240
108519
109333
107910
108815
109459
108906
108506
109357
109330
107686
108965
109216
108253
109103
107959
108610
109553
108870
108579
109174
109763
108276
110042
108237
108678
107724
108782
109395
109627
108898
109869
110152
108359
107693
108314
109179
109331
109111
109222
107969
109302
108758
108152
108553
109499
108206
108226
107951
108329
107750
108078
108234
108006
108938
108574
108424
108396
109078
109350
109042
109690
109981
108796
108134
107599
108705
107968
108809
110029
109397
109295
108238
108683
107922
108972
110979
108715
108190
108787
109460
108733
108496
108487
108487
109532
108823
109788
108468
108657
110182
108391
109430
107770
108675
109251
110063
109027
108486
109460
108171
108086
109551
108907
108169
109865
109308
108518
109658
108802
107777
108823
109308
108518
109009
108153
109852
109348
108333
108587
108724
108560
108396
110686
108049
107573
109453
109068
108952
109356
109129
107757
108277
108514
108448
107790
107918
109852
107806
108534
109020
108734
108205
108342
109799
108422
108870
108339
110058
108423
109149
110243
109135
109214
108546
108405
108264
110039
110680
108349
107945
108213
109128
108949
109147
109466
109373
108096
107697
108123
109923
109508
108619
108522
108280
108156
109411
109316
108387
109199
107941
108264
109337
109518
109489
107813
107526
109099
108053
109053
107750
108304
107179
109213
108353
109644
107940
108131
108972
108220
108794
108515
107626
108190
108360
110075
108814
109329
109723
108059
108007
108088
108721
108446
108683
109479
107907
108553
108590
109486
107503
109245
110106
109298
107878
108981
108738
109999
108713
108711
109206
108228
109916
109964
108758
107766
108809
109172
109676
109405
109967
108763
110102
109644
109587
110071
109184
109637
109011
108039
109983
110236
109168
109424
108803
109636
109615
109603
110059
107987
109658
108714
109378
108354
109020
108791
108738
109393
108968
107784
108709
109451
109269
107843
108858
108713
108594
108164
108094
108976
107922
109571
108518
108558
107933
107762
109678
108098
108990
108461
108808
107771
107908
108270
108155
108147
107664
109042
107649
107869
109008
108953
109334
108737
109569
110678
108487
108016
109033
108578
109475
109362
110012
108136
107803
108037
107453
108313
108030
109512
108209
108787
109382
108401
109247
108889
108853
107319
109777
109183
108828
108257
110055
109192
109135
109168
109240
108734
109549
110078
108569
109613
107955
108905
108805
107650
110110
109156
108506
108394
109000
109368
109755
110761
108746
108734
108173
109554
109629
109937
109744
108670
108511
109874
108938
108618
108744
108974
109036
107614
107705
110288
110063
108860
108951
109409
109420
108390
108206
109217
108735
110852
109972
109347
108240
108483
109301
107509
108852
109344
109147
108750
109291
107783
109158
109061
109399
108322
109314
108707
109312
108904
108215
109851
110215
109328
109198
109157
107699
108307
108375
108845
109148
108725
108433
108601
108320
108772
109179
107950
109366
108873
109103
107946
108910
107469
108653
108545
107558
108448
108381
108946
107141
108673
108446
108017
108150
108299
109644
107843
108373
109007
108006
107642
109148
108091
108431
109514
108074
107350
109143
109526
107994
108203
108989
108741
107327
108280
109667
107817
108767
108475
110367
108213
108774
108756
108312
108531
109182
110585
108778
108517
108806
107916
109158
108873
109503
109814
108679
107934
110063
108124
108478
108740
108038
110221
107281
108325
107928
108931
107741
108032
107832
107127
109644
108413
108581
108533
108228
109596
108461
109446
110821
109324
108707
108380
108043
108034
108611
110146
108908
108929
108932
108400
109295
108822
110242
108404
108158
108744
107973
109210
109754
108766
109839
109820
110416
108031
107997
109433
108707
108227
109149
110135
108230
109391
108432
108803
109809
109259
108859
107517
108627
109202
108568
108844
107797
108623
109054
109334
108843
108288
109012
108535
109479
109150
108412
109436
109057
108359
108153
108613
108438
110141
108413
107571
108163
109169
109258
108249
109374
108654
109560
108327
109462
109907
109369
109516
108884
107994
108659
108042
108732
108769
109374
107347
109064
110931
109340
109223
108174
109042
108338
109620
109667
108618
109102
109909
108568
109519
109227
108743
107250
107927
108394
107794
108388
109178
109108
107768
108878
109885
109008
108694
108787
109465
108470
108455
110391
109772
108318
109518
108822
108476
108755
110281
109282
109425
108352
108968
107913
108763
107853
109153
108260
109554
108001
107883
109458
108522
110167
110665
107921
108470
109812
109031
109867
110061
110710
109877
108986
109031
108031
109038
109349
108093
109470
109259
110075
110089
108064
108381
109159
109045
109420
109847
107966
109031
107446
109467
109415
109505
108730
107829
108727
108963
109438
109042
108780
110530
108421
110015
109435
109283
109205
109462
108529
109286
109149
108911
108432
108373
109776
108021
109640
109745
108918
107813
108924
108258
108009
109065
109564
108386
109949
110108
108640
109238
107959
108795
108014
108558
109269
109672
109488
107970
109736
107619
108710
108785
109618
108510
108475
109983
107432
109309
108362
109176
108488
107960
109004
108248
108349
110090
108052
108958
107897
108535
109171
109940
107834
109215
108449
108215
109246
108370
109769
106920
107877
107899
108042
108895
109661
108610
110044
108601
109132
109395
108509
109916
108903
108612
108588
107328
109509
109461
108651
109463
108361
109350
108740
110164
108627
108663
108447
108570
107986
107961
108130
109797
108982
108503
108508
109971
108686
108421
108235
108271
108752
108279
109352
108314
109296
109286
107484
108092
108852
108250
108843
108254
109955
107743
108518
109706
108960
107447
109275
110472
107773
109681
109226
109868
109364
109252
108543
107980
109824
108596
109419
107684
109620
109130
107629
108136
108946
107423
110224
108472
108758
107403
108662
108930
108806
108414
107987
109848
107618
109376
110191
108863
107893
108878
109631
108240
107702
108906
107851
109608
108181
108122
107823
109013
107064
109852
109144
108265
109952
109072
109743
108297
109830
108798
108296
107462
108204
109147
107918
108309
109138
108214
107383
108309
108307
108127
109916
107977
108589
107898
107452
108398
109159
108860
109075
109448
110147
109234
109143
109330
109782
107992
108906
110177
107902
109271
109171
110148
108977
109603
110209
108871
108912
109226
109817
109150
107821
108656
107764
109098
108558
107905
108077
108556
108948
109145
109068
110199
109380
108965
108677
110460
108983
109356
108846
109756
109205
107727
108543
107870
109123
109164
108910
108182
109239
108506
109822
109482
109618
108028
108815
108241
108555
108533
108431
108868
109610
109409
110319
109418
108601
108758
109769
108415
109672
109684
107626
109703
108890
109583
109800
110445
109125
108753
107899
107978
109405
109556
109659
108768
107261
107882
109624
110023
108828
108467
109921
108767
109227
109328
109377
108801
109050
109194
108243
108457
107379
108504
109957
109606
110063
109173
109711
107687
109052
108461
108406
109813
108727
110307
108271
108896
109155
108644
109239
107841
109362
107691
109679
110080
109648
108560
109444
108247
108286
109205
110654
107873
108044
109296
109328
108574
108619
108759
107715
109680
109753
109340
109246
109699
108146
110183
108535
108104
108241
109508
108626
108218
108251
108938
108382
108799
109485
108461
109763
108696
109153
108998
108673
109591
110093
108650
108051
109502
107325
109333
109018
108010
108605
108724
110059
107567
109026
108165
107040
109209
108374
109439
108409
109512
108889
108810
108983
108384
108438
107372
108106
109963
109438
109793
108914
108854
108390
109577
109668
107494
107837
109492
109546
108843
108410
108983
108537
107950
109328
109355
107926
108786
108521
108654
108619
110859
108530
109971
109282
108963
109803
109911
107489
109326
108935
109814
108426
109373
110401
109588
109078
108223
109895
109553
108911
107249
109680
110405
109580
108743
108644
109138
109838
109791
109062
108449
108320
108700
109279
107561
108534
107264
109734
108479
108025
108454
107760
108032
108230
107699
108500
107950
107943
107954
108469
109087
107810
108483
108939
108881
109159
109404
109308
109331
108519
109023
109700
109769
109091
108520
107445
109443
108513
109317
108012
108281
108170
108707
110409
108483
108425
109243
108849
107981
108439
109730
109584
108790
110620
108179
109878
109035
108546
108229
109458
109980
108785
108152
109728
109784
108717
109374
109542
109784
109496
108872
108426
108903
107765
108729
108207
108338
109727
109774
109150
108888
108862
108746
109230
108888
109748
108938
108715
109194
107698
108725
108815
108663
109265
109399
108286
109583
107844
109234
107934
109380
108262
109843
108767
108639
109182
109673
109661
108551
109900
109868
107240
109525
108508
107631
108155
108774
108957
108414
108657
108205
107943
108133
107854
108205
108081
109607
109235
107629
109182
109259
109756
108425
108796
108494
108506
107990
109346
109314
108371
108193
108215
109124
109287
109420
109064
108133
108821
108599
107805
108787
110749
108759
108392
110117
108873
108891
108515
108386
109692
109342
109014
109331
109482
109471
107463
109583
109788
108897
109240
109928
109117
109379
109704
108812
107353
108209
108653
107993
109883
109818
108100
108256
109134
108378
108595
108327
108487
109238
108541
108543
108711
108632
107923
108990
108898
109420
109391
107895
109474
109531
108432
108320
108145
109875
108457
109728
108425
108723
108982
109301
109326
108290
107640
110102
107680
109182
109338
108349
107512
108017
108545
108810
108006
109115
108457
109267
109912
108935
108426
108647
108539
110657
108784
108674
107356
107868
109952
108862
109217
109107
107869
108290
108684
109921
108782
109275
109383
108583
109320
108076
108061
107806
109378
108791
108581
109791
109929
109515
108308
108774
108537
108259
108931
108765
108813
108924
109072
109924
108359
108659
108407
109028
109461
108449
108675
110088
109544
109597
109577
108819
108161
107693
109733
107889
109576
110643
109011
109097
109118
108374
108225
109028
109578
107894
108233
108763
107825
107840
108350
110687
109632
108905
109382
109052
109767
108793
110617
107184
109122
108717
108196
108074
108585
110200
108476
108575
109072
109618
109568
108037
109230
108770
108118
109617
107840
109176
108386
109303
109431
109811
109537
108814
108226
109880
109079
109923
108294
109827
107852
108434
109292
108690
109746
109660
108922
108199
108973
109160
109917
109489
109029
109837
108675
110109
108693
109462
109519
108662
107693
108141
108149
108010
109363
108785
107840
108404
107989
108461
109355
109890
109695
107997
108223
108979
109489
109115
109467
108469
108913
108429
110136
108645
108442
108895
108395
107887
109195
108231
108566
108639
110007
108762
108973
109546
110823
108363
109426
109262
109571
109402
108575
109479
107318
107909
108353
108901
108387
108513
109215
108533
108970
108222
108640
109601
108074
108718
108085
109321
109355
107138
108077
108163
109275
108755
108114
109574
108785
108644
108435
109327
108097
107915
110429
108417
109257
107954
109002
109282
109225
110312
108505
108252
109289
109091
108516
109346
109361
108002
108731
109199
107724
108662
108718
108197
108639
108550
109691
108550
108824
108449
109673
109817
109111
108156
108844
110050
108503
109758
109240
107974
107658
108492
108986
108858
108449
109873
108726
109443
108490
109455
108575
108583
109815
109847
108445
109615
108959
108915
108710
109584
108639
108571
108447
109751
108878
107405
109552
108280
109311
108044
109187
109609
108400
110024
110486
109026
109404
108537
109966
107538
110068
109695
108206
109643
109707
110396
108228
109965
109402
109915
108588
109286
108320
109517
107757
109690
107655
109258
110535
109052
108343
109640
109086
108066
108914
109416
108646
109117
107761
109726
108126
109920
110056
107858
107506
109595
109790
109895
108926
110104
109107
109493
108469
108582
108533
109019
108500
108552
108219
109043
108301
108976
109311
109472
108610
107789
108196
109247
108113
107755
110120
107769
108485
108828
109235
109655
109796
108181
108461
109931
108906
108977
108567
108723
108654
109397
109441
108873
108363
108593
109521
108836
108625
109821
107360
108974
109747
108778
109529
109371
108654
107721
109680
109105
109356
108212
109486
109998
109436
109723
109519
109998
109532
108492
110066
108348
108723
109357
107897
108320
108396
110249
108655
108553
109867
107983
108904
108595
110227
108993
108968
109048
108798
107692
108101
108929
108819
108314
109567
108196
109556
109079
107975
108810
108206
109674
108279
108513
109456
109601
108395
108956
109505
109635
107857
108090
108140
108584
108466
108395
108573
108369
108653
108306
109155
108982
107915
108458
107065
109012
108528
109168
109867
108652
109465
109134
108296
108172
108984
108207
108227
109510
108138
108082
109211
107462
108682
108482
109154
109316
107848
109220
108958
108905
108830
107700
109549
109571
110153
107631
108620
109659
108415
109391
109416
109586
108814
107273
108606
108725
107474
108437
108352
109409
109135
109943
110457
108991
109652
109038
108508
109900
108229
109204
107418
108504
108013
109788
108383
108485
108304
107093
108481
109223
108839
108762
108291
108599
108672
108479
109052
108336
109094
108609
109335
108780
109620
109219
109490
108767
108523
109130
108554
108300
108339
108872
108025
108502
109308
109198
108095
109799
109876
108629
109920
107923
109042
109539
108278
108078
107508
108557
108606
108283
108764
108612
108715
108198
109584
108439
108939
109347
109016
109047
107872
110180
108323
109643
109628
108299
109499
109271
107866
108547
108679
109612
109923
108631
110271
107749
107465
109569
108944
109671
109003
110053
108882
109023
109398
109062
108510
109562
109353
108774
109215
109121
108236
109315
109289
110288
108916
108877
107910
109145
108337
107800
108903
108039
108503
108281
108607
109759
108553
109238
108398
108539
107849
108443
109997
107951
108589
107994
109111
108097
108313
110776
109217
109093
109491
109028
108253
109413
109800
107638
109644
108389
109178
109663
108526
110128
108110
109830
109682
109818
109424
110167
110452
108615
108041
107087
108150
108031
107724
109261
110292
109794
109098
108947
108345
107962
108487
108963
110052
109382
107982
107922
109078
108897
109285
109636
107457
108974
108400
108254
108130
109722
109807
108081
108744
109045
110052
109534
108595
108466
107997
109575
108941
108943
108356
110304
111073
108508
108107
109583
109419
108094
108745
110237
108047
109366
108325
109372
108299
108742
109368
108158
108188
107693
108678
109447
108543
109626
108218
109363
108797
109002
108298
108966
110071
109904
106916
108998
107986
108074
108308
108454
108923
107710
109653
107866
109365
108653
107966
108685
108359
108344
109083
108008
109895
108249
107829
108214
108511
110150
107449
108544
109676
108599
109670
109099
108121
108259
109138
108759
107745
108300
109351
108765
108442
109142
108967
109393
108366
109218
108310
107553
108461
110689
107694
108573
109391
108859
109448
109777
107810
107666
109673
108168
109098
108379
107382
109066
109086
109639
107580
108286
109979
109327
109423
108699
109023
107611
108376
109607
107297
109517
108668
108942
107930
109472
109163
108248
110036
110106
108365
108979
108818
109235
107635
108621
109073
108754
109419
107832
110004
108962
108592
110233
108663
108273
109469
108205
109369
108762
109777
109301
110245
109231
108798
107718
107985
109234
108347
110112
108638
108630
109284
108863
109603
108865
110001
108997
108625
110124
109394
109373
109971
110235
108473
108340
109287
108721
108992
109016
108665
108726
108960
109896
108660
109429
108865
109569
108285
108131
109480
108155
107743
109598
109897
109354
107701
108699
107712
108342
108886
107663
109219
109167
109970
107605
108021
109767
109102
108226
108488
109431
107962
108815
109104
107811
108069
108041
108676
108932
108439
109046
108983
109315
109663
110177
108331
108944
109437
108149
108622
108018
108345
109152
109148
110635
108901
108087
108987
108972
108870
109933
110073
108014
109359
108419
109607
108571
109851
108707
107914
108718
109945
107918
108570
109387
109492
109746
108415
109567
108249
108417
108787
108281
108956
108910
107806
107831
108457
108756
107875
109782
107177
108331
109115
108740
109197
109778
108823
108320
109079
110137
108745
107584
109152
108814
109896
108550
110522
107623
108836
109444
110239
108090
109044
108488
109504
108514
108498
108124
109087
108544
110589
107961
109321
110881
109412
109534
109703
108405
108710
108482
108775
109115
110197
108934
108714
109452
108366
108621
109063
108382
107041
108998
108922
109178
108086
107830
109931
107457
108536
109735
109078
109533
108446
108414
108403
109247
109600
109159
108842
107641
108603
108418
108043
109398
108845
108083
107824
110073
108108
108105
108889
108366
107765
109046
109934
108596
109158
107963
108758
109454
109515
109507
109751
108410
109379
109841
109750
108467
108802
109005
109708
109076
108910
108279
108066
108100
109529
107870
107848
108437
108750
108942
109825
110007
108975
108642
108361
108772
108507
108671
108205
108520
107710
109539
108489
107935
107610
109039
110776
108039
109154
108768
109892
108277
109744
108511
108090
110000
109346
108664
108805
108887
109402
109606
109691
109484
108491
110115
109723
108669
108499
109255
109080
109571
107913
110301
108278
107975
108475
108627
108436
109940
108652
109498
108733
109502
109451
109668
108555
109192
109433
109678
109992
108915
108670
109214
107849
108503
107328
108967
107957
108582
109683
108678
110053
107417
109167
108132
108772
109827
108634
107867
108748
107925
108082
107920
107509
109119
109460
108350
109142
108824
108006
109329
108202
108983
108754
109632
109535
108725
107827
107780
108169
108774
110020
109339
108966
108261
108382
109244
108614
108547
108838
108481
108222
109912
108041
108142
109065
108341
108879
108501
109297
108985
109275
109277
107518
108956
109316
108656
109882
108988
108661
109626
108321
109148
108824
108367
109191
107831
108926
108665
108667
109236
109264
109253
108762
109273
110293
109615
107964
108023
108027
108646
109369
110238
109487
108146
109265
108006
108573
108876
109837
108191
108884
108095
108292
108854
110365
109966
110214
108498
108328
108340
108360
108165
108113
109592
108288
109990
110420
108093
109435
108751
109744
109155
108497
110302
107792
108597
110011
110081
108747
108898
108845
108701
109075
107826
108720
109434
108915
109079
107627
109486
108034
108453
108225
110169
109325
107152
108003
109884
108646
108082
108206
108236
107454
108499
108812
108670
108266
108990
108709
108390
107697
109292
108505
110187
107864
109243
107844
108117
109595
109607
110087
107341
109788
108698
107891
109081
108369
109784
109526
109951
108464
109573
108400
108053
108416
108286
109059
108857
109675
110020
106960
108028
108475
109549
109671
108461
109179
108133
109315
109884
108214
108513
110108
108493
108147
108874
110281
107393
108316
108821
109832
108974
110274
107648
108934
107947
109971
109436
108912
108201
107562
109134
108947
109263
108827
109646
108477
109078
109731
109136
107813
108989
108532
109914
108575
109518
109466
107075
108942
108329
110071
108886
108758
108304
107982
108815
110657
107799
108078
109587
108633
108727
108558
108389
108378
109538
109766
108070
108018
108208
110236
109698
108850
109816
109673
109576
109723
109621
108666
108144
109426
109363
108490
108886
109502
108650
107924
108095
108024
107936
110064
108859
108121
109494
108998
109215
109564
108194
107613
108969
108630
110134
109385
108770
108766
108043
109631
110552
107775
108358
108268
109911
108131
108318
108830
107996
108806
107938
109595
108689
109660
109236
108652
108880
109294
108555
108246
107782
110143
108001
109309
108106
109230
108004
109555
110334
108897
109034
108130
108367
108491
109551
109722
108305
109503
108273
108130
107791
107970
110269
109019
108965
108453
109555
108475
108561
109336
108566
110137
107945
108310
109861
108302
108850
107892
108637
109636
108664
108922
109196
108892
109552
108422
108177
109664
108507
108013
109422
110203
109262
108661
109793
108575
109398
109984
109083
108165
108834
109019
108804
108674
109532
109444
109910
108719
108545
107608
108021
110907
109178
109098
108094
108538
109102
109445
108719
108466
109018
109721
108579
108628
108817
107777
108511
107605
109112
107590
108432
110491
107993
109086
108201
109114
108519
108259
108269
108795
107961
108107
108803
108487
108292
108808
108711
108786
107123
109552
108014
109555
109612
108332
107879
108033
109630
109424
108983
110156
107988
108691
107236
107719
108987
108870
109074
109348
108870
108811
108441
109514
108861
108694
108170
108706
109475
108404
109107
109213
109829
108232
109019
108883
107742
108481
109903
107861
109106
108930
109909
108295
108747
108942
108667
110142
109666
110275
109719
109964
108138
109414
109900
108842
109751
109542
110569
107509
109287
109078
107914
109703
108304
109363
107610
107622
110110
108913
109154
108049
108638
109594
109925
110592
108456
109103
107748
109209
108092
109801
109555
108724
108275
109245
108428
108138
108479
108553
109022
109342
107995
109341
107913
109543
109717
107976
108122
107882
109313
108183
108685
108520
108652
109212
108674
108655
108915
109728
110544
109734
108939
107995
108169
108251
109560
110348
109843
109788
108751
109284
107886
109000
110274
107786
108206
108425
109490
110413
107007
108461
109744
109811
109395
109371
108856
108400
108732
108789
107285
109307
107528
108121
108635
108454
109311
108374
108698
108704
109841
109295
108418
108458
108852
108738
108867
109106
107977
108118
107334
108720
108518
108197
109792
107814
109523
108478
110382
108975
108711
108473
107687
109283
109240
109811
107849
109748
109258
107459
109924
109463
109843
107868
108858
108350
107860
109070
108953
107577
109753
108983
107727
109313
109540
107835
109388
109748
109341
107515
108668
108717
108216
109381
110504
108309
109639
109142
109629
109166
108992
109525
108691
107946
108408
110173
109571
109656
108654
107662
108890
110253
108499
108200
108893
110498
109731
108983
109867
109167
109683
109469
108334
109103
110123
109417
108536
107961
108516
108592
108759
110012
108739
109578
109988
109434
108162
109308
109820
109727
109142
107630
108919
110001
109595
108559
109103
108856
108381
109575
108441
108957
109588
108468
109140
109455
108573
109647
109309
109532
109451
109223
109477
108482
109908
109221
108636
110342
107429
109137
108615
108752
110045
108959
109214
108936
108339
109543
107925
107529
108878
107976
108739
108581
107690
108165
108366
108166
108695
109510
108372
108585
108895
108499
109711
109245
108722
109027
109578
108927
109237
108901
109241
108983
108894
110021
109254
110328
107928
108120
109381
107955
109244
107757
108742
109516
109954
109295
107793
109575
108158
108900
109051
108382
108714
108557
110040
108439
108574
108760
109083
109038
108425
109553
107644
108579
108250
108764
108506
107137
109612
108854
109993
109645
109628
109412
108280
108927
107855
108934
110469
110264
110421
107815
108537
109130
108458
111028
109560
108944
109408
108744
107910
110043
108788
108505
107823
108214
108782
108064
110346
109779
108520
109002
109374
109126
108386
107496
108697
107706
108874
108431
108505
110521
109313
109978
109888
110302
108130
108242
109157
109532
107821
108118
108583
109284
107646
109803
109398
108467
108716
109147
109198
109083
109199
108633
108330
108292
108495
107719
109283
108946
108530
108022
109418
109528
109413
107778
108813
108187
107959
109536
107982
108531
107138
109365
108294
108230
109081
108530
109331
107362
107987
109523
108975
109769
107865
108487
108404
108776
109000
107081
108113
109114
108132
109274
109952
109967
108842
108326
108742
108394
108049
108304
110841
109417
108367
109131
108328
109521
109687
110561
108041
108823
109392
108001
108807
108833
110350
108232
109220
109345
108073
109814
109761
110655
108985
108841
110440
109750
108803
108086
108971
108321
108167
108484
108870
109582
108411
110145
108370
108139
109329
109455
108999
109190
108949
109372
109720
108787
108030
107875
108966
109047
109808
108611
108735
108119
109621
108446
109848
108240
108056
108047
108354
109091
108123
108412
108819
109416
109732
109454
108817
107793
108637
109929
108290
109083
108688
110212
109082
109002
108434
108879
108863
108569
109516
108507
108431
110105
108755
109200
108023
110055
107488
109060
107964
107968
109436
109261
108721
109200
109370
107695
108227
107862
110060
108246
108434
109781
108306
109180
108607
108448
107594
109060
108918
107004
108427
109405
109741
107876
108481
110069
106969
108778
109905
109257
108271
109936
109094
109454
109604
109929
109025
108897
109475
110552
107525
108158
108814
108803
109999
110071
107928
109673
108215
107212
108694
109268
109692
108370
108443
108795
108942
108294
109117
108710
107713
108934
109932
107949
108193
109131
108849
109143
109568
109158
109286
110058
108883
108677
109201
109261
110192
109206
109260
107736
107706
108484
110206
109937
107427
107734
109207
107575
108773
108478
108533
109250
108510
109074
108783
109647
108898
108833
108834
107976
109919
107760
108986
108445
107928
109436
108747
109804
108302
109625
109152
108306
108748
107529
108624
109715
109169
108278
109322
108622
107109
109323
109078
109239
109377
108551
109155
107473
107459
108381
108170
107722
109351
108565
108777
108485
109760
108775
108931
108967
108905
108253
109056
109679
108443
108375
108940
108900
107714
108772
108674
108220
109622
109218
107824
109187
108054
108711
108725
109100
109537
108538
107849
109063
109868
107236
109300
109032
109122
109063
109125
109419
109094
109599
108960
108330
109616
108241
110023
109657
108359
109846
108845
108333
109548
109260
107925
107857
110156
109539
108543
109015
107761
108104
107913
110501
108106
109121
109023
108786
107591
108403
109284
109694
109745
108937
108647
108513
109584
108740
108747
108863
109611
108128
108139
109703
108634
108680
109783
108682
108072
108222
109463
109534
109941
108698
108690
108414
109004
108438
109138
108662
109006
108780
108509
109266
109728
108671
109213
107468
108420
108386
109004
108452
108999
109225
109482
108514
109553
110251
109213
108588
109286
108269
109050
108237
109081
109031
108891
107018
107874
107866
108908
109662
108629
108932
107427
108349
110148
108382
107746
108527
109581
109632
107764
107905
108844
109162
108551
108663
109339
108567
109082
108480
108738
107247
109086
109034
107680
110086
108670
107629
108166
108966
108902
108326
109326
107890
107506
109191
109222
107880
109107
110515
108764
108163
110000
108392
109859
110165
109442
109179
107893
109038
108717
109291
109035
109899
108062
109238
109386
108202
108549
109072
108359
109499
108866
109580
108746
108942
108975
109304
109238
107601
109715
108648
109564
108937
109759
110089
107934
109642
108831
109867
110032
107699
108522
108557
109250
108012
108162
109155
108425
110536
108299
109313
108942
109952
109243
109077
107823
108088
108146
108661
109746
108918
109241
107495
108541
108953
109210
108241
107978
108749
108154
108671
109559
108369
108242
108384
109218
108017
109228
109043
109240
109292
109684
109953
108336
108553
109567
109379
109656
109062
109739
108671
109590
109746
109988
108733
108214
108921
108935
108997
108901
109150
109324
109184
108399
108532
109013
109900
108605
108473
108318
109343
109631
108843
108467
109772
108255
109488
108244
108009
108146
108653
108539
109750
109214
108258
108886
107663
108869
108174
107092
108664
108706
107145
108499
108045
108325
106923
107841
108885
107556
107818
109087
108117
107882
109656
109756
107882
108666
108255
108841
106983
109342
109429
107457
109522
107806
108086
108497
108379
108933
107819
109433
109816
108597
108454
109482
108706
108061
108322
109490
108730
107862
108240
108836
109133
108619
109575
107479
109048
108332
108851
109515
109961
108999
109305
110269
108162
109684
108874
109406
110185
109388
110039
109636
108810
109079
108215
108583
108573
108892
109616
108701
109490
108552
109440
108166
109817
109376
110089
108043
108766
109075
109156
108564
109504
108542
108168
109332
108685
108529
109517
108074
109627
109597
108788
108564
109111
109631
108931
108553
108855
108275
109408
109640
107721
108056
108496
108123
109287
108357
109393
106888
108088
109357
109112
108031
108111
108481
108746
108687
107816
108581
107855
108695
108508
107853
107982
109326
107691
109684
108585
107554
107591
109448
110542
107216
108643
107827
109473
109359
109998
108148
108652
108822
109401
108331
108872
109295
110106
107968
107748
108460
110071
109171
108206
109314
109678
109388
110783
110330
108076
109367
109415
108590
108913
109545
107511
107629
109655
108415
109902
108082
108599
108221
108461
109776
108748
108661
109350
107977
110180
107910
108918
108641
108982
107986
108895
109428
108136
109871
109488
108895
108691
109844
108952
107610
108255
109524
108246
107768
108331
108551
107848
108411
108992
107685
108552
108613
109597
107592
109219
109327
108362
109381
108617
109166
108699
109053
109262
108635
109010
109840
108939
109292
107850
108696
109090
108950
110883
107724
107977
108485
109989
108643
108816
110037
108322
108845
109188
108309
108293
108609
110265
107320
109096
109483
110080
109924
109250
109490
108956
108544
107845
107531
108324
108209
108837
107622
108785
108867
108184
107736
108703
109852
107083
108223
109132
108938
109172
109572
110171
108241
108873
108453
108950
108574
109462
108614
107037
108734
109837
109559
109227
108103
110245
109190
108650
109648
109471
109415
110131
108431
109557
109214
109088
109163
108031
107790
107606
108927
108504
107821
108708
107934
108743
107821
108691
108338
107698
109306
109652
108829
108258
109329
109373
109575
108957
109447
109048
108374
109881
107942
109374
109877
108872
108395
108658
110062
109107
109400
108685
109585
108062
109555
110217
109488
109811
108991
108010
108410
109392
108755
108939
109397
108912
109821
109680
108237
109924
109091
108146
108122
108342
109324
108010
109840
109172
108656
108917
108515
109711
108229
108397
108688
107499
109075
108019
109867
110013
108860
109768
108963
108236
108044
109244
109178
109470
108946
108766
108030
108100
109146
108300
110419
108310
109238
108746
109039
108610
108445
109660
109794
110160
109536
109412
108325
108271
107953
109225
108249
108957
108390
108538
108011
109260
108814
107188
109135
109811
107142
108017
109511
108206
109066
108795
109731
108959
108539
107846
107329
107962
109416
109691
108260
107448
108074
108289
109023
109711
107633
109330
109325
108773
108052
108724
107931
108682
108545
109239
109834
107548
109516
110329
108610
107782
107837
109829
109286
108258
108670
108533
109391
109077
109637
107789
109868
110584
108338
108535
109320
108274
108071
107925
109872
108802
108467
111043
109143
110041
108424
108943
108046
108766
109036
108730
110144
109160
107985
107661
109445
109996
109881
108320
107739
108513
107885
108218
108421
108713
109167
108529
109195
108100
108212
108156
108587
108435
107249
109369
108010
107838
109356
109806
109903
107707
109468
108370
109012
108278
107998
108910
109087
108033
109190
107286
109150
109955
110169
108188
108267
110115
107254
109757
108406
109110
108006
108720
109079
108140
109309
108474
109573
108348
108391
109130
106878
109391
109780
109710
109063
108503
108809
108430
109531
109363
107760
109039
109600
109894
109827
109276
108493
108658
107783
107993
107804
108052
109271
107898
108384
108820
108129
107925
109948
108955
108583
109512
108249
108128
108842
108062
108021
109815
109512
109531
106627
107963
110169
110108
109839
109250
108565
108170
107914
109163
108714
108596
108132
108611
108790
107508
110096
107975
107906
108222
110516
108207
109207
109395
109737
109796
108575
109731
108450
109813
109146
107730
109021
109420
109640
108794
108699
108982
108707
108033
110425
109130
109453
109607
109203
109411
108850
108343
109417
108824
109621
109404
107445
108477
109791
108389
109760
109196
109787
108599
109814
108722
108882
108875
108871
109961
108474
108471
109663
109799
110028
109500
108279
108639
109723
107812
108378
108562
108896
110304
109019
109174
109267
109954
108767
107865
109618
108349
109647
107922
108894
108571
108675
108515
108894
109717
107978
108235
108830
109127
109900
108690
109422
107573
107896
108589
107585
108692
108890
110056
108522
109086
109621
108278
108613
108454
109692
108563
108410
110410
107441
109621
109467
107267
108737
108659
109584
108312
108072
109679
107697
107633
107507
108176
108248
108806
109537
108437
108919
109046
108262
108461
108022
108142
108987
109595
110596
108299
109044
108638
107777
108147
108377
110938
109005
109068
109129
108448
109363
108713
110047
108915
108814
109210
108942
108237
109572
109728
109031
107792
109331
108013
108625
108453
109059
108907
107837
108894
109137
108234
108766
108767
109440
110108
108430
108630
109023
108842
107684
109903
111034
108383
108850
108195
109422
109050
109061
109343
109170
109941
109384
108080
107977
108562
109370
108031
109060
110123
109514
108659
108350
110605
107893
109399
109221
109540
109281
108194
109464
108476
108681
110093
109611
108377
109666
109576
108674
109503
109287
108689
108281
108265
108665
107761
108377
110629
108947
108260
110352
108238
108594
108879
109875
108560
108906
109745
107903
109370
108611
110698
109385
109516
109223
109479
108736
109347
109899
108061
108682
109752
108152
108105
107972
108697
109721
107976
109777
108419
109464
109604
108251
108835
108068
109095
109811
108674
109610
109788
108143
108524
108631
109359
108811
108704
107957
107720
107130
108057
108581
109977
108460
109755
108843
106694
107878
108336
108211
109652
109120
109920
108614
109840
109971
109103
108219
108647
108563
106690
109448
108632
109175
109045
108964
108698
107401
107723
108603
108873
108028
108351
110434
107642
109767
108805
108478
109708
108517
110089
107930
108569
108922
108397
109547
110221
109846
107821
109046
109091
109113
107649
108659
109537
108427
109395
110829
107786
108580
109208
109423
107847
108685
108932
107837
109495
108883
110167
109773
109010
109817
109443
109383
108306
109441
109763
110079
110129
107071
109455
109311
108961
108527
108049
109117
108206
109037
108875
108815
110156
109075
107983
108577
109396
107774
32386
32386
32386
32386
32386
32386
32386
32386
32386
32386
32386
32386
32386
32386
32386
32386
32386
32386
32386
32386
32386
32386
32386
32386
32386
