9948
108577
109224
109152
110160
109219
109175
109949
109311
109912
107909
109187
108550
108090
109426
108216
109994
109358
109609
108114
109582
109762
108713
109903
109137
108497
108895
109717
108646
108556
108393
108719
109923
109153
108647
109535
108064
108051
108178
108667
108581
107646
108939
109453
108119
108006
108300
109713
107622
109029
108385
109564
109679
109943
110121
108348
109699
110026
109258
108464
108275
108588
107670
108471
107958
107083
107917
109362
108333
108475
109158
110435
108666
107762
107877
109204
108385
109557
109271
107953
108565
109397
108573
109190
109202
108872
108414
109143
110629
109266
109690
108065
109260
107300
109030
108940
109262
109972
109583
108850
108445
108510
110110
107873
109391
109085
109023
107589
107907
110357
108818
108467
108073
109119
109586
107710
108811
109119
110129
108567
109051
107785
109302
110046
106951
109292
109294
108998
108618
107943
108582
107201
108658
109657
107692
108583
109502
108602
108625
109848
109775
108191
108493
109154
109467
108482
109480
109191
108655
109834
108501
109516
109141
109365
109892
109231
109250
108967
108222
109106
109657
108383
108578
109722
110188
108802
110068
108281
109134
108269
108613
108868
108795
109764
108656
107691
108664
109495
108086
108140
108862
110180
108017
108730
109200
108322
109109
108302
109675
109017
108367
110128
108390
108238
108971
110036
109022
108651
109445
108971
108214
108848
109075
108199
108984
108904
107934
107595
109071
108462
108219
109384
108830
110070
108749
107161
109231
109112
108551
110294
108743
109824
109027
108079
109378
108880
107277
108944
109279
109684
108990
109433
109390
107305
108581
109405
107927
108799
109677
107964
108318
108327
110326
109215
109995
109010
107943
107903
108938
109436
109294
108570
108981
109540
109280
109174
108800
109791
110088
107756
108484
109767
108405
108688
108515
108903
108349
108111
109743
108191
108325
108660
108580
108514
107821
110137
108038
108149
109391
109412
109055
109831
109592
108011
109162
110216
108226
108677
109916
109636
109503
108466
110099
109376
109256
109542
108736
109073
109449
109816
109620
108487
108213
108944
109251
108995
108395
109380
108510
109017
109400
108235
110492
109544
107997
107777
109589
108747
108736
108603
109450
108168
108100
109732
107772
108209
107008
108847
110025
109754
109084
109269
109497
108518
108688
108955
108112
108305
108778
108939
108061
109680
109286
109103
108539
108588
107896
108967
108035
107798
108115
108767
107858
107828
109143
108274
108003
108068
108641
107503
107644
109675
109336
109064
108618
108664
108323
108593
109952
109289
108316
107642
108718
110105
107829
109224
109996
107844
108965
108177
109928
108097
108226
108837
109430
109425
108338
108549
108866
108490
109085
108528
108837
108940
107805
108717
108870
108980
108978
109889
108546
108586
108431
108756
107510
109839
109635
108119
107968
109872
108589
109463
109480
109304
108099
107798
108107
108552
108414
108958
110625
107795
107703
110631
108289
108557
109551
109728
108983
108165
109213
110061
108266
109276
108362
107992
110367
109202
109201
108335
109450
108750
107955
108290
107597
108269
109224
108840
108740
109983
108979
109326
108549
109441
108799
108450
109471
108592
109388
109696
109100
109083
109229
108647
109782
107003
108278
109234
108225
108606
108638
108550
108171
108012
109932
108285
109235
108980
109460
108389
108651
110100
107247
109513
108132
109225
108528
108006
109963
108032
108970
108647
107994
107631
108317
110036
108934
110024
109678
109383
109160
107808
109444
109158
109753
107634
107594
109171
109807
109156
108045
110375
109234
109334
109052
107864
109698
108513
108030
109389
108108
109836
108699
108416
108722
107841
108650
109824
109193
108490
108877
109889
108587
108122
110123
108492
109680
109615
108288
108084
108178
108593
109075
108681
109190
108392
108477
109636
108954
108521
109291
110100
108975
108351
109529
108254
109125
109567
109938
109716
109766
108865
109490
108019
109136
108871
109249
109833
109406
108926
108993
107938
109265
109106
108602
109978
109437
108688
107262
108637
108591
109544
109142
109036
109676
109701
109125
109022
109178
108115
109042
108673
108102
108706
109487
109202
108498
108490
108665
108106
109544
109599
108648
109163
109969
109647
109518
108545
109803
108680
108662
109367
108194
109289
107842
109748
109627
108564
110055
109503
109673
109434
109557
109052
110074
109181
108629
109318
107898
109744
108174
109720
108033
108889
109519
108500
108458
108288
108183
109119
108515
109517
108417
109747
108531
110240
109119
109323
108962
110188
108287
109476
108782
108686
109191
109411
109909
109355
109836
110336
108394
108301
110096
108375
109382
109016
109035
108057
108603
108778
108246
109295
109541
110107
108145
109422
109234
109298
109069
108685
110364
109399
108697
110003
110169
108915
109478
109298
108922
109673
109054
109264
108915
108692
108438
108327
108401
110056
108500
110060
110168
110188
108462
109026
109531
109254
107545
107755
109531
108483
109780
110064
110173
110231
108177
109634
108583
107599
108948
109260
109978
108344
108719
108282
108022
108341
109459
109739
108233
110387
109098
108434
108201
107825
109477
108568
108743
110341
108878
109832
108204
108058
109165
108210
108982
108279
108132
108765
107167
107897
107702
107643
107609
108988
108923
107459
107732
108345
109070
108934
108282
108436
107429
108987
108709
108484
107989
107856
108541
108001
109352
108469
109014
109278
110000
108427
108561
108380
109235
108633
109789
107689
108359
109866
108947
107914
109027
109149
110013
108515
109399
108723
108188
108895
108701
108667
108229
108814
109267
109694
108802
108462
110221
108759
109588
109127
109212
108623
109079
109560
107617
108276
108046
109048
108478
109316
108636
108622
109588
108329
109055
108764
109023
109022
107701
108381
108862
109927
108680
109206
108349
108072
108142
107501
108183
109001
108336
109746
108508
108417
109226
109126
108270
108586
108503
108834
109063
109092
108396
108068
108575
109286
109409
109661
108288
108430
109045
108194
108665
107930
109841
109026
110100
108786
109423
108616
108717
108787
108205
108645
107594
109020
110327
108474
109296
109716
110034
108161
108391
109872
108357
110270
109210
109693
107949
109387
108911
107815
108830
108486
108674
108486
107974
109776
108807
108525
109272
108523
108578
108208
108847
108478
108250
108021
108490
108170
109114
108460
108834
108433
109196
108481
108334
107905
109319
107870
108174
108994
109091
108695
107227
108010
108568
108224
108947
108550
109149
107236
107970
108130
108732
108299
108555
108727
109879
108529
109179
108454
108258
109366
107386
108244
108286
109729
108437
108504
107754
108616
108923
108194
109015
108854
108414
108886
109258
109719
109886
109691
108107
108376
108165
109042
109407
107975
109927
107712
109146
110513
109142
107703
108390
108219
108389
109336
109504
107672
108064
108206
108754
109826
109521
110245
108077
109347
108089
108461
109638
109021
108789
107655
108120
110020
110053
108124
109397
110044
108309
108380
108617
109584
108738
108983
109020
109058
108806
108069
108162
109223
108820
108999
108759
109328
109709
109360
109111
109866
109005
109736
107896
109802
108570
109518
108427
108634
109845
109660
108250
109899
109973
108752
109583
107983
109091
109786
108722
108387
108213
108599
108586
109612
109027
108423
110254
108002
109231
108299
109740
108126
109462
109535
109700
107841
108383
109015
107575
108386
108974
108281
108791
108137
108382
107535
109810
109078
109561
109845
108994
108758
108122
108093
109149
109195
108670
108194
108705
108182
107160
109363
109427
108087
107556
108862
109860
109069
108971
109157
107136
109534
107759
109736
108232
108642
110368
108910
109230
109210
108915
108660
109831
110908
107740
108445
109445
108382
108148
108833
110149
107088
109186
108874
108104
108670
108938
109450
109152
109324
109193
108442
108630
109427
110542
109327
108411
109326
107987
109049
108780
108914
107791
108414
110096
107576
109453
108780
108914
108158
109140
109288
108263
109639
107817
109189
107734
108155
109530
108969
109027
109062
109683
109847
108454
110578
107929
108855
109284
107362
108691
109043
110285
108302
109345
109292
107693
107997
109008
108767
107909
110034
110646
108354
108956
108650
108930
108456
109307
109988
107948
109173
109039
108798
109170
108231
107202
109491
108552
108306
109324
108927
110107
108850
107734
109022
108316
108822
108683
110301
107348
108121
108466
108716
109499
108667
109906
107782
109086
110231
108359
107828
108635
110182
109062
109563
109078
107321
108903
108144
108318
107631
108743
108996
107260
107918
108688
109314
109501
109016
109793
107841
108687
108710
108367
108032
108733
109485
107357
109303
107873
108213
108808
109839
109834
107164
107599
110428
107893
108581
108541
108144
106975
108897
110419
108980
108662
109582
108527
107474
107919
110119
107881
108926
107917
108260
108004
108881
109570
108204
108579
108877
109816
108617
107906
110060
108380
109587
109747
108794
107658
109419
110369
109261
108246
108583
109457
108904
109970
108914
107445
109476
109669
108136
108799
107457
108872
108842
108861
109109
107653
107869
108461
110327
107936
110048
109531
109309
109125
108806
109177
109149
108854
110003
110157
109503
109459
109446
108654
108965
110035
109873
108912
108513
108071
109253
109599
109503
109296
109687
107177
108525
108746
108514
109304
108209
108853
108226
108113
109053
109867
109372
108830
109757
109165
108913
109231
107510
107934
107975
107798
108049
108729
108057
107028
108022
109736
108111
109080
108728
107989
107689
108686
108880
109234
107711
109183
108015
108628
109864
109938
109310
109421
108470
107966
109442
109683
109415
108545
110036
108529
109220
109066
109285
107621
108979
109555
109007
109580
110023
107849
108006
109378
108831
108891
109528
107824
109399
108292
108885
108989
109544
109704
108252
109024
110540
108946
108387
108658
110021
108658
108496
110482
108314
108680
108892
109288
107873
108152
109305
108667
109043
108419
108711
108877
109363
108745
108825
109684
110750
108950
109071
108262
110213
108855
108720
110833
107705
109484
108817
107962
108679
109354
108622
108025
108698
108923
110165
109093
110077
110618
108905
109010
110268
108457
108689
109054
109026
108500
108935
109704
108554
108972
109568
110639
109232
108334
108962
107962
108543
108279
109374
109231
108502
109880
107938
109094
109472
109047
108603
108754
109278
108877
108441
109815
107872
109297
109485
111002
107781
107641
109575
109093
108295
107742
110124
108915
109002
109130
108919
109126
109215
109192
109648
109505
110065
108466
109743
107664
107745
109952
109694
109512
109488
110132
108665
108542
108421
108673
108938
109221
110213
109965
109028
108033
109286
108020
108133
109615
108354
110212
108595
108339
109072
109060
108342
109332
109560
109146
108951
107896
110279
107993
109384
110651
107798
109942
109304
108541
109408
107963
109432
109441
107914
108905
108830
107824
107829
108250
109342
108409
109500
109394
108890
108075
109350
108304
108740
109128
108508
110090
108799
109187
108819
109380
109835
108011
108746
107661
108916
108660
109738
109493
109272
110106
107500
109780
109171
109717
110005
109606
109781
108466
108873
110276
109155
108437
110722
108759
109763
109859
110513
108351
108153
108408
108076
109018
108259
107933
109067
108712
107738
109526
108725
109083
109091
108856
109238
107843
109306
108969
109081
108878
108158
108646
108142
109366
109219
107822
107985
109696
109739
108668
109386
110148
108431
108078
109227
109239
108682
109266
109749
107347
108147
109229
108269
108096
108188
108818
108894
109170
109043
109374
108114
108329
108684
108953
109447
109615
108828
109440
109155
108812
109408
108633
108699
107273
108572
108739
108638
108698
108353
109001
108815
108232
107634
108285
108027
109118
109361
107570
107724
108415
108649
109696
108446
108332
108779
108307
108428
108395
109167
109332
109294
108308
108987
109275
108389
109306
109884
108962
108220
108778
108120
109638
109044
108693
109457
108274
109313
109520
108625
108748
109900
108813
108398
109580
109247
108980
109626
110190
110437
108446
107656
109494
109043
109380
109091
109150
109495
107646
109607
109604
108388
108867
109242
109104
108771
108943
109655
107956
109016
110006
108951
108096
108086
109228
109035
108659
108858
109424
108571
108736
110436
108920
109835
108993
109308
109411
108671
109544
109465
108738
108041
108143
109013
108721
108813
108383
109674
109464
108254
109546
107648
109710
109148
108068
108340
110214
109069
108719
109485
109436
110088
108437
109396
109083
108405
109717
108454
108005
109174
108506
109538
108145
108385
109182
109746
110181
108735
109015
108525
109388
109143
108809
109081
109139
110855
109736
108273
109832
108493
108428
109697
110796
107792
108274
109748
109541
109352
109103
110074
108315
108596
107893
107712
108476
109319
110347
108459
108226
107380
108272
108619
108802
107816
107744
108409
107980
109511
109852
109003
110035
108591
109018
107208
109360
109594
108730
108978
109105
109475
107769
108540
108828
108579
109484
109696
108970
107930
109561
108962
108108
109304
108017
107662
109384
110505
108417
108811
110505
108346
109061
107838
109258
108129
109430
109517
108039
108596
108624
110051
108942
108579
109047
109670
109804
109130
109882
109370
109419
110423
109550
107559
108427
108733
108485
109685
110135
109026
108090
108701
108644
109896
108931
110083
108493
108976
108713
109540
109004
109499
109365
107862
108850
107825
109175
108384
108152
108611
108154
109554
108837
109948
108515
107932
109214
108499
107935
108607
109678
110061
107772
108779
107696
109488
109429
109585
110300
107970
109031
108136
109317
108242
108540
109774
108763
108572
109007
109808
108977
108838
109346
108101
109460
108202
108836
107887
108462
108991
107932
108406
108405
108713
108339
108086
108019
107290
107543
107975
109313
109218
109666
109628
107795
107944
108914
108158
108641
109811
108808
108641
109622
109784
108963
107692
107719
108523
108670
109501
108645
107512
108337
108881
109611
108314
109042
109797
108127
109756
109356
107605
108003
109766
109694
107917
108855
109787
108174
110173
109593
109800
108392
110167
108898
110120
108594
109217
109390
108175
108090
107676
110008
109001
108905
108093
108755
108746
109255
108895
109276
109795
109536
107883
108786
108651
109565
108767
109181
109406
108163
107766
109774
109228
108529
108218
109953
109549
109444
110208
107704
108349
108541
109606
107840
108056
108942
107176
109820
109876
108476
108627
108597
109360
107355
107926
110675
108899
109121
107785
108326
109204
108586
110671
107252
108547
108655
108656
108196
109162
108257
107645
108608
108899
109364
109309
108253
108914
110052
108780
109488
109217
108089
108081
108182
107416
108081
110332
109439
107992
108960
107765
108069
108284
110275
109035
108668
108407
110147
109652
109227
110346
109008
108663
108081
109424
109564
108480
110615
108795
107838
107770
108462
109483
107666
108787
107848
108657
107753
109348
109910
108288
109598
108724
107565
108208
110946
108961
108166
108575
110267
107096
108114
108966
109040
108067
108795
108898
109318
109777
109817
107974
108273
110317
109809
108812
109104
108999
108706
108424
110319
108752
108720
109046
110192
108573
108198
108446
108098
108005
109246
109588
108788
108661
109002
107597
109408
108671
108720
108572
108262
109663
109623
110000
107465
107848
108179
108585
110136
108810
108079
109311
109494
109104
109152
109128
109170
109195
108255
109241
109494
107300
109395
109305
109092
108922
109899
109455
108855
109569
109692
108724
108717
108502
109978
108216
109412
110038
106923
108011
107592
107851
108005
108564
108972
107068
108986
109310
107599
108453
108590
108326
107149
108204
108358
108091
108412
108955
108622
108631
107684
109665
107474
108268
109402
109366
109524
108535
109154
107748
108941
108253
107422
108915
109527
109084
107139
109177
109644
109435
109291
108100
109057
107894
108551
109293
108013
108088
108270
109405
108605
108823
109963
108847
109524
107971
109106
109792
109836
110195
108523
109215
109172
109374
108326
108465
109288
109377
109270
108370
108333
109473
109630
109420
108881
107984
109758
108693
109029
108613
108786
108347
107738
109822
109082
109388
108713
109937
108913
109853
109562
108025
109420
108954
110012
108578
108786
109552
107499
107710
108601
108498
108483
110019
109850
108285
107695
109564
108893
108473
108202
109341
108643
108305
109289
108479
108788
109939
110047
108795
108446
108921
108767
108113
108372
109026
109920
109740
109259
107780
109299
107812
108026
107687
108585
108542
107850
107956
108646
108529
108662
108479
110271
108264
108432
109625
108656
108181
108997
108595
107857
110155
109474
109467
107967
107843
108490
108659
109120
108544
108612
109263
109752
108292
109870
109188
109014
109585
108246
108485
109149
107756
109715
108583
107857
109350
107822
109506
109771
110095
108425
108277
108786
109455
109472
108863
110554
108293
108977
109142
108541
108768
109705
108973
109049
109449
107695
109531
109499
108268
109354
109133
109237
107698
108263
109469
107627
107858
108710
109580
109350
109479
108502
108684
108198
108759
110256
108573
108363
108847
108664
109044
108942
108806
107865
108996
110524
108394
108665
108961
108219
109142
109468
108815
108717
109046
108516
108390
109629
108306
109515
109190
108266
110397
107969
109296
110116
109704
108613
107717
109193
108094
109831
110184
109102
108819
107908
108956
109015
108647
109785
108690
109061
108297
109603
108417
108118
109983
108066
109476
107821
108152
108684
108483
109823
108267
109275
108229
109482
108537
108225
109750
107739
108901
108050
109249
108663
108489
107550
109872
110413
109206
109816
109463
108791
108238
109134
109351
108385
108855
108003
108825
108372
109184
108433
109182
108758
108318
109021
109105
109984
107564
108233
107756
109075
109851
109644
109866
107445
109018
109407
107555
108598
108915
109724
108209
108605
108451
107606
108217
108538
108799
109134
109416
109094
108358
109139
107805
108319
108552
108939
108938
108920
108157
109039
109232
107538
108797
109289
108458
109584
108222
109721
108518
109275
108652
107454
108527
109239
108909
109584
108175
108008
108538
109639
109599
107595
107711
109732
110175
107453
108418
110476
108305
108327
108072
109904
107355
109318
110278
108240
108268
108230
108379
106910
107979
108817
107661
107806
109216
108216
108226
108150
109205
108714
109158
108885
110088
108340
109671
109074
107628
109548
108455
109051
109768
108615
109621
107737
107596
108583
108128
110119
109035
108318
108223
109215
109364
108254
108401
108923
109959
107261
107659
109843
108182
108347
107923
109948
108164
109470
109787
108315
109514
108034
109472
108291
108193
110561
109047
109443
110082
108255
108412
109350
107153
108098
109089
108510
108307
109867
109647
107695
108976
109072
108964
109621
109856
108582
107693
108538
110353
107881
108704
108593
108577
109165
109366
110689
107328
109496
110581
110054
109428
107890
109635
108230
109060
110221
108337
107946
108446
107872
109799
109054
110120
108409
109054
109028
109723
109812
109183
109480
109498
109385
108825
109544
109696
107985
107945
108278
109855
109977
109818
110211
108979
109779
110030
108644
109564
108636
109624
107137
108222
109700
109442
108700
107981
108097
107251
108012
109027
108199
108617
109412
109832
108831
108783
110071
107691
109116
108533
108598
109062
108959
108691
108423
107481
108647
107985
107628
109002
108013
106925
108091
109340
107790
107824
108310
109407
109344
107600
108461
108540
108243
108261
109540
109474
108322
110143
108511
109310
108755
108989
109564
109172
109944
109428
107885
107925
108528
108984
108190
108601
108527
109296
109274
108975
108103
108876
107971
109197
110334
108165
108324
109443
108358
108251
108766
108313
106940
107923
108558
108102
109617
109694
110577
107839
110289
108840
108902
107973
109350
108939
107411
108290
109211
107580
107858
108948
110328
108664
108375
108634
108154
108436
108498
108798
108791
108173
109387
107840
107993
109157
108743
108248
109054
109731
109557
108828
109548
108314
109842
108557
108842
108281
108801
107970
107518
109371
109164
107917
109243
108797
109282
108781
109071
108746
108721
108278
109570
110220
108764
109661
109400
108621
107373
109322
110224
108449
108173
108593
108577
109010
109135
110731
107691
109514
108944
109118
109270
108367
108543
108448
109681
110470
108857
108418
108910
108993
108749
108582
109443
107669
107566
108847
108379
108878
107881
109865
107622
107681
107789
109014
108858
109424
110500
109671
109270
110029
109644
108034
107592
109388
108995
109868
108999
108078
109071
108960
109656
109531
108698
108975
109210
109052
107488
109871
108266
108491
108675
109345
108624
107186
107816
109058
108405
109729
108786
108564
108027
109756
108666
109013
107981
108401
108631
108478
109254
109518
108307
109519
108526
110557
108365
108716
109403
109864
107998
109122
108418
108277
109735
110721
108468
109696
109334
108323
108254
109931
110809
109350
108918
108854
109612
109440
108870
107849
108677
108732
110046
109211
107860
108334
109860
109124
108893
107953
109332
108611
109905
108421
108425
107501
108680
107878
108334
108360
108631
109287
108838
109327
108449
108144
109019
108001
109335
107936
109616
109992
107986
107870
108547
109212
109087
109215
109569
109394
108185
108563
108402
108194
109671
108210
108210
108350
108133
109545
109269
109527
108222
107748
109254
106985
108819
109007
109520
109447
109245
110045
108346
109629
110772
108093
108229
108990
109146
107721
108537
109184
108304
108457
109413
109411
108310
109583
110265
108811
107855
108774
110140
108827
109533
109426
109095
109338
108199
109202
110153
108323
109675
108306
109372
109803
109063
108417
108901
110003
108835
109369
109052
108318
109253
109179
109417
107941
108422
108782
109667
109395
109864
109679
107979
108458
108113
107900
108633
108715
108713
109755
109899
108152
108517
108935
108951
109472
108729
109652
108583
109556
111050
109107
108185
109272
109700
109567
108294
110193
108323
108161
110501
108588
109684
109414
109333
107748
107990
109597
109137
107824
109801
110565
108826
108898
107748
108559
107979
108359
109361
107494
108385
108147
108077
108641
107754
108278
107966
108525
108322
108920
107812
108963
108314
108137
108478
108307
109615
108294
109650
108836
108329
108772
107255
108360
109459
108989
108641
109568
109236
108951
108415
108723
108222
108250
109079
109872
108242
108307
109154
108720
109419
108995
109438
109799
110122
109228
107530
108375
109725
109726
108486
108261
109657
108515
109251
109433
109119
110246
108119
109493
107677
108497
109191
108465
109545
109272
108934
108868
107654
108699
107869
108306
108934
109332
108449
107851
110093
107419
109310
109864
108535
108271
109580
108717
108974
109006
110947
108517
108875
107834
109663
107193
109356
108891
108272
109494
108796
109548
109271
109101
109848
109215
109025
108490
109644
108310
109880
109349
109463
109697
110812
110024
109951
108679
108562
108519
108228
108283
109166
108574
109613
108326
110116
106893
109216
107885
110012
108220
109607
109000
107352
108279
109506
108679
107654
108281
108880
108181
107918
109919
109251
109054
108075
109170
107429
108907
109959
108916
108961
109810
108861
107781
108778
109543
107643
108885
109680
107547
108949
108810
109614
108665
108592
108833
108392
109075
108358
109956
107898
109952
110770
109138
107933
108979
108598
109820
108365
109680
108136
109294
109674
108770
109111
109672
110493
107964
108780
108806
108051
107598
109171
109126
108525
108872
108675
108586
109451
108783
107680
109345
107540
108702
109441
108751
108640
108001
109327
108213
107307
109142
109200
107011
108227
108602
109650
108196
109172
109074
107566
109503
108449
108116
109852
109752
109075
108679
109468
109609
109095
109339
109659
108578
107409
108598
109016
108170
108870
108491
108911
110002
109448
108621
109815
110315
108776
108016
109477
110787
108892
108192
107794
108746
109014
108717
109037
108218
108793
109494
109694
109580
108632
110007
107903
108483
109765
109078
110312
108930
107735
107709
108724
108134
108584
109871
108553
109443
108209
109846
107778
108539
108990
108487
107567
109107
109478
108153
109728
108457
108161
108190
107613
109727
108486
107713
108173
109822
109977
108106
109471
108959
109222
110760
108323
108149
108403
109964
108324
109823
109532
107694
109726
109989
109130
109423
109600
108929
108874
107886
109014
108657
108445
108366
109407
108934
108537
108360
108411
109377
110267
108019
107676
109503
108447
109261
107861
109822
109374
108310
108382
108322
109000
109231
108531
109309
109216
107437
109664
109136
107802
107706
109670
109055
107685
108161
109174
110128
107985
109100
108834
108218
107994
108049
109495
109484
108593
109210
108137
109352
108800
108191
108469
109349
109711
108177
109414
109973
108161
109315
108163
109800
107584
108932
109073
109318
108231
108550
109042
108375
108623
109957
108699
108406
107938
109431
108154
110115
107720
109812
109644
108515
109200
109609
110349
107865
108669
109364
109500
109009
108877
109946
107748
109578
108731
109512
108568
109131
109482
107460
107907
108070
107879
108226
108017
108310
108206
109167
108726
108694
108345
109447
108138
108078
108590
110046
107410
108250
108030
108700
109556
109240
109486
108857
108643
109920
109530
108818
108565
108980
108465
108107
109496
108071
108823
108539
110192
109127
109788
109842
109781
109337
108562
107984
109342
108726
108484
109651
108446
109673
109032
108589
107524
109015
108970
109846
108364
108729
108092
109668
108533
109832
109156
108943
108986
108436
109092
109711
109364
108414
107628
107929
108656
108579
108692
109787
109238
108645
108738
109055
107901
109250
109595
108300
108547
110131
107820
109111
108129
108643
108227
109161
108322
109184
108245
107891
109243
109155
109447
108622
108791
108879
108888
108209
109062
109648
108117
109372
109845
107527
109227
108997
109141
108443
108633
109362
109522
109013
108635
109643
107724
108133
108434
109995
108032
108143
108800
108140
108249
109954
108887
108193
108743
109883
108990
109907
109799
109631
108322
109848
109470
109673
109127
109844
108349
109455
109811
108031
109258
109154
108418
107628
107990
108733
109683
109718
109063
108430
108517
108260
107637
109605
109146
109093
109173
108413
109594
108255
109534
109165
108275
108602
108866
110505
108972
108423
109463
109089
109180
108178
109719
107810
108250
109121
108269
107671
108113
107816
109034
108022
109128
108686
107738
107974
107941
108346
108171
109467
108168
108969
109564
109483
108155
107597
109843
107705
109221
109896
109591
109362
107952
110154
108457
109964
109095
108350
107833
108716
110648
108046
109014
109952
109124
110184
108145
108855
108097
109360
110556
108448
108768
107988
108164
108485
109033
110205
108059
109923
107829
109481
107877
107904
109981
108349
108268
108150
109374
109795
108530
109000
109877
108861
107820
108759
108160
108953
108630
109234
109403
108944
109323
108346
109070
108524
109380
109371
109112
109974
108629
108528
109688
109300
109341
108598
108769
109718
108820
109292
108283
110682
109458
108694
108541
109457
108221
109127
108642
109510
109858
108751
108496
108246
108463
108901
109528
108431
110553
108246
108588
107364
108759
108114
109392
108583
109884
108515
107717
109531
109282
108807
109590
109278
108058
107958
108842
110924
109876
107886
108696
109799
109747
109139
109044
108750
108991
108274
109493
108363
108538
109779
109874
109739
108145
109531
108314
108532
109805
109364
108365
108844
109163
110014
108533
108842
109883
108659
108282
109282
108838
108089
109748
108221
108584
108461
108957
108680
109307
109546
108769
108476
109246
109933
109835
108778
107903
108010
108309
108429
109428
108638
110937
107553
109096
109882
108141
109012
108230
110131
109015
108858
110269
109817
108098
109498
108783
109804
110194
108851
108274
108366
109179
108587
108887
109357
108582
109368
108922
108663
107923
108097
109602
108627
108387
109647
108695
107683
107925
109205
108809
109603
109433
107306
109045
108430
109244
107709
108610
108609
108122
107813
107837
108523
108355
109533
108661
107911
109466
109838
109993
108430
109578
108423
108955
109851
108132
108378
107622
108540
107951
108958
108066
107501
108297
108816
108724
109296
108330
108824
107272
109733
108759
108438
110159
109595
108369
108796
108793
108558
109615
109382
108998
108083
110031
108342
109756
110147
109470
109003
108819
109435
109837
109494
109323
108710
109471
107811
109227
108998
108650
108972
109097
110927
108223
109770
110073
109200
108594
108552
109412
108650
109750
109202
108976
109456
108247
108201
109088
108041
108514
108567
109384
108022
109692
110136
108563
108839
108160
108504
108396
108363
109407
108629
108883
109038
109500
110037
108851
108023
108078
108738
108589
109365
108058
109662
108601
109696
108321
109967
108520
108646
109061
109595
109246
108954
108821
107870
108920
108926
109491
109257
109603
109583
108808
109793
110026
109686
108317
108975
108941
109092
108179
108144
108149
108809
109210
110291
108385
107721
109007
109938
109262
109512
109251
108587
109346
109210
109376
108626
109617
109103
107641
108066
109328
108191
109957
110096
108106
107647
108450
108775
108955
109299
108683
108937
109460
108560
110276
109924
108170
108687
109423
108311
108607
108757
108266
109224
109187
109316
108929
108114
109035
108025
109255
108879
109676
109376
109346
110132
109543
109487
107773
107996
108527
110085
108863
108356
110004
108675
108467
110540
108964
108147
109800
109429
108609
108149
107993
109280
109680
109433
109443
108970
109499
110328
109097
109812
108113
109713
109660
109095
110145
108597
109776
109148
108846
109702
108215
108891
108339
109010
107910
109078
109656
108959
109610
108072
107560
108415
109552
108746
109027
109462
108086
109076
109118
108894
108850
107761
107878
107870
108433
107905
109210
108393
107720
107602
109178
109103
108390
108198
108284
108639
108289
108686
107645
109476
110181
110872
109829
108118
109957
108970
108904
108276
109698
108741
109346
108524
107948
108056
109280
108761
109632
110824
107921
108735
108978
109256
109556
108048
108862
107834
108822
108417
109407
108306
108070
107560
109203
109444
109232
109913
108471
109147
109929
110035
109263
107633
109294
110078
110075
110011
108187
109533
107519
108867
107937
109014
109453
109354
109980
108533
108868
109831
109820
109616
108562
109536
109539
108367
108571
107958
108666
108815
108360
108587
109730
108771
108518
110015
108522
108596
108733
108129
109541
108659
109340
108597
108825
107761
107919
108399
108266
108764
109880
110466
108342
109506
109691
107680
108628
109259
107840
107634
109524
108342
108612
107733
109094
107542
108004
109354
109286
109187
109156
110094
108218
109025
109727
109450
109859
108591
109644
109034
108405
109417
109342
108551
108408
109286
108375
108642
108429
110200
107796
108594
110483
108578
109044
108893
109449
109480
108222
108476
108781
108110
108734
108551
107855
109018
108309
109730
108565
109818
109448
108370
108041
107780
108475
108434
108522
108473
109017
108266
108637
109453
108063
108826
109184
109767
108737
108809
108342
107923
109789
108962
109073
108932
109923
109240
108085
109015
108019
108459
108388
109539
109304
108286
107978
108033
108704
109136
108525
110162
107399
107722
109042
108994
107516
108531
109519
108406
108934
108813
109482
110066
109083
110553
108760
109096
110169
109242
108456
108774
108873
109529
109441
108477
109579
108453
109927
108950
108719
109416
107801
108228
108466
108344
110288
108903
108542
107668
108541
108522
109841
109270
108918
109044
109587
108460
108142
107809
109903
109231
108229
107646
108267
108622
109099
107646
109811
108128
109195
108719
109901
107926
110031
109297
108062
109409
108851
109412
108538
108021
107294
109289
107628
109535
108341
108243
108548
109147
109624
108435
109349
108823
109818
109680
109890
108960
107410
107163
109615
109632
108265
109337
108367
109060
109456
108955
108558
109254
108085
108485
108586
108986
109414
108406
108527
107521
108562
109602
108029
108804
109708
109463
109667
108595
110074
108415
109630
109897
108937
108489
109636
109803
107592
108471
107838
108560
108394
109202
110189
109522
108353
109683
109419
108540
109969
109388
108479
109456
107643
109845
109246
109528
108425
109989
108648
107594
108914
108258
108956
108918
108824
108302
108328
110265
110229
107979
108426
108134
109483
108170
109863
109849
109810
108648
109017
109813
108968
109641
109130
107305
109135
108111
109902
108280
110209
108642
108506
108818
109474
110007
108438
108578
109887
109052
107868
108363
108978
109271
109176
110337
108311
109348
108346
109452
107783
108441
110287
109099
109527
108378
108063
109222
109423
108698
109227
109712
109524
108859
108038
107554
109512
108685
108320
110399
108307
108748
109577
109639
107839
108786
108370
108531
109635
109327
107794
108818
108490
108065
109020
108589
108430
109214
108423
107018
109275
108847
108722
107903
108319
108737
108874
108473
108136
108360
108437
109889
110217
107252
108523
109159
109027
109736
107986
109166
107640
108479
109425
108170
108697
108881
108692
109355
108991
109733
107895
108720
109337
109371
108503
109034
110352
110000
109868
108391
109461
108942
108766
109425
109649
108841
109642
109541
108878
109047
110211
109431
108707
108431
109426
108434
108058
108771
108518
109685
108866
108722
107961
108129
108895
108266
109392
109279
109740
109951
109211
110162
108507
109817
107900
108277
108410
107650
109015
107668
109570
108105
108434
109684
108089
109668
109670
110376
109343
109323
110092
108606
107890
107513
107902
109252
108485
108062
109800
107921
107797
107518
109490
108730
109363
108865
108610
107571
108450
109748
107903
108746
108475
108456
106921
107394
109256
108995
108325
108485
109528
109098
108201
109707
109167
107991
108550
108218
108738
108060
109146
108684
107825
109173
109236
108702
108509
108834
108542
107958
110111
107220
108849
110317
110356
108282
109292
108733
108265
107949
108582
108818
109479
109024
109593
107225
108043
110308
109479
108391
109486
107805
108352
108233
109705
109561
109858
108887
109496
108632
108087
109110
108728
109055
108287
108845
109308
108434
110418
108051
108209
109031
109532
107763
107473
110123
108024
108494
109600
108585
109202
110065
109176
109370
109094
108960
108932
109435
109647
108426
108118
108790
108242
109204
108226
107752
108956
108999
110112
109744
108833
109904
108294
108990
108557
108025
108842
109155
109037
107375
107918
108238
109735
108588
109204
108234
109048
108734
107797
109025
108812
109777
109641
108417
109049
109214
108369
107816
107820
109203
107615
108381
109612
107546
107984
109611
109842
108742
107938
108224
106940
110032
109853
109554
110002
108844
109293
106630
109382
108409
108891
109062
108485
108361
107624
108297
107617
108650
109900
108358
110222
108882
109307
109639
107990
108525
109734
108276
107732
109106
109079
108674
108730
108840
110066
108970
108995
109904
107696
108053
109227
108664
109786
108321
109543
107708
109435
107741
108236
108701
109121
110001
108082
109281
108734
109048
109346
108047
109892
109814
110011
109066
108688
108416
109095
108224
107892
109230
109995
109448
108174
108541
108587
108348
109831
108965
109595
108367
108279
108660
108732
107851
108506
108022
108708
108370
109465
109056
108982
108378
108231
108616
108079
110971
109593
108710
108314
108081
108055
108106
109700
108630
108487
108085
109161
108346
109296
108562
109022
110931
107846
109544
109308
108878
108983
108174
109222
108925
109842
109813
109316
108348
107975
109977
108787
108714
107036
108206
108737
107868
108888
107988
108304
108033
108254
109363
109362
109560
108839
110138
108750
109091
108006
108607
108023
109068
109107
108296
108615
108658
109614
107795
108149
109041
107790
108416
110160
109892
109465
108523
107978
108982
109619
108694
108828
109333
109024
109980
108546
108650
107521
108846
108679
108141
108259
108033
108195
108247
108482
109034
109114
108288
109386
108998
108700
109650
109476
108915
108687
108105
108558
108533
108523
109163
107778
110059
109186
109916
107717
108251
110107
109402
109402
108638
108339
108266
108169
110351
107717
108652
108885
107877
108505
108107
109885
108093
108422
108762
108856
109858
109048
108716
107493
108546
108910
107498
108565
107615
110229
107658
107988
108249
108244
107905
109034
108677
109680
108041
109099
109140
109119
109099
109114
109199
107525
107588
109204
108415
109841
108801
107865
109471
107957
109176
108998
108441
107944
109891
109554
108454
108198
108983
108799
107755
108344
109723
108097
109251
109791
108816
107925
109263
110023
109498
109357
109631
108674
107821
107720
109062
107423
107981
108566
108522
109053
107686
110044
108629
108684
109346
108982
108421
108612
111035
109428
107822
107880
109466
108777
108505
109041
109098
110129
107869
109688
109785
109446
108788
108507
109625
108847
109906
110741
109289
108779
109538
109637
108955
108997
109374
109387
109594
110397
109235
108563
108248
110345
108746
108322
109863
108557
110339
109754
109885
110080
108731
109593
109782
109073
108070
108555
108405
109199
109514
109869
109014
110311
108168
108281
108592
109032
109824
109616
108969
108658
109197
109044
109679
108160
108322
109366
109983
109604
107478
108385
108274
110082
108873
108466
108761
107548
108432
108241
108627
108040
109215
107910
107925
108635
109001
108727
108966
108542
108460
108589
110039
109658
107538
107913
109367
108683
107220
108638
108880
108208
109323
108341
106922
109263
108827
108680
107503
107513
108893
108006
109511
108363
108939
108697
108649
109949
108285
108185
109518
108666
109884
108376
108725
107481
108082
107971
107789
108939
109852
109121
108207
108675
109810
108454
109243
109204
109312
109406
109242
108248
108649
108285
109707
107943
109495
108613
106896
107760
109379
109816
109627
109713
109328
108473
109141
108387
108068
109022
108186
109555
108242
108030
109552
108347
109487
108219
110092
108915
107892
108984
107443
108558
109869
109619
108481
108265
109329
107805
108518
108838
109290
107321
109287
109322
108356
108256
108383
110166
109569
109104
110534
109095
109191
109412
107141
108712
108636
110033
110288
108252
109047
108381
107827
108146
108400
109417
108071
107572
109500
107798
109160
110216
110254
109259
107206
109406
108446
108327
109538
109571
109464
107469
108370
107893
107371
109175
109781
109720
109440
108431
108669
108811
109532
108813
108247
109888
109464
109404
109172
109466
108502
109197
107937
109511
108663
107874
109080
108222
109095
109445
109211
109178
108034
108039
109761
106980
109809
109926
109241
107796
107837
108970
108906
109188
108617
107770
108052
108930
108770
107063
109490
110156
108614
108412
108481
109163
108377
109333
109453
108374
108533
107408
107822
107994
108190
109981
109934
109689
109407
108734
110254
108812
108832
108940
108859
108854
108197
108728
110166
108774
108838
108547
109162
108258
109275
109328
108747
108395
107582
110771
109206
110170
109374
107938
108940
109749
109937
108262
110243
110026
109420
110076
108103
109716
109434
108835
108337
109151
108646
107790
109653
108106
109497
109369
109269
108931
108699
109242
108828
107586
107916
108953
108195
107947
109684
109210
107950
108387
108505
109861
107533
107746
108999
108707
110066
109653
108828
107565
108438
109763
108044
108377
108329
108748
109232
109446
108359
107729
109111
109067
106987
108258
108635
109482
109324
107906
107690
107364
108968
108429
108866
107880
108751
110215
108249
108004
107916
108300
107844
108715
109452
107884
108318
109355
108917
107727
109991
109913
109138
108876
108280
108301
107646
109823
108065
109603
109443
109081
108798
109702
109933
108629
108828
109090
108872
109479
107937
108918
109955
108424
108788
108459
109687
109097
109120
109596
108913
108498
108536
108064
107908
107717
108444
109637
109945
107275
108419
110031
107398
108704
108155
107714
107587
109626
108954
107757
108235
111066
108490
107945
108046
108721
108713
110171
110375
107760
109231
108814
108949
108694
108894
110083
108708
109455
109788
108897
108837
109251
110420
109020
109013
109940
109534
109941
107778
109387
108192
109558
110096
108185
108642
108723
108672
107985
108062
108669
108521
110146
107712
109356
108734
109857
108884
109153
109918
108034
107716
109580
109145
108303
109786
109568
107492
108840
108917
108391
109144
108895
108367
107800
108081
110169
108353
108392
107637
108496
108717
107681
108367
108593
110066
109483
108647
108046
107394
108708
107598
108026
109635
108872
107739
107999
109169
106796
109121
108713
108379
108062
107494
109109
108312
109472
109549
107944
108493
109582
110071
108154
108651
109055
107658
109963
108867
109305
109842
107859
109403
108007
108712
108703
108286
109130
108439
110036
108085
108383
109449
109027
108995
107598
110200
109204
109647
111264
108030
108154
108361
110854
110026
108404
108791
109284
108381
108242
108778
109389
109896
109165
108811
108791
109084
109971
108444
107951
109019
109144
107910
109715
108964
109480
109502
109351
108939
109546
109653
108575
108028
109660
110335
108942
109194
109240
109423
108221
109140
108392
109115
109761
110504
109284
108935
108324
109128
108862
109132
109719
107911
107880
109435
109445
108212
108451
109909
109293
108518
108174
108299
108012
108676
108232
107978
108635
107590
109014
109731
107351
110067
109751
108475
108782
108334
107757
109417
109898
109127
108564
108606
108223
108849
108288
108738
107594
108079
108426
107787
109146
108236
108987
108421
108422
109229
109264
110089
109013
108737
109972
107859
107129
109383
109223
108882
109594
109518
109880
107704
108797
110019
108111
109095
108718
108710
107906
107877
108168
108240
109018
107191
109811
108005
109390
108505
108806
109077
108797
108103
109535
108798
108218
109867
110062
108459
108460
108101
107949
108438
108713
110372
107684
108458
109348
106732
108123
108314
109727
107764
108902
109047
108827
108557
108369
109656
107700
108818
109671
109420
109627
108285
110472
108034
109773
110919
108054
108288
108132
109471
107721
107736
109104
108577
108440
109686
108563
107647
109202
109235
108938
108622
108854
109045
109221
109672
110135
108776
108983
107687
108529
109816
109296
107886
108805
107533
110672
107255
107767
107858
108618
108653
109250
108808
108137
109234
109163
109967
108506
109469
109310
107630
107955
109328
107613
108411
109069
110032
109115
109594
109971
109044
108440
107790
109874
107658
109299
108913
107787
108978
108693
108801
109334
109063
107620
108570
108299
109493
109322
108436
110677
108937
109284
109207
107929
108980
108668
108735
107546
109624
109453
109490
109729
108610
109323
108764
109153
108125
107981
108230
108179
109785
107588
108181
109374
109099
108844
108254
110239
108689
108818
109230
108256
109492
109035
108594
108839
108722
110225
108182
108323
108787
108690
108959
109394
110041
108682
108430
109769
108836
107873
108715
110189
108893
109386
108929
109423
108500
109675
108932
109276
109055
108324
109581
109116
109070
108256
108371
108414
109788
108140
109342
108920
110373
108589
109102
108328
109615
108390
107716
108292
107891
108144
108849
109924
108062
108968
108032
107669
108328
109691
108857
107986
107198
109355
109667
109326
108967
108060
108167
107887
109372
108429
109866
109903
109230
109175
108394
108048
109203
109540
108307
108618
108655
109394
109132
109883
109885
109402
108977
108226
108218
110074
110255
108203
107920
108277
108490
109202
107915
108473
108053
109118
109343
109681
108850
108971
109677
108340
108638
109606
109180
108708
109091
108323
109880
108238
108206
109772
108678
108919
108518
109864
108843
108273
108710
109884
107999
108371
109779
107633
109754
109448
109264
108190
108586
109683
109427
109160
109700
108903
109091
110192
108252
107491
108165
109430
109154
108720
110416
109143
109524
109022
108319
107297
109014
109484
109640
108715
108879
108807
108278
109451
110549
108353
108910
108902
109501
107921
108169
110571
108643
109031
109366
108086
108886
109420
110301
108730
108578
109715
110027
109436
109076
109199
108171
108350
108958
109296
107878
109852
108589
109232
109512
109014
108285
109248
108339
110004
109010
108420
108663
108048
107847
109442
108577
108800
109104
108310
109654
109368
108886
109909
108796
109090
109508
109833
108193
109003
109424
108587
108363
109018
107510
108371
109518
108854
108099
109402
110252
108108
110012
109704
108105
107855
107906
109820
109479
110365
108798
109888
110794
108290
109726
109935
109022
108341
108598
110229
109402
108904
108779
107837
109372
109206
108330
109663
109874
109496
109328
109599
109315
108205
109720
108950
109181
108488
109620
108256
108413
109404
108592
109040
109510
108206
108967
107409
107428
110350
108241
108225
109110
110331
108081
109636
107986
108470
108050
108608
109003
109697
108091
108622
110002
109928
109593
108229
109303
107156
108080
107972
108489
107938
108723
108798
107722
107538
108882
108541
108329
108933
109691
108468
109194
108643
110293
109289
108189
109439
110000
108441
107985
109739
109218
109357
110158
108550
108280
108224
108375
109193
108047
109618
108099
108179
109418
109691
108326
107698
109119
107773
107986
107884
107874
108610
107164
109236
109254
107845
110015
109603
109120
107674
109646
107882
109084
109574
108986
110679
107768
109700
109063
107592
109566
109604
109943
109219
109743
108734
108189
108428
110053
110385
109316
108445
109964
108474
107756
108552
108856
109684
108558
109708
109369
108853
109235
109320
109262
108609
109472
107793
109917
109976
109197
109344
109141
109664
108620
108493
108490
109469
107814
109314
109645
109188
109763
108814
108646
108434
109613
108810
109902
109111
107582
109578
108836
108834
108884
108941
107188
109086
108670
108092
108296
109615
108979
108730
109184
108971
109915
109007
109256
108026
107562
108211
109913
108053
108113
109896
110232
108472
109688
109920
107828
109595
108922
108701
108249
109483
109316
107657
107943
109518
109223
107758
107970
110180
109910
109311
108591
109544
108430
108590
109378
108837
109572
109478
108626
108802
108262
109787
108267
108465
108193
107824
109589
108640
109208
108226
109800
109720
108796
108643
107801
109064
108209
109320
107562
108452
108711
108604
108814
109354
108414
108608
108482
110038
108581
109682
110325
108034
108135
108724
110296
109429
108846
109727
109629
107677
109292
110020
109301
108528
108767
109075
109018
108879
109490
109940
108565
109297
108887
109663
107702
108921
109572
108776
108887
107751
107521
108492
109604
108598
108911
108883
108826
109090
109464
108890
108174
108686
109419
108224
108133
109774
108471
109351
107830
109519
109208
108013
107856
107984
109640
107956
109423
108096
107848
108709
108030
109260
107532
107922
108369
107568
107737
109776
109020
108003
108486
108944
108366
107976
108288
108806
108442
110005
109385
108508
108284
108291
107849
107786
109539
110422
107835
109291
109945
109963
108392
108745
109389
108140
109574
108454
108182
108781
108780
109648
107791
109234
109459
109772
108904
109354
109987
107351
108887
109598
109752
108789
109789
108422
107253
109418
108820
109795
107772
108249
110290
108968
110327
107396
107872
109750
108845
108057
107978
108266
108382
109760
109310
109109
108362
108778
108305
108151
109863
109154
109213
109256
108682
109063
108735
110051
110136
109596
109658
108526
109728
108033
107664
108073
109238
108850
109707
110009
110064
107766
108062
108904
108058
108926
108414
109766
108053
107358
109056
109631
107379
109268
108069
108901
107768
108226
110197
108978
109124
109624
108858
109110
109652
109823
107994
107669
109579
108130
109249
108050
109332
108403
107579
108853
108063
108878
108206
109738
107557
108112
109023
109011
109175
108584
110356
109494
108290
110006
108200
107992
108416
109661
108376
108223
110309
109220
109815
107796
109207
109313
109480
109747
109556
109314
108971
108617
108273
107981
108931
110010
109394
109087
109092
109821
109377
109572
108724
108749
110333
108626
109712
109184
109978
108815
109150
108475
109054
109656
109306
109118
110127
109367
108918
108458
108614
107695
109088
109150
109068
109217
108977
109135
109072
109063
108810
109408
108851
109423
108430
107855
109593
109039
108643
110053
108343
106840
109646
108451
108437
108256
108478
109220
109211
108177
108233
108410
108019
109375
108911
107341
108057
109417
108438
108219
109602
108852
107877
109609
109415
109940
108593
108450
108573
108442
109255
110231
109825
109522
109490
109846
108190
108934
110200
108364
109133
109305
108997
108010
109344
110001
109211
108658
109526
109686
108265
109885
108923
109969
108451
107334
109126
108015
108861
107807
109083
108274
108383
107593
108781
109390
108264
108203
110485
109415
108461
110526
108597
107563
108802
110173
108571
108590
108883
109374
108334
109137
108355
109684
109877
109330
109080
107941
110028
108656
109085
109693
109219
109278
109363
109286
109775
109571
109152
108747
109311
109135
108567
108749
109703
109139
108104
108696
109606
109387
108017
108690
109176
108670
108488
109222
109908
108834
108513
109188
108579
109707
108855
110393
108846
108721
109251
109147
108167
108197
108917
109742
108951
109692
109074
108378
107897
108899
108270
109082
108371
109132
109580
108322
108334
109242
109756
108500
109199
109376
108293
108013
109146
108024
108174
109029
109515
109238
109780
107420
108477
109497
108658
108586
108994
109032
106980
108039
108501
107686
109018
108042
108492
107748
108913
108669
107197
109792
109564
108674
107942
109405
109255
108597
108694
108511
108912
109496
109581
108784
107342
108555
109484
108808
109041
108469
109772
109014
109612
108351
108611
110464
109087
109628
109548
109228
107694
108933
108214
108820
108793
108957
108450
109111
109117
107860
109720
109096
108326
109173
109830
108667
109259
109192
107764
108640
109098
108350
109842
110609
109514
107906
109083
109964
109171
108763
109524
108607
109736
108148
109118
109848
110189
107244
107926
109537
109876
108511
109284
110023
108129
109707
110270
108325
108835
108473
108309
109265
107717
109261
108295
109457
108362
109729
107702
108873
107891
108247
108081
106788
109292
107796
107831
108969
108384
109031
109182
108478
109805
108250
108658
108159
109074
106816
109183
108754
108710
109158
109037
107666
108734
108499
109477
109284
108661
109154
107711
108711
109171
108994
108504
109491
108314
109239
109082
107916
108475
107857
108652
108877
109552
108715
110089
110092
109382
109134
109524
109527
108395
109503
108740
108351
108405
109225
109343
108000
109228
108882
108567
109684
110145
108595
109783
109415
108263
108845
108125
108802
108834
109727
108377
108698
108307
110153
109806
108230
109386
109165
110641
108083
108246
109260
109746
108509
107829
110313
108197
109838
109511
109918
107868
109286
110101
107851
109196
109947
109036
108100
110067
110264
108733
109438
110102
108357
109736
108562
110646
109068
109654
108833
109822
110424
108909
108278
108726
109186
108954
108513
109930
108655
109282
108570
107265
109822
109891
110229
108179
109406
108681
107392
109837
109262
110079
109336
109159
109851
108906
107885
108249
108707
108465
108864
109832
108693
109698
108976
108666
109460
109911
108720
108254
108910
108899
108431
108830
108247
108577
108322
108373
109422
109371
109890
108896
107824
108626
108412
109949
109932
109793
108982
108353
108275
109935
109192
109420
107906
108848
108361
108346
108823
109866
110110
108613
108081
109600
108288
108507
109322
109882
108105
108310
109206
108190
108385
108498
108808
109808
109427
108790
110193
109018
110093
108946
109590
108891
108459
109273
109178
108845
109609
108274
108045
108583
109529
109407
109203
109397
108433
108750
108538
109828
109091
108875
109481
109697
108489
107941
110403
108473
107844
108221
108971
110079
108761
109959
108366
109336
108436
109116
108782
109051
109184
108437
108174
109055
109195
107803
107116
108926
109109
109591
109019
109226
108384
107846
107582
108444
109659
108804
108748
110345
107918
108736
108375
107937
108063
109116
109466
108122
109257
107524
109676
109239
108353
108796
107542
108801
110801
107476
107693
108924
109904
109134
107515
109690
109015
108545
108750
107627
108955
108908
109006
109119
107977
109218
109937
109277
109930
110010
108759
109522
110090
109319
109645
109662
108919
110055
109636
109028
107698
107814
110304
108581
109813
108709
109550
108301
109196
107946
108776
108463
109559
110002
108711
108499
109548
110046
109268
109799
110117
108161
109014
109189
108851
108254
108603
109206
109570
109211
109933
108345
109273
109413
109039
109500
109091
108386
108499
108404
108288
108623
108928
108730
109802
108558
109248
109512
109103
108506
107840
108887
108370
108289
107908
109774
108602
108323
109635
109295
108944
109610
108759
107597
108591
108785
108781
109069
108672
108107
108252
108400
108902
109276
108475
108486
108877
108454
108956
108059
108643
109831
108205
108548
107584
108051
109273
107506
109139
108575
108149
108130
108348
109672
108952
107918
108591
109141
107744
109319
110040
110001
109473
107949
108815
109060
109196
108678
108238
109672
109757
108148
108458
109088
109379
108480
107882
107826
109123
109916
109826
108533
109191
109876
109437
108148
108862
110212
109255
108242
108396
109269
108896
109516
108841
108931
109626
108900
108684
109723
108376
109777
109119
108466
108886
107938
109236
107385
108072
108951
111113
109901
109658
110204
108077
108147
109348
108732
109855
109152
108797
108951
108342
110086
108554
107827
109410
110756
109437
108500
108691
109700
109272
108579
109543
108256
109547
109096
109745
108161
108175
110051
109105
108602
109139
108398
108259
108777
108371
108236
107641
108173
108994
107944
108344
108594
108106
109091
108317
110209
108462
108950
108793
109743
108124
108173
110698
109240
108149
108725
109045
108266
109934
109912
108793
108062
108263
109461
107613
108775
109084
107475
109384
109234
108353
107783
109221
109385
107443
107986
108090
108434
108637
109903
108646
108132
108361
109655
108923
108538
109272
110248
107480
109618
108723
108471
109212
108269
108556
108254
109642
109487
108256
109687
109450
109625
108531
108628
110982
108517
108784
108893
109167
108425
109215
109224
108687
109011
108560
110016
107961
109086
109394
109179
108922
108034
109816
108903
109675
109880
108938
109395
109195
108855
109629
109548
108976
110274
107819
109247
109292
108028
107992
108718
108129
108866
109876
109367
108422
108067
109308
108268
109316
109520
108701
109170
109354
108033
109069
108342
110596
109018
109422
108710
107996
109784
108681
109883
108886
108250
109877
108227
109174
108264
108981
108903
110161
109409
109087
109117
108728
107937
107776
108050
109343
108341
109102
108614
107906
108319
107705
108042
108191
108185
108991
109656
108923
109053
109205
109263
108977
107521
108323
110461
107892
108447
109768
108969
108026
109171
108756
107903
108669
109460
108758
109563
108632
109915
107607
108467
110530
108599
107709
108538
108389
108852
109335
109321
107426
108522
108758
109089
108190
109332
108845
107124
108695
110372
109195
108340
108499
109759
109561
109707
110483
109115
109162
108890
109061
108572
109782
109707
108408
108353
110165
108957
109019
109934
108420
109829
108326
108031
108217
108863
109113
108979
109192
107329
109107
108088
109107
108533
109684
110410
108871
108152
108658
108239
109597
109082
110090
109584
109767
109207
109072
109691
108677
109051
109899
109571
110522
109443
108680
107676
108901
107640
108569
108732
108038
109380
110078
110044
109688
108478
107706
108159
107238
109682
108493
109156
109256
108940
110168
107361
109209
107561
108053
108794
109472
109813
106908
109358
108361
108313
108256
107681
109216
109571
108866
108041
109415
108866
108077
109079
108825
108667
109052
108273
107524
109098
108607
108194
109443
109232
108419
108094
108651
108712
109106
108917
108307
107500
109583
107575
108575
108416
109312
108699
108878
108036
107574
109327
109159
109412
109811
109148
109322
107847
108326
109251
109460
108987
108311
109517
108679
108395
110152
109783
108076
109533
109544
108550
109935
110392
109180
109919
109953
108125
108232
109763
108936
108721
108808
108684
110237
107676
108719
108950
107830
108308
108186
109652
108491
108983
109106
107700
109070
108859
108394
108897
109507
108349
107749
109638
109220
107707
109183
108033
110549
108891
107895
109295
108269
109651
109023
108088
109351
108168
108742
110058
108125
107956
109036
108734
108506
109115
109186
108205
108987
108100
109631
109776
108286
109885
108218
108699
108389
110078
108820
108691
109036
109711
107392
108190
109316
109053
109641
107733
108433
108707
109914
109304
107486
107780
107948
109311
109322
108740
108914
108029
107897
108226
108205
108628
109723
110794
107808
108085
107662
108058
108631
108127
109440
107661
109506
108442
109067
109263
109184
109753
107617
108678
109536
109572
108504
108345
110679
109083
108207
107986
108623
109436
107650
109338
108646
108947
109710
108792
109952
108822
109636
108613
108825
108878
109839
110332
109279
107777
108046
110063
109582
108560
109584
109414
109647
110026
108280
109274
108161
109734
109124
109962
107899
108213
108704
109179
108401
109739
108359
107934
108289
109648
108474
108427
109459
109921
109112
108945
109583
108392
107649
109187
109470
108340
108637
109427
107406
109500
108675
108614
109630
107884
109337
107737
109302
109564
109026
108485
108937
108191
108648
108045
108894
110071
109075
108162
109840
109027
107870
110100
109254
108032
107948
109808
109035
108421
107265
107795
109140
109233
109424
108370
109547
108370
108482
107708
108144
110122
108442
108643
108499
108778
108036
108618
108458
109286
108137
109250
109620
108217
108129
108206
108471
110449
107413
107779
110884
109573
108270
107908
110423
107637
109889
108492
108972
108666
108798
111057
109326
107970
109412
109909
108468
110203
109368
109166
107756
108865
109152
108221
108763
109274
108146
108093
108971
108927
109744
109387
109403
109611
109110
110054
108519
108966
108452
109114
110020
110193
108547
108376
108675
109236
109504
109079
108067
109254
107778
108593
108214
109599
108949
109141
109426
108606
109159
109578
108477
108731
108737
109075
108164
108562
108510
109765
109395
109113
109218
108355
107346
108237
110020
108316
109156
109473
108936
108759
108593
107980
108534
107931
108093
109695
107736
108447
109785
108683
107104
107474
109399
108285
109971
109309
108317
108483
108371
108721
107852
107884
110391
108267
108743
108303
108606
107655
108242
109432
107749
108898
108732
109900
108092
110215
109704
107989
108876
107862
108287
108082
108830
109416
108773
108250
108926
109379
108846
108626
108680
107176
107592
108569
109090
108830
109720
110136
108563
108936
108678
108914
108451
108623
109910
109037
108715
110894
109164
108474
107664
108175
109625
108884
110758
108235
109949
108275
108655
108747
108749
108778
109668
109323
109764
109141
109056
108767
108939
109917
108443
108231
109432
108953
108921
109735
108447
108802
109436
109712
109650
108699
108544
108031
107857
109490
109708
111072
107723
108265
108328
109361
108013
108648
109708
108633
108684
110205
109554
108380
108212
108905
107442
109482
110199
109147
108027
108775
110126
107970
107973
109871
108920
109561
108269
108870
108141
108445
108911
109222
108970
108678
110492
108037
109051
107670
109713
109472
108484
108150
107915
108449
107629
108629
107498
107138
108240
109756
108619
108251
108118
109246
108614
109335
108987
109638
108929
108452
107363
108910
108631
108601
109524
108099
107904
108803
108962
108503
108880
109333
108545
110350
108330
108283
107901
109171
107030
107763
108556
108573
108900
108295
109203
108433
108762
109169
107946
108184
109527
110116
108609
109557
109713
109419
107929
109475
109071
108294
109428
110839
109178
109052
108245
109017
109074
108694
109294
107250
107829
109043
109555
108443
108549
109590
109717
109849
108657
108198
109730
108740
109849
109030
109555
108855
109401
109776
109711
109240
107883
108241
108295
107706
109915
109088
108163
107851
109666
108674
107793
109456
109007
109093
109014
108677
108586
108815
109687
108380
108968
108437
109591
109532
108555
110449
107961
107764
108666
108405
109186
109720
109886
107921
107616
107942
108659
109230
109556
108662
108667
109063
108361
108336
109168
107640
109447
109767
108880
109431
108760
108643
107539
108320
109434
110011
109463
108271
109828
108226
109135
108290
109278
108490
108400
110271
107694
109787
109563
108781
109458
107865
109116
107577
108521
108164
107688
108864
108823
110165
107685
108559
110043
108723
108976
109379
109632
108293
110081
110505
107152
108113
109402
109166
108095
108486
109771
107418
109223
109855
109861
108925
108445
110290
108621
109110
109320
107878
108351
108799
109867
109226
108700
109516
109568
109357
108559
107646
109314
108726
109977
108346
109719
108960
108345
109303
109293
110103
110016
108899
107968
107895
109334
109703
108559
109579
108414
107319
108194
109500
108317
109898
110055
110039
108011
108300
109300
109525
109194
108687
108786
107906
108233
109490
108970
108077
109001
108753
109506
108002
110132
110187
108686
109016
108334
108378
109124
108161
108944
108712
108389
108973
108897
110147
107885
108674
110633
107581
109131
108794
108860
108919
107881
109699
107609
108662
107850
109702
108856
108452
109093
109260
108915
109476
109877
109461
109535
109363
109093
108418
109447
109011
108870
109852
110066
109819
109751
108924
108327
109832
108946
108575
108983
110153
109581
108437
108087
108127
109070
109545
109247
109470
108434
108042
109060
108182
109625
107869
109434
107884
108639
110024
108477
108715
108708
108505
108308
108629
108426
108632
107913
109393
109000
110460
108865
109372
109532
110829
109122
109648
109533
109685
109909
109591
110471
107785
109320
109644
108748
108500
109452
109481
109075
108933
109995
108700
109485
109707
110196
108041
109306
108862
108575
107960
109133
108187
108770
109747
107467
108509
108578
108174
108180
108781
108747
107964
108543
109019
106982
109423
108025
108043
107828
109689
108710
107990
108246
109235
107559
108101
109175
110252
108424
108993
110404
108269
108577
109671
110136
109424
109608
110503
108177
108444
109238
108375
108698
107669
108780
108185
109594
109672
109188
108679
107772
110059
107856
109400
109199
108129
107813
108927
109707
108305
109698
107646
108441
108227
108914
108494
109843
110056
108261
108403
110305
107739
108122
108140
108141
107308
108302
109903
108126
109049
108021
108009
108137
108937
110168
109250
110201
110023
109696
108408
108891
109568
108581
107817
108740
109064
109019
110063
109217
107330
109093
109902
109249
108008
109484
109333
108580
109568
107394
109013
108823
110385
109300
107753
109303
109758
109565
110363
108986
109133
109671
108554
108734
108806
109029
108481
109203
109011
108224
107765
108568
108722
109022
109665
109213
109624
109581
108798
109428
109628
109386
108890
107316
109329
109704
108893
109794
109266
108538
108007
109859
109848
108711
107825
107825
109804
108638
109921
109552
109287
109202
107837
109358
107956
109670
109867
108236
109908
109346
109374
107673
108112
108606
108417
107936
107998
109703
107850
109312
108293
107637
108253
108583
109241
108231
108358
109474
107643
109480
110385
107910
109796
108665
109097
108430
109563
109652
108138
108559
108324
108550
107122
108241
110271
107770
107903
108804
108351
108655
109706
108577
108387
109188
109246
107288
107745
109260
109342
108061
107865
108965
108673
108213
108481
109137
107461
108947
109360
109191
108377
108498
108325
107201
108606
109775
107815
107677
108097
107954
108117
109665
109895
108233
108352
108523
107762
109220
109268
110276
107998
109439
108977
107413
109280
108013
110249
108156
108397
109622
108800
109240
108758
110657
109316
109474
110195
109135
109409
107950
109510
107765
108489
109290
109243
109731
108842
109983
109257
110234
109541
108539
108846
109345
109115
110012
110203
110400
107612
107928
108575
107676
108413
109218
110594
109605
109218
108012
109488
109094
109926
109102
108207
108201
109751
108942
109276
109113
109709
108212
107892
110075
109027
109271
108058
109643
108818
109438
109335
108968
108206
108173
108964
108773
107984
109136
109331
108292
109083
109796
108206
109077
109269
109708
108518
108537
109469
108844
107807
108815
108987
109166
108736
109053
108292
107644
108468
109004
108602
107829
108400
108372
109323
109924
108840
107626
108219
108028
109400
108373
108481
108542
107123
108763
108552
109274
109567
108463
109843
109117
108908
108252
109651
108258
107874
108322
108564
107882
107561
107126
107972
108336
109439
106975
107713
108320
108996
108110
108932
109883
108532
108929
110550
109252
109457
109136
110079
107883
108149
110435
108221
109162
108091
108818
108806
108664
110452
108109
108764
109981
108919
108157
109848
110343
109347
108543
108203
109290
109003
108655
109217
108519
108299
109678
109311
108818
108534
109150
108443
109455
108698
109277
108894
108994
108603
108122
108923
109174
108676
108702
110284
108997
108306
108673
110808
109433
109014
108906
109289
110121
110003
109303
108313
107857
109099
107957
109411
109206
109597
108734
109276
108713
107898
110072
108519
109925
108709
108517
109511
108370
109074
107485
109180
109198
107885
109200
109040
108045
108510
108727
108635
108781
108593
109276
107881
110112
109777
108662
109208
109241
108900
108301
108580
109428
109932
107690
107918
108754
107901
109229
109561
108530
106891
108866
109563
108418
109359
108145
109071
107958
108509
109786
106930
107621
109804
108375
107619
108358
108783
108508
109737
109246
108123
108061
109332
108944
108549
108147
109142
107628
109470
107971
108302
107314
108830
108848
108582
108139
109528
109019
108441
108566
109761
109956
107969
108286
109581
109140
108914
108847
109884
108820
108589
107895
109423
109582
108161
109503
109045
108570
109575
107759
108014
109115
108553
110721
107906
108967
110149
108043
108955
108682
108504
107451
108099
108911
109481
109379
108064
109021
108004
108125
109115
108441
108229
109140
109366
109162
108411
110177
109419
108570
109046
109908
108854
108808
109198
107814
108975
108177
108906
108509
108278
110145
109400
108535
108656
107964
108698
109557
109711
107670
108024
108907
109336
107807
108931
110095
108787
108091
108262
109050
107945
109774
110111
108013
109283
107378
109283
108890
109175
108399
109209
108926
108694
108150
108331
109460
107410
108020
108633
108799
108386
110005
108540
109570
108181
109745
107509
109388
109725
107971
108085
107711
109880
107729
108887
109892
109746
109597
108001
108965
108153
108321
109283
108458
108737
108345
110505
109042
109319
108621
108754
108457
108687
109394
107742
108719
107451
107835
108221
108164
107594
108105
109383
107101
109522
109667
108565
108442
108259
109718
107815
108967
109052
109319
109359
108356
110280
108585
109431
107954
108794
108492
108636
109780
109236
109452
109638
108176
107790
109387
108031
109173
108677
109436
109067
109755
109635
108397
108939
108910
109796
108663
108709
108370
108124
107796
108012
110000
108535
108951
108566
107257
108338
108663
109612
107564
108610
107501
108068
109273
109051
108878
108333
109853
109390
108247
109014
108825
110452
109092
108423
108209
109157
109690
108458
109194
108839
109159
109860
108199
108117
108362
110005
109428
108267
109268
107689
108427
109118
109087
108915
109046
108784
108109
108343
107881
108659
109425
108372
109483
109641
109054
108770
109326
107930
108834
109326
109423
108772
108377
109570
108960
110481
108508
108467
109945
107614
108788
110370
109342
108200
107926
108038
109636
109506
108852
108124
109085
108649
108570
108826
110043
109003
109640
108866
108808
108400
109809
110342
108879
108102
108074
108607
108394
108860
109696
108589
108727
108582
109042
109556
109831
108690
109175
109531
110448
109807
108681
108359
109202
109605
109686
107546
109658
108797
108401
109092
108989
108807
107412
109441
109802
109112
107746
107380
108348
108489
110047
108451
109039
109556
108163
107941
109063
108967
109867
109394
108410
109391
108195
108770
109167
108535
108140
108218
109034
108242
107700
107775
109700
107047
108517
109823
107649
108243
109259
109407
108617
109429
110141
108180
108206
107619
108263
107590
108686
109725
109240
108294
109348
109375
107959
108221
108979
108150
108110
108085
110032
108305
109497
108316
108187
109718
110220
108067
108825
107400
109651
109879
109215
108265
107706
109788
109355
109190
109464
108250
109026
108379
108874
108555
108409
109565
109051
108135
108417
109742
108729
109198
110681
108701
108241
108115
108088
108740
109279
109671
107406
109307
108263
108011
109043
110107
108626
107444
109109
108594
108682
108796
108223
109373
107230
109308
109207
108944
108940
108844
109205
107849
108222
110140
108462
108634
108229
109140
107497
109115
110217
107735
107838
108622
107193
108373
109428
110123
108651
109642
109752
109271
108433
109051
108654
109988
108637
107991
109340
108499
108278
109448
108215
107499
107813
108558
108992
108922
108740
109221
108935
108772
110255
108701
107903
107878
108644
108054
109040
109946
108758
109435
109686
108026
109251
108998
108936
108703
109246
108334
109782
109596
108775
108947
107316
108253
108487
107986
108161
108341
109349
108622
108860
108906
108968
108920
109724
109651
108198
109295
109052
107712
109832
108753
110112
109159
108208
109815
109429
110085
108619
109113
107808
108296
108699
109371
109504
109412
108857
109817
109531
108956
107834
107906
109675
108162
108333
108694
108971
108214
108378
107473
107943
109540
108702
107209
108057
108982
109448
109180
108167
109281
107578
109757
108384
109859
108297
109745
109634
108712
109390
107577
108938
108233
109221
108782
109905
108917
108730
108228
108462
108507
109091
108016
108384
108539
109055
108325
108468
107919
108979
110048
110224
109291
109367
108539
109005
109796
109287
109486
108335
109299
109059
108732
108975
108176
109740
109908
109528
108555
108669
110602
109205
109242
107585
107835
108246
110113
108067
109040
108754
108381
108539
109414
32384
32384
32384
32384
32384
32384
32384
32384
32384
32384
32384
32384
32384
32384
32384
32384
32384
32384
32384
32384
32384
32384
32384
32384
32384
