9948
70948
69019
70835
71359
71372
71610
71086
70269
67731
69964
68506
70511
69935
68600
68667
70847
70418
69497
70511
70452
68279
69847
71522
71232
70130
68037
70732
70315
70186
68832
70448
71065
67467
69845
68274
69463
71391
69778
68421
70838
71756
69680
71121
68816
68542
68468
68267
69917
68570
67638
70193
70818
67543
68888
71051
67004
68495
71151
70560
71064
69951
69545
67357
70523
69057
67329
71450
71429
67605
67962
69067
71772
68574
70446
71231
69464
70149
68372
68781
67730
68690
69367
70367
70241
67192
71363
69076
67826
68362
67480
70600
70950
68895
71069
67445
67473
71011
67604
69752
71506
70297
68934
69552
67766
67344
69692
70219
68783
67073
71123
67388
68221
69380
70158
69888
70911
67360
68982
68864
68748
68407
71101
70408
69432
70917
70932
70898
69448
67380
71082
67481
69602
68020
68235
69241
71344
67855
71175
69662
70845
71324
67757
69984
67840
67158
71330
71289
68321
67585
67585
70724
68999
67855
70899
69117
68641
68208
68481
70129
71287
67853
67710
71320
68023
71416
68962
67710
68701
70100
68006
69149
67879
69512
71170
67903
67326
70613
67289
68642
69994
70784
71590
67690
69550
70437
67789
67343
69347
68232
68218
67497
71147
71071
68020
67077
67905
70690
67713
67265
67556
69937
71398
67774
67953
70764
69815
69621
69005
68286
68360
69155
70940
67358
68142
69885
67922
69822
70569
67319
70475
68763
68410
67177
67940
71441
67494
70050
67588
69150
69232
71191
71060
68777
71014
67437
71713
67134
69533
67738
68363
67461
68610
68518
69909
68074
70207
68208
68478
68117
68911
67964
68834
69954
68122
68257
71438
70269
67410
70123
67527
68302
67895
67293
67711
70453
68828
67980
70815
68212
70824
68974
70507
67746
70739
67276
68352
70886
68247
68730
68269
69890
67501
71497
68114
69855
68158
71370
69372
67254
67567
70880
68267
67424
70235
68261
71567
67709
69548
68199
70352
68618
68412
68269
69895
70687
70424
68201
70966
71160
69725
69614
67522
67114
67526
69464
67573
67760
68194
67885
69494
69707
69055
70151
67894
69023
68195
68223
70962
70963
70575
69039
69291
68963
71461
69835
68497
70808
71155
69922
67649
71326
67102
67534
71003
67590
69288
69094
71649
68035
71276
67890
69928
69866
70805
67454
70582
68263
68288
70442
67534
70918
67298
68743
71320
70756
69569
70535
70941
68455
71484
71198
69357
71167
71373
71157
69564
69185
67894
70699
71278
67895
67594
70557
70966
67333
67788
69031
70107
70506
69150
67151
70716
67032
71202
67986
68266
68636
69631
67535
68422
71520
69955
67514
68259
69103
68789
68674
69001
70966
67870
71440
68236
68420
67542
70909
70106
68203
71581
69971
69653
69436
68582
67608
70474
67313
69717
71495
70488
69006
71135
67445
69686
70888
70807
67303
68564
68703
69476
67430
67408
68491
68995
70782
69075
70267
70622
67495
67578
67985
71288
68047
68879
70214
70617
68631
69348
71319
69628
69726
69643
68122
68332
69116
67368
70403
67679
70483
68990
68011
69489
71042
70898
70593
71205
68437
70437
68035
68851
69459
68405
69827
67866
71123
69257
71372
67569
67665
70705
69123
67493
70448
69893
69948
70966
67511
70602
67849
68364
67723
70672
70812
70859
69053
70575
68638
67119
70624
71411
67833
68066
71377
70884
67152
67395
70867
70309
70049
71204
68910
67476
67665
67333
70249
69725
67917
70940
67697
71193
67441
70925
67731
70947
67656
68658
70493
67337
68812
67172
71179
70674
68089
70047
68533
67406
68538
70100
67451
71448
69020
69669
67216
71000
71550
69603
68449
71508
71015
69687
68891
71646
67913
67414
70206
71214
70263
67861
67802
69858
71298
71588
68344
67970
67609
70682
71251
69530
69338
71216
68771
68435
68111
68182
69564
70319
67470
71298
68555
68574
71082
71414
70969
69494
68856
70203
70847
71054
69561
67473
69928
71240
67300
70766
67553
68283
67269
68971
67634
67538
68814
69441
67324
70703
67559
68237
69612
67950
70224
68450
71396
68627
68384
70266
71140
70911
69220
69530
67873
68781
68262
67390
70963
70381
67854
71279
68503
69512
67670
69044
70706
68226
67136
70771
71484
67556
71107
67581
70656
70924
71103
67357
69589
71546
68964
68024
66774
71020
67321
71429
71051
67382
69835
70553
67733
67254
69335
67992
67678
71228
70023
70720
67288
69869
67746
71152
69779
69668
68183
67904
69754
70923
69237
68055
70963
70488
71136
71564
70293
69121
71829
67172
71346
69878
70632
69595
71587
69707
69509
71412
67966
69303
68735
68051
69358
67295
71500
71193
68074
67345
68501
68642
68010
71286
70913
67262
67714
71019
69406
69993
68707
71905
68714
67021
69548
67605
67553
67730
68123
70228
69842
68827
70581
70019
67694
68308
70973
68624
69768
70168
67791
71281
68529
67528
69632
70499
67768
70727
70375
70719
67284
70963
68526
71524
69989
69014
70139
68962
69566
67864
69557
71160
71111
67629
67353
71504
71415
67313
67698
68299
68929
71298
68038
67669
68578
68136
71211
68716
68941
70675
68234
67492
70022
70024
67273
70935
69992
68876
68051
68863
68514
70750
69731
71248
69925
69075
71357
67373
67979
67278
70924
70110
67546
70737
67430
68226
71025
69701
67272
70342
68198
68760
70445
71410
71138
70256
67216
67790
68324
71498
69233
67712
71136
67334
67367
68091
68680
68030
69008
70589
71191
70126
67630
70012
70239
71043
69834
70549
68439
70940
68313
71222
71089
68955
69900
71157
68959
67641
67501
70877
71100
70738
67162
71434
68314
71031
67615
70411
68781
70004
68334
70008
69968
70640
68248
69111
71487
68287
67805
67672
69649
71311
70105
67977
67841
69419
68811
67775
71121
67700
70204
67740
70225
68222
68869
71151
69563
71077
70515
69467
67585
67471
71232
69780
71559
70681
69111
68808
67189
69442
67056
70600
68925
69135
67235
70891
67086
68338
68795
68441
69544
67688
67748
70009
70794
71078
70008
70413
71335
69588
68498
71220
67860
68274
67154
69772
71381
69702
68796
67762
71229
71173
71264
71235
71357
68151
68915
67108
71234
67524
67921
67365
69683
69673
70391
69922
70893
70238
70835
69324
67318
67976
68091
67078
70633
69550
70585
71375
69427
71593
69675
70676
69315
67838
69720
69998
68838
70553
70775
70259
69296
67453
69876
69385
70344
70850
71907
67460
69000
68893
71148
69190
69851
71687
70914
68346
69117
70299
67501
67543
68648
69833
70130
68664
69469
67335
71381
71061
68974
70710
67885
71272
68751
71356
70010
71215
68966
67882
70434
67572
71022
70137
70533
69910
67850
71065
69634
71685
69505
70232
67784
70937
69015
68375
67675
70339
70571
69007
71552
68854
68761
68695
67795
67436
71131
69384
69477
68139
68997
71120
69998
71130
71085
69774
70912
67942
68872
67577
68366
71436
68615
70493
67349
69153
67009
68286
70493
69870
69311
70955
69376
69097
68739
69824
70829
70842
71318
67663
69799
67258
67369
69299
70248
71120
69233
67339
71295
71098
68102
67870
71315
68127
70045
70300
67353
69242
69430
67891
70803
69526
70835
70019
71544
71131
68796
69475
70884
70627
71398
69007
70551
68809
67769
70918
69221
68914
71524
70978
68045
67181
71177
67358
70395
70279
67598
70725
68305
67398
68775
69558
70302
71611
68215
71199
69721
68718
69966
68502
68342
68850
67334
70654
71335
69382
69051
71616
70857
68494
69706
68034
71003
67465
68012
71371
68523
70872
70851
68696
70995
67789
70517
69701
68405
67607
67934
68357
67389
68394
67470
69356
67841
71191
68854
67706
67286
69516
70955
70062
71404
68348
67237
69020
70490
69965
71380
70722
68163
68817
70425
70727
67762
67216
67842
67794
69810
68910
67207
71404
69516
69698
70126
67201
68575
69014
69550
69684
70203
71104
69325
68195
68693
71483
67465
68087
68179
69705
70139
69918
68175
68302
67679
68325
67705
67541
68426
71397
71379
70942
70631
70430
69239
68326
67903
67629
70628
68422
67120
67881
67186
67160
71114
67793
70959
67168
69702
70496
68831
69733
68611
67846
66968
70476
70230
70447
68635
67445
69840
70923
68511
71606
70604
68432
67896
67721
67486
70285
71375
71031
70039
67237
68870
70958
70819
71068
69186
67642
67606
67682
70401
71346
69391
67674
71289
67304
69648
70310
67912
68448
70836
67459
67558
68262
69848
69151
70434
70926
70567
68761
70489
70788
71580
67505
69304
67982
70776
70314
69293
68938
71422
69823
67391
68040
70079
68759
71599
67386
67593
70781
71066
71071
70686
67783
70994
69311
68158
70538
68656
70447
67507
68243
68571
67730
67073
67559
71153
70534
70744
69263
67433
67598
70522
68494
67256
70867
69078
70202
68467
66832
71012
67169
67253
69445
70537
70430
70971
68550
67519
67586
70067
70821
70778
70660
69313
70314
69720
68216
71098
70475
71104
69056
67521
68282
69940
69741
67347
67429
70621
67522
67877
69765
68862
69466
67099
70104
68187
69551
67471
70631
67516
70570
70330
67910
68289
70652
69594
70931
69311
71051
71699
71324
69064
70146
68519
68490
71592
67042
70387
67781
70195
68388
67837
71045
69114
67829
69624
67128
67419
67207
71764
71128
67988
69324
67930
68458
67678
70126
69674
67553
69894
67155
67872
67721
70517
71363
70353
68106
71100
69695
71023
67652
67628
67633
70944
69505
70718
67003
67927
71131
67333
69891
71127
71141
69383
67184
67848
67641
67048
68216
71412
69144
70705
69553
68565
71092
70433
70277
70841
68906
67597
71399
69824
69661
69565
68327
70448
68235
68261
71193
71304
70081
69212
67573
68490
69494
70675
68820
67268
70450
69104
71278
68144
70935
67385
71100
67610
67483
68755
68067
67613
69962
67772
70287
71075
70809
69707
71269
69350
70880
67350
67998
71171
67409
71124
71122
69670
70401
67822
71273
67355
69367
67676
67368
67669
68638
71365
67943
68218
70699
70498
70162
67951
68580
69001
71423
68569
70018
71723
69786
71107
68311
69219
68171
70971
68450
71416
68265
70963
68668
69014
71227
70697
67868
70255
71231
70596
68895
69828
69700
68655
67446
69311
70507
70358
68483
67604
68465
67831
71007
67357
67370
69260
71468
68376
68250
68414
67329
69936
70959
70413
69803
70231
68917
67696
68107
70806
68174
67393
71743
67409
69348
67514
69640
71468
67634
68530
67330
67764
67369
69463
67382
67441
68659
68736
71123
70511
67975
69339
70835
71234
70808
70578
69035
68622
69688
67115
67590
68298
68748
70237
67800
67385
67200
71057
70895
67430
67942
67674
69234
67237
67876
70915
70971
68684
67281
67195
68731
69536
70940
67952
70769
67384
69010
71476
68798
70154
68225
71483
69918
69584
69858
67156
67410
70610
69017
69463
68286
68707
68273
68154
69179
70566
68583
68498
70352
68758
70392
70055
67438
68039
68042
70377
69182
69568
67580
67884
71105
70808
71784
68232
67592
71127
70523
69981
68551
71325
68873
68122
66882
67485
68400
68865
71066
67664
69424
69299
67482
70507
67162
71269
68454
71284
69095
68912
71135
67375
69725
70593
71402
68121
69079
71671
70706
67476
70673
68750
70024
67308
67805
67193
69374
69616
71372
67768
67346
67653
67307
69014
69401
69776
69356
71240
67144
69431
70372
68525
68039
69938
67877
70803
68911
68526
67957
70419
70998
68363
69056
68019
70816
67433
67895
70847
71519
68270
67970
69952
71385
71340
70505
68036
68856
71732
67517
70393
68435
67938
69486
70026
69446
71339
67285
70939
67715
67433
67927
68000
67286
68607
70761
71399
67581
68591
71531
69028
70663
69785
68803
71326
68214
68854
69381
68053
68728
69889
69162
70454
71482
67272
70738
68450
70104
70009
68333
67567
70297
69025
69796
71408
70774
69878
70562
68572
70930
67770
69238
69412
67615
68668
67178
70084
67270
68728
68434
67707
71523
70778
69530
69313
69274
71583
69897
69933
68048
70862
67454
68922
70848
70182
67801
70849
68254
67750
71084
69925
68332
67686
68099
68121
71067
71028
70796
70813
70923
71429
68781
68862
68955
68652
70605
71166
70146
69857
67482
69225
71004
69295
69339
70646
68302
70971
67866
70004
71484
68939
67693
68144
71405
68154
70773
69897
71500
70389
70950
70077
67619
67470
70690
70244
69549
68297
70925
71265
67076
70604
67406
71340
70459
70039
67782
67793
69685
67575
67728
70879
69965
67975
71160
68771
70375
67914
67738
67368
71184
70575
67384
70849
68936
68643
71414
67358
68085
69439
69064
68234
67856
68015
67245
67986
69186
69277
71511
68876
71271
71019
70904
70600
70523
67795
67677
70968
70089
69893
68956
71217
71221
69126
67372
68694
68237
69891
67430
69451
68049
69139
71139
71586
69283
69351
70423
68103
69235
68102
70433
67414
71123
70222
69960
70426
68059
68062
69220
69894
67748
71075
68440
70026
70870
68101
68033
71045
69218
67770
68087
71289
70078
68966
68779
68403
67866
71246
71202
67525
68887
68856
67181
71297
67474
69519
67489
70620
68854
71061
67494
70909
71402
71035
70819
69770
67511
68653
70552
67303
70900
67827
71022
70722
67797
71146
71056
69244
68422
71175
67988
67671
67242
68426
69100
70391
70422
67508
71100
67445
71107
67957
70262
70597
68310
69569
69854
69070
71551
70969
71191
68361
68576
67237
67725
71381
70037
68494
67442
70548
68140
71175
67792
70052
67926
70750
71423
71018
68393
68923
70393
68470
67610
71122
67662
69718
68198
71009
70053
68586
67414
69633
67924
67181
68363
68482
69605
68960
70907
67666
70896
71587
70458
69271
71046
71132
71143
67687
67655
67236
68937
70151
70550
69954
68483
69055
71240
68802
70539
69867
69778
67282
68469
71115
68749
69101
70049
71394
71083
69834
69814
70518
68738
69975
68648
71170
67309
70711
71243
70798
68857
70959
68695
67329
69597
68767
67362
69711
69866
70830
68967
69921
69832
67653
67454
70672
68314
69058
70445
67584
67462
71297
70884
68125
70931
67337
67704
71494
68032
70630
67690
67379
69044
67392
68562
69252
69113
69188
67521
67438
71583
69347
71339
68877
71590
69331
67725
67276
70450
67949
67681
67472
68214
67619
70841
68095
71199
70095
70837
70918
68564
69283
71291
71416
69283
71189
71236
68231
67715
70863
67686
68806
68451
71073
67927
68393
69072
70370
69318
70064
67442
67912
68470
68772
70610
71346
70198
68994
71303
70780
70814
70648
67955
68650
70162
71435
67799
70909
71423
70988
71030
71169
70283
69944
70826
70351
68738
68102
67626
71251
71051
68887
68418
71162
67604
71347
67521
70992
71013
71350
67701
69310
68153
70023
70982
70301
69711
69828
67160
67802
69563
71085
67854
71210
69986
67333
68130
71313
68088
68346
69410
71579
69386
70728
68575
70554
67581
71169
67598
67931
69833
70265
69458
71466
71467
67649
70416
67406
68872
67414
69255
68390
67198
68640
70590
67137
67992
71597
67725
67795
69404
71770
69162
68112
67588
69370
67812
70639
71508
69932
69623
69593
69834
67595
68210
69909
68326
71181
68906
70013
71176
67793
68995
68139
69493
68163
68668
70804
71274
69351
67712
70626
70205
69529
67693
68082
68343
69887
67438
70393
67180
69963
67935
67408
69752
71159
69572
67304
70610
70932
69735
69812
68543
69678
70011
71365
71904
69962
69738
67765
70142
67563
68520
68032
69356
70169
67457
68503
70470
67398
70579
69647
67291
68743
70655
68424
67835
70394
68786
67323
70919
67609
71341
68642
67030
70649
71066
67349
71045
69404
67625
70709
67031
67781
70013
68242
71310
70709
70813
70493
71151
70261
69725
69500
67501
67070
68711
71564
71570
67749
67657
67729
67903
71475
70819
68175
67698
67446
68702
70584
69811
67722
68734
68268
69727
70932
67383
71091
71167
70422
69743
69402
71856
70381
67241
68040
68227
68664
67759
69504
68025
71160
70571
68687
67613
69777
69421
71789
67730
68759
67392
69595
69909
70958
71068
67287
70072
68155
71091
70725
68350
68962
71256
69789
68645
70426
70566
68246
67934
68543
67633
71233
70874
69709
68153
69060
71071
71142
71328
70923
71299
69261
69862
67858
70050
71044
70768
67958
71496
68854
70381
69842
71302
69014
69449
70994
68929
69799
69018
70300
67744
70826
67518
71223
69047
68674
67993
69362
70371
67740
71408
70670
67476
70934
71374
68793
71715
71399
69387
70982
71575
70960
71104
67254
69224
71147
70273
70294
67183
67329
69278
71044
68650
71206
71124
67763
68275
67677
67368
67527
67657
69182
71140
71057
70186
70255
71281
69086
67843
68497
67841
71457
69020
68278
67674
70641
67643
68238
70478
69655
67827
66974
71017
68643
69505
71280
67518
70772
70586
68037
67490
71525
69947
71377
71468
70539
70741
71186
69230
67100
70963
71232
70821
71176
68239
69219
68164
69624
71062
70864
71568
69388
67287
69743
67360
67512
68286
69617
71418
67457
71357
71128
71256
70687
69146
68086
67217
71127
68903
69829
68716
67483
68392
70295
70611
71639
67764
71406
70044
68357
70695
68034
68236
69392
71731
70937
67734
67258
67205
70362
70841
70010
69224
67313
71431
67883
68876
70496
68181
70686
71433
70582
67868
67924
68241
70056
70353
70932
71267
69218
68833
67280
71403
69503
69085
70078
70782
69116
71291
68593
67258
71105
71259
67054
71010
68238
70982
67293
69050
69504
67753
71173
67510
67840
67299
70174
70911
67667
70518
71204
69059
67038
71103
67635
67353
68830
68572
69094
71391
69874
69212
70752
71155
68987
71087
70835
70610
68397
67912
71100
69040
70825
67279
69179
71556
67446
67582
71039
68177
68842
69297
69868
67956
69564
69179
71021
71289
70470
70982
71352
71643
67601
70931
67782
71022
71584
67824
68528
67430
68137
67617
67392
71441
68331
70039
68834
67790
71234
68600
71395
67669
69128
67447
67329
67313
70305
71079
70715
68527
68924
70742
68527
71307
68726
67472
69428
71744
70227
70685
70974
67461
71309
68038
70941
67609
68126
71171
68529
70963
70671
71180
67096
67637
68495
70832
71524
68583
70062
67020
71383
71470
70318
68274
70372
67161
67800
67861
67367
71258
70115
70485
69024
71454
68460
68538
71555
67570
69487
68863
70662
70693
67784
70886
70669
67214
71264
69516
69237
66916
67328
68542
69445
67470
67419
71570
67491
69917
67322
69961
67310
67319
71416
69949
67402
67397
69646
71210
71142
68929
67529
71284
69678
70908
68288
67472
71279
67277
70719
67380
66965
69439
67811
71108
69538
68843
71672
67457
71090
70350
68032
68539
69440
70661
70679
69023
68286
67593
67497
70580
67793
70385
70615
67663
71385
70593
69715
69223
67345
71503
67156
68906
68009
69203
69516
69898
70952
67940
68109
70086
69689
70910
71391
67601
68179
71143
70040
70571
71059
71082
70661
70455
69527
68237
68669
70037
70138
68971
68533
70698
67789
70954
69253
69502
71099
67344
70225
70796
67869
69481
68933
68703
67603
69325
68467
70098
68837
69653
71677
68079
70158
70546
68232
71114
71000
67897
68269
71083
70401
70736
71165
68288
69567
71411
69428
69385
70590
68030
69764
71447
68646
67037
68734
70516
70005
70486
71376
68670
70408
67842
69001
70726
70314
69009
67462
67196
67594
68809
69858
71170
68827
70583
69888
70197
70968
67696
67125
67904
68016
70509
69353
70762
67646
67568
68143
71003
67305
71508
69407
67488
67288
70032
70956
69468
70321
67512
69368
67008
71275
68591
67998
67067
67193
68530
67101
67517
70611
70585
68953
67445
67686
68511
69345
68062
70061
69154
70318
70790
67318
70708
67560
68135
70968
71286
67650
67845
68414
71572
70786
69117
69587
67802
67232
67870
69163
67024
71440
69769
69790
68151
70980
67662
69662
67697
68923
67140
71046
68979
70900
67392
70476
71492
70707
70826
71286
71499
69565
67737
70534
69032
69126
67417
68003
67227
68249
67833
70794
67394
69436
71370
67758
67517
67729
70767
71155
68756
68386
67682
69326
70544
68464
71214
70022
67721
71257
68941
69829
67521
68033
70018
67674
68919
68545
68130
71561
71676
67345
69316
67298
70319
68162
68360
71324
67955
69280
68304
67798
67105
70915
69046
70659
69501
70769
70539
70315
67370
70475
67117
67339
69970
67865
67879
68382
69336
70891
67775
71488
69632
67616
67442
67720
69134
67841
71419
67075
67689
71451
68621
70644
69886
71316
70651
70336
67493
70099
70440
67309
71425
68034
71120
71232
67628
69319
67941
68817
68928
70571
71592
71408
71231
67448
70814
69444
71300
69691
67321
69772
68026
70654
68594
67125
70534
70008
67630
71113
70395
71487
71265
68766
70624
69519
69176
67482
70642
67040
67990
71338
67888
71143
70783
71051
70251
69745
67874
68549
70557
70442
71576
70593
68075
71413
70903
67418
70273
68223
68111
71009
70867
67398
70382
67625
68700
71041
68214
71856
70924
69724
69989
68176
69359
67782
70964
69989
71228
68037
68510
68190
68819
71519
67284
71242
67853
70928
67507
68427
68016
70757
70567
68003
71312
71118
67491
70782
67650
70643
67992
67372
69918
67674
67941
69071
68923
70227
67114
70177
69329
67373
71907
68447
67792
70606
70859
70577
71324
67283
70976
70614
70976
71010
67285
67755
71010
68644
68535
70515
71292
67404
68692
70557
68342
67334
67320
67799
71128
71035
68308
69579
68674
71032
68699
69010
69600
67937
67857
67259
71047
71183
68149
67401
68967
68301
68311
69563
68428
70493
67661
67826
71095
69308
69644
70164
66972
67311
67574
71272
67252
70696
70816
69997
70517
68283
67266
67573
67428
70322
69374
70148
71038
69223
69013
71224
70549
71456
67698
68254
67619
68602
69075
70563
68857
71160
70537
70701
67979
69116
71272
70898
68020
68161
67673
69235
68392
70019
71392
68402
71329
71474
67658
68335
67676
70998
71186
69311
70423
71476
69351
68195
67221
67324
70121
71122
69949
67907
68339
71434
69152
67650
69741
68799
68215
70829
68612
70624
70639
69658
69805
71021
69406
70829
70397
69986
67946
71238
68920
68690
69336
70710
70065
71438
68493
68946
67409
67916
67244
70600
71355
69145
67477
67187
67930
67306
69535
67823
70136
67219
69878
67675
68990
71296
70276
68439
67447
70980
67631
69552
68547
69107
71162
70683
70763
67392
70712
69716
68679
69686
67445
70851
70724
67366
69739
67482
68464
69605
70371
70690
69644
67535
71138
69160
71257
69777
71064
67225
70774
68129
67712
67330
67915
71548
71019
69644
70505
67272
67390
69710
69045
70351
71254
67504
71421
68455
68067
69263
67393
67477
71208
70951
67635
71301
71152
68689
67526
67333
68863
67299
67382
69641
69746
69865
70348
69865
69422
71373
71150
68742
71150
71094
71431
68308
67530
69888
71299
71498
67561
67569
70842
71330
69223
69036
71030
69347
68743
71570
68754
67674
70958
67432
67991
71004
71616
67346
71299
67972
68884
71450
68260
71154
69380
67294
69034
67437
68590
71276
71429
68244
68336
70345
67613
67492
70581
71110
71233
71205
69992
67852
67674
68487
71708
70882
70083
71576
70573
69458
67289
71534
71313
71319
69172
71070
69038
67444
67640
70520
69959
68447
71136
67772
70566
69087
68003
69056
68820
67437
71230
69500
70882
68974
71159
67202
70322
69986
69889
67596
67495
71311
71119
70259
67822
71189
67770
69220
71235
67057
68267
67148
67747
71300
67571
69194
68974
67904
69884
71224
71109
69571
71164
70396
70154
70950
69182
67947
69086
68220
71066
71630
68442
68194
67364
67426
67197
70355
70014
67191
67617
67179
67557
69595
67377
69713
71036
68042
69819
67565
68763
69093
70058
68062
71435
69000
70809
70075
68529
67641
70004
68357
68278
67167
69697
67450
67078
69985
69941
71479
71315
69536
68708
69763
71055
70956
68815
70581
68092
68431
68222
67971
71314
71168
68562
70999
67457
70280
68961
69418
68355
68549
71312
71576
69413
67701
68644
71108
69468
68952
71441
68682
68878
71162
70667
67946
69200
67319
71218
70665
71398
70839
67261
68026
70759
68472
68970
69990
68943
70082
67824
70335
67735
70117
68799
67375
70601
71097
67503
70553
70178
71335
67288
68757
67950
69168
67433
67803
70906
68554
69039
71348
67484
71077
70707
71127
67678
68095
68161
69714
67278
71445
71204
70315
68492
69395
70628
67451
70524
68960
67168
70766
71288
71411
71078
71267
67361
70411
70337
69475
70809
71313
69108
67890
69777
68487
67538
69438
67789
70747
71178
70702
70851
71636
68193
67265
67740
67406
68398
71247
70737
71175
67645
70797
70617
69632
68941
70591
70947
70500
71374
69617
67517
68307
67361
71076
68880
71295
71375
69560
67333
67932
71396
70894
67628
68650
71374
67213
67261
70972
67448
68031
69442
71123
71122
67384
71314
69697
67380
70102
70014
69970
71675
67378
67490
71403
67493
67336
69829
70442
70922
69865
69588
71515
71152
67949
69331
71313
70782
70403
68531
67457
69649
67846
70017
70137
71260
66990
69672
68910
68038
67883
71019
67473
69666
70532
67365
70421
71270
68504
69311
67397
67201
71330
68884
69270
67848
68869
70982
68652
71536
68503
70867
67362
71156
70968
69976
70191
68283
68627
71059
67695
67408
69928
69239
69336
70101
67945
71099
70691
68969
70574
70971
68881
70884
68151
67491
67273
68181
68785
69136
70862
69633
71253
68491
69917
71250
67321
67421
70017
70158
70575
70219
68185
70272
68241
69663
69992
69229
68283
68836
68632
68181
69611
71200
70868
69924
67425
70747
68422
69992
71318
67631
71161
70838
69879
68242
68820
69272
67441
68030
69229
69034
67503
67467
67492
67508
69501
68894
68611
67536
70561
70550
68055
67971
71142
68434
69000
67561
70774
70497
68137
67665
70718
71480
70197
68979
69974
67412
70718
69405
67231
70305
68078
70666
70571
70577
71066
71308
68281
71187
67292
71012
67360
68051
71502
71287
69802
68228
68802
70812
71344
67627
70690
67251
71308
70773
70924
67880
68059
67661
68509
67225
69249
69925
68682
67404
70134
68214
68935
67722
69005
67730
67262
70940
68995
67617
67421
70258
68578
68173
69874
69291
67719
68307
69424
67982
71135
71471
70210
70268
67263
70693
71042
69493
71399
69509
69881
70495
68126
70477
67377
68947
69373
70517
66926
70407
67561
70407
70939
67723
70703
67656
70160
71461
70018
70149
70985
68762
66875
67316
68387
71297
69099
69451
71533
68167
68952
71221
68814
71183
67943
71100
70916
70584
71061
67640
68998
71172
70186
67256
68488
68483
67011
70498
71389
69525
71179
67975
70782
68345
71091
67715
71249
68211
67999
67932
67058
70762
67978
71142
71379
71110
67513
71408
67291
71473
70655
70745
71440
68006
67277
70456
68100
71418
68923
71351
69941
68183
67511
70017
70882
69312
70097
69178
70497
69956
69517
71416
68209
68049
71304
69774
70359
67454
70339
71002
67926
67642
67444
69606
71085
67497
71508
71493
69900
70580
67038
70600
71552
71211
67178
71252
70007
71144
71325
70034
67544
67427
69553
71247
67440
69886
68064
68723
67638
67759
67817
67473
67966
70855
70575
68972
71524
69082
67666
67346
67330
67408
70903
69296
67547
69019
67866
71231
69480
67851
70423
69901
70268
68392
69874
67971
70001
69411
71054
68598
71449
69127
71162
69956
69441
67677
69913
71647
67254
70484
69005
69532
68929
70056
67374
69295
71321
70994
67566
67620
68074
67982
69368
68923
67196
70874
67303
71414
68493
68890
70859
67825
71016
70272
67694
69435
71409
70312
71114
71342
68802
69062
67287
68310
70648
71471
71036
71116
71215
68250
70201
70439
68282
71191
70019
68912
70455
71045
68393
67501
67395
67334
67241
68459
70299
68805
70892
69761
68287
68388
68299
71007
70930
67556
71085
71043
68206
70698
70690
70105
67674
68346
67557
67220
71325
70884
71102
70822
71480
71136
71705
68810
69075
70918
67314
68647
67750
69432
71392
71122
70743
67250
67987
68795
70125
71126
67604
71231
70614
68036
71132
70178
70663
69893
70708
68982
71264
69595
69350
67994
70528
67937
67765
69538
67586
67260
68900
69263
68182
70672
67341
68014
67701
70844
67507
69348
69546
69637
71378
68173
70850
68119
70671
68082
67977
70059
69416
70074
70897
67674
71378
71575
67806
70654
70058
68141
68403
67814
71521
69471
68310
70330
67481
69109
69547
67983
67400
67224
71323
69668
70695
69850
69316
69524
71225
71415
69341
70884
67706
67571
71327
68877
70777
67465
69000
71775
68844
69479
67746
69046
67683
70444
68983
69595
67818
68425
68590
69514
68168
69304
67877
67554
70738
71139
70647
67434
70894
68646
70867
69497
67834
70491
68827
68319
68655
69613
68015
68699
69762
70439
68479
70433
67395
67800
70148
71336
67749
71030
70837
70821
68438
69924
67200
71252
68026
71227
67892
68904
67428
67553
71234
67805
70081
69894
67859
71530
71222
68319
70418
68519
70132
67211
68824
68606
67512
71309
68520
71091
67518
71724
69088
69904
68398
67633
69371
69208
69032
68870
69092
67410
69450
70191
68343
71717
71180
68744
71026
69064
70970
67967
67823
67767
69944
68915
67662
70169
68396
69031
71152
70834
70924
70722
67069
68826
71338
67292
71352
67614
68319
67246
67857
70121
71491
69035
68815
68729
70720
68255
68152
70726
67233
68868
67350
69442
70922
69651
69180
71026
69637
68564
67052
67735
67618
70898
69319
67481
70778
68937
68148
71105
70259
67654
70776
68769
67814
70475
68214
68057
67758
67938
71269
71113
70417
69704
70197
68155
69227
71107
70456
67400
71785
71075
70902
69393
70151
69729
68659
67520
70997
69327
70770
69587
71283
67367
67736
69151
67785
68191
70178
67330
71344
68502
67373
68718
68297
69441
70838
67781
69769
70608
71290
71631
70603
67945
71059
68109
67681
70544
69200
67529
68479
68433
67625
70790
70466
69448
71347
68600
68339
69953
70258
67929
71363
67747
70266
70190
67941
68029
67613
71180
68952
71031
68963
70092
69632
67545
70734
71466
67151
68430
68005
68462
71533
70661
68332
70459
67835
69181
71495
70131
69227
68758
67415
69250
67455
68387
70922
67998
68616
68099
70897
71403
67298
70854
70041
70781
69060
68327
69853
68251
70396
68047
66921
67664
67438
70265
68048
67266
67569
67466
70298
68149
68702
67411
68060
67307
67186
67464
68812
68470
69793
69663
69304
70289
67409
71221
71183
69371
67425
71374
68009
71258
70722
69340
69022
70858
70970
67144
70513
68507
69006
69942
70297
71441
71725
71555
70636
68022
67553
67264
71542
71773
67229
70849
69826
68090
71443
69112
68747
67250
67386
71622
70708
68347
70882
71589
69321
70447
68223
69494
68729
71145
70904
67869
68009
67846
68765
69875
67930
71202
69198
67769
67790
67180
69063
68015
68117
69121
71072
67432
70639
70366
71189
69867
67526
68824
69224
71120
67490
67450
68821
70907
67081
67301
69191
70537
68054
67316
69620
70707
71071
71120
69950
69219
67316
67419
68575
71099
71359
68738
68332
67260
69066
71500
71407
67509
67863
69407
67386
70930
71480
70200
69911
71492
71521
70305
69887
68657
70830
70264
67930
68587
69754
70926
67690
67686
70977
67044
69369
67273
70657
68156
69196
71173
70280
70911
67097
68161
68783
68919
71176
68348
71084
70819
69877
70122
67456
68067
67492
71377
68428
69631
67128
71299
71359
67405
67680
70669
71516
70144
67669
69218
70566
69078
70950
70041
68742
70572
70253
69086
67531
69459
70182
67427
68035
67549
66973
70836
70535
69511
67182
71139
67793
67396
68551
70088
71254
67311
70553
69263
67005
71380
67655
68858
67679
69101
67710
68733
68772
67443
70726
71180
71178
70565
71239
71125
68941
68775
68594
67583
71751
67500
69335
69167
70543
69854
67809
71510
70360
68437
69753
67213
68278
69387
70816
67591
70210
71445
70663
69552
68322
69532
70143
68495
71099
67172
67622
68826
68748
71227
69491
67595
67564
68736
67413
68203
70140
68503
71226
68362
71140
67558
69587
68956
68275
69997
69892
70579
68756
68328
71308
70343
68346
71564
68386
70378
68526
68138
69830
70335
70920
70767
70212
67394
68281
69778
71563
68331
67610
67221
67289
71320
71134
68424
70204
67446
67104
69485
67364
68666
69044
71640
67169
67924
70877
70029
67538
68309
69150
70723
69003
71109
69910
67537
67789
69162
67461
70141
70415
70879
70853
70827
67448
70006
70420
67102
67345
69051
71201
71239
71282
67839
67157
70009
67621
69420
67337
67314
69338
70334
71464
68089
70443
68269
70945
69684
71207
70924
67466
70709
71024
68164
70934
67444
68387
69069
70648
69881
69115
71017
68074
67814
69112
70541
66854
71079
67440
68471
67324
67529
71431
67041
67294
67529
67065
71272
70919
71402
69488
68631
71827
67250
67986
71394
67661
69628
70925
71112
67823
69522
71511
71209
70294
67453
67832
67576
70749
67204
71090
70521
69515
67834
67914
70182
69031
69062
71236
68360
71151
67848
68682
70722
69301
69609
67837
70881
67698
67229
70183
71248
68432
69335
67244
69219
67265
70772
70688
70623
68676
67457
69905
71104
71316
70458
68724
68551
70658
71031
70863
71023
67609
68397
71194
71138
70650
68097
70873
69259
68251
69659
71304
67911
69703
69858
71515
67578
70346
67381
69501
69585
71627
70923
70592
71173
69455
70471
67742
70851
70768
67742
68759
71119
67455
67197
68404
68514
70935
70199
69652
70463
70565
71187
68702
71278
70104
68077
68096
67981
69797
70646
71819
69754
71104
67454
68820
70936
71480
70472
67388
70425
68940
70697
71509
68049
68543
68753
68495
69292
67308
71340
67752
67785
71507
69056
70328
68145
70929
70367
71099
69451
69525
71154
71390
70689
71118
68843
70446
70539
70285
69182
70391
70546
67345
68903
71089
69249
69069
69561
69247
70638
70089
67509
70650
68169
70834
70709
67236
68471
71456
67811
68328
70947
67147
69639
71216
71130
67306
67887
70810
71020
69886
67813
71054
71436
70627
69119
68163
67520
70407
68207
68608
70629
67739
69087
69655
68448
67506
71206
71863
69221
67597
69059
68384
71086
68490
70322
71348
71111
70839
70184
67213
71114
71061
67931
68553
69958
71296
70958
67869
71293
70512
68079
69380
70188
70996
69023
70327
68750
69419
67533
70196
70181
71426
70350
70559
68164
67506
67403
70734
71363
70567
71150
69780
69738
69821
70787
70143
68331
68007
68213
69193
69205
67545
70009
68531
70868
69408
68663
70980
69242
68818
69556
68230
70463
70058
68780
71473
68808
70333
67227
71369
67273
69592
67307
68781
68872
70243
67924
67290
67557
71216
71505
67405
69537
68913
67929
70247
69411
71427
68606
67510
69861
69669
67306
68093
70442
68665
69986
67078
69023
68003
70376
71568
70419
68289
68934
68515
70111
69962
71395
70242
67080
68207
70501
70814
70487
67361
67506
70095
68864
69233
69567
71441
67382
70446
67388
68223
68607
68244
71398
68800
70814
67581
71090
69140
68319
70410
68865
70077
69240
69663
70950
67261
67597
68979
69132
69201
67213
71523
68007
68877
71102
69428
68251
68561
67858
67331
68178
67686
71504
68602
71155
68852
69570
71084
69500
71375
70638
67865
67730
70094
70240
70143
69109
69637
68795
68731
70120
68939
68241
71111
70337
68089
70139
71520
69864
67972
70914
67849
67580
67675
67665
68513
68639
69493
67851
67847
67665
70961
70965
69028
68944
70844
67277
67977
67411
69651
68779
67935
67875
70437
67773
69820
69843
70373
71060
68547
71008
67755
68550
67431
70961
69198
68589
69111
70656
69344
70899
71512
67558
71515
71123
70130
71124
67899
68492
71058
67556
70860
69562
71119
69040
67898
70303
71199
67544
68767
67503
68954
71161
67801
71608
67807
67851
67626
70946
67285
69973
70852
69754
69290
69010
68187
68375
70641
70073
67372
67738
68330
67289
69376
71407
67286
67723
69054
70844
67542
70594
67485
70831
69764
67386
71540
68487
69307
67711
71663
70330
70287
67251
71074
70870
66861
69567
69747
68889
68506
69621
71471
68804
67374
70116
71541
69763
70380
68748
70944
70422
68839
67959
67528
69154
68261
68139
71170
70257
69067
70735
71210
71319
69353
68016
69131
71154
71275
71550
70592
67439
70772
67272
69436
69127
67197
70053
71367
69658
67802
71359
68178
68416
71350
71212
69460
69958
71305
70381
68873
71339
67832
70085
70635
67534
67472
67696
68104
71313
71272
68366
69884
70659
71074
67220
70063
69042
67544
68540
67882
71305
68013
68907
68165
68054
70100
67618
70426
69474
67784
67705
67906
67999
71238
69746
71334
71429
67382
70337
68318
70843
67420
71321
69155
68705
71107
70503
67512
68236
70765
67577
67593
66828
70787
68074
67470
67714
67944
71393
71271
68312
68726
70583
70280
68134
69367
70036
68860
69195
69927
69640
69681
69138
70752
69144
68488
69854
71055
70743
70869
67420
67565
67982
70356
70888
69904
67314
67808
67757
71387
67424
71466
70101
70215
67718
68880
67480
67196
71638
70679
70623
67525
70201
67327
70009
70995
69806
68305
67632
68161
68720
69220
67062
67206
67441
71529
71523
67608
70872
69997
70771
69845
70846
70678
71141
70830
69549
67426
71360
68114
68614
67659
68662
70263
67566
70110
71195
69146
70007
67894
71138
70724
71519
67980
71491
68110
67874
71556
68205
71248
68726
70004
69327
67323
67211
68125
68785
67974
67730
69596
70362
69232
70555
71014
67747
69012
70892
67859
67477
70572
67242
69007
67854
67543
67960
70434
68201
69881
67806
70908
68378
69544
71090
67454
68618
68303
71160
70047
70028
67530
67614
67444
68504
67732
71364
67349
67511
67765
69464
67722
70714
67760
67957
67041
67387
68739
70926
71565
71434
68625
69646
70959
69325
68750
71154
68753
70443
70302
70499
71334
70831
71175
68234
67746
71008
69830
67860
69457
68227
67832
70011
69337
70839
66970
71312
71564
68100
68200
67315
70909
68297
71165
71397
69171
68573
67570
71727
70749
68660
70857
69049
67794
68249
67589
70048
67594
67148
68906
70792
68416
69624
69315
71158
67387
70991
70545
67980
70015
67877
70757
67056
69794
71366
69906
70224
71331
68397
67300
68763
70007
70908
70102
67491
68811
67886
70206
70880
69750
69578
71226
69920
69263
68689
71117
67936
71047
70861
71258
69722
70542
70678
68802
67569
68975
67402
67877
69318
71096
69449
69986
71284
67462
68674
70692
68094
71151
71162
71467
71328
69696
68661
69849
70972
70457
70165
71218
71273
67529
67472
67397
67611
70617
68747
70914
67023
67330
68026
70848
67522
69859
71065
70070
68241
70953
70938
68320
70613
68196
68058
68839
69771
67606
71176
69641
67123
70828
67661
70158
70071
71518
67503
68013
70926
67462
69035
69857
71331
69152
69053
71259
67762
70101
67864
71306
68598
70097
67467
67350
69287
70126
68307
69732
67763
69775
69515
68833
71399
67605
69057
71363
69236
70249
67507
67907
67649
70289
70367
71317
69459
67493
68239
68342
71267
67447
70575
67809
67470
70105
67729
68587
70519
68526
71035
68174
70919
68350
69036
67329
69640
67280
69681
67852
70737
67387
67791
67482
68282
69360
68426
70131
68330
67985
71213
70942
66854
71074
71194
71571
68315
67469
68930
71028
67915
71129
69982
69037
70934
68203
69165
71450
69763
68588
67590
67690
67808
71022
67501
67516
70309
68163
68318
71748
69979
67211
68935
70267
71105
70060
67189
67396
68265
70906
71509
71476
71461
68056
69799
71464
70434
68442
71215
68040
68231
71333
70228
70868
70837
70060
70461
71098
71106
68315
67495
71249
71248
71103
68744
67314
67437
70729
70999
71006
68082
71314
69800
70288
68836
69082
68885
67210
67474
68029
68517
69696
69675
71451
68147
69038
69355
71324
71168
71060
68587
70270
71136
68454
71016
68163
68804
67974
68019
68197
68869
67807
70953
67496
68287
67296
69228
68461
70706
70914
69690
71090
70074
71394
68203
70238
68242
70442
67212
69129
69462
67131
68838
70131
71508
71270
71295
68125
67017
69716
69871
67457
69281
69873
68626
69033
68330
70839
67736
68005
70278
69495
69381
70541
69253
67898
68967
70976
67546
71118
70575
71092
69925
70714
71007
67482
69300
67435
70428
70730
70297
71156
71242
68431
68971
71304
71278
69452
70904
71208
71457
70451
71026
70641
67396
66847
68438
67975
68600
68316
68773
67528
70956
68182
68904
68552
71556
70967
69457
69012
70541
69436
67349
68842
70650
69763
71406
71125
70946
68906
70322
67974
70333
67054
67911
67944
70851
68257
68649
71166
68275
67969
71154
68302
67140
67104
70259
67945
68890
67869
69074
71255
71090
67773
69274
68888
69427
67641
70118
71083
68404
67885
67662
68109
68523
67293
68895
67897
68588
68809
71187
71223
68164
69005
71228
69930
69233
67464
67095
71052
67957
71152
69418
69492
68941
71020
68114
68588
71166
71093
71543
67702
67156
70700
67583
68019
71242
70484
69154
71380
68642
69173
68554
67366
69890
67080
71220
71346
68610
68654
67670
69672
71036
68521
68579
70063
67578
68748
71014
70844
71587
71288
70450
70306
67570
70062
67657
67165
70903
69119
67444
71303
69643
67489
70879
71233
69135
70931
67742
71283
70627
68532
68516
70752
68572
71049
70898
71732
69293
67307
70319
67124
67812
71049
70466
67851
67409
71524
70962
70999
70050
71030
71088
67377
68170
70309
68424
68362
68126
68109
68529
67682
70039
67542
71454
68123
67490
69023
67798
71170
67081
70840
67818
70340
67393
71084
71014
70458
69521
67772
71220
71774
68691
68662
67987
68316
67560
70033
69605
67888
67821
69886
68742
68371
70503
68538
68084
70561
67465
68853
68845
71246
69705
69219
69203
67851
67783
71418
67890
71190
67877
69069
69646
68559
68442
68697
67797
70657
71480
69229
67235
70596
67383
71298
67630
70611
69003
70618
67700
71242
68804
68333
70522
67371
67912
68559
69047
69259
68047
67394
68582
71279
67773
68996
67290
68847
70710
70955
69282
67785
70806
69648
71203
67288
68851
71144
68224
68014
71075
68469
67993
71164
67817
67732
70181
67662
70829
70945
71230
68343
70673
70729
69820
71549
69006
70781
68439
70115
67421
69918
71032
68650
68293
69463
69942
68165
69715
71385
71350
71402
70821
67773
70443
71603
69873
70696
69073
67657
69941
71659
67992
67474
68450
68414
67328
69504
67432
68846
71163
71798
69618
67884
69829
67900
71355
68410
71403
67814
67728
70285
67762
68221
71193
68079
69869
69896
68598
69419
70210
69640
71467
70152
71679
67964
71311
69332
68467
70889
70334
70274
69230
67517
67407
70861
67435
71119
70929
68948
70816
71118
67790
68772
68022
69559
71335
69834
71208
70213
70499
70344
67521
68091
71252
70332
70893
68485
70223
67377
67360
67906
69842
67534
67631
67556
67209
69611
67684
67496
70994
70823
71054
70013
70555
68736
68791
67400
71047
68811
69356
69345
67731
68329
70894
71452
68070
67265
68506
71671
67409
68299
67697
68467
70313
69664
69304
68374
70547
71071
70686
67834
68252
70302
71170
67342
67604
70319
67577
70658
71150
68855
67053
67399
68827
67150
70096
69229
70801
69186
68010
68049
70579
68874
71309
71563
69655
68138
68135
69053
67221
68713
71131
68069
69838
70778
67658
70093
68571
70266
67080
67390
69327
67805
68135
71230
71566
67896
68380
70714
68042
70304
70497
68333
67064
67951
67197
71189
71369
67476
67684
67554
70999
69370
70811
68109
67851
71059
67162
68408
71876
69760
69411
67668
67879
69386
67393
67634
67032
69535
67164
71268
69864
67458
68805
69819
71239
67962
69742
68051
70936
71038
69922
71252
69117
69300
68316
71466
67729
70219
70997
67362
69734
70452
67921
70893
71355
67920
71315
70101
71117
67290
67322
69227
68955
67430
67271
69100
71275
71095
67538
71575
70602
67777
70582
70153
71316
70229
71434
68390
70356
70167
67733
67238
68236
69461
71254
69120
69823
71111
68648
69438
67091
68884
67839
71343
69491
68349
67860
71432
70406
67928
68578
67101
68074
71255
67747
68025
71425
71211
70033
70139
67702
68578
70642
69665
67810
67513
67683
67782
71142
67607
68193
71170
71562
69556
67698
67872
70842
70125
68327
70986
70572
70745
71050
69312
71310
67913
70106
69786
70773
67977
68867
70996
71047
70090
67319
68554
67333
71076
69123
69180
70240
68515
69344
71206
69456
71170
70675
67256
69421
69717
69087
70907
67557
71168
68067
71296
70293
70561
69132
70059
70072
70178
69936
71619
67918
67790
70670
71687
70535
68138
71351
68776
70264
68875
71684
67887
68070
71194
69839
67329
67726
70998
69495
68791
69526
71443
67509
70566
68008
67238
70953
68758
67718
68714
71118
71122
69091
70561
71187
67437
69545
71038
69568
67642
70791
71655
71205
70673
67391
71010
71234
67362
69490
69606
67466
70111
68328
67177
71208
71078
68063
71242
69421
71069
71574
71266
68595
67730
69757
68214
69008
69761
67692
71219
69204
67757
69808
70601
68759
70658
71220
69861
67301
71143
70678
71248
70419
67293
68839
71709
71705
70951
70068
67963
70401
67809
71196
70577
69773
70900
68494
70231
71470
71154
71424
67815
69329
67955
70573
68589
69749
67925
69585
67713
71227
70735
67244
67568
70217
67566
67846
70567
71435
67449
67288
67914
68843
67550
68371
69801
68128
68592
68435
70763
67675
67514
70073
68118
68063
70661
70509
70992
70074
70879
67553
69807
70459
71206
70594
67593
69735
68132
70382
71296
67507
67582
70993
68033
69674
68612
69542
71259
71508
67170
69849
71114
67291
67967
70461
69403
67083
71158
69247
71115
71118
68962
67718
68861
69092
71649
68585
67270
67311
71540
71126
67254
67068
67544
67723
69118
67873
70960
68011
68363
67464
67532
70835
68765
69790
67686
68186
67332
67720
70163
68547
71209
68227
69970
71104
67695
70825
70964
67373
69288
67440
71066
71432
67742
67555
70864
70281
68356
71319
69506
67134
70136
68073
69264
70331
70824
68438
67274
71012
67196
70496
69889
71459
70726
68272
68146
67642
71042
68826
71130
68114
67785
69552
70241
67546
69790
70968
71558
68402
69203
71650
68770
71216
68464
70458
68121
67211
67624
67211
70296
70091
68092
68573
67790
70852
68659
67446
67441
68031
71512
69423
67642
67294
67410
70205
68790
70856
67737
70830
67994
71276
70590
71276
69469
69613
70881
68717
70651
69032
69485
69920
67526
67240
68437
71441
67707
69662
69030
67460
67745
70947
67395
71455
69130
69220
70450
70671
67426
68198
71299
68952
71335
69555
71114
69877
67423
70016
70715
68914
68857
71224
70762
68891
67293
70527
69463
69665
67366
70530
70260
68167
70305
68046
71298
67815
70397
70640
71050
68311
67389
71232
67877
68301
69902
69287
70586
70411
67548
67898
67650
67381
71076
67425
71346
69344
67754
70014
70729
68612
67934
69504
67221
67638
71174
69851
67676
70712
68376
70322
67507
71432
70723
67110
67634
70022
67236
70527
71230
68369
70160
70537
69090
68482
68980
67533
69807
70616
70370
67276
71499
71140
68102
70479
68111
67680
68010
70296
69053
68940
67845
71298
68239
71319
70697
69906
67498
70374
71648
70126
70529
68454
70691
69653
67294
67877
71341
67894
67755
70500
70706
67880
71560
68077
68626
68828
67151
71132
67571
70566
69210
71186
70336
71096
69347
67889
71124
71426
69833
67561
71334
70433
68963
67925
69665
68088
69338
71153
70148
70317
71336
69426
70019
71057
68149
67824
67225
69851
68178
68108
68234
70944
71128
70618
69652
70792
67382
69562
68992
70182
71119
71419
67322
67392
71393
69746
70850
71239
71327
67484
68541
67599
67748
70836
71418
68886
67298
67579
71118
71647
71189
67339
70654
71214
68784
71426
69503
70919
67287
67874
68353
70992
69251
69202
67803
70603
70706
70371
67596
69511
70404
71429
68370
69904
69926
70485
68615
67615
68441
68976
68885
69517
70054
70146
69382
70203
69768
69568
70601
71516
71453
68801
68670
68423
68031
67266
69300
70669
69524
70844
68166
71663
68831
70991
69734
70806
70290
70040
71085
67463
68079
70892
69953
70978
67421
67868
70614
68035
67815
70553
67512
67453
69526
69418
66952
69037
71252
71220
69669
69664
67475
69977
71156
71348
67240
70157
71145
67846
70772
68478
67955
70811
67546
70823
69415
71230
71395
68535
70049
67468
71128
69725
70895
68403
67731
71576
70147
69778
68030
70732
70103
69294
71420
69523
67380
69284
70553
70163
67417
71368
71074
67128
70950
68534
70699
71332
67773
71409
67335
69223
69838
71266
70538
69254
68430
69415
67742
70842
70202
71053
70722
68374
68440
70893
70559
70850
67516
67484
69825
68556
69889
70442
70380
70728
67207
70475
70855
67473
68508
69933
70384
71282
70287
70343
67300
71254
70544
70791
71381
68130
68428
69013
70040
67106
68741
69692
69955
70566
71218
67897
70789
69283
71636
71462
67567
70577
67349
67083
67500
69455
69789
70601
69903
70190
69684
71214
68894
69671
71479
69443
69966
69087
67469
71443
71336
71137
71286
67329
70479
70387
68644
70927
69924
68660
68399
70450
67491
68873
68849
69430
68473
67357
69373
70257
67886
71198
69044
69336
70171
67614
71188
70914
68172
71404
67696
67107
69330
68041
70878
71130
68365
67494
68877
68360
67582
71672
71290
68842
69537
71047
70244
68225
67783
70209
68288
71218
67436
67455
67969
69026
71523
71290
71737
70135
69256
70998
70800
71271
68905
68796
68714
67221
70576
67722
69605
71026
68711
70780
71531
67422
67425
70801
68142
68815
71354
67499
68914
67763
67371
70557
69622
69949
67745
70070
68197
71259
67225
69284
69954
69642
71132
68932
69386
70732
70620
68413
70386
69141
71428
68132
68482
67241
70558
69818
67258
68339
70132
69235
69075
71279
68556
67555
71400
70185
68543
70694
70510
70806
71350
67535
71616
70884
69834
67672
68892
69545
68074
68770
67869
71170
66825
69215
68300
70963
69010
71266
68087
67724
69543
69094
67592
68747
71110
71571
68258
69208
71656
70138
71191
69167
67961
69318
67665
71548
68109
69917
69518
68047
66887
69244
69473
71340
70398
68615
69752
68422
70960
71648
70744
67892
71252
67935
68999
70362
70290
70399
67362
70053
67898
71015
70356
71443
70604
69200
68326
70261
69654
69243
71290
69338
68930
71343
67053
67504
70851
71486
69973
68249
69115
67036
70654
68051
71065
70600
69620
68865
68213
67703
70607
67526
69742
67887
71593
68299
67351
69550
71464
68851
70571
69221
67841
70033
68628
67972
69033
70490
67643
69237
69108
68623
69018
71392
70634
69766
69671
70772
68121
68043
71631
70284
70149
69198
71173
70562
69634
67468
70859
70558
71324
68366
69018
69300
71807
71225
68925
71366
70266
67632
70628
71360
70834
68747
70823
71289
69488
69575
71582
68198
67396
68036
69956
69267
70674
70403
68160
68390
68708
71314
69928
71216
67910
68013
70126
68804
71457
71212
71425
70383
71312
70052
70110
67237
67768
69267
67406
68721
69183
67194
71235
67811
68044
68721
67977
68791
69245
69284
70785
70570
70201
67431
71365
71159
71641
68325
70876
68364
70632
67635
67298
67308
71198
68886
67777
67907
67291
67539
68251
71475
68262
70693
71182
68138
70134
69283
71716
68360
71034
69674
67698
70819
67256
67578
70546
70802
68978
69848
69128
70351
68384
69063
67574
71380
70241
68634
70381
70759
66742
67823
68339
67102
69121
67469
68644
69846
68405
68414
68028
70801
70183
70145
70843
68309
67526
67221
67829
68011
69136
67255
69064
71561
69247
69567
67155
70654
71219
69043
68920
68974
67507
68647
71771
69600
67240
67763
70433
71160
71451
67618
71294
70795
69084
70684
67746
68519
68596
70750
70762
67610
67190
70123
69776
68630
67677
67493
68799
68403
71021
67309
67648
71631
69148
69056
68374
71420
70246
69464
70779
67810
70787
68375
67589
71066
69913
67604
67813
69889
67276
67410
70651
67594
68905
71572
69702
67620
67909
68842
68653
67803
70722
71278
69116
71339
70758
67614
69304
71443
68906
69714
70497
71325
70073
67001
71409
67452
68198
67541
68313
68526
70830
69293
68238
70121
69335
68590
71229
69307
70810
68317
68602
68037
70379
68027
68794
67420
71164
67095
69198
68096
69915
69978
70107
70995
70573
70133
71151
69473
67494
69050
67921
66909
70932
68628
68344
69720
69700
67621
68474
69810
71427
67163
69321
70894
67919
68868
69686
68809
69962
67549
67054
69729
71339
71312
70820
71120
69079
69009
70386
70751
70873
68279
67230
67365
67518
67641
69099
68931
67605
70052
69072
67449
71203
70406
71673
70474
67514
69990
69015
70403
71515
67575
67473
70775
67615
67868
70720
70096
69440
68615
67272
71427
71124
68353
68393
67270
68654
70070
68761
67891
69667
71183
70434
67569
67906
70794
68595
67012
70211
70259
69409
71194
69998
67496
71291
68634
69089
70945
68688
71413
67929
71242
69242
67396
69682
71055
67413
69974
70618
69502
70779
69661
70814
69539
69467
67903
67381
67626
69421
70659
68622
70871
67624
70736
68551
69302
67730
67948
69804
68451
70497
67207
69629
68183
70341
69109
68155
69281
69018
70874
69078
71293
67337
70560
69147
71185
70614
70456
70514
70057
67181
70522
71243
70262
70845
69063
67781
68601
67790
68550
70927
71302
67311
67542
67973
70180
68837
67328
69219
71283
68472
71572
69499
69752
70739
70561
68294
68274
69850
68430
69184
69582
69071
70542
69006
70801
67952
68823
70547
68811
67179
67616
69790
67383
68230
67775
70427
71162
71197
67946
68918
67613
71454
69152
67848
71440
71476
68031
71382
67549
67464
67825
68682
71073
67529
70314
70362
67551
69513
67509
71105
70503
70317
68263
71283
71092
67879
70584
70030
68734
69032
69654
70814
70370
70432
67221
71534
71313
68463
67378
68376
70484
69266
68281
68366
69535
68184
68001
67625
70585
70407
71040
69201
70723
68944
71244
71125
68520
69756
71271
68024
70155
70477
67805
70714
70072
69799
67886
71020
67817
68074
70911
69291
70902
71263
71427
70390
67580
67508
70465
70987
67803
67539
68034
68724
70953
71024
67597
68376
71051
68773
69910
67701
67857
70411
67698
67995
69017
71078
70465
68029
71566
69621
70587
68462
67181
69548
68516
68768
68183
69520
71005
70254
70916
70501
70015
69438
67674
67428
71012
67708
67969
70973
67239
68419
70855
71155
70790
70619
69695
70210
67846
69336
70315
71058
68688
70936
71038
70236
67320
70792
67768
71036
70078
67738
70851
69283
71374
67893
67210
67369
71334
70686
67742
70246
70204
70126
67708
68490
70871
71088
69858
66993
68563
68411
70277
67972
68938
71451
67433
70527
71354
71478
69256
67466
70816
67566
68897
69849
67350
70912
69007
68312
70056
70073
68815
67353
68746
69932
69000
68868
68713
71038
70451
71475
68076
69667
70206
69606
69024
67304
67760
69701
67778
67645
71314
67619
67265
67450
70747
68746
71012
68138
71724
67609
69635
69448
67978
70205
68107
71667
69095
69499
70536
70890
69785
67823
68534
67452
68369
71547
67986
67189
69549
70984
67341
71487
70959
67537
68238
70784
67644
71387
67796
67539
69839
67582
69657
71096
70468
69796
69503
67346
67331
69729
69493
69424
67880
70152
71467
69918
69485
71220
67948
69662
69644
71208
70359
67422
70839
71090
68357
67638
70162
70824
69665
71395
67736
70382
68658
69606
71487
69737
70414
68232
68598
67289
71367
70791
67549
68702
67654
70755
67766
67236
70889
67532
69294
68894
69108
68135
67168
69832
70952
71460
68993
70357
68167
70802
71599
71259
69084
68284
70406
71329
67340
67945
67338
67377
71238
67156
67542
68650
68510
68324
69456
67451
67472
69793
68703
69773
67754
68974
70807
70292
69408
69651
67646
71239
69645
70321
67737
67104
67365
68668
70734
68471
71482
71087
68730
69406
71390
67595
71125
71361
70476
68985
71207
70662
69011
67990
68317
68175
68066
68611
67798
70419
69858
71048
67828
67780
68954
68205
68078
71190
70978
68963
69361
69168
68655
69824
70502
69950
69320
68283
69154
67799
70461
67932
69032
70684
70651
70738
68195
70200
70806
67404
67371
68611
70512
69519
67394
67326
69628
69256
68116
68558
70294
71266
67677
69858
70609
69485
70173
67806
67598
69208
69927
67738
67903
68476
69170
70867
69975
67717
68909
71276
67051
70886
67632
70644
70938
67546
68018
71159
69814
68255
70707
70217
67445
70979
68750
70660
71366
68383
69179
69345
71036
67329
71050
68984
70853
68190
69650
71064
70577
67942
70189
67060
67492
71266
70685
71258
67758
70886
71091
69585
70874
68772
67908
71387
69215
69905
67451
70911
68424
69705
70984
70572
68685
67726
70506
68146
67399
71296
67389
67341
67639
70719
67861
67198
68183
71582
67839
71423
71257
70437
68365
70419
70164
67629
68546
69833
71426
68042
68070
69302
67439
71565
70222
71130
67978
70618
71153
71051
70393
68026
70643
67568
68877
71294
70804
67523
68759
68196
71303
70983
69580
67642
70048
67501
71316
70613
67093
67436
71447
68899
68891
67449
71349
68387
70726
67921
69362
67339
67645
70570
67816
67070
68342
71109
69064
68319
71649
68707
70952
67987
67227
70027
70916
67631
68348
67624
69517
70568
70648
70487
67632
68602
71117
70048
68083
71234
71228
68197
67839
70029
71121
71003
71311
67715
68098
67217
67354
67354
70337
71308
71512
70576
69816
67533
70233
70406
67482
71344
69036
70567
67906
68663
68761
71257
71202
70493
68352
69248
71499
67876
67449
67625
67734
67378
69892
68922
67410
70815
71245
70244
67777
67288
67609
68535
71283
70336
68928
71298
71011
71434
69846
71366
70701
71272
70765
67420
71143
69203
69424
71304
67226
71460
71506
67718
69155
68503
70501
67905
68571
71455
68814
70934
70396
71274
69505
69915
69836
71656
69289
70428
68422
67831
67625
71448
70448
67752
67995
68968
69236
68095
69890
69342
67967
71038
67228
70073
69582
70973
71527
71348
69800
68549
71199
67907
70030
68640
71738
69584
70167
71224
70934
69216
67436
69515
69926
67262
70906
69312
70939
67411
70147
68026
67701
67260
70355
69285
71052
68343
67206
67597
71329
69982
70146
70681
67993
67558
70359
68783
70297
67389
66800
67370
71460
69766
67712
68656
67301
67206
67592
68166
67120
69304
69917
68146
70014
67389
68371
70651
68563
71215
70640
67732
68293
68051
71134
70940
68709
70941
71076
71427
71671
68524
71405
68823
71318
67601
70996
68374
70557
68704
67721
69670
71155
67284
68260
70815
67256
68608
67504
70203
70040
68086
70870
71353
69345
67863
70536
71614
69716
71250
67715
68823
69244
69528
70084
68955
70966
67987
70303
70986
70190
71088
67491
70214
71461
71080
67522
69674
70479
67789
69802
67273
71327
69165
69253
71272
67470
67732
70800
68346
67574
69097
71177
67658
70941
68555
67529
68411
68474
71059
70374
71148
69921
70440
67967
69919
67605
70071
70421
70728
71370
67651
71273
67533
70792
68150
69079
71552
70406
70722
68374
66849
69023
68754
70214
70154
70130
70367
69779
67448
71351
71297
69718
68838
70473
68732
71008
67734
69395
69296
71342
70157
67026
68690
70254
69582
68047
70912
69386
67364
68864
70021
70924
68859
67546
70238
69835
68153
67328
69609
70717
67726
71419
71409
70742
70806
70319
67551
67833
68170
70331
71276
69400
68904
71379
71193
68863
70493
69235
70545
67765
70298
68790
67262
67325
70468
70726
68345
67840
71022
68339
67295
69978
67389
69180
67848
70371
71327
71360
70530
70670
70901
67814
69369
68899
68735
67537
68119
70748
71454
68334
71227
68786
69554
69345
70335
69867
71156
70946
68727
69752
67809
69733
69948
68557
69235
68470
71421
67418
68733
71012
69218
70402
68033
68369
70516
70428
70654
70881
70522
68080
70458
71201
67268
67494
70537
68295
70162
71197
67289
70565
69056
69499
68697
67981
69902
68007
69457
67479
68315
70132
69561
67792
67487
69922
71368
67569
67856
71198
70005
67597
68375
67870
69072
68988
70206
67898
70802
70119
67435
70783
69020
71206
68320
70166
68478
71022
71584
68447
70736
69757
71202
71560
70463
71549
70233
69127
67422
68880
70877
71208
68732
67309
69191
70590
70766
70182
71264
70765
71178
70263
67450
68140
68838
69361
67587
71373
70940
70050
70969
69131
68436
71094
67482
67559
67350
67465
70206
67180
67409
67514
68242
68050
67130
68194
69033
70905
71475
69716
69941
67591
70679
67483
68928
70675
71304
67848
67816
71412
70623
68930
68023
70548
71320
69837
68455
67236
70847
70959
68245
69443
67985
69388
67358
71422
68421
70200
67806
67660
70112
70118
67735
71768
69588
67058
70953
71343
67461
70514
68331
68497
70119
67588
69479
68999
68289
71267
70734
71549
69693
69120
68182
69645
69983
69587
69890
70266
70650
71319
68098
68001
71195
68532
70623
67386
68567
67858
69804
68743
70266
70116
68387
67608
68992
71173
70148
70854
68478
68530
67629
70755
70928
70522
70827
67224
71810
71307
70591
68192
71177
71270
67378
67919
67790
70769
67570
69654
70846
69783
68580
69995
68516
70346
68439
71023
68656
68402
70284
67080
70869
69505
68825
67405
69311
67433
68505
69734
68900
71252
70579
67893
70008
68105
67804
71111
69297
67496
71081
67764
67947
67995
68135
68123
67297
71459
70686
67858
71561
70569
70302
68213
68908
71200
67886
68404
70819
71324
69850
67339
68473
67430
71494
70410
68380
68146
70316
67273
71137
67156
70591
70961
68899
67460
71128
70140
70854
67930
67605
67776
71278
67781
66861
68713
71122
69237
71135
68601
67319
68489
69919
67574
67666
67698
71143
70379
67385
68628
71704
67394
68250
67273
71419
71016
67442
68294
69936
71233
71555
69853
71363
68648
69444
69930
69864
71750
69302
71239
69314
69792
70126
71022
71188
69063
71855
67669
68280
70947
70180
70400
71061
71555
71194
69935
69071
69543
70285
67761
66970
69548
71239
69830
67901
70693
67438
67525
70389
70765
67391
71213
71062
67730
67661
71257
67266
69620
69110
70269
70951
67589
69845
68215
68635
68350
70838
69692
67471
67510
67761
68210
71058
70519
71328
71191
70699
70218
70662
67552
67709
70599
67571
67933
69510
71002
67662
67616
71274
70365
71265
71142
68199
68654
67526
70196
68702
67285
69347
69692
69551
68993
71098
67245
68533
70998
67557
67558
71498
69726
68881
67645
70219
70840
67746
67406
67533
68547
70877
70641
67532
71003
70427
70815
70794
71323
71245
71415
69077
69228
68804
68108
69428
70171
69093
71015
67399
71548
71045
67240
69857
67394
67464
70875
70814
69891
70189
67492
71532
71015
68613
68960
71005
71663
68626
70592
70874
69047
71605
70182
67934
68244
70810
71492
70842
69143
68157
70590
69905
71159
71392
67902
67127
69813
70732
71297
71108
68991
70983
69408
69051
69360
71349
69878
68146
70184
69261
68157
68674
71136
67368
69194
71179
71383
68305
70605
71075
68126
70250
69512
67714
68351
70442
71059
69899
68643
69089
69068
70682
67505
69746
70475
68966
67729
68888
71014
67636
69410
70755
70851
67206
69551
70040
68297
70936
68829
69472
67626
69842
67579
68336
69164
69686
69370
67699
69924
71311
69878
69240
67529
70197
68309
70870
70606
70138
68719
70695
67359
67041
70960
67461
67873
69300
71370
69997
67400
70699
70618
68027
71102
68138
69038
69356
67638
71686
69554
68724
68945
67853
70057
67811
70824
70821
69816
68866
68359
68629
68813
71106
67161
67255
71420
67706
69771
71186
69179
70133
67386
68262
67568
71381
67626
68820
69317
71506
67655
68412
69439
71335
70148
67463
68208
70775
67908
67565
71627
69336
68894
67398
70075
68075
67389
71215
71313
70155
67282
67717
70906
70959
71307
68067
67344
70173
69646
67439
70837
67387
67475
68647
69943
71455
68377
67931
67858
71142
68211
67180
67574
69880
70333
66996
67280
67442
71102
70050
71183
71083
70646
67921
67954
68815
67951
67461
70915
69336
70364
69976
71549
70689
69976
70182
70017
71759
67859
67412
68297
67472
68091
69750
71777
69356
69195
69713
67992
68286
68238
67662
71243
69123
67562
69965
69899
70855
71464
67670
71123
68972
67985
71183
70398
68010
67086
68657
70915
67703
70889
70997
71083
67190
68653
67554
70809
69111
67285
68126
67119
67217
67101
68576
71120
70704
68513
70921
71382
69512
71597
71227
71152
68471
71504
67666
68360
71001
68204
70464
68155
67768
71220
68546
70738
71470
69744
67741
71600
70442
70642
71048
70193
71099
69777
68931
67290
67232
70735
71015
70471
67510
69858
70760
69663
70072
69749
69696
71016
67243
68278
70326
68444
70939
69925
68325
69832
71142
70265
69200
69570
67874
71271
67483
67400
67748
69637
71178
69380
69399
67817
67473
70971
67049
69407
67758
69516
67995
67923
71467
67081
67276
71169
68988
68423
70142
70027
70010
71273
67697
71278
67653
68976
67481
69355
67161
32360
32360
32360
32360
32360
32360
32360
32360
32360
32360
32360
32360
32360
32360
32360
32360
32360
32360
32360
32360
32360
32360
32360
32360
32360
