9910
32569
32617
32476
32601
32636
32604
32580
32578
32616
32660
32677
32623
32692
32583
32570
32588
32608
32562
32576
32688
32669
32625
32531
32621
32579
32619
32619
32655
32595
32564
32612
32568
32679
32635
32627
32654
32509
32527
32582
32599
32556
32605
32627
32594
32609
32652
32586
32590
32620
32619
32610
32559
32598
32609
32636
32633
32593
32609
32636
32561
32589
32548
32621
32569
32592
32600
32609
32639
32625
32625
32614
32638
32598
32585
32671
32646
32640
32634
32605
32597
32566
32595
32598
32658
32563
32574
32582
32538
32647
32624
32562
32634
32603
32656
32673
32614
32608
32582
32607
32582
32586
32615
32563
32617
32567
32587
32625
32600
32598
32554
32638
32596
32601
32512
32576
32514
32628
32635
32609
32653
32580
32653
32560
32617
32592
32586
32584
32653
32568
32585
32613
32547
32599
32685
32653
32654
32667
32644
32627
32594
32621
32582
32600
32639
32667
32666
32608
32632
32628
32608
32557
32585
32625
32670
32608
32624
32642
32708
32651
32620
32595
32602
32570
32602
32560
32635
32608
32592
32573
32610
32597
32565
32595
32582
32621
32641
32628
32605
32613
32571
32635
32596
32575
32623
32568
32606
32637
32642
32588
32632
32689
32585
32562
32602
32630
32619
32589
32615
32549
32617
32640
32630
32628
32623
32629
32589
32604
32599
32630
32650
32617
32644
32629
32643
32629
32619
32597
32623
32650
32632
32651
32630
32610
32560
32584
32605
32642
32604
32587
32715
32743
32686
32637
32669
32638
32634
32686
32539
32657
32602
32561
32630
32592
32576
32595
32626
32611
32606
32576
32625
32624
32619
32632
32642
32636
32646
32602
32599
32579
32555
32606
32582
32608
32584
32535
32597
32615
32620
32491
32608
32625
32604
32628
32621
32636
32683
32654
32602
32604
32654
32660
32661
32633
32594
32742
32660
32636
32631
32632
32625
32587
32617
32619
32655
32664
32647
32619
32602
32698
32582
32612
32632
32637
32609
32674
32612
32635
32641
32603
32584
32553
32528
32574
32586
32614
32599
32681
32651
32614
32676
32659
32680
32652
32670
32604
32590
32592
32621
32658
32713
32662
32489
32593
32624
32627
32699
32729
32588
32617
32625
32598
32621
32615
32548
32622
32553
32664
32600
32528
32566
32619
32602
32664
32670
32646
32638
32662
32522
32613
32589
32643
32657
32660
32608
32593
32627
32571
32634
32626
32610
32618
32626
32642
32619
32613
32643
32546
32575
32636
32592
32639
32610
32664
32614
32631
32642
32644
32658
32613
32709
32635
32708
32690
32597
32674
32620
32615
32644
32649
32615
32670
32715
32671
32626
32666
32626
32634
32693
32581
32624
32647
32624
32594
32705
32678
32667
32557
32641
32638
32696
32705
32602
32700
32693
32637
32641
32668
32642
32607
32612
32654
32660
32621
32610
32640
32644
32595
32583
32634
32674
32700
32620
32649
32627
32592
32645
32609
32602
32594
32678
32635
32606
32563
32645
32594
32599
32591
32652
32581
32635
32599
32664
32618
32626
32656
32688
32722
32683
32617
32656
32654
32613
32614
32595
32653
32634
32673
32645
32648
32708
32529
32629
32693
32650
32648
32672
32668
32677
32594
32638
32650
32636
32622
32639
32545
32667
32680
32637
32620
32647
32637
32628
32619
32657
32661
32674
32585
32608
32612
32644
32614
32644
32622
32614
32604
32673
32580
32628
32648
32572
32628
32659
32695
32561
32483
32597
32622
32624
32580
32621
32601
32657
32610
32677
32692
32684
32594
32652
32671
32612
32655
32700
32660
32746
32671
32686
32645
32562
32662
32681
32634
32666
32665
32685
32672
32662
32683
32676
32750
32746
32653
32661
32671
32610
32651
32656
32602
32632
32604
32572
32648
32594
32662
32621
32626
32682
32663
32693
32688
32632
32610
32599
32678
32701
32655
32619
32602
32628
32653
32677
32653
32724
32639
32696
32616
32697
32677
32721
32669
32674
32687
32690
32677
32659
32631
32536
32614
32618
32652
32672
32726
32692
32716
32690
32631
32727
32738
32620
32651
32652
32660
32670
32659
32633
32651
32682
32593
32654
32736
32699
32658
32654
32619
32609
32616
32645
32652
32654
32642
32658
32680
32653
32637
32620
32633
32710
32610
32611
32630
32579
32653
32655
32585
32600
32640
32681
32694
32649
32698
32673
32664
32659
32629
32637
32655
32609
32673
32649
32674
32669
32650
32652
32660
32656
32568
32641
32664
32545
32649
32659
32652
32691
32680
32536
32624
32635
32612
32666
32654
32587
32640
32681
32757
32635
32611
32709
32661
32627
32626
32630
32679
32672
32700
32709
32608
32729
32688
32714
32710
32706
32743
32710
32741
32726
32677
32669
32682
32681
32639
32617
32666
32643
32623
32658
32644
32655
32707
32676
32682
32668
32660
32665
32623
32644
32716
32685
32699
32664
32715
32637
32655
32677
32665
32645
32698
32646
32697
32647
32625
32632
32679
32627
32608
32668
32667
32681
32621
32579
32677
32681
32667
32721
32666
32665
32646
32693
32678
32682
32711
32607
32665
32628
32658
32665
32646
32618
32624
32662
32658
32681
32627
32668
32621
32658
32725
32710
32723
32688
32716
32711
32688
32681
32622
32638
32714
32685
32664
32702
32690
32631
32717
32529
32630
32676
32635
32575
32651
32640
32691
32672
32653
32627
32624
32597
32628
32685
32633
32647
32677
32678
32615
32703
32641
32600
32620
32590
32645
32630
32648
32651
32713
32738
32646
32605
32654
32677
32640
32641
32684
32704
32685
32638
32628
32658
32600
32638
32712
32692
32602
32685
32624
32589
32635
32648
32637
32635
32633
32675
32701
32668
32641
32670
32689
32656
32663
32632
32659
32662
32637
32614
32623
32589
32649
32629
32668
32594
32661
32643
32634
32632
32632
32639
32626
32659
32620
32591
32617
32736
32661
32697
32658
32663
32661
32644
32640
32637
32662
32665
32656
32654
32699
32715
32669
32631
32644
32610
32604
32599
32609
32617
32650
32643
32667
32665
32616
32667
32599
32597
32664
32642
32673
32660
32663
32642
32689
32635
32688
32624
32649
32659
32676
32675
32670
32595
32646
32668
32629
32663
32645
32645
32638
32683
32673
32520
32638
32641
32638
32631
32634
32640
32681
32634
32666
32628
32675
32656
32663
32644
32658
32705
32698
32621
32698
32641
32651
32605
32623
32625
32646
32631
32644
32687
32667
32660
32650
32650
32682
32632
32649
32676
32635
32666
32681
32631
32679
32677
32655
32702
32684
32606
32676
32651
32639
32576
32592
32599
32732
32661
32633
32649
32654
32664
32600
32676
32641
32659
32672
32736
32663
32601
32644
32580
32674
32673
32636
32615
32626
32616
32685
32635
32698
32683
32612
32660
32612
32629
32664
32668
32679
32639
32723
32642
32711
32694
32605
32679
32665
32682
32657
32623
32674
32681
32631
32651
32739
32695
32734
32656
32645
32724
32618
32583
32700
32687
32681
32618
32591
32637
32675
32616
32642
32549
32640
32680
32596
32662
32681
32665
32609
32639
32654
32691
32690
32634
32671
32698
32656
32659
32665
32610
32677
32628
32617
32612
32655
32686
32690
32658
32630
32618
32604
32674
32675
32701
32670
32646
32644
32651
32579
32652
32651
32643
32667
32681
32683
32700
32690
32641
32669
32619
32618
32615
32646
32630
32612
32653
32612
32667
32694
32662
32701
32671
32650
32660
32675
32685
32657
32670
32655
32668
32670
32694
32674
32635
32672
32695
32681
32640
32628
32611
32569
32640
32644
32687
32710
32596
32657
32629
32595
32640
32610
32671
32706
32687
32628
32602
32606
32612
32675
32662
32606
32659
32675
32644
32617
32648
32638
32647
32609
32597
32607
32643
32678
32626
32637
32669
32659
32614
32632
32630
32629
32610
32634
32644
32553
32614
32601
32614
32628
32629
32665
32606
32625
32616
32610
32665
32610
32627
32641
32584
32661
32669
32653
32658
32639
32644
32604
32601
32599
32600
32614
32586
32649
32609
32665
32585
32708
32699
32650
32666
32643
32646
32648
32622
32652
32696
32666
32656
32646
32661
32695
32665
32703
32629
32729
32685
32615
32649
32616
32606
32639
32709
32704
32657
32660
32635
32621
32632
32628
32603
32596
32658
32668
32657
32614
32633
32639
32649
32570
32642
32670
32644
32636
32664
32697
32653
32630
32655
32684
32660
32686
32702
32666
32626
32638
32658
32618
32635
32695
32625
32588
32695
32617
32661
32622
32643
32644
32685
32682
32688
32612
32622
32716
32648
32661
32671
32658
32710
32664
32679
32633
32623
32590
32613
32672
32670
32644
32611
32707
32732
32680
32687
32660
32706
32685
32619
32649
32665
32697
32627
32668
32606
32634
32658
32659
32657
32670
32638
32652
32628
32630
32606
32678
32677
32615
32669
32677
32660
32727
32672
32632
32685
32629
32624
32645
32625
32710
32692
32667
32671
32647
32684
32649
32662
32652
32612
32616
32565
32630
32632
32642
32665
32654
32644
32643
32708
32699
32688
32536
32627
32611
32613
32627
32680
32616
32546
32689
32633
32625
32665
32706
32623
32644
32587
32581
32713
32685
32638
32642
32622
32558
32627
32621
32629
32564
32642
32663
32657
32655
32670
32659
32643
32631
32595
32646
32655
32627
32675
32719
32659
32586
32656
32696
32648
32629
32637
32669
32607
32616
32665
32620
32610
32598
32641
32608
32584
32604
32634
32642
32635
32677
32717
32662
32659
32687
32652
32658
32688
32670
32674
32660
32703
32644
32594
32650
32582
32671
32641
32656
32639
32624
32655
32651
32626
32660
32616
32600
32673
32613
32658
32623
32588
32635
32679
32639
32688
32654
32693
32663
32643
32659
32636
32629
32667
32639
32628
32613
32667
32672
32623
32638
32607
32645
32611
32675
32633
32694
32697
32639
32680
32636
32623
32653
32673
32633
32624
32607
32688
32680
32650
32631
32627
32596
32600
32738
32634
32664
32714
32630
32705
32581
32643
32695
32656
32610
32676
32690
32618
32642
32694
32642
32540
32627
32653
32660
32617
32640
32547
32559
32640
32668
32634
32617
32685
32629
32648
32609
32764
32615
32699
32684
32675
32680
32705
32735
32641
32672
32719
32633
32637
32626
32615
32626
32628
32692
32669
32628
32587
32600
32681
32705
32694
32624
32656
32647
32618
32663
32577
32577
32602
32650
32671
32646
32655
32609
32628
32605
32586
32622
32631
32649
32598
32652
32679
32665
32685
32672
32602
32608
32649
32688
32660
32574
32578
32653
32659
32625
32663
32686
32702
32640
32620
32661
32667
32654
32719
32683
32604
32608
32674
32621
32664
32639
32723
32675
32666
32666
32689
32674
32670
32705
32630
32721
32669
32641
32657
32666
32678
32682
32620
32620
32599
32676
32670
32669
32670
32631
32603
32687
32693
32640
32618
32591
32661
32664
32664
32681
32640
32626
32661
32635
32682
32637
32639
32677
32648
32651
32664
32712
32699
32681
32685
32646
32678
32671
32678
32691
32639
32621
32694
32649
32642
32644
32664
32623
32677
32697
32659
32657
32699
32660
32667
32687
32695
32638
32673
32654
32667
32645
32722
32673
32638
32703
32627
32629
32617
32674
32734
32678
32654
32640
32651
32670
32625
32684
32629
32690
32654
32736
32704
32619
32685
32702
32686
32649
32562
32616
32618
32625
32675
32590
32624
32661
32612
32673
32655
32628
32663
32671
32660
32634
32617
32591
32641
32665
32677
32607
32671
32664
32650
32616
32704
32629
32641
32726
32722
32654
32645
32624
32642
32618
32661
32623
32650
32655
32634
32672
32623
32678
32649
32668
32649
32687
32640
32569
32682
32700
32638
32687
32656
32676
32619
32629
32670
32656
32666
32621
32649
32626
32646
32681
32643
32675
32597
32634
32688
32690
32645
32662
32654
32648
32653
32641
32646
32628
32626
32576
32640
32689
32596
32574
32638
32617
32611
32575
32574
32629
32649
32615
32593
32644
32667
32610
32647
32611
32553
32688
32623
32642
32670
32651
32628
32593
32677
32676
32644
32681
32694
32665
32635
32695
32650
32710
32636
32726
32678
32632
32656
32620
32700
32622
32552
32686
32603
32603
32652
32683
32633
32655
32657
32601
32617
32675
32657
32630
32631
32594
32618
32664
32694
32632
32600
32633
32703
32689
32627
32640
32643
32649
32626
32637
32621
32608
32631
32601
32644
32651
32657
32636
32638
32690
32659
32642
32681
32637
32635
32612
32643
32714
32610
32628
32566
32643
32582
32642
32590
32627
32627
32688
32556
32660
32662
32615
32639
32650
32682
32651
32578
32652
32663
32612
32653
32633
32637
32647
32629
32626
32703
32676
32694
32599
32679
32684
32671
32650
32612
32613
32707
32617
32678
32607
32629
32708
32664
32641
32674
32672
32611
32615
32686
32696
32691
32687
32647
32651
32618
32671
32699
32695
32669
32635
32626
32612
32613
32594
32585
32668
32617
32686
32604
32592
32622
32599
32673
32697
32626
32649
32679
32607
32599
32676
32678
32654
32643
32606
32676
32567
32676
32632
32646
32680
32665
32695
32626
32688
32641
32646
32654
32694
32637
32674
32656
32619
32691
32655
32606
32586
32610
32653
32715
32654
32635
32669
32672
32627
32698
32652
32656
32692
32705
32704
32600
32633
32632
32700
32626
32612
32608
32650
32634
32680
32639
32669
32622
32575
32604
32635
32622
32643
32654
32627
32648
32641
32637
32677
32648
32634
32654
32613
32631
32648
32571
32574
32621
32677
32617
32595
32623
32666
32611
32663
32655
32698
32633
32684
32677
32637
32669
32685
32632
32649
32669
32630
32656
32662
32637
32752
32634
32681
32610
32675
32651
32642
32604
32590
32623
32655
32655
32656
32622
32651
32662
32652
32724
32698
32695
32681
32613
32641
32675
32692
32633
32560
32659
32694
32706
32623
32584
32671
32636
32661
32702
32636
32654
32649
32684
32620
32657
32673
32636
32658
32647
32676
32655
32662
32609
32609
32674
32701
32618
32610
32686
32684
32682
32648
32613
32686
32649
32647
32603
32651
32628
32624
32719
32617
32616
32708
32621
32680
32670
32637
32605
32660
32645
32598
32597
32679
32630
32677
32740
32654
32621
32691
32701
32684
32633
32607
32662
32651
32619
32683
32685
32637
32635
32631
32636
32638
32678
32664
32635
32666
32663
32704
32634
32604
32643
32696
32669
32669
32642
32675
32635
32651
32636
32641
32641
32630
32699
32663
32682
32639
32706
32714
32715
32702
32683
32682
32632
32640
32644
32677
32588
32631
32630
32675
32626
32619
32687
32738
32621
32597
32645
32698
32671
32617
32622
32673
32650
32676
32666
32665
32723
32687
32656
32640
32704
32711
32690
32661
32569
32663
32669
32616
32649
32702
32640
32626
32650
32661
32656
32619
32668
32652
32661
32657
32688
32697
32734
32616
32621
32654
32659
32642
32730
32711
32624
32642
32641
32645
32692
32679
32686
32608
32660
32613
32673
32715
32662
32677
32657
32620
32590
32557
32661
32653
32642
32613
32682
32659
32628
32665
32677
32668
32632
32691
32669
32621
32593
32617
32626
32648
32649
32620
32655
32681
32608
32640
32706
32625
32622
32646
32668
32655
32627
32673
32689
32656
32673
32643
32642
32661
32616
32638
32673
32681
32690
32685
32662
32608
32644
32643
32597
32598
32598
32637
32643
32664
32679
32603
32657
32716
32674
32653
32663
32732
32649
32678
32636
32641
32700
32681
32623
32654
32657
32674
32656
32687
32615
32693
32634
32674
32689
32672
32639
32689
32687
32625
32670
32672
32646
32618
32611
32623
32647
32595
32613
32681
32653
32643
32651
32642
32653
32633
32632
32643
32703
32657
32603
32656
32620
32618
32656
32678
32685
32602
32657
32679
32677
32683
32621
32628
32653
32685
32621
32608
32632
32597
32635
32706
32627
32632
32658
32683
32662
32645
32659
32682
32665
32695
32647
32684
32666
32675
32657
32699
32692
32650
32571
32618
32660
32660
32691
32662
32644
32599
32694
32698
32659
32616
32638
32673
32606
32654
32663
32647
32697
32634
32643
32657
32663
32653
32612
32634
32615
32644
32620
32600
32566
32582
32693
32634
32652
32733
32627
32648
32658
32681
32617
32621
32677
32647
32603
32627
32631
32642
32669
32625
32632
32666
32605
32645
32647
32662
32722
32714
32640
32649
32622
32667
32637
32650
32649
32666
32735
32649
32701
32628
32655
32631
32632
32641
32664
32630
32606
32622
32672
32685
32637
32677
32652
32651
32614
32657
32661
32661
32694
32614
32611
32695
32651
32662
32659
32697
32663
32624
32673
32649
32658
32642
32641
32594
32638
32614
32663
32667
32679
32653
32641
32611
32675
32649
32651
32649
32627
32673
32667
32665
32602
32637
32708
32636
32615
32638
32682
32707
32651
32629
32608
32693
32702
32668
32677
32646
32574
32628
32600
32667
32619
32544
32578
32653
32686
32683
32642
32624
32573
32661
32623
32720
32704
32601
32618
32659
32637
32664
32651
32647
32651
32678
32683
32641
32679
32648
32641
32604
32589
32637
32647
32728
32548
32646
32650
32676
32667
32682
32602
32692
32681
32652
32660
32706
32677
32626
32632
32642
32649
32635
32572
32596
32616
32622
32604
32695
32649
32714
32690
32668
32657
32620
32689
32628
32687
32682
32614
32613
32695
32692
32638
32676
32633
32588
32653
32730
32651
32664
32642
32726
32695
32659
32587
32592
32624
32702
32624
32663
32677
32668
32642
32637
32648
32705
32696
32650
32707
32680
32687
32682
32756
32667
32622
32703
32628
32628
32617
32604
32662
32653
32665
32633
32710
32684
32646
32642
32654
32607
32649
32682
32670
32617
32627
32648
32693
32635
32653
32689
32649
32632
32679
32713
32653
32649
32610
32645
32642
32635
32687
32605
32671
32657
32685
32633
32641
32698
32608
32629
32638
32662
32644
32529
32638
32608
32666
32628
32675
32605
32698
32646
32618
32628
32611
32666
32678
32651
32639
32683
32675
32648
32649
32609
32634
32697
32693
32645
32680
32639
32673
32655
32600
32564
32631
32658
32641
32603
32556
32711
32627
32629
32635
32646
32594
32591
32664
32661
32661
32594
32721
32658
32681
32607
32681
32568
32598
32660
32721
32619
32676
32653
32694
32672
32672
32714
32678
32614
32673
32628
32663
32592
32684
32693
32642
32689
32653
32566
32639
32629
32595
32640
32704
32643
32677
32633
32625
32630
32656
32660
32624
32674
32666
32653
32617
32655
32712
32655
32676
32696
32684
32626
32571
32682
32644
32661
32632
32671
32623
32591
32631
32663
32675
32639
32618
32661
32709
32657
32631
32671
32649
32676
32622
32666
32662
32672
32672
32617
32677
32633
32639
32653
32610
32616
32638
32698
32721
32648
32588
32632
32669
32673
32636
32626
32634
32651
32635
32667
32627
32618
32634
32609
32568
32605
32703
32606
32620
32690
32660
32648
32647
32679
32729
32646
32648
32708
32626
32629
32693
32663
32586
32604
32610
32574
32607
32635
32616
32618
32608
32677
32641
32676
32684
32640
32698
32674
32661
32642
32693
32685
32727
32659
32641
32638
32666
32668
32652
32665
32659
32618
32653
32633
32630
32679
32597
32612
32653
32652
32714
32679
32626
32678
32667
32640
32687
32672
32659
32635
32659
32699
32682
32685
32624
32674
32653
32614
32657
32634
32675
32682
32638
32630
32621
32695
32672
32614
32597
32596
32597
32626
32658
32608
32720
32678
32661
32580
32562
32693
32667
32639
32655
32671
32633
32679
32669
32614
32639
32633
32676
32676
32630
32616
32612
32595
32648
32660
32666
32670
32635
32618
32648
32664
32682
32664
32629
32678
32708
32710
32690
32665
32718
32665
32688
32691
32679
32583
32587
32599
32661
32662
32623
32582
32687
32653
32736
32570
32623
32596
32643
32671
32638
32668
32690
32629
32651
32667
32749
32643
32680
32642
32685
32609
32687
32666
32650
32662
32657
32661
32653
32583
32645
32648
32625
32644
32618
32607
32640
32685
32709
32627
32677
32671
32614
32582
32601
32618
32566
32639
32642
32638
32701
32679
32694
32635
32679
32656
32663
32665
32642
32636
32683
32640
32611
32621
32585
32588
32669
32665
32612
32593
32606
32637
32686
32657
32663
32653
32631
32690
32670
32665
32681
32594
32642
32657
32633
32658
32648
32624
32588
32651
32671
32633
32647
32499
32669
32713
32604
32695
32641
32673
32623
32630
32655
32673
32659
32632
32713
32630
32647
32646
32679
32698
32609
32630
32693
32587
32652
32659
32639
32613
32631
32624
32579
32664
32650
32689
32672
32606
32656
32661
32653
32630
32683
32673
32661
32638
32639
32632
32624
32632
32753
32646
32644
32575
32647
32636
32625
32615
32664
32702
32639
32673
32598
32650
32632
32681
32651
32655
32685
32675
32638
32637
32632
32674
32670
32622
32650
32650
32659
32691
32681
32619
32655
32649
32632
32730
32713
32648
32639
32669
32648
32672
32646
32664
32625
32682
32652
32601
32668
32661
32628
32610
32708
32640
32650
32688
32658
32653
32667
32641
32669
32631
32670
32675
32666
32644
32636
32586
32700
32672
32699
32697
32644
32719
32695
32667
32699
32684
32687
32628
32716
32695
32689
32602
32548
32573
32629
32609
32622
32599
32683
32634
32663
32732
32637
32704
32662
32613
32635
32613
32619
32633
32642
32651
32573
32565
32705
32644
32611
32629
32580
32613
32688
32671
32654
32668
32648
32669
32649
32649
32624
32541
32651
32696
32621
32651
32579
32587
32699
32667
32659
32700
32659
32651
32596
32678
32690
32648
32639
32640
32681
32646
32617
32640
32673
32698
32685
32678
32678
32650
32719
32675
32696
32699
32634
32709
32696
32670
32646
32689
32658
32578
32646
32609
32668
32681
32678
32679
32675
32641
32628
32641
32645
32618
32658
32660
32686
32599
32599
32689
32663
32631
32656
32650
32583
32623
32668
32681
32651
32623
32683
32609
32690
32614
32682
32648
32674
32720
32649
32673
32702
32691
32654
32618
32631
32643
32582
32603
32623
32660
32674
32696
32600
32678
32697
32634
32677
32646
32635
32672
32630
32607
32626
32599
32678
32656
32663
32738
32669
32677
32742
32683
32636
32652
32637
32683
32674
32637
32684
32658
32681
32663
32642
32695
32712
32635
32752
32624
32547
32652
32672
32654
32596
32647
32649
32706
32653
32617
32695
32606
32648
32721
32756
32587
32639
32654
32680
32611
32627
32640
32737
32668
32575
32652
32733
32761
32690
32677
32601
32636
32684
32684
32672
32652
32642
32652
32633
32637
32648
32647
32655
32638
32687
32644
32728
32640
32653
32680
32620
32663
32715
32639
32654
32612
32670
32669
32671
32664
32672
32681
32636
32689
32650
32608
32655
32665
32667
32656
32692
32707
32610
32684
32657
32677
32691
32661
32643
32649
32684
32654
32659
32678
32640
32664
32658
32662
32688
32709
32694
32636
32700
32668
32619
32654
32617
32677
32651
32648
32647
32631
32662
32688
32636
32654
32691
32691
32593
32643
32660
32689
32637
32655
32628
32669
32581
32639
32674
32663
32675
32665
32645
32682
32670
32663
32707
32681
32717
32715
32639
32686
32677
32659
32665
32679
32679
32645
32730
32632
32618
32657
32677
32657
32626
32626
32677
32693
32652
32675
32646
32679
32679
32679
32657
32641
32663
32657
32639
32638
32615
32660
32656
32645
32732
32653
32634
32635
32682
32708
32643
32627
32647
32681
32648
32699
32679
32673
32647
32664
32611
32606
32690
32597
32606
32626
32671
32683
32729
32669
32654
32643
32586
32635
32627
32608
32628
32616
32637
32648
32702
32601
32610
32623
32688
32628
32601
32634
32613
32615
32719
32632
32652
32643
32683
32604
32585
32625
32630
32583
32602
32627
32669
32699
32631
32669
32695
32687
32639
32668
32611
32699
32659
32615
32640
32669
32622
32608
32630
32611
32689
32687
32615
32661
32590
32687
32636
32689
32623
32703
32714
32700
32709
32635
32652
32660
32622
32578
32618
32659
32655
32645
32629
32644
32650
32599
32654
32681
32620
32708
32683
32624
32663
32691
32627
32647
32646
32663
32630
32656
32649
32667
32620
32639
32607
32702
32623
32640
32614
32613
32567
32622
32635
32721
32668
32611
32687
32688
32690
32680
32634
32662
32705
32674
32721
32669
32646
32617
32700
32677
32636
32624
32666
32612
32656
32611
32682
32654
32709
32645
32670
32626
32659
32654
32580
32716
32726
32636
32723
32656
32673
32695
32661
32688
32682
32651
32659
32721
32618
32657
32632
32593
32673
32697
32703
32639
32731
32678
32650
32724
32637
32606
32594
32634
32630
32630
32707
32650
32550
32679
32676
32677
32634
32683
32750
32674
32617
32628
32676
32661
32659
32648
32636
32686
32627
32644
32682
32655
32663
32687
32693
32602
32689
32684
32651
32633
32639
32639
32636
32687
32657
32658
32688
32614
32675
32697
32617
32610
32680
32707
32659
32711
32606
32629
32708
32661
32645
32653
32620
32619
32642
32650
32665
32698
32667
32663
32672
32603
32624
32619
32659
32589
32621
32646
32682
32659
32716
32667
32700
32609
32618
32681
32661
32659
32697
32560
32693
32718
32727
32658
32592
32630
32646
32677
32631
32655
32609
32570
32622
32635
32685
32647
32657
32658
32677
32654
32647
32589
32594
32664
32705
32664
32664
32668
32657
32638
32670
32676
32669
32619
32645
32651
32664
32659
32651
32659
32620
32656
32630
32680
32637
32608
32635
32654
32632
32624
32629
32621
32630
32659
32650
32656
32652
32635
32619
32594
32626
32664
32656
32671
32615
32664
32599
32685
32656
32633
32682
32648
32651
32704
32638
32647
32681
32611
32649
32686
32672
32719
32704
32687
32651
32652
32672
32621
32679
32681
32634
32698
32657
32715
32647
32679
32712
32629
32686
32669
32695
32626
32636
32727
32604
32652
32638
32672
32633
32572
32727
32674
32640
32667
32606
32649
32670
32651
32709
32666
32643
32662
32631
32640
32682
32607
32669
32696
32694
32612
32642
32679
32662
32635
32627
32707
32668
32640
32723
32656
32689
32679
32698
32650
32679
32666
32654
32716
32660
32655
32647
32634
32687
32634
32677
32695
32670
32686
32709
32641
32635
32636
32597
32687
32686
32674
32642
32633
32619
32669
32678
32671
32635
32631
32609
32627
32679
32690
32661
32695
32671
32717
32621
32641
32707
32707
32684
32652
32680
32637
32637
32647
32629
32673
32689
32624
32649
32706
32695
32629
32611
32630
32698
32636
32719
32754
32704
32702
32630
32615
32662
32611
32588
32646
32676
32625
32638
32632
32619
32689
32687
32776
32729
32631
32792
32637
32701
32693
32667
32626
32623
32620
32624
32627
32613
32630
32679
32655
32670
32655
32680
32682
32672
32620
32700
32649
32644
32716
32672
32653
32658
32679
32639
32654
32741
32698
32640
32704
32664
32656
32663
32668
32677
32587
32594
32670
32633
32658
32734
32660
32637
32627
32653
32614
32713
32703
32675
32674
32669
32673
32651
32672
32642
32653
32644
32735
32687
32658
32651
32613
32707
32658
32610
32666
32671
32653
32612
32641
32700
32655
32645
32677
32693
32639
32614
32730
32730
32642
32639
32659
32614
32592
32692
32648
32661
32729
32682
32608
32657
32626
32651
32565
32619
32716
32701
32657
32598
32676
32671
32616
32609
32647
32642
32664
32698
32612
32667
32644
32649
32624
32671
32659
32694
32616
32702
32690
32672
32606
32705
32640
32660
32684
32672
32693
32723
32674
32681
32609
32611
32650
32639
32661
32682
32624
32621
32679
32656
32628
32670
32666
32667
32666
32630
32616
32632
32673
32686
32685
32686
32608
32645
32668
32638
32648
32599
32614
32616
32605
32608
32677
32632
32652
32680
32645
32672
32648
32595
32676
32658
32614
32626
32627
32622
32641
32620
32677
32667
32708
32682
32660
32727
32687
32664
32704
32689
32680
32642
32646
32696
32680
32642
32675
32667
32659
32687
32634
32660
32668
32580
32635
32647
32621
32646
32623
32676
32720
32690
32646
32621
32669
32604
32725
32717
32677
32686
32642
32623
32668
32664
32694
32636
32647
32666
32648
32707
32596
32660
32610
32692
32627
32667
32632
32680
32654
32631
32629
32648
32687
32660
32670
32650
32681
32643
32618
32682
32641
32638
32692
32707
32682
32693
32642
32618
32656
32690
32649
32655
32609
32602
32623
32684
32640
32569
32586
32619
32652
32651
32632
32652
32639
32672
32685
32680
32707
32607
32691
32604
32650
32649
32652
32593
32647
32679
32625
32611
32635
32676
32600
32679
32665
32675
32617
32653
32598
32705
32618
32668
32683
32615
32656
32722
32652
32667
32678
32720
32675
32662
32661
32652
32649
32661
32709
32676
32681
32679
32662
32649
32636
32607
32610
32671
32637
32677
32622
32637
32690
32662
32671
32630
32633
32662
32665
32674
32661
32638
32649
32683
32644
32624
32684
32627
32625
32646
32630
32649
32621
32649
32607
32641
32672
32602
32615
32690
32698
32556
32655
32600
32677
32658
32613
32606
32633
32681
32708
32659
32658
32664
32689
32680
32637
32613
32643
32623
32629
32681
32682
32627
32648
32619
32624
32655
32612
32617
32668
32660
32646
32661
32629
32620
32651
32671
32647
32663
32595
32661
32649
32627
32585
32654
32654
32629
32624
32654
32675
32595
32618
32611
32643
32691
32612
32606
32641
32682
32642
32689
32657
32667
32664
32685
32678
32607
32720
32610
32636
32697
32593
32621
32615
32689
32654
32638
32653
32697
32677
32600
32641
32650
32655
32653
32649
32645
32544
32638
32604
32643
32658
32609
32623
32681
32684
32656
32710
32689
32630
32634
32673
32629
32649
32644
32642
32678
32653
32623
32578
32621
32701
32681
32634
32667
32659
32651
32715
32682
32649
32654
32656
32657
32731
32682
32642
32640
32640
32610
32658
32746
32654
32628
32707
32605
32624
32668
32646
32634
32646
32640
32629
32635
32651
32623
32580
32663
32687
32641
32613
32675
32638
32618
32635
32685
32631
32644
32610
32615
32677
32686
32662
32680
32611
32677
32642
32681
32624
32678
32660
32633
32614
32708
32680
32658
32685
32636
32652
32667
32683
32677
32619
32675
32644
32676
32697
32665
32590
32573
32689
32643
32729
32673
32686
32647
32658
32696
32703
32695
32634
32640
32650
32703
32680
32649
32618
32669
32619
32531
32640
32628
32677
32656
32694
32719
32674
32666
32627
32692
32666
32693
32713
32701
32652
32660
32606
32645
32655
32632
32668
32667
32614
32629
32668
32712
32695
32584
32625
32630
32646
32582
32655
32664
32665
32576
32650
32673
32643
32708
32636
32677
32582
32614
32708
32708
32732
32657
32710
32701
32612
32609
32696
32598
32650
32684
32641
32580
32589
32609
32629
32665
32644
32653
32668
32632
32575
32673
32627
32667
32566
32729
32622
32631
32649
32667
32676
32583
32640
32663
32685
32642
32606
32655
32659
32634
32643
32598
32665
32644
32661
32684
32659
32699
32667
32614
32669
32662
32663
32664
32580
32706
32735
32666
32560
32687
32662
32661
32593
32621
32645
32598
32632
32632
32629
32636
32672
32620
32632
32590
32626
32702
32651
32631
32685
32693
32673
32629
32627
32606
32632
32672
32654
32682
32620
32521
32708
32667
32623
32624
32654
32669
32698
32642
32663
32669
32618
32674
32694
32664
32663
32686
32643
32584
32627
32696
32671
32636
32641
32652
32648
32649
32680
32686
32673
32660
32655
32638
32648
32600
32611
32625
32724
32669
32688
32647
32712
32627
32614
32619
32672
32656
32657
32633
32686
32611
32664
32686
32726
32710
32631
32709
32694
32652
32677
32648
32687
32548
32621
32609
32734
32639
32675
32687
32622
32681
32651
32645
32642
32612
32632
32700
32742
32647
32645
32667
32730
32697
32662
32709
32667
32695
32688
32630
32638
32703
32720
32629
32646
32676
32656
32676
32713
32663
32621
32640
32706
32700
32633
32608
32659
32654
32617
32637
32631
32674
32662
32654
32645
32633
32673
32715
32726
32670
32603
32662
32652
32644
32730
32704
32661
32631
32643
32671
32576
32665
32623
32654
32633
32644
32605
32700
32659
32656
32670
32665
32667
32630
32681
32605
32620
32576
32506
32603
32604
32644
32690
32641
32644
32613
32699
32648
32619
32647
32690
32612
32624
32637
32642
32673
32686
32693
32613
32708
32650
32587
32636
32612
32624
32699
32671
32613
32602
32653
32624
32610
32610
32668
32663
32624
32655
32601
32663
32686
32714
32694
32698
32657
32676
32735
32715
32686
32674
32687
32674
32647
32669
32642
32524
32621
32670
32665
32653
32655
32621
32624
32667
32712
32720
32665
32686
32664
32635
32629
32658
32661
32620
32689
32622
32639
32626
32655
32677
32705
32701
32674
32563
32657
32657
32640
32667
32679
32666
32724
32688
32689
32687
32624
32631
32719
32646
32675
32676
32602
32638
32662
32663
32557
32645
32663
32662
32664
32715
32672
32644
32689
32678
32636
32593
32710
32655
32658
32634
32701
32690
32669
32668
32629
32666
32617
32585
32647
32669
32628
32683
32657
32632
32593
32666
32681
32697
32578
32621
32706
32671
32650
32605
32643
32641
32649
32634
32634
32626
32655
32651
32603
32627
32637
32660
32606
32651
32622
32663
32614
32608
32565
32621
32639
32657
32627
32627
32628
32637
32590
32658
32617
32666
32651
32669
32674
32655
32652
32660
32642
32641
32606
32657
32661
32630
32639
32674
32658
32627
32627
32706
32694
32676
32628
32628
32656
32616
32642
32602
32701
32652
32624
32628
32615
32681
32627
32689
32687
32642
32686
32615
32652
32647
32581
32596
32635
32630
32673
32666
32660
32680
32668
32685
32682
32685
32658
32689
32625
32646
32644
32660
32673
32608
32599
32618
32566
32663
32681
32646
32569
32581
32636
32661
32666
32653
32621
32708
32658
32667
32655
32642
32650
32593
32658
32672
32621
32607
32620
32647
32594
32626
32679
32645
32654
32537
32686
32637
32634
32593
32657
32675
32662
32635
32653
32695
32643
32676
32664
32661
32655
32694
32657
32590
32684
32678
32642
32592
32686
32701
32653
32611
32607
32641
32691
32601
32648
32687
32648
32713
32683
32629
32621
32637
32627
32675
32645
32615
32593
32564
32639
32608
32577
32556
32606
32616
32695
32700
32646
32630
32667
32640
32639
32569
32659
32684
32641
32682
32656
32712
32690
32733
32567
32625
32670
32633
32625
32644
32690
32675
32676
32671
32649
32626
32643
32656
32643
32645
32632
32637
32655
32626
32633
32687
32634
32618
32639
32664
32728
32652
32612
32584
32673
32623
32688
32659
32633
32651
32665
32595
32623
32646
32570
32541
32608
32651
32643
32614
32645
32603
32692
32619
32589
32629
32607
32641
32663
32642
32726
32681
32676
32622
32663
32641
32635
32665
32648
32647
32651
32615
32653
32728
32664
32651
32716
32703
32638
32666
32645
32596
32647
32644
32642
32647
32687
32635
32634
32601
32641
32696
32607
32679
32667
32616
32638
32617
32634
32663
32667
32674
32644
32684
32669
32633
32722
32629
32682
32623
32627
32590
32642
32621
32628
32603
32680
32651
32669
32635
32634
32694
32701
32628
32628
32568
32635
32680
32628
32609
32670
32679
32689
32694
32645
32629
32646
32664
32677
32663
32688
32610
32647
32639
32637
32673
32659
32675
32596
32598
32658
32602
32576
32618
32616
32645
32647
32685
32635
32646
32701
32608
32659
32699
32628
32622
32679
32694
32659
32646
32687
32653
32654
32646
32648
32712
32643
32661
32655
32661
32629
32612
32665
32685
32646
32578
32612
32584
32650
32662
32664
32571
32686
32640
32588
32586
32651
32602
32584
32633
32691
32705
32604
32634
32679
32676
32645
32694
32596
32635
32668
32712
32652
32620
32669
32621
32626
32641
32635
32689
32676
32621
32608
32641
32657
32628
32628
32657
32675
32695
32642
32715
32651
32634
32667
32612
32645
32711
32681
32598
32682
32629
32714
32657
32646
32653
32661
32632
32660
32584
32609
32631
32622
32664
32654
32618
32607
32599
32633
32605
32615
32607
32607
32596
32663
32636
32670
32685
32688
32676
32677
32644
32674
32608
32647
32619
32702
32670
32638
32641
32609
32650
32704
32691
32659
32661
32615
32661
32646
32620
32656
32666
32619
32653
32666
32648
32657
32654
32658
32670
32632
32670
32604
32634
32639
32620
32669
32635
32770
32714
32675
32706
32650
32689
32632
32626
32607
32642
32643
32584
32636
32682
32693
32684
32666
32688
32668
32615
32648
32666
32676
32663
32674
32655
32644
32621
32667
32649
32650
32622
32622
32688
32675
32691
32666
32614
32657
32618
32662
32649
32601
32665
32698
32641
32642
32689
32625
32636
32673
32623
32652
32638
32625
32635
32657
32647
32713
32665
32685
32611
32537
32648
32663
32649
32687
32630
32594
32647
32661
32647
32658
32686
32654
32712
32691
32753
32690
32678
32605
32617
32660
32691
32618
32664
32675
32645
32751
32675
32643
32656
32681
32687
32695
32694
32704
32647
32611
32644
32684
32632
32604
32637
32676
32700
32635
32659
32630
32680
32668
32674
32644
32651
32647
32578
32608
32683
32659
32520
32630
32629
32643
32693
32647
32659
32680
32625
32651
32678
32669
32615
32598
32655
32708
32634
32606
32616
32693
32651
32730
32687
32676
32677
32654
32687
32600
32611
32629
32651
32637
32633
32688
32709
32635
32677
32674
32636
32587
32711
32667
32639
32695
32651
32608
32615
32697
32621
32641
32574
32678
32639
32655
32662
32673
32653
32649
32593
32609
32633
32691
32659
32594
32686
32616
32600
32602
32673
32690
32658
32618
32624
32638
32593
32568
32651
32640
32544
32677
32655
32659
32611
32671
32649
32585
32628
32631
32704
32717
32693
32626
32708
32686
32617
32664
32677
32681
32606
32620
32575
32598
32587
32573
32646
32659
32618
32630
32668
32635
32619
32655
32609
32540
32661
32618
32607
32626
32615
32652
32622
32661
32611
32578
32630
32635
32643
32716
32645
32641
32656
32648
32624
32656
32623
32655
32598
32706
32640
32614
32622
32660
32559
32602
32690
32703
32641
32691
32711
32641
32626
32681
32685
32610
32682
32684
32653
32616
32713
32689
32661
32720
32660
32598
32670
32688
32649
32683
32603
32638
32682
32637
32689
32657
32648
32605
32573
32607
32641
32630
32630
32614
32666
32636
32631
32639
32704
32713
32685
32656
32749
32694
32670
32616
32652
32628
32629
32626
32648
32584
32631
32682
32635
32667
32682
32651
32623
32623
32579
32635
32578
32645
32653
32651
32646
32664
32683
32662
32618
32677
32615
32673
32657
32655
32614
32681
32652
32625
32681
32627
32591
32646
32608
32608
32663
32653
32656
32613
32685
32722
32642
32720
32630
32622
32668
32665
32592
32639
32674
32627
32625
32683
32665
32666
32590
32676
32655
32644
32678
32679
32684
32652
32654
32633
32636
32652
32634
32662
32660
32713
32664
32705
32690
32657
32634
32663
32727
32696
32647
32654
32672
32626
32600
32627
32665
32614
32646
32590
32636
32657
32661
32641
32669
32662
32642
32704
32610
32646
32634
32604
32607
32651
32642
32751
32710
32647
32687
32620
32651
32700
32694
32624
32671
32640
32639
32628
32703
32736
32755
32681
32701
32646
32705
32642
32638
32671
32592
32663
32692
32683
32670
32616
32694
32667
32669
32688
32688
32652
32653
32640
32635
32652
32672
32721
32660
32604
32624
32690
32620
32654
32641
32657
32627
32623
32685
32676
32649
32687
32648
32614
32547
32657
32700
32701
32620
32609
32610
32612
32657
32650
32659
32651
32635
32707
32634
32613
32626
32592
32678
32629
32675
32706
32688
32701
32648
32743
32657
32712
32707
32656
32610
32676
32613
32613
32602
32628
32675
32660
32694
32691
32558
32634
32712
32689
32600
32629
32653
32611
32693
32695
32632
32640
32643
32594
32605
32630
32641
32657
32649
32635
32672
32586
32608
32649
32645
32667
32672
32677
32703
32679
32673
32715
32697
32713
32654
32617
32712
32668
32635
32624
32654
32664
32612
32631
32632
32640
32696
32690
32672
32661
32684
32649
32612
32636
32615
32664
32630
32620
32745
32654
32621
32575
32698
32678
32707
32667
32666
32662
32626
32642
32630
32662
32739
32657
32623
32630
32620
32684
32642
32573
32600
32582
32690
32637
32593
32610
32655
32656
32669
32635
32669
32647
32622
32668
32679
32688
32555
32611
32704
32728
32675
32645
32610
32660
32632
32639
32670
32679
32598
32627
32665
32652
32662
32592
32622
32688
32674
32618
32622
32670
32672
32662
32647
32628
32598
32663
32649
32729
32645
32628
32631
32633
32715
32630
32644
32660
32675
32656
32646
32672
32611
32655
32626
32702
32586
32603
32621
32656
32635
32657
32684
32607
32668
32654
32654
32653
32610
32675
32681
32624
32626
32660
32692
32618
32704
32685
32699
32611
32630
32693
32705
32636
32675
32662
32665
32684
32602
32671
32687
32589
32633
32692
32664
32663
32720
32660
32659
32659
32625
32661
32681
32705
32614
32650
32643
32568
32670
32686
32669
32686
32727
32656
32724
32638
32593
32579
32606
32633
32677
32665
32643
32603
32626
32676
32655
32670
32674
32633
32606
32658
32684
32640
32642
32700
32636
32628
32657
32631
32651
32655
32619
32595
32637
32620
32624
32659
32628
32637
32658
32675
32678
32691
32629
32670
32664
32654
32668
32699
32664
32654
32668
32685
32640
32603
32655
32715
32706
32642
32654
32666
32675
32664
32622
32619
32700
32655
32683
32618
32653
32660
32649
32734
32596
32680
32706
32732
32653
32708
32671
32687
32620
32680
32685
32686
32695
32642
32674
32686
32676
32670
32693
32631
32679
32700
32623
32569
32596
32632
32639
32621
32641
32626
32608
32630
32663
32667
32655
32682
32639
32598
32663
32708
32642
32641
32678
32712
32621
32640
32593
32573
32659
32665
32658
32631
32631
32691
32667
32652
32634
32656
32591
32706
32697
32673
32690
32710
32683
32665
32663
32572
32607
32659
32664
32748
32666
32655
32660
32648
32610
32693
32598
32621
32710
32667
32647
32682
32602
32668
32626
32684
32676
32648
32612
32634
32636
32624
32677
32613
32675
32675
32665
32698
32592
32691
32624
32619
32638
32629
32679
32667
32623
32655
32688
32655
32653
32623
32630
32623
32649
32641
32622
32671
32623
32674
32639
32612
32602
32686
32586
32636
32651
32626
32726
32641
32652
32641
32639
32687
32661
32685
32692
32662
32596
32632
32656
32700
32664
32557
32672
32683
32716
32626
32626
32664
32656
32670
32636
32698
32694
32675
32651
32672
32662
32661
32617
32666
32682
32626
32593
32626
32645
32644
32596
32716
32684
32639
32608
32606
32591
32618
32636
32665
32657
32705
32696
32687
32609
32634
32678
32665
32641
32680
32662
32731
32676
32693
32699
32634
32693
32655
32609
32606
32594
32639
32638
32669
32603
32639
32635
32696
32655
32595
32709
32689
32706
32616
32636
32712
32649
32657
32673
32665
32634
32730
32657
32642
32616
32649
32628
32621
32657
32699
32635
32643
32607
32647
32616
32595
32636
32640
32635
32674
32744
32711
32642
32645
32573
32654
32635
32658
32580
32686
32723
32669
32665
32638
32659
32711
32677
32693
32656
32634
32624
32597
32626
32621
32651
32699
32698
32607
32680
32649
32650
32650
32714
32653
32657
32627
32639
32636
32632
32557
32648
32623
32580
32597
32654
32647
32675
32647
32634
32713
32695
32636
32659
32701
32696
32655
32669
32671
32684
32665
32663
32640
32662
32674
32627
32589
32728
32640
32629
32631
32602
32646
32665
32683
32697
32700
32657
32654
32631
32623
32682
32605
32644
32668
32648
32631
32671
32610
32653
32657
32653
32618
32667
32609
32643
32628
32662
32681
32730
32617
32629
32647
32646
32689
32668
32690
32625
32715
32606
32592
32590
32685
32691
32660
32638
32663
32658
32621
32658
32703
32669
32614
32599
32659
32618
32682
32705
32653
32595
32558
32668
32677
32590
32630
32618
32587
32622
32615
32608
32640
32621
32610
32665
32641
32704
32610
32620
32645
32621
32695
32602
32598
32633
32672
32728
32647
32640
32589
32644
32627
32594
32740
32641
32677
32632
32642
32659
32672
32655
32670
32667
32592
32615
32622
32681
32566
32711
32630
32645
32604
32623
32679
32590
32619
32651
32637
32657
32627
32664
32591
32718
32698
32673
32608
32663
32645
32637
32722
32653
32643
32641
32697
32652
32637
32642
32649
32645
32652
32647
32655
32594
32667
32626
32628
32633
32612
32605
32592
32598
32708
32668
32640
32687
32649
32660
32666
32652
32647
32683
32687
32656
32681
32713
32696
32675
32718
32688
32676
32713
32722
32664
32630
32649
32678
32691
32662
32657
32728
32648
32628
32654
32653
32639
32636
32656
32665
32658
32586
32683
32601
32591
32621
32664
32656
32614
32661
32696
32669
32658
32574
32647
32649
32628
32624
32691
32592
32685
32646
32670
32648
32600
32711
32644
32632
32664
32609
32616
32656
32614
32704
32692
32621
32685
32714
32667
32695
32660
32642
32630
32621
32618
32672
32678
32689
32711
32662
32620
32669
32690
32679
32689
32696
32699
32621
32671
32637
32642
32627
32647
32587
32624
32659
32637
32682
32583
32699
32611
32611
32637
32658
32625
32651
32601
32646
32672
32647
32585
32682
32651
32678
32688
32606
32632
32603
32635
32671
32645
32671
32595
32656
32654
32655
32658
32621
32737
32696
32631
32652
32635
32667
32678
32664
32632
32644
32614
32629
32676
32654
32596
32641
32666
32664
32637
32697
32714
32628
32630
32626
32655
32606
32724
32744
32642
32696
32652
32683
32643
32655
32622
32623
32640
32664
32639
32632
32712
32653
32622
32661
32657
32641
32629
32695
32712
32764
32671
32655
32647
32661
32672
32659
32650
32676
32651
32630
32626
32650
32670
32593
32670
32659
32694
32697
32664
32647
32660
32646
32630
32709
32626
32696
32649
32627
32697
32626
32731
32583
32756
32678
32677
32653
32607
32643
32664
32669
32642
32605
32627
32631
32639
32610
32661
32663
32677
32614
32705
32650
32621
32660
32686
32633
32672
32647
32619
32595
32677
32648
32646
32628
32659
32614
32621
32707
32693
32651
32624
32713
32651
32619
32615
32619
32643
32693
32666
32657
32606
32651
32674
32643
32596
32650
32620
32636
32579
32641
32647
32646
32641
32630
32627
32594
32649
32606
32628
32659
32634
32627
32603
32641
32620
32638
32580
32666
32626
32657
32693
32651
32665
32684
32668
32663
32669
32684
32646
32710
32696
32627
32617
32601
32598
32646
32615
32647
32677
32653
32639
32636
32671
32657
32681
32683
32735
32673
32681
32680
32737
32615
32639
32634
32653
32666
32633
32642
32665
32609
32616
32702
32675
32634
32673
32600
32670
32627
32717
32623
32622
32653
32647
32578
32622
32671
32664
32675
32639
32680
32630
32700
32670
32671
32653
32699
32663
32625
32663
32713
32700
32608
32622
32701
32631
32644
32661
32702
32693
32667
32649
32656
32722
32673
32689
32655
32577
32691
32661
32693
32671
32673
32631
32646
32695
32674
32803
32682
32730
32760
32732
32662
32680
32731
32724
32669
32685
32664
32710
32695
32657
32654
32627
32634
32656
32649
32660
32695
32679
32721
32705
32647
32652
32593
32631
32650
32666
32709
32717
32617
32586
32681
32669
32729
32726
32664
32666
32639
32710
32685
32610
32657
32584
32641
32640
32667
32644
32638
32674
32637
32657
32720
32657
32631
32665
32611
32566
32632
32657
32648
32674
32650
32650
32641
32652
32671
32635
32632
32639
32660
32705
32632
32558
32568
32620
32637
32671
32661
32659
32653
32679
32664
32680
32700
32625
32633
32680
32563
32634
32622
32613
32673
32634
32623
32634
32612
32582
32512
32635
32628
32631
32570
32648
32654
32613
32625
32643
32580
32630
32630
32680
32616
32602
32643
32655
32657
32711
32677
32617
32650
32670
32718
32629
32649
32664
32634
32668
32638
32635
32650
32645
32637
32612
32654
32684
32633
32632
32616
32682
32599
32650
32658
32666
32692
32670
32690
32662
32596
32620
32551
32677
32603
32583
32603
32653
32625
32699
32652
32682
32692
32652
32660
32624
32714
32655
32659
32653
32656
32659
32578
32642
32612
32580
32682
32700
32675
32659
32667
32619
32655
32675
32646
32701
32644
32662
32664
32639
32624
32660
32651
32665
32610
32659
32688
32632
32669
32650
32683
32688
32623
32685
32595
32608
32674
32655
32661
32640
32712
32644
32680
32572
32615
32657
32663
32621
32729
32649
32597
32658
32633
32632
32639
32635
32658
32625
32691
32686
32587
32615
32702
32637
32641
32643
32618
32633
32637
32616
32620
32541
32576
32634
32631
32666
32684
32629
32620
32662
32724
32671
32648
32664
32654
32615
32608
32612
32594
32639
32679
32659
32650
32650
32687
32632
32632
32642
32650
32622
32683
32708
32635
32651
32654
32656
32632
32579
32674
32647
32641
32668
32698
32624
32635
32655
32631
32655
32669
32690
32635
32747
32669
32671
32634
32758
32671
32609
32643
32645
32690
32695
32670
32717
32655
32653
32653
32688
32624
32708
32693
32628
32667
32724
32658
32653
32604
32707
32718
32630
32662
32714
32704
32676
32648
32584
32598
32598
32669
32664
32688
32614
32703
32676
32631
32635
32653
32680
32703
32661
32641
32636
32709
32625
32669
32679
32647
32690
32613
32640
32692
32706
32683
32693
32681
32667
32706
32649
32636
32634
32702
32694
32660
32666
32692
32657
32724
32674
32585
32628
32671
32618
32652
32634
32670
32690
32629
32633
32698
32635
32676
32648
32621
32600
32674
32630
32680
32630
32611
32667
32666
32654
32664
32705
32533
32640
32600
32630
32659
32658
32605
32691
32602
32672
32617
32623
32641
32600
32599
32642
32681
32655
32670
32648
32633
32699
32586
32640
32624
32632
32615
32611
32568
32622
32684
32672
32628
32680
32628
32697
32659
32628
32692
32657
32671
32583
32646
32650
32666
32647
32631
32671
32661
32667
32677
32704
32647
32645
32649
32674
32632
32601
32659
32624
32583
32635
32537
32582
32657
32631
32597
32595
32538
32692
32677
32717
32646
32639
32653
32600
32658
32677
32682
32688
32676
32726
32681
32634
32665
32648
32590
32624
32655
32689
32601
32657
32621
32645
32692
32658
32675
32655
32663
32639
32641
32630
32709
32680
32664
32567
32639
32653
32628
32644
32680
32720
32682
32634
32659
32622
32685
32656
32619
32641
32629
32590
32662
32682
32666
32672
32658
32645
32706
32717
32683
32704
32666
32624
32600
32643
32672
32636
32643
32698
32694
32614
32627
32633
32723
32632
32645
32644
32718
32638
32664
32664
32629
32697
32709
32640
32609
32738
32724
32702
32612
32645
32633
32674
32673
32606
32619
32646
32712
32656
32641
32658
32618
32660
32679
32687
32561
32720
32634
32652
32671
32654
32652
32655
32688
32690
32721
32677
32702
32672
32665
32707
32779
32673
32661
32689
32739
32760
32666
32656
32644
32651
32652
32609
32695
32674
32641
32711
32692
32640
32663
32711
32661
32618
32669
32639
32678
32626
32595
32706
32697
32644
32655
32700
32715
32678
32675
32615
32587
32670
32647
32653
32662
32682
32696
32704
32651
32642
32633
32684
32724
32669
32660
32644
32613
32675
32648
32629
32584
32699
32657
32617
32629
32643
32646
32653
32682
32651
32670
32676
32647
32604
32613
32697
32698
32685
32657
32676
32692
32650
32678
32640
32671
32628
32613
32626
32670
32654
32635
32648
32642
32592
32676
32723
32674
32692
32666
32645
32626
32649
32638
32641
32682
32670
32658
32654
32657
32661
32638
32654
32679
32654
32639
32730
32703
32646
32718
32670
32672
32613
32651
32668
32638
32681
32708
32627
32641
32683
32663
32649
32676
32683
32695
32698
32633
32659
32663
32689
32676
32630
32625
32609
32704
32650
32711
32692
32706
32640
32711
32631
32643
32593
32641
32692
32721
32731
32586
32679
32657
32617
32661
32739
32617
32718
32687
32692
32647
32674
32660
32686
32687
32697
32635
32701
32678
32630
32620
32611
32607
32655
32709
32640
32654
32658
32657
32633
32625
32621
32637
32682
32787
32676
32660
32644
32653
32668
32686
32615
32643
32710
32650
32660
32645
32622
32671
32683
32644
32661
32638
32702
32651
32700
32729
32608
32646
32683
32646
32662
32663
32644
32629
32557
32629
32654
32634
32576
32637
32630
32644
32626
32652
32686
32615
32660
32605
32663
32625
32612
32674
32646
32636
32640
32606
32660
32685
32667
32677
32610
32682
32631
32676
32687
32609
32668
32729
32590
32637
32707
32663
32643
32632
32691
32695
32656
32670
32663
32663
32675
32655
32615
32686
32653
32646
32673
32690
32665
32655
32690
32714
32688
32675
32715
32668
32629
32662
32624
32655
32657
32646
32695
32723
32624
32665
32685
32641
32621
32658
32662
32644
32616
32637
32735
32676
32679
32602
32597
32647
32643
32621
32622
32648
32655
32689
32691
32672
32691
32634
32635
32613
32671
32648
32645
32612
32614
32591
32687
32634
32646
32632
32648
32623
32691
32615
32687
32708
32627
32695
32692
32655
32640
32692
32712
32614
32648
32665
32655
32643
32657
32691
32649
32649
32692
32629
32644
32606
32614
32650
32614
32592
32570
32675
32647
32601
32663
32624
32671
32658
32643
32670
32631
32618
32602
32636
32648
32638
32608
32618
32639
32622
32586
32692
32653
32658
32662
32701
32648
32627
32635
32643
32658
32665
32654
32704
32619
32511
32648
32611
32710
32673
32672
32664
32634
32598
32629
32662
32656
32643
32648
32607
32655
32675
32629
32640
32689
32638
32604
32685
32636
32684
32640
32648
32664
32590
32639
32622
32652
32640
32669
32638
32675
32608
32613
32672
32664
32624
32634
32656
32672
32641
32740
32659
32679
32646
32660
32688
32680
32616
32692
32644
32592
32645
32667
32697
32563
32622
32707
32642
32664
32656
32689
32678
32666
32652
32687
32607
32620
32628
32642
32618
32627
32671
32693
32672
32630
32641
32674
32664
32676
32640
32669
32662
32662
32666
32653
32693
32680
32649
32660
32652
32661
32599
32739
32695
32689
32640
32688
32689
32670
32686
32655
32702
32661
32612
32617
32608
32656
32666
32748
32709
32637
32693
32630
32602
32580
32662
32684
32618
32660
32617
32679
32684
32611
32686
32635
32612
32541
32684
32641
32640
32699
32693
32670
32637
32653
32687
32705
32634
32628
32582
32686
32648
32605
32693
32649
32641
32646
32654
32684
32680
32590
32659
32670
32644
32631
32649
32622
32633
32620
32705
32718
32621
32647
32727
32702
32700
32627
32683
32656
32686
32636
32655
32651
32632
32620
32690
32658
32622
32601
32617
32636
32613
32658
32647
32613
32632
32695
32618
32660
32646
32605
32634
32676
32699
32701
32682
32745
32708
32670
32663
32638
32668
32655
32600
32642
32642
32691
32657
32673
32616
32660
32627
32651
32573
32607
32678
32632
32609
32625
32690
32660
32641
32660
32741
32678
32622
32695
32637
32646
32708
32608
32654
32684
32634
32624
32648
32594
32598
32591
32621
32671
32666
32632
32636
32595
32607
32626
32660
32628
32671
32661
32623
32648
32678
32655
32625
32628
32592
32578
32617
32655
32636
32636
32610
32670
32664
32698
32689
32536
32650
32646
32676
32659
32685
32614
32606
32640
32670
32660
32664
32691
32654
32673
32673
32630
32634
32606
32671
32680
32638
32650
32675
32622
32678
32619
32596
32675
32673
32641
32672
32656
32664
32662
32641
32649
32706
32687
32667
32693
32669
32619
32634
32668
32689
32686
32634
32620
32623
32615
32673
32648
32710
32646
32659
32614
32701
32642
32586
32631
32613
32649
32653
32687
32635
32680
32637
32657
32695
32645
32636
32704
32653
32683
32696
32683
32650
32674
32607
32626
32687
32631
32535
32631
32630
32655
32659
32674
32685
32614
32704
32668
32609
32631
32675
32647
32668
32675
32636
32631
32690
32632
32614
32635
32622
32657
32600
32672
32625
32610
32681
32654
32663
32659
32621
32700
32650
32682
32681
32677
32685
32634
32654
32673
32706
32713
32663
32675
32682
32658
32668
32641
32657
32619
32683
32626
32682
32668
32669
32651
32676
32581
32652
32693
32650
32650
32684
32666
32641
32699
32680
32648
32661
32724
32647
32634
32682
32635
32678
32622
32627
32672
32648
32601
32575
32684
32692
32604
32691
32716
32687
32683
32626
32613
32702
32634
32660
32631
32658
32630
32671
32655
32636
32602
32594
32654
32633
32662
32660
32684
32672
32614
32688
32671
32705
32705
32702
32687
32665
32681
32659
32696
32723
32655
32660
32629
32669
32721
32638
32642
32631
32594
32724
32688
32684
32656
32688
32672
32685
32655
32618
32641
32641
32640
32657
32656
32675
32648
32667
32649
32674
32628
32622
32667
32684
32662
32625
32664
32704
32629
32612
32658
32663
32623
32541
32674
32628
32629
32549
32683
32676
32651
32649
32719
32659
32644
32656
32668
32694
32684
32645
32677
32632
32663
32634
32656
32616
32643
32698
32614
32604
32667
32695
32682
32643
32631
32675
32655
32663
32659
32646
32647
32626
32617
32664
32647
32642
32679
32672
32616
32637
32703
32641
32635
32671
32711
32690
32672
32672
32660
32633
32715
32665
32633
32662
32645
32569
32620
32661
32607
32636
32679
32586
32664
32668
32634
32626
32702
32670
32638
32669
32753
32690
32649
32619
32630
32698
32649
32652
32695
32756
32638
32682
32678
32653
32637
32644
32655
32642
32602
32706
32595
32616
32649
32639
32657
32599
32634
32669
32660
32665
32692
32644
32654
32658
32632
32717
32656
32704
32627
32655
32612
32623
32663
32642
32657
32685
32667
32582
32660
32637
32669
32664
32644
32640
32638
32659
32668
32705
32596
32591
32618
32676
32660
32625
32756
32660
32634
32648
32619
32653
32657
32640
32675
32689
32661
32620
32696
32614
32620
32645
32698
32652
32631
32683
32636
32661
32688
32634
32651
32671
32656
32631
32645
32752
32659
32667
32662
32656
32635
32664
32650
32693
32649
32698
32666
32710
32710
32685
32664
32599
32630
32639
32684
32715
32677
32660
32660
32677
32653
32701
32652
32683
32665
32717
32628
32680
32642
32686
32645
32670
32645
32658
32645
32655
32709
32663
32630
32713
32692
32587
32615
32722
32694
32701
32655
32628
32649
32618
32714
32635
32642
32635
32639
32630
32635
32655
32647
32601
32589
32625
32642
32636
32580
32642
32629
32577
32659
32662
32681
32654
32674
32632
32663
32648
32644
32661
32658
32642
32638
32633
32618
32614
32656
32671
32704
32602
32609
32673
32665
32683
32680
32619
32615
32614
32663
32651
32676
32678
32613
32682
32678
32671
32645
32682
32702
32701
32650
32659
32701
32653
32647
32617
32650
32616
32570
32634
32654
32689
32718
32705
32653
32687
32633
32647
32667
32680
32615
32608
32624
32716
32685
32647
32672
32683
32585
32669
32702
32653
32721
32713
32656
32624
32695
32680
32653
32756
32581
32637
32705
32659
32715
32660
32747
32616
32671
32678
32647
32676
32719
32646
32630
32613
32640
32624
32664
32679
32649
32611
32621
32635
32626
32623
32620
32639
32718
32728
32648
32663
32687
32672
32670
32660
32648
32703
32715
32626
32626
32668
32700
32679
32670
32679
32691
32671
32628
32693
32598
32656
32626
32641
32647
32655
32616
32638
32678
32739
32712
32702
32685
32661
32643
32629
32646
32692
32625
32637
32669
32673
32652
32642
32619
32734
32711
32497
32630
32704
32651
32653
32643
32666
32668
32676
32644
32664
32662
32610
32670
32683
32587
32635
32668
32656
32664
32640
32651
32704
32665
32667
32645
32728
32680
32615
32605
32651
32700
32661
32709
32615
32664
32689
32623
32645
32666
32685
32654
32663
32647
32643
32705
32641
32596
32586
32624
32710
32622
32645
32650
32689
32683
32613
32665
32656
32634
32587
32682
32691
32647
32629
32621
32618
32618
32585
32607
32595
32623
32636
32627
32645
32659
32629
32636
32665
32699
32632
32635
32687
32639
32642
32640
32605
32644
32651
32651
32649
32653
32657
32662
32682
32670
32650
32642
32675
32712
32721
32663
32688
32706
32666
32623
32651
32673
32677
32714
32671
32656
32712
32697
32700
32705
32655
32704
32587
32656
32655
32693
32679
32652
32666
32635
32626
32666
32651
32673
32627
32643
32649
32677
32706
32628
32688
32672
32649
32681
32610
32626
32669
32703
32671
32656
32644
32614
32604
32669
32651
32671
32597
32635
32729
32710
32661
32635
32595
32626
32605
32677
32683
32690
32672
32647
32623
32634
32714
32677
32604
32669
32654
32622
32626
32583
32656
32634
32680
32682
32641
32694
32656
32713
32662
32645
32685
32671
32656
32613
32680
32663
32697
32632
32612
32691
32669
32658
32665
32669
32705
32592
32617
32650
32668
32682
32684
32604
32626
32665
32680
32670
32693
32685
32709
32651
32702
32652
32654
32630
32610
32763
32628
32659
32688
32604
32642
32747
32646
32689
32646
32607
32693
32618
32606
32665
32676
32657
32686
32562
32702
32655
32608
32685
32740
32693
32679
32716
32584
32595
32704
32693
32641
32649
32595
32643
32611
32651
32687
32667
32644
32661
32632
32616
32638
32618
32663
32576
32634
32695
32702
32727
32726
32670
32701
32688
32664
32608
32728
32663
32659
32723
32647
32638
32609
32704
32628
32668
32700
32670
32678
32589
32592
32717
32656
32613
32650
32695
32667
32741
32675
32649
32601
32626
32650
32600
32639
32686
32647
32639
32656
32637
32696
32704
32662
32674
32672
32679
32670
32727
32696
32700
32664
32596
32673
32671
32651
32641
32678
32662
32549
32649
32614
32670
32682
32662
32664
32617
32653
32653
32645
32600
32637
32628
32623
32643
32710
32634
32648
32615
32615
32656
32618
32681
32677
32620
32658
32611
32586
32632
32684
32617
32694
32665
32645
32671
32626
32652
32673
32660
32678
32608
32628
32671
32642
32671
32651
32624
32625
32594
32617
32619
32733
32689
32678
32590
32680
32643
32678
32660
32623
32633
32676
32634
32683
32702
32607
32643
32621
32651
32667
32635
32626
32684
32659
32639
32651
32755
32665
32648
32674
32658
32627
32642
32615
32639
32656
32653
32613
32586
32701
32693
32712
32687
32676
32696
32687
32676
32598
32658
32655
32687
32687
32715
32639
32691
32656
32648
32666
32616
32678
32648
32671
32677
32651
32631
32667
32697
32709
32640
32651
32654
32661
32656
32693
32641
32583
32637
32628
32613
32634
32691
32670
32641
32747
32657
32584
32648
32615
32668
32647
32619
32659
32715
32676
32632
32667
32661
32616
32623
32679
32621
32668
32642
32685
32690
32713
32682
32583
32669
32661
32597
32675
32717
32739
32668
32642
32635
32592
32678
32677
32623
32577
32630
32666
32617
32663
32638
32652
32654
32654
32584
32664
32672
32622
32661
32684
32664
32633
32643
32586
32632
32664
32658
32636
32704
32698
32645
32616
32610
32683
32677
32684
32555
32652
32685
32650
32672
32669
32644
32644
32668
32610
32668
32676
32681
32672
32686
32625
32691
32679
32650
32682
32672
32691
32685
32651
32705
32666
32638
32645
32630
32566
32642
32714
32697
32656
32653
32656
32613
32591
32621
32619
32644
32682
32624
32645
32668
32639
32658
32638
32634
32711
32613
32658
32669
32661
32674
32641
32649
32682
32718
32643
32673
32697
32675
32697
32670
32707
32673
32660
32697
32657
32642
32678
32657
32643
32657
32666
32636
32689
32662
32693
32694
32649
32649
32657
32633
32633
32706
32661
32655
32586
32575
32648
32675
32729
32611
32623
32658
32684
32636
32657
32625
32702
32653
32607
32629
32742
32712
32631
32666
32628
32597
32631
32661
32668
32654
32679
32604
32654
32616
32651
32687
32643
32621
32642
32652
32520
32538
32615
32584
32650
32656
32645
32684
32620
32706
32703
32704
32605
32596
32689
32681
32657
32634
32604
32676
32668
32619
32635
32713
32714
32684
32626
32624
32629
32671
32557
32693
32685
32642
32612
32690
32656
32590
32672
32641
32633
32587
32687
32645
32682
32681
32710
32647
32662
32616
32690
32673
32704
32640
32637
32699
32667
32649
32565
32727
32676
32662
32726
32688
32654
32644
32616
32674
32694
32621
32582
32617
32678
32658
32641
32672
32654
32620
32653
32699
32661
32636
32599
32700
32650
32624
32679
32696
32702
32613
32675
32700
32700
32684
32643
32641
32618
32701
32728
32672
32710
32651
32641
32630
32624
32671
32682
32647
32626
32727
32676
32637
32638
32605
32616
32624
32604
32632
32690
32714
32717
32640
32657
32638
32654
32690
32635
32617
32624
32634
32653
32699
32590
32645
32642
32567
32660
32721
32633
32653
32624
32594
32664
32704
32626
32599
32665
32675
32688
32639
32658
32636
32680
32595
32642
32728
32668
32716
32716
32716
32716
32716
32716
32716
32716
32716
32716
32716
32716
32716
32716
32716
32716
32716
32716
32716
32716
32716
32716
32716
32716
32716
32716
