9845
32585
32576
32573
32522
32612
32584
32583
32584
32562
32555
32522
32611
32606
32549
32583
32558
32546
32577
32552
32560
32572
32522
32583
32568
32539
32617
32660
32583
32595
32601
32580
32586
32569
32614
32610
32602
32595
32584
32541
32529
32570
32496
32548
32557
32555
32542
32619
32540
32530
32600
32643
32577
32548
32582
32568
32545
32511
32581
32553
32565
32600
32558
32557
32548
32591
32551
32560
32598
32531
32583
32576
32634
32634
32600
32580
32541
32629
32598
32616
32625
32625
32593
32538
32593
32613
32563
32560
32553
32548
32528
32616
32553
32559
32586
32558
32557
32622
32550
32582
32580
32596
32628
32600
32547
32587
32579
32602
32613
32552
32576
32623
32563
32539
32536
32585
32570
32560
32580
32592
32616
32594
32582
32597
32624
32548
32562
32526
32543
32617
32579
32602
32598
32568
32586
32580
32560
32610
32641
32586
32627
32562
32591
32580
32606
32639
32604
32587
32609
32606
32555
32619
32621
32580
32604
32589
32543
32582
32489
32578
32550
32688
32546
32582
32510
32555
32560
32628
32586
32590
32613
32598
32656
32510
32584
32591
32577
32650
32553
32540
32550
32578
32632
32657
32621
32575
32551
32676
32586
32561
32567
32666
32603
32598
32589
32565
32567
32557
32535
32595
32595
32556
32581
32584
32581
32594
32552
32580
32575
32596
32610
32590
32653
32612
32599
32626
32614
32587
32586
32627
32566
32636
32582
32604
32601
32634
32604
32613
32626
32582
32556
32572
32561
32564
32567
32602
32633
32550
32639
32581
32567
32567
32618
32658
32670
32613
32586
32613
32568
32621
32600
32595
32579
32567
32603
32625
32651
32566
32571
32588
32541
32587
32557
32640
32559
32526
32518
32508
32537
32592
32613
32619
32674
32661
32644
32556
32600
32650
32595
32552
32542
32560
32604
32600
32585
32589
32599
32618
32592
32543
32630
32636
32639
32589
32599
32634
32536
32577
32563
32610
32566
32572
32568
32580
32575
32553
32660
32578
32581
32620
32586
32521
32527
32669
32590
32587
32562
32573
32559
32576
32625
32491
32605
32634
32697
32681
32602
32629
32522
32552
32542
32640
32639
32615
32629
32514
32603
32607
32513
32599
32607
32613
32613
32592
32573
32632
32615
32521
32578
32588
32595
32617
32601
32647
32578
32559
32611
32599
32677
32593
32675
32575
32594
32585
32549
32570
32569
32587
32587
32657
32638
32618
32563
32581
32592
32614
32604
32613
32559
32600
32594
32636
32564
32643
32624
32640
32558
32587
32661
32659
32621
32633
32604
32654
32669
32630
32548
32586
32534
32521
32637
32657
32596
32592
32600
32620
32555
32554
32583
32664
32567
32546
32605
32608
32659
32595
32602
32567
32566
32556
32551
32521
32645
32646
32604
32606
32568
32618
32624
32530
32566
32580
32554
32604
32598
32604
32562
32588
32563
32622
32618
32550
32673
32648
32621
32645
32706
32594
32609
32581
32659
32594
32566
32633
32562
32582
32679
32623
32568
32615
32571
32564
32545
32585
32661
32626
32617
32587
32604
32702
32624
32626
32638
32578
32620
32638
32661
32587
32619
32679
32593
32609
32566
32599
32659
32590
32536
32600
32560
32624
32614
32570
32691
32524
32616
32613
32551
32689
32584
32607
32637
32604
32608
32584
32637
32679
32650
32649
32576
32589
32607
32625
32605
32606
32587
32558
32647
32615
32610
32664
32618
32639
32604
32646
32611
32646
32539
32610
32741
32612
32594
32599
32631
32591
32592
32533
32667
32641
32647
32631
32620
32622
32608
32606
32624
32627
32635
32598
32711
32605
32582
32577
32648
32657
32624
32635
32717
32633
32666
32694
32638
32612
32622
32628
32596
32637
32667
32633
32688
32655
32650
32698
32647
32667
32665
32618
32634
32635
32651
32676
32602
32622
32690
32618
32599
32665
32595
32572
32603
32605
32602
32626
32689
32551
32588
32621
32580
32593
32653
32687
32666
32590
32605
32658
32605
32616
32655
32579
32675
32670
32593
32649
32622
32655
32655
32621
32606
32604
32657
32593
32548
32601
32636
32548
32624
32657
32664
32630
32628
32601
32581
32662
32675
32651
32671
32608
32687
32609
32617
32589
32574
32655
32658
32630
32620
32594
32674
32520
32626
32608
32632
32642
32644
32661
32641
32643
32630
32513
32673
32611
32588
32636
32609
32648
32596
32558
32630
32624
32627
32655
32607
32567
32622
32632
32616
32601
32631
32647
32664
32624
32629
32639
32656
32568
32700
32631
32664
32655
32639
32582
32679
32637
32589
32610
32615
32659
32608
32648
32665
32666
32571
32623
32675
32634
32654
32682
32623
32649
32609
32619
32570
32629
32641
32609
32618
32587
32591
32603
32661
32656
32641
32590
32677
32656
32611
32634
32655
32640
32578
32594
32602
32647
32595
32529
32610
32590
32630
32589
32602
32634
32598
32633
32652
32635
32636
32601
32628
32602
32682
32575
32565
32637
32600
32615
32583
32661
32583
32605
32682
32626
32689
32617
32637
32570
32616
32595
32675
32645
32653
32648
32607
32657
32700
32679
32631
32647
32622
32636
32634
32607
32661
32573
32626
32614
32651
32613
32646
32635
32600
32642
32623
32641
32653
32627
32664
32565
32666
32621
32636
32599
32609
32685
32631
32649
32554
32644
32689
32616
32662
32607
32679
32680
32647
32572
32605
32608
32638
32685
32669
32617
32670
32656
32689
32664
32661
32676
32646
32625
32705
32616
32681
32614
32611
32615
32660
32654
32623
32621
32649
32631
32618
32665
32606
32635
32655
32635
32656
32638
32690
32635
32558
32641
32665
32593
32566
32611
32572
32595
32627
32573
32627
32657
32639
32612
32700
32668
32629
32620
32471
32599
32595
32633
32535
32680
32631
32646
32628
32626
32628
32661
32671
32641
32649
32536
32646
32599
32612
32647
32653
32629
32658
32639
32597
32581
32618
32630
32607
32585
32670
32623
32634
32652
32693
32640
32619
32586
32609
32592
32633
32627
32615
32635
32676
32602
32608
32647
32672
32557
32608
32614
32584
32604
32610
32640
32620
32620
32655
32611
32606
32586
32630
32622
32638
32676
32659
32674
32619
32665
32679
32608
32662
32637
32572
32617
32605
32620
32625
32673
32735
32671
32651
32582
32677
32614
32625
32633
32612
32645
32673
32611
32620
32561
32643
32586
32666
32563
32577
32650
32684
32665
32630
32635
32612
32617
32649
32649
32663
32624
32703
32631
32553
32686
32759
32708
32651
32624
32574
32576
32691
32634
32644
32626
32594
32550
32690
32652
32600
32651
32583
32596
32616
32667
32586
32610
32625
32659
32592
32644
32628
32627
32599
32617
32664
32653
32630
32593
32684
32600
32641
32681
32627
32626
32575
32642
32645
32615
32578
32609
32635
32634
32661
32617
32621
32598
32634
32568
32565
32680
32681
32631
32619
32712
32600
32539
32572
32596
32680
32661
32617
32614
32599
32574
32616
32598
32643
32573
32702
32684
32630
32638
32651
32654
32617
32520
32594
32651
32680
32641
32655
32683
32645
32581
32685
32649
32653
32630
32607
32646
32710
32689
32626
32650
32626
32572
32647
32611
32697
32685
32614
32620
32637
32561
32531
32625
32584
32654
32653
32679
32620
32590
32607
32661
32638
32672
32663
32612
32662
32661
32662
32621
32648
32620
32594
32604
32565
32617
32654
32642
32604
32649
32652
32623
32587
32631
32700
32665
32672
32617
32604
32579
32574
32594
32660
32653
32485
32664
32678
32632
32598
32626
32661
32649
32686
32637
32626
32621
32670
32653
32667
32673
32651
32612
32675
32615
32614
32650
32631
32700
32607
32621
32577
32663
32585
32631
32722
32648
32526
32605
32602
32600
32637
32632
32680
32683
32616
32640
32690
32631
32624
32646
32595
32661
32642
32593
32635
32594
32618
32617
32621
32572
32664
32610
32628
32618
32667
32606
32645
32659
32630
32673
32670
32602
32593
32583
32657
32568
32582
32614
32606
32589
32616
32601
32566
32568
32656
32583
32565
32643
32648
32626
32655
32637
32625
32632
32618
32599
32612
32611
32674
32584
32591
32624
32653
32609
32714
32598
32616
32635
32669
32633
32632
32598
32637
32623
32648
32570
32612
32608
32595
32661
32590
32618
32612
32639
32695
32612
32596
32593
32589
32633
32626
32654
32625
32622
32584
32632
32627
32577
32585
32655
32651
32648
32649
32691
32616
32639
32619
32601
32650
32605
32639
32625
32628
32608
32566
32615
32624
32607
32670
32647
32695
32569
32645
32686
32617
32609
32658
32640
32599
32575
32569
32595
32556
32652
32624
32586
32649
32598
32575
32661
32648
32631
32640
32626
32662
32598
32620
32633
32671
32661
32639
32604
32625
32606
32586
32656
32607
32626
32645
32553
32664
32583
32616
32640
32656
32668
32641
32643
32620
32637
32665
32610
32626
32631
32625
32623
32607
32678
32674
32669
32551
32633
32695
32596
32605
32647
32672
32664
32612
32598
32594
32602
32627
32628
32694
32631
32653
32637
32558
32618
32669
32674
32602
32651
32604
32617
32589
32617
32611
32631
32583
32551
32602
32655
32673
32604
32631
32575
32624
32693
32603
32545
32583
32596
32613
32610
32601
32576
32627
32620
32618
32592
32622
32643
32593
32636
32650
32587
32587
32616
32633
32666
32550
32699
32591
32661
32658
32682
32556
32619
32621
32666
32669
32587
32645
32601
32589
32600
32622
32640
32575
32622
32628
32659
32596
32624
32632
32598
32583
32558
32583
32588
32631
32614
32652
32622
32640
32647
32647
32658
32635
32613
32600
32649
32712
32611
32623
32616
32634
32562
32589
32644
32663
32606
32661
32641
32623
32602
32659
32621
32684
32668
32687
32660
32649
32575
32635
32614
32574
32650
32625
32636
32594
32541
32674
32656
32615
32628
32663
32616
32693
32689
32598
32618
32564
32576
32653
32666
32635
32675
32666
32640
32653
32610
32601
32650
32591
32619
32592
32600
32590
32597
32651
32675
32610
32605
32675
32619
32636
32630
32608
32628
32654
32657
32692
32678
32706
32609
32635
32612
32607
32638
32670
32631
32611
32651
32620
32627
32554
32621
32663
32587
32631
32616
32693
32672
32625
32610
32666
32673
32607
32597
32578
32617
32590
32609
32624
32660
32640
32639
32679
32612
32640
32612
32588
32584
32564
32653
32605
32619
32688
32684
32630
32627
32659
32653
32664
32626
32642
32637
32657
32610
32588
32609
32646
32623
32634
32601
32662
32641
32650
32619
32574
32666
32593
32636
32635
32592
32637
32602
32626
32670
32709
32639
32671
32631
32695
32677
32666
32678
32672
32707
32645
32655
32628
32589
32573
32638
32564
32542
32618
32649
32626
32645
32608
32578
32659
32636
32552
32656
32627
32656
32645
32646
32642
32647
32679
32662
32621
32606
32644
32603
32656
32577
32638
32646
32649
32621
32642
32605
32623
32716
32567
32604
32615
32591
32562
32592
32537
32624
32591
32639
32580
32610
32616
32673
32641
32590
32640
32628
32605
32624
32663
32658
32609
32624
32615
32505
32605
32627
32603
32601
32625
32575
32613
32693
32564
32588
32623
32598
32615
32657
32697
32663
32688
32682
32685
32619
32643
32675
32632
32614
32614
32600
32621
32602
32602
32584
32676
32632
32623
32596
32636
32587
32656
32643
32643
32588
32660
32644
32608
32624
32672
32637
32594
32647
32608
32567
32565
32619
32641
32641
32605
32587
32619
32650
32589
32608
32628
32652
32609
32654
32592
32614
32607
32649
32575
32665
32651
32654
32610
32639
32610
32653
32572
32550
32652
32604
32610
32671
32616
32615
32660
32719
32653
32588
32657
32617
32631
32700
32632
32672
32680
32568
32681
32607
32572
32672
32610
32558
32659
32605
32501
32613
32617
32616
32641
32654
32657
32634
32670
32677
32659
32657
32611
32639
32610
32641
32618
32667
32617
32628
32663
32612
32668
32679
32697
32622
32689
32649
32608
32650
32547
32602
32633
32606
32638
32644
32599
32670
32629
32640
32572
32589
32557
32594
32610
32574
32604
32661
32615
32638
32647
32677
32621
32615
32607
32649
32588
32547
32609
32616
32648
32625
32717
32662
32651
32638
32642
32642
32626
32661
32598
32657
32602
32587
32630
32592
32612
32634
32653
32623
32626
32623
32587
32577
32645
32587
32653
32596
32640
32641
32617
32688
32660
32625
32648
32661
32606
32576
32558
32600
32665
32647
32609
32646
32636
32596
32645
32631
32564
32703
32675
32626
32615
32632
32691
32605
32651
32587
32580
32638
32624
32623
32601
32550
32634
32683
32631
32633
32605
32621
32625
32629
32671
32632
32575
32679
32573
32570
32558
32602
32663
32609
32605
32600
32618
32576
32585
32634
32659
32591
32588
32656
32583
32646
32647
32598
32614
32586
32672
32593
32613
32635
32704
32688
32623
32622
32631
32636
32669
32608
32652
32587
32636
32640
32620
32660
32630
32617
32573
32616
32587
32599
32651
32656
32569
32588
32618
32622
32638
32649
32667
32629
32609
32603
32658
32609
32653
32639
32633
32595
32681
32635
32722
32616
32568
32577
32621
32594
32609
32653
32643
32634
32662
32617
32622
32639
32643
32628
32608
32635
32634
32660
32668
32741
32544
32584
32618
32603
32632
32613
32591
32624
32625
32637
32594
32682
32636
32614
32597
32586
32530
32578
32667
32689
32611
32618
32671
32612
32697
32706
32667
32667
32604
32659
32677
32663
32627
32656
32586
32670
32607
32623
32617
32621
32672
32633
32602
32585
32585
32680
32544
32642
32624
32627
32674
32632
32601
32649
32611
32574
32606
32637
32662
32665
32602
32619
32683
32651
32633
32640
32636
32614
32562
32588
32651
32626
32653
32630
32675
32655
32571
32637
32627
32614
32681
32632
32574
32581
32682
32673
32639
32661
32567
32506
32577
32582
32667
32623
32583
32589
32608
32650
32605
32630
32683
32648
32616
32653
32669
32608
32631
32682
32624
32626
32644
32607
32639
32628
32649
32625
32583
32621
32651
32629
32667
32629
32614
32668
32692
32646
32612
32663
32675
32666
32629
32612
32658
32615
32573
32575
32586
32574
32637
32665
32651
32591
32687
32627
32587
32717
32592
32616
32687
32620
32638
32705
32652
32614
32623
32652
32598
32570
32600
32573
32634
32550
32578
32655
32608
32611
32589
32642
32677
32670
32604
32513
32658
32619
32578
32642
32641
32639
32643
32642
32601
32700
32616
32592
32574
32660
32584
32635
32641
32613
32630
32651
32633
32616
32616
32654
32637
32596
32691
32663
32602
32609
32617
32618
32637
32643
32623
32612
32578
32656
32668
32650
32679
32605
32623
32570
32635
32647
32552
32657
32586
32623
32578
32702
32618
32576
32591
32610
32705
32564
32581
32632
32653
32647
32553
32685
32672
32620
32627
32695
32682
32576
32663
32582
32657
32598
32647
32633
32657
32649
32574
32594
32593
32605
32687
32661
32577
32553
32639
32590
32569
32602
32591
32631
32563
32611
32641
32582
32569
32576
32588
32590
32634
32609
32648
32650
32570
32626
32579
32594
32678
32642
32655
32652
32651
32606
32638
32640
32585
32738
32633
32620
32625
32638
32608
32630
32634
32659
32671
32653
32621
32541
32545
32606
32559
32631
32624
32630
32595
32712
32638
32615
32633
32631
32649
32621
32701
32604
32602
32526
32569
32681
32540
32648
32606
32610
32622
32647
32662
32592
32690
32612
32599
32632
32686
32608
32681
32657
32600
32610
32636
32661
32649
32620
32586
32575
32557
32593
32601
32609
32661
32620
32555
32621
32657
32630
32528
32643
32600
32710
32653
32653
32758
32705
32633
32614
32664
32694
32650
32663
32592
32575
32678
32614
32634
32606
32589
32652
32647
32568
32586
32520
32668
32574
32546
32607
32620
32624
32622
32601
32671
32608
32602
32690
32674
32598
32654
32609
32563
32618
32627
32653
32675
32570
32588
32552
32648
32597
32641
32626
32638
32632
32645
32659
32607
32639
32646
32683
32605
32630
32650
32668
32677
32649
32677
32667
32684
32658
32648
32656
32637
32622
32592
32700
32610
32609
32615
32597
32640
32627
32642
32615
32633
32675
32656
32641
32678
32642
32573
32631
32603
32591
32686
32612
32673
32615
32607
32640
32637
32692
32685
32620
32608
32691
32620
32618
32590
32666
32591
32627
32653
32577
32702
32587
32654
32657
32602
32642
32589
32695
32573
32642
32669
32690
32611
32682
32604
32509
32643
32601
32524
32614
32600
32654
32667
32639
32602
32673
32652
32593
32692
32720
32546
32594
32591
32651
32679
32643
32630
32653
32619
32617
32569
32572
32655
32610
32673
32669
32580
32646
32598
32649
32711
32622
32707
32587
32704
32620
32636
32609
32652
32644
32616
32634
32592
32570
32580
32684
32602
32594
32574
32641
32634
32586
32602
32622
32580
32582
32603
32650
32618
32581
32582
32590
32656
32624
32634
32695
32682
32622
32621
32636
32585
32580
32581
32592
32614
32623
32599
32632
32650
32634
32604
32581
32638
32603
32650
32616
32588
32639
32585
32619
32659
32607
32661
32681
32620
32689
32651
32601
32660
32625
32624
32640
32603
32578
32584
32708
32702
32635
32713
32652
32657
32603
32688
32596
32553
32710
32595
32636
32609
32686
32616
32640
32596
32697
32612
32641
32597
32674
32603
32641
32613
32652
32638
32576
32583
32656
32718
32642
32649
32606
32616
32575
32709
32654
32600
32677
32702
32580
32607
32627
32626
32686
32600
32627
32599
32617
32598
32602
32709
32627
32591
32623
32608
32596
32591
32621
32656
32686
32642
32645
32563
32642
32608
32659
32622
32670
32604
32601
32662
32576
32642
32589
32584
32650
32579
32637
32619
32619
32653
32635
32643
32629
32628
32638
32590
32664
32638
32660
32653
32576
32648
32648
32603
32651
32645
32657
32643
32652
32616
32567
32585
32554
32653
32637
32624
32606
32586
32582
32623
32573
32603
32584
32590
32646
32591
32600
32562
32593
32541
32647
32678
32608
32644
32650
32595
32616
32545
32616
32654
32586
32684
32578
32622
32627
32660
32588
32602
32612
32580
32593
32615
32569
32607
32618
32578
32591
32543
32592
32674
32624
32605
32627
32608
32626
32683
32623
32706
32639
32601
32583
32622
32667
32683
32645
32630
32663
32629
32652
32684
32661
32646
32582
32626
32690
32573
32613
32597
32568
32663
32678
32583
32559
32630
32615
32623
32597
32584
32605
32670
32658
32615
32638
32599
32601
32707
32667
32636
32590
32617
32685
32615
32583
32652
32617
32573
32608
32651
32632
32629
32613
32643
32607
32593
32651
32612
32603
32647
32627
32629
32662
32588
32630
32633
32665
32622
32626
32615
32652
32688
32675
32631
32573
32673
32588
32660
32587
32637
32632
32593
32680
32656
32649
32574
32606
32615
32697
32642
32687
32651
32662
32679
32677
32626
32582
32605
32678
32607
32622
32682
32632
32667
32627
32588
32671
32606
32636
32648
32590
32662
32622
32619
32594
32648
32642
32617
32613
32587
32611
32640
32623
32566
32570
32640
32685
32593
32590
32640
32666
32618
32641
32610
32545
32567
32641
32660
32606
32626
32602
32607
32624
32616
32613
32612
32597
32558
32640
32617
32733
32652
32658
32648
32571
32662
32633
32624
32563
32649
32648
32597
32670
32668
32653
32634
32643
32617
32622
32634
32577
32605
32654
32636
32594
32636
32598
32630
32627
32612
32666
32658
32625
32592
32673
32710
32608
32694
32637
32644
32681
32584
32644
32653
32616
32653
32654
32634
32591
32582
32600
32639
32632
32659
32622
32663
32571
32628
32618
32664
32632
32612
32609
32609
32650
32576
32615
32617
32629
32632
32711
32614
32619
32557
32598
32630
32608
32685
32621
32624
32537
32664
32653
32600
32669
32621
32641
32622
32639
32595
32652
32673
32624
32577
32619
32647
32658
32633
32605
32648
32654
32677
32621
32586
32624
32569
32621
32663
32649
32620
32630
32611
32609
32658
32624
32600
32648
32615
32633
32656
32594
32575
32604
32655
32648
32619
32626
32619
32636
32579
32641
32600
32638
32618
32650
32695
32665
32648
32603
32646
32637
32625
32663
32654
32660
32642
32632
32634
32658
32679
32596
32638
32601
32610
32596
32638
32664
32583
32674
32716
32607
32623
32587
32587
32609
32611
32648
32654
32703
32680
32649
32705
32642
32697
32612
32641
32597
32589
32621
32563
32606
32639
32655
32653
32637
32660
32609
32612
32660
32687
32581
32573
32617
32593
32619
32596
32613
32619
32677
32666
32602
32647
32588
32636
32649
32644
32604
32706
32656
32602
32614
32588
32633
32593
32665
32628
32618
32640
32615
32585
32665
32641
32600
32711
32652
32643
32593
32614
32625
32636
32610
32626
32578
32641
32648
32641
32633
32667
32622
32622
32594
32681
32638
32681
32684
32631
32662
32671
32652
32592
32648
32632
32561
32590
32555
32616
32593
32619
32647
32668
32625
32699
32669
32663
32605
32612
32595
32591
32700
32676
32643
32601
32620
32585
32641
32598
32638
32643
32655
32586
32674
32641
32651
32600
32616
32650
32588
32575
32632
32640
32635
32673
32653
32656
32631
32570
32647
32664
32672
32650
32647
32652
32632
32544
32598
32658
32651
32638
32659
32640
32634
32647
32643
32606
32618
32668
32620
32664
32697
32590
32612
32648
32657
32587
32668
32635
32580
32600
32724
32622
32631
32580
32628
32651
32705
32638
32644
32641
32590
32734
32655
32667
32681
32679
32619
32668
32665
32616
32653
32627
32596
32576
32599
32667
32581
32548
32726
32691
32668
32653
32624
32654
32612
32621
32606
32525
32650
32633
32646
32651
32630
32612
32639
32659
32582
32588
32648
32655
32665
32628
32639
32524
32589
32704
32620
32614
32653
32608
32659
32598
32594
32572
32604
32617
32668
32622
32591
32577
32654
32587
32652
32619
32643
32540
32700
32656
32593
32689
32679
32712
32640
32691
32625
32601
32550
32630
32638
32595
32651
32648
32682
32708
32689
32605
32640
32640
32634
32643
32648
32654
32643
32674
32713
32606
32637
32635
32649
32627
32587
32612
32624
32645
32590
32636
32563
32679
32611
32664
32598
32645
32626
32719
32654
32636
32647
32666
32664
32649
32603
32640
32572
32614
32588
32716
32609
32638
32611
32654
32656
32610
32662
32614
32625
32637
32671
32627
32568
32605
32631
32659
32640
32628
32644
32635
32662
32608
32649
32674
32660
32652
32683
32596
32580
32583
32614
32657
32670
32655
32622
32675
32611
32686
32663
32623
32643
32632
32596
32636
32664
32650
32629
32644
32641
32600
32606
32617
32652
32682
32681
32674
32617
32643
32587
32702
32657
32610
32637
32601
32615
32655
32606
32610
32630
32645
32663
32653
32614
32575
32607
32678
32640
32664
32598
32661
32626
32663
32653
32765
32658
32573
32712
32578
32581
32635
32626
32615
32663
32654
32620
32657
32667
32660
32631
32654
32602
32645
32627
32650
32608
32602
32648
32627
32660
32680
32665
32665
32675
32725
32603
32675
32690
32640
32653
32665
32689
32673
32623
32550
32563
32629
32596
32641
32647
32704
32642
32627
32659
32598
32582
32588
32607
32687
32645
32644
32582
32643
32638
32607
32630
32672
32670
32585
32601
32609
32658
32639
32656
32648
32661
32672
32593
32653
32681
32622
32685
32620
32644
32591
32662
32570
32717
32603
32593
32669
32597
32605
32602
32638
32556
32621
32668
32654
32599
32630
32652
32607
32650
32663
32609
32663
32635
32614
32653
32630
32607
32643
32632
32631
32655
32680
32573
32610
32601
32546
32658
32600
32700
32657
32659
32614
32639
32661
32649
32674
32543
32615
32649
32645
32634
32711
32660
32619
32647
32685
32658
32611
32656
32643
32614
32657
32617
32673
32628
32612
32620
32625
32616
32586
32663
32658
32615
32562
32688
32597
32643
32679
32661
32653
32704
32679
32610
32653
32613
32705
32624
32684
32646
32634
32689
32611
32600
32681
32623
32646
32623
32618
32595
32680
32619
32622
32618
32649
32643
32618
32650
32603
32571
32663
32631
32554
32647
32621
32629
32656
32625
32602
32617
32648
32619
32639
32539
32617
32594
32673
32658
32623
32674
32712
32633
32580
32614
32555
32674
32541
32625
32601
32608
32658
32609
32563
32613
32685
32666
32674
32641
32569
32613
32628
32569
32696
32633
32627
32619
32577
32668
32636
32657
32669
32664
32659
32642
32659
32579
32584
32576
32574
32610
32698
32644
32620
32619
32611
32644
32656
32651
32689
32673
32631
32627
32638
32605
32551
32618
32594
32610
32674
32637
32580
32604
32620
32657
32648
32612
32632
32623
32652
32641
32647
32675
32663
32693
32648
32623
32598
32630
32664
32679
32585
32617
32657
32595
32638
32638
32580
32570
32653
32668
32587
32672
32620
32693
32591
32649
32588
32607
32648
32676
32674
32624
32723
32718
32612
32625
32647
32648
32615
32582
32580
32551
32559
32587
32663
32600
32616
32618
32640
32638
32639
32632
32648
32635
32612
32629
32697
32704
32665
32635
32658
32552
32649
32643
32696
32620
32660
32596
32645
32639
32697
32685
32644
32517
32569
32726
32628
32668
32682
32634
32577
32686
32758
32702
32635
32547
32620
32641
32652
32615
32662
32573
32646
32617
32623
32682
32652
32627
32613
32625
32604
32625
32538
32636
32610
32654
32675
32579
32670
32548
32601
32673
32624
32580
32618
32649
32597
32688
32596
32587
32632
32581
32620
32642
32695
32670
32696
32608
32744
32635
32608
32692
32610
32632
32592
32687
32705
32680
32684
32629
32584
32683
32590
32611
32642
32678
32627
32620
32518
32679
32551
32626
32608
32623
32668
32614
32574
32629
32684
32629
32609
32731
32590
32727
32683
32646
32595
32557
32579
32619
32573
32581
32659
32649
32682
32650
32640
32680
32566
32634
32608
32620
32566
32667
32611
32649
32611
32628
32566
32680
32668
32676
32662
32604
32650
32660
32599
32644
32620
32673
32540
32640
32715
32636
32675
32677
32732
32599
32717
32664
32589
32639
32577
32678
32643
32580
32577
32701
32603
32715
32664
32643
32568
32666
32669
32648
32665
32594
32601
32653
32696
32602
32618
32628
32590
32633
32677
32599
32641
32593
32531
32636
32668
32680
32652
32606
32615
32610
32705
32637
32653
32613
32627
32654
32637
32636
32646
32713
32681
32593
32663
32645
32662
32620
32664
32621
32602
32625
32639
32580
32605
32694
32658
32618
32592
32622
32593
32572
32635
32717
32639
32647
32550
32675
32609
32646
32616
32657
32625
32625
32640
32574
32654
32626
32619
32616
32659
32656
32690
32601
32609
32691
32674
32645
32600
32600
32686
32632
32643
32665
32658
32614
32676
32682
32569
32639
32668
32667
32607
32666
32639
32609
32657
32639
32616
32613
32605
32668
32670
32637
32641
32621
32642
32610
32587
32611
32591
32583
32653
32615
32609
32656
32638
32670
32698
32625
32645
32599
32612
32578
32553
32623
32602
32601
32658
32717
32621
32642
32640
32613
32583
32617
32630
32631
32596
32686
32588
32600
32640
32626
32628
32614
32621
32726
32633
32598
32583
32590
32636
32640
32627
32661
32584
32647
32639
32663
32615
32614
32631
32614
32693
32593
32583
32605
32625
32659
32644
32672
32604
32615
32643
32623
32619
32677
32639
32599
32687
32577
32652
32616
32616
32648
32656
32695
32555
32646
32670
32677
32641
32655
32599
32631
32653
32687
32657
32608
32587
32606
32624
32634
32714
32690
32659
32648
32689
32681
32588
32666
32657
32683
32638
32624
32633
32546
32585
32645
32544
32647
32605
32629
32706
32586
32669
32681
32594
32640
32603
32615
32640
32643
32652
32687
32711
32697
32676
32660
32674
32660
32658
32649
32683
32639
32639
32648
32611
32638
32643
32714
32653
32644
32639
32659
32602
32667
32620
32702
32613
32619
32645
32660
32544
32649
32640
32665
32604
32646
32678
32673
32626
32668
32672
32627
32599
32590
32630
32653
32685
32687
32612
32613
32568
32628
32591
32636
32656
32651
32577
32677
32674
32699
32614
32624
32658
32631
32631
32629
32662
32686
32671
32601
32593
32664
32638
32699
32637
32593
32707
32628
32604
32673
32703
32676
32682
32729
32664
32660
32656
32667
32617
32609
32613
32576
32626
32651
32561
32650
32595
32670
32680
32601
32611
32679
32617
32616
32621
32625
32678
32663
32735
32692
32681
32679
32641
32676
32698
32623
32593
32520
32557
32656
32664
32644
32611
32572
32603
32609
32661
32599
32671
32659
32599
32670
32641
32644
32632
32674
32644
32630
32597
32599
32671
32631
32689
32626
32594
32599
32635
32622
32605
32572
32674
32653
32690
32682
32637
32631
32623
32677
32613
32599
32670
32646
32616
32626
32583
32619
32524
32631
32603
32613
32662
32641
32597
32672
32581
32608
32641
32643
32623
32589
32678
32615
32577
32492
32599
32655
32601
32699
32661
32630
32572
32626
32632
32600
32566
32623
32638
32638
32588
32687
32595
32641
32607
32563
32752
32645
32669
32647
32643
32667
32662
32638
32566
32598
32660
32593
32721
32621
32637
32633
32627
32692
32648
32664
32673
32654
32621
32616
32624
32609
32669
32600
32591
32681
32632
32580
32548
32620
32623
32646
32624
32639
32652
32646
32657
32631
32566
32633
32625
32623
32667
32579
32612
32644
32610
32588
32591
32598
32575
32657
32673
32668
32665
32638
32619
32593
32618
32639
32617
32655
32674
32625
32621
32570
32610
32676
32656
32634
32667
32633
32672
32629
32664
32600
32666
32633
32653
32633
32670
32642
32664
32656
32656
32644
32604
32631
32609
32666
32603
32642
32635
32587
32629
32620
32599
32653
32596
32618
32628
32607
32652
32631
32655
32608
32615
32637
32564
32647
32521
32612
32610
32714
32623
32640
32716
32618
32695
32672
32606
32637
32636
32602
32577
32634
32710
32649
32623
32667
32693
32586
32640
32646
32656
32625
32657
32646
32659
32638
32613
32705
32721
32616
32597
32625
32630
32635
32668
32624
32591
32679
32612
32604
32605
32631
32691
32667
32657
32657
32682
32683
32626
32642
32645
32678
32686
32631
32614
32618
32621
32650
32602
32602
32574
32624
32621
32614
32595
32682
32583
32616
32636
32663
32711
32647
32646
32644
32550
32650
32625
32603
32623
32681
32635
32570
32609
32657
32550
32592
32632
32606
32606
32563
32637
32586
32595
32625
32586
32618
32597
32629
32638
32617
32630
32689
32614
32587
32625
32650
32594
32588
32660
32683
32638
32685
32625
32595
32699
32657
32686
32717
32624
32612
32631
32630
32632
32657
32606
32641
32633
32631
32643
32644
32659
32641
32616
32760
32702
32645
32663
32621
32631
32596
32667
32602
32613
32651
32655
32630
32680
32649
32607
32631
32665
32577
32583
32577
32610
32672
32613
32679
32665
32685
32630
32585
32651
32632
32628
32667
32637
32663
32641
32592
32688
32588
32574
32647
32623
32635
32648
32627
32677
32643
32648
32603
32634
32654
32661
32653
32697
32639
32578
32645
32595
32681
32631
32629
32669
32671
32620
32623
32547
32634
32618
32630
32659
32647
32630
32655
32657
32651
32708
32611
32623
32610
32676
32615
32586
32611
32587
32602
32671
32633
32612
32615
32671
32689
32587
32669
32624
32596
32617
32663
32659
32603
32663
32552
32688
32663
32594
32658
32611
32654
32649
32634
32610
32626
32625
32663
32637
32638
32622
32578
32553
32611
32541
32671
32654
32593
32629
32606
32563
32530
32562
32685
32601
32593
32645
32622
32662
32577
32600
32594
32610
32614
32638
32654
32693
32609
32624
32649
32599
32696
32659
32615
32614
32555
32595
32659
32620
32690
32613
32681
32649
32547
32634
32590
32562
32655
32629
32622
32642
32674
32635
32661
32632
32627
32635
32623
32629
32571
32611
32602
32592
32636
32617
32648
32608
32626
32616
32621
32670
32609
32636
32661
32633
32558
32591
32581
32594
32593
32581
32519
32625
32582
32620
32624
32638
32635
32636
32654
32623
32593
32577
32531
32629
32615
32676
32626
32643
32658
32682
32635
32624
32638
32629
32560
32608
32623
32601
32635
32629
32631
32628
32684
32633
32623
32576
32650
32644
32637
32579
32605
32642
32669
32628
32679
32629
32596
32626
32644
32610
32628
32642
32595
32690
32604
32581
32651
32659
32617
32606
32585
32632
32629
32634
32701
32655
32573
32635
32626
32582
32634
32590
32594
32575
32630
32599
32600
32613
32619
32645
32659
32681
32651
32671
32655
32639
32656
32680
32598
32683
32703
32626
32650
32646
32668
32647
32654
32678
32638
32653
32668
32661
32645
32645
32649
32636
32655
32678
32603
32679
32585
32644
32620
32597
32644
32642
32564
32619
32598
32572
32552
32615
32604
32615
32655
32663
32592
32618
32668
32587
32695
32623
32684
32613
32616
32606
32624
32651
32623
32662
32637
32599
32660
32592
32670
32642
32674
32599
32681
32602
32592
32683
32626
32622
32614
32628
32643
32623
32594
32619
32664
32673
32705
32630
32647
32684
32667
32647
32651
32640
32657
32659
32640
32693
32619
32643
32703
32617
32656
32608
32597
32531
32567
32586
32626
32613
32610
32636
32652
32676
32656
32633
32544
32606
32535
32555
32615
32591
32633
32666
32658
32628
32603
32679
32613
32669
32626
32589
32608
32667
32640
32625
32589
32626
32589
32656
32653
32576
32602
32514
32600
32625
32592
32610
32621
32564
32553
32593
32644
32657
32597
32631
32603
32604
32612
32654
32619
32606
32556
32559
32681
32585
32652
32633
32636
32614
32582
32602
32683
32622
32612
32703
32647
32569
32602
32590
32540
32613
32632
32663
32630
32636
32606
32574
32581
32635
32623
32633
32580
32679
32608
32578
32659
32618
32624
32635
32645
32658
32628
32665
32680
32638
32680
32603
32574
32656
32621
32639
32609
32612
32635
32621
32640
32603
32589
32556
32605
32581
32567
32566
32538
32648
32608
32639
32622
32598
32632
32606
32598
32644
32649
32630
32599
32584
32673
32661
32649
32702
32560
32664
32673
32710
32667
32703
32614
32603
32545
32640
32640
32640
32705
32672
32598
32598
32611
32639
32654
32600
32687
32641
32649
32590
32672
32634
32704
32674
32598
32631
32559
32600
32611
32608
32656
32602
32572
32603
32598
32633
32617
32641
32580
32636
32618
32658
32587
32658
32706
32603
32595
32635
32664
32659
32581
32641
32685
32615
32619
32652
32614
32606
32639
32655
32636
32548
32641
32617
32623
32661
32670
32610
32572
32656
32624
32671
32552
32580
32649
32605
32563
32660
32610
32613
32574
32571
32639
32689
32591
32597
32582
32681
32615
32695
32631
32647
32597
32610
32622
32620
32601
32673
32669
32622
32593
32680
32625
32613
32719
32631
32585
32645
32658
32643
32611
32674
32631
32583
32680
32616
32652
32602
32580
32648
32635
32631
32653
32640
32594
32636
32561
32665
32587
32610
32575
32711
32669
32680
32565
32587
32637
32622
32671
32637
32690
32700
32668
32595
32621
32603
32654
32576
32612
32635
32620
32583
32637
32618
32572
32632
32664
32617
32631
32656
32662
32616
32631
32670
32594
32661
32638
32573
32628
32626
32671
32653
32632
32619
32658
32611
32586
32601
32670
32630
32619
32559
32707
32620
32608
32612
32641
32605
32597
32622
32613
32642
32654
32606
32570
32634
32513
32569
32579
32596
32628
32646
32707
32675
32575
32629
32711
32644
32666
32639
32632
32687
32664
32620
32627
32640
32546
32625
32587
32628
32602
32626
32619
32602
32693
32641
32617
32649
32636
32628
32694
32547
32608
32641
32712
32690
32645
32652
32652
32613
32677
32574
32604
32631
32744
32668
32659
32678
32622
32679
32615
32587
32618
32638
32597
32677
32661
32591
32625
32597
32617
32576
32572
32602
32643
32587
32634
32573
32596
32603
32694
32643
32586
32610
32622
32613
32649
32610
32649
32605
32567
32659
32619
32566
32660
32531
32580
32643
32636
32638
32632
32574
32647
32673
32614
32653
32601
32639
32679
32740
32670
32649
32613
32687
32686
32689
32663
32614
32614
32574
32603
32628
32592
32601
32599
32627
32675
32631
32615
32597
32590
32656
32626
32624
32686
32608
32676
32637
32596
32539
32584
32613
32559
32649
32656
32627
32617
32665
32631
32743
32655
32624
32642
32608
32674
32675
32577
32605
32656
32753
32653
32613
32644
32562
32664
32607
32602
32601
32669
32686
32582
32650
32655
32675
32617
32679
32702
32556
32663
32637
32701
32586
32582
32620
32685
32630
32636
32648
32584
32666
32627
32632
32697
32640
32682
32644
32591
32624
32681
32656
32636
32644
32678
32638
32634
32675
32601
32568
32655
32709
32627
32651
32600
32656
32543
32671
32694
32644
32616
32629
32665
32601
32618
32619
32632
32597
32588
32655
32598
32670
32600
32597
32657
32671
32687
32649
32637
32648
32589
32624
32580
32681
32643
32693
32659
32611
32574
32656
32723
32604
32637
32554
32685
32615
32592
32589
32685
32637
32661
32525
32648
32650
32659
32687
32613
32673
32640
32637
32594
32635
32592
32607
32640
32642
32622
32699
32696
32652
32617
32673
32660
32588
32593
32599
32616
32649
32624
32653
32593
32627
32658
32630
32682
32599
32598
32569
32628
32658
32630
32594
32676
32610
32587
32706
32640
32598
32653
32683
32650
32646
32595
32686
32600
32573
32658
32604
32612
32615
32634
32601
32598
32622
32664
32632
32553
32613
32644
32614
32664
32630
32692
32623
32576
32660
32648
32639
32629
32637
32653
32627
32574
32591
32619
32651
32592
32670
32587
32608
32704
32595
32530
32648
32647
32663
32651
32653
32636
32678
32630
32615
32636
32618
32634
32683
32648
32619
32625
32629
32555
32592
32659
32650
32689
32665
32661
32679
32661
32638
32683
32606
32583
32572
32615
32658
32629
32653
32659
32693
32661
32743
32682
32671
32578
32650
32707
32640
32592
32620
32599
32656
32610
32635
32616
32696
32677
32653
32673
32626
32628
32605
32587
32550
32678
32681
32639
32586
32592
32610
32628
32621
32675
32654
32601
32646
32634
32641
32551
32543
32646
32612
32626
32608
32690
32638
32675
32580
32653
32629
32649
32615
32630
32589
32665
32646
32616
32651
32625
32598
32659
32618
32673
32684
32651
32647
32609
32655
32626
32662
32614
32679
32582
32653
32631
32697
32667
32652
32629
32603
32625
32667
32611
32652
32658
32636
32637
32645
32647
32590
32564
32572
32600
32592
32681
32635
32622
32653
32674
32594
32653
32652
32578
32639
32594
32660
32649
32631
32619
32599
32601
32606
32628
32667
32646
32675
32636
32575
32651
32600
32621
32656
32671
32650
32606
32675
32624
32660
32606
32615
32643
32613
32596
32588
32644
32635
32616
32600
32690
32661
32637
32597
32665
32617
32635
32685
32684
32596
32646
32674
32614
32636
32634
32649
32594
32641
32636
32665
32660
32630
32649
32602
32638
32645
32619
32606
32662
32606
32666
32639
32624
32644
32602
32644
32580
32711
32648
32618
32656
32574
32612
32606
32632
32622
32550
32645
32623
32693
32648
32604
32616
32609
32532
32583
32611
32634
32642
32708
32660
32669
32674
32655
32648
32592
32704
32655
32614
32626
32636
32582
32638
32657
32726
32628
32624
32690
32592
32674
32649
32583
32651
32633
32606
32606
32580
32598
32643
32712
32616
32616
32654
32645
32678
32639
32607
32653
32666
32677
32614
32606
32653
32673
32676
32684
32667
32650
32664
32710
32611
32694
32616
32572
32692
32616
32622
32606
32571
32683
32679
32608
32566
32681
32651
32652
32644
32649
32620
32663
32625
32529
32632
32596
32594
32602
32632
32640
32660
32642
32625
32683
32667
32666
32633
32667
32563
32591
32540
32646
32653
32666
32616
32630
32627
32662
32645
32655
32580
32701
32621
32675
32668
32664
32659
32642
32696
32628
32666
32625
32598
32698
32662
32643
32646
32550
32602
32675
32639
32646
32572
32604
32693
32646
32643
32635
32608
32634
32596
32651
32548
32640
32673
32603
32633
32690
32612
32681
32661
32628
32635
32648
32643
32680
32685
32586
32572
32648
32621
32662
32671
32604
32584
32692
32595
32688
32627
32555
32634
32628
32676
32639
32628
32684
32595
32632
32658
32634
32656
32618
32658
32592
32604
32670
32641
32600
32642
32619
32552
32658
32694
32535
32605
32637
32600
32647
32629
32658
32618
32678
32658
32594
32592
32592
32631
32620
32608
32598
32595
32587
32597
32593
32606
32614
32637
32605
32649
32586
32637
32586
32671
32578
32635
32579
32640
32620
32693
32619
32636
32666
32710
32689
32601
32658
32556
32672
32613
32614
32631
32631
32619
32649
32587
32593
32624
32569
32614
32666
32636
32623
32671
32620
32682
32617
32644
32620
32601
32575
32700
32642
32608
32562
32645
32589
32714
32648
32671
32665
32692
32649
32596
32629
32662
32642
32652
32573
32621
32610
32619
32690
32604
32657
32624
32663
32630
32640
32614
32672
32629
32641
32598
32609
32672
32669
32614
32622
32620
32580
32601
32631
32629
32646
32652
32611
32641
32611
32581
32659
32638
32632
32618
32625
32618
32595
32605
32593
32620
32616
32670
32604
32623
32590
32606
32548
32627
32637
32606
32666
32614
32665
32659
32669
32656
32674
32566
32636
32645
32657
32662
32615
32642
32647
32655
32679
32676
32686
32654
32622
32689
32629
32678
32668
32623
32631
32662
32699
32614
32647
32681
32657
32643
32635
32624
32663
32606
32635
32622
32674
32719
32612
32686
32642
32674
32658
32660
32643
32640
32601
32633
32691
32586
32612
32604
32532
32673
32633
32604
32602
32645
32609
32607
32611
32645
32592
32670
32614
32590
32615
32577
32639
32592
32598
32572
32662
32639
32604
32601
32607
32648
32720
32613
32657
32671
32686
32635
32695
32686
32640
32691
32695
32645
32626
32599
32648
32666
32656
32657
32615
32651
32616
32619
32682
32585
32625
32691
32597
32718
32639
32659
32580
32623
32594
32641
32656
32596
32651
32633
32684
32738
32655
32614
32593
32657
32634
32653
32658
32582
32601
32670
32628
32650
32655
32608
32584
32608
32612
32582
32624
32622
32660
32600
32539
32685
32592
32645
32643
32703
32634
32645
32676
32621
32681
32743
32648
32642
32668
32657
32671
32681
32649
32609
32631
32657
32565
32682
32637
32631
32602
32542
32608
32636
32627
32613
32669
32638
32641
32588
32719
32628
32642
32641
32646
32633
32644
32643
32614
32684
32613
32684
32627
32626
32634
32633
32645
32641
32649
32634
32615
32625
32629
32624
32616
32634
32601
32604
32604
32621
32586
32644
32611
32667
32637
32554
32622
32671
32659
32610
32612
32634
32599
32566
32600
32573
32631
32690
32678
32659
32628
32608
32648
32632
32623
32662
32607
32719
32580
32646
32636
32647
32619
32626
32636
32594
32589
32619
32661
32580
32639
32582
32578
32605
32669
32728
32698
32660
32667
32666
32610
32668
32605
32619
32643
32642
32609
32677
32655
32670
32677
32590
32606
32599
32647
32618
32642
32627
32652
32653
32701
32693
32615
32606
32624
32619
32629
32606
32624
32634
32577
32693
32656
32683
32639
32624
32624
32622
32590
32657
32605
32642
32601
32635
32660
32626
32642
32707
32656
32664
32603
32583
32642
32685
32686
32631
32619
32670
32667
32588
32646
32625
32660
32651
32671
32602
32626
32637
32637
32694
32687
32593
32589
32674
32635
32640
32687
32602
32625
32594
32612
32633
32614
32630
32645
32631
32620
32685
32668
32688
32656
32603
32590
32650
32564
32579
32642
32633
32578
32631
32599
32601
32660
32596
32639
32639
32685
32662
32611
32678
32643
32657
32611
32645
32630
32614
32690
32615
32631
32596
32655
32610
32640
32610
32665
32609
32653
32596
32653
32647
32644
32628
32637
32632
32666
32715
32624
32676
32659
32609
32661
32632
32625
32642
32590
32641
32646
32672
32695
32652
32598
32605
32679
32655
32633
32624
32617
32669
32616
32649
32667
32634
32702
32629
32632
32634
32637
32616
32698
32626
32674
32614
32604
32643
32577
32645
32654
32627
32642
32600
32644
32672
32607
32622
32618
32631
32627
32659
32684
32631
32557
32595
32637
32618
32603
32598
32589
32681
32628
32609
32630
32616
32628
32652
32639
32662
32659
32593
32658
32642
32630
32618
32663
32622
32638
32690
32702
32634
32677
32643
32611
32626
32681
32620
32627
32729
32592
32617
32601
32665
32627
32641
32658
32662
32642
32691
32642
32680
32673
32653
32663
32683
32664
32607
32684
32635
32721
32624
32657
32602
32665
32675
32626
32633
32600
32675
32609
32638
32660
32636
32675
32618
32697
32672
32561
32540
32601
32666
32601
32607
32608
32634
32661
32659
32589
32631
32628
32628
32637
32656
32636
32593
32617
32625
32650
32666
32588
32620
32655
32649
32750
32633
32704
32687
32609
32652
32607
32613
32599
32638
32634
32576
32571
32589
32652
32631
32556
32614
32622
32629
32628
32580
32628
32622
32554
32604
32614
32632
32670
32617
32625
32628
32608
32641
32614
32646
32614
32653
32638
32581
32630
32667
32632
32609
32665
32621
32621
32640
32644
32651
32619
32663
32671
32662
32661
32628
32639
32645
32674
32660
32638
32653
32669
32624
32677
32584
32689
32704
32676
32645
32669
32599
32628
32686
32649
32567
32610
32627
32636
32651
32626
32577
32627
32651
32663
32584
32681
32630
32652
32606
32629
32628
32638
32647
32596
32620
32626
32650
32627
32630
32599
32657
32620
32647
32620
32605
32660
32607
32653
32582
32724
32590
32621
32593
32614
32614
32606
32621
32675
32636
32616
32636
32634
32657
32683
32633
32583
32664
32595
32572
32639
32639
32680
32632
32615
32633
32689
32587
32595
32597
32671
32659
32627
32602
32641
32667
32661
32633
32619
32639
32588
32695
32630
32617
32625
32634
32584
32717
32594
32637
32638
32685
32636
32628
32607
32604
32621
32612
32646
32655
32638
32683
32600
32610
32671
32607
32669
32659
32681
32630
32625
32573
32585
32589
32576
32636
32624
32685
32650
32613
32655
32681
32658
32657
32618
32631
32698
32638
32664
32565
32648
32605
32671
32616
32549
32579
32609
32674
32679
32644
32650
32649
32646
32595
32599
32631
32582
32609
32722
32684
32696
32652
32626
32598
32697
32661
32562
32608
32620
32586
32662
32564
32663
32661
32661
32640
32638
32667
32622
32639
32655
32682
32645
32688
32642
32631
32617
32631
32676
32617
32586
32576
32633
32676
32630
32672
32532
32604
32608
32690
32673
32681
32621
32670
32640
32698
32647
32637
32624
32681
32652
32617
32603
32512
32684
32664
32616
32655
32565
32636
32628
32617
32722
32667
32631
32620
32680
32645
32695
32704
32609
32623
32592
32659
32622
32639
32659
32619
32622
32632
32642
32584
32633
32664
32741
32652
32581
32695
32652
32657
32663
32631
32645
32673
32597
32675
32647
32647
32614
32614
32616
32651
32617
32602
32695
32605
32647
32659
32683
32625
32666
32659
32575
32586
32622
32628
32630
32657
32616
32632
32673
32638
32687
32631
32616
32644
32605
32661
32641
32606
32661
32633
32547
32654
32612
32595
32666
32559
32575
32628
32637
32659
32633
32650
32667
32646
32637
32574
32595
32625
32602
32566
32606
32668
32612
32626
32601
32635
32605
32709
32641
32709
32650
32604
32731
32651
32628
32597
32679
32615
32645
32615
32664
32623
32646
32675
32682
32608
32626
32658
32677
32642
32674
32619
32630
32583
32624
32650
32687
32607
32681
32661
32722
32710
32702
32597
32634
32650
32621
32609
32679
32622
32652
32648
32693
32635
32642
32685
32685
32656
32623
32567
32635
32627
32655
32710
32636
32643
32636
32643
32676
32647
32545
32574
32665
32585
32640
32749
32638
32658
32638
32618
32656
32696
32625
32586
32643
32581
32550
32657
32655
32653
32612
32639
32605
32613
32595
32615
32594
32645
32613
32666
32600
32607
32631
32609
32629
32618
32562
32689
32610
32601
32610
32600
32675
32645
32682
32643
32652
32653
32660
32638
32754
32659
32619
32606
32701
32652
32675
32631
32618
32594
32710
32631
32599
32640
32628
32665
32660
32584
32661
32645
32640
32663
32581
32641
32653
32670
32656
32669
32616
32670
32635
32733
32696
32618
32675
32650
32674
32626
32651
32665
32635
32692
32647
32616
32560
32673
32629
32670
32627
32609
32620
32631
32627
32659
32616
32598
32519
32649
32736
32661
32618
32586
32585
32689
32628
32639
32705
32573
32648
32717
32657
32640
32686
32636
32628
32675
32620
32675
32639
32669
32629
32620
32664
32633
32643
32618
32663
32646
32722
32660
32658
32624
32650
32603
32698
32653
32610
32656
32615
32611
32681
32652
32631
32651
32631
32656
32672
32604
32613
32598
32618
32650
32612
32632
32585
32677
32658
32673
32653
32668
32614
32704
32630
32608
32675
32646
32620
32577
32694
32642
32712
32631
32640
32630
32705
32728
32612
32638
32702
32710
32654
32582
32544
32656
32571
32542
32617
32672
32587
32593
32659
32593
32623
32646
32646
32612
32595
32624
32660
32635
32651
32651
32626
32616
32628
32642
32707
32668
32657
32670
32639
32620
32600
32608
32632
32660
32659
32627
32612
32595
32645
32681
32642
32680
32635
32602
32639
32659
32581
32656
32597
32634
32594
32600
32646
32621
32661
32585
32719
32593
32634
32619
32630
32661
32635
32612
32521
32659
32666
32606
32628
32684
32642
32629
32596
32670
32675
32635
32665
32621
32602
32699
32605
32563
32610
32635
32655
32629
32676
32559
32675
32642
32590
32640
32635
32620
32630
32662
32680
32674
32707
32683
32584
32616
32622
32659
32647
32650
32635
32648
32639
32665
32642
32609
32636
32633
32647
32717
32620
32686
32598
32617
32621
32639
32652
32635
32720
32651
32614
32600
32608
32627
32594
32624
32658
32641
32670
32662
32590
32700
32669
32606
32678
32605
32635
32592
32684
32677
32676
32635
32590
32647
32683
32622
32631
32681
32623
32656
32654
32611
32677
32600
32576
32611
32681
32581
32641
32601
32629
32658
32599
32768
32631
32609
32722
32549
32641
32649
32584
32635
32658
32567
32698
32619
32614
32628
32629
32627
32617
32592
32615
32661
32639
32635
32574
32598
32638
32643
32627
32659
32653
32679
32657
32636
32616
32652
32606
32666
32624
32585
32664
32612
32642
32649
32615
32653
32619
32677
32630
32624
32724
32600
32600
32633
32637
32578
32645
32668
32612
32698
32615
32652
32605
32648
32654
32565
32662
32622
32665
32729
32568
32670
32626
32662
32641
32608
32694
32681
32626
32652
32608
32704
32564
32598
32694
32645
32627
32624
32650
32613
32622
32700
32728
32629
32616
32618
32628
32661
32595
32658
32642
32666
32675
32609
32610
32593
32598
32580
32536
32696
32627
32577
32745
32646
32662
32597
32638
32661
32581
32630
32612
32632
32584
32582
32631
32666
32634
32677
32645
32620
32667
32627
32649
32680
32560
32583
32681
32603
32640
32602
32618
32612
32636
32717
32597
32582
32685
32578
32642
32662
32650
32573
32671
32628
32644
32702
32598
32632
32657
32657
32618
32626
32647
32697
32628
32695
32673
32633
32628
32635
32652
32627
32641
32605
32665
32611
32560
32623
32612
32631
32646
32667
32617
32586
32639
32645
32613
32543
32670
32576
32572
32696
32608
32670
32618
32591
32627
32640
32655
32586
32661
32594
32622
32646
32674
32635
32692
32688
32632
32627
32695
32625
32610
32607
32621
32645
32651
32647
32680
32700
32646
32626
32600
32610
32681
32633
32623
32610
32617
32717
32635
32639
32623
32620
32649
32650
32702
32652
32649
32662
32685
32656
32578
32600
32652
32649
32599
32650
32625
32712
32633
32622
32610
32637
32618
32636
32672
32670
32604
32594
32678
32604
32592
32626
32580
32610
32650
32624
32610
32637
32621
32664
32656
32637
32626
32598
32594
32611
32570
32645
32631
32601
32642
32612
32613
32617
32654
32603
32612
32683
32676
32583
32673
32664
32714
32695
32669
32689
32647
32547
32635
32610
32700
32643
32608
32625
32648
32662
32595
32597
32593
32652
32606
32588
32650
32641
32650
32605
32645
32609
32575
32639
32615
32642
32619
32644
32645
32629
32627
32596
32621
32671
32630
32648
32697
32685
32648
32628
32645
32593
32609
32615
32587
32635
32639
32645
32627
32625
32698
32603
32670
32651
32672
32655
32626
32677
32684
32621
32651
32632
32677
32613
32601
32674
32693
32651
32603
32601
32629
32725
32689
32681
32645
32639
32617
32563
32550
32624
32600
32582
32608
32632
32584
32594
32576
32612
32594
32680
32626
32652
32648
32499
32546
32626
32662
32622
32629
32640
32600
32621
32615
32634
32655
32622
32655
32677
32614
32688
32608
32660
32641
32687
32638
32628
32679
32630
32599
32553
32688
32652
32622
32652
32613
32691
32635
32654
32621
32625
32612
32643
32631
32684
32637
32569
32619
32550
32596
32672
32727
32596
32672
32579
32665
32647
32661
32630
32620
32609
32699
32645
32607
32621
32594
32593
32578
32621
32681
32591
32613
32644
32610
32661
32641
32679
32678
32591
32637
32628
32587
32650
32615
32601
32673
32604
32630
32620
32661
32665
32601
32686
32590
32619
32621
32679
32606
32617
32581
32654
32661
32664
32608
32621
32617
32625
32579
32743
32654
32619
32675
32653
32662
32691
32611
32586
32643
32672
32628
32653
32636
32653
32656
32641
32617
32650
32639
32616
32577
32667
32657
32620
32627
32592
32675
32591
32664
32612
32622
32563
32656
32645
32640
32672
32618
32673
32670
32623
32622
32635
32726
32639
32570
32628
32620
32585
32612
32588
32674
32504
32649
32653
32666
32584
32632
32621
32665
32602
32595
32575
32622
32620
32669
32649
32595
32599
32618
32598
32646
32657
32677
32609
32644
32635
32632
32604
32585
32624
32653
32624
32605
32641
32632
32587
32613
32676
32648
32605
32632
32615
32576
32599
32616
32621
32682
32683
32651
32644
32623
32664
32647
32623
32683
32660
32667
32602
32676
32684
32648
32667
32597
32608
32647
32717
32694
32598
32624
32659
32579
32599
32587
32597
32638
32608
32662
32673
32667
32618
32624
32676
32611
32594
32634
32624
32591
32630
32736
32630
32568
32657
32644
32639
32641
32651
32683
32680
32627
32561
32622
32656
32646
32622
32612
32588
32665
32635
32677
32635
32646
32665
32697
32621
32637
32635
32705
32696
32650
32654
32630
32618
32624
32593
32653
32662
32607
32706
32632
32656
32600
32650
32586
32637
32652
32550
32630
32704
32699
32635
32701
32651
32553
32536
32650
32679
32647
32598
32665
32697
32656
32665
32654
32565
32674
32714
32648
32638
32652
32625
32758
32640
32612
32585
32746
32658
32671
32561
32622
32582
32626
32653
32673
32666
32675
32660
32740
32656
32628
32637
32617
32629
32630
32675
32653
32541
32644
32594
32609
32577
32555
32668
32639
32668
32636
32660
32637
32637
32695
32645
32658
32604
32659
32656
32594
32609
32685
32653
32715
32687
32541
32690
32689
32638
32618
32641
32704
32726
32669
32622
32616
32699
32672
32622
32614
32741
32623
32599
32595
32617
32678
32640
32700
32728
32603
32611
32671
32619
32629
32642
32700
32627
32600
32640
32604
32686
32657
32684
32717
32690
32644
32644
32619
32646
32643
32634
32651
32688
32652
32674
32634
32590
32624
32631
32641
32689
32611
32597
32652
32649
32628
32580
32668
32691
32652
32711
32627
32641
32662
32676
32635
32643
32700
32644
32648
32611
32622
32699
32676
32651
32639
32615
32665
32670
32591
32658
32650
32607
32604
32689
32621
32713
32673
32616
32698
32627
32652
32657
32608
32650
32620
32666
32646
32605
32644
32626
32677
32625
32657
32629
32644
32655
32608
32699
32684
32665
32702
32654
32654
32585
32659
32726
32691
32648
32634
32659
32638
32662
32623
32623
32644
32597
32675
32595
32628
32637
32629
32642
32643
32629
32652
32647
32659
32666
32636
32633
32635
32682
32604
32567
32684
32669
32636
32706
32651
32593
32629
32607
32635
32677
32654
32615
32645
32636
32642
32715
32720
32631
32642
32716
32524
32629
32626
32678
32639
32643
32659
32598
32675
32582
32622
32637
32613
32628
32655
32710
32696
32639
32673
32681
32646
32703
32722
32676
32640
32637
32619
32645
32650
32643
32687
32611
32651
32663
32625
32594
32659
32635
32590
32718
32685
32656
32646
32612
32614
32612
32640
32546
32642
32624
32636
32575
32649
32586
32614
32707
32637
32677
32641
32644
32583
32619
32617
32640
32615
32651
32626
32626
32614
32661
32656
32677
32699
32713
32682
32632
32628
32665
32593
32704
32703
32657
32623
32651
32639
32680
32663
32635
32617
32694
32667
32586
32668
32645
32613
32677
32629
32655
32626
32663
32616
32681
32684
32651
32650
32640
32730
32581
32667
32649
32662
32653
32687
32651
32638
32678
32682
32596
32641
32614
32615
32640
32639
32632
32630
32635
32646
32639
32712
32662
32585
32659
32633
32693
32651
32649
32696
32665
32608
32598
32677
32662
32680
32641
32597
32555
32659
32652
32610
32630
32599
32644
32584
32635
32643
32659
32612
32685
32627
32613
32597
32643
32632
32623
32560
32632
32664
32674
32641
32688
32660
32689
32665
32639
32699
32647
32658
32679
32637
32610
32664
32697
32669
32682
32662
32668
32699
32679
32632
32687
32634
32635
32638
32693
32701
32550
32649
32624
32665
32637
32651
32637
32623
32626
32683
32679
32677
32702
32555
32639
32621
32644
32712
32687
32698
32629
32682
32578
32620
32578
32602
32515
32662
32644
32658
32630
32676
32623
32578
32735
32633
32679
32672
32698
32633
32615
32637
32598
32639
32657
32633
32662
32644
32632
32671
32669
32654
32611
32632
32615
32625
32599
32607
32609
32651
32647
32593
32657
32666
32600
32675
32630
32671
32633
32636
32704
32548
32701
32665
32697
32653
32673
32698
32627
32656
32678
32661
32648
32627
32620
32703
32595
32659
32599
32681
32661
32699
32666
32618
32612
32608
32620
32608
32625
32656
32593
32596
32589
32633
32659
32618
32604
32615
32642
32631
32610
32730
32668
32639
32630
32664
32652
32683
32636
32683
32693
32667
32667
32646
32754
32653
32673
32601
32626
32709
32519
32662
32629
32638
32640
32589
32715
32680
32656
32678
32651
32681
32625
32629
32655
32647
32637
32615
32668
32687
32689
32762
32683
32670
32703
32611
32687
32673
32617
32601
32639
32588
32627
32619
32657
32629
32629
32621
32669
32621
32647
32661
32633
32631
32584
32597
32660
32622
32602
32656
32632
32669
32648
32632
32653
32614
32683
32656
32604
32590
32631
32673
32648
32617
32673
32649
32623
32603
32664
32583
32621
32597
32634
32658
32639
32705
32616
32671
32679
32660
32654
32642
32674
32605
32673
32666
32647
32706
32637
32629
32695
32562
32584
32615
32677
32615
32651
32606
32580
32572
32627
32639
32643
32610
32676
32670
32645
32719
32691
32638
32672
32636
32605
32596
32684
32567
32611
32702
32685
32584
32664
32534
32629
32650
32702
32618
32632
32646
32682
32638
32664
32642
32647
32611
32680
32644
32605
32675
32725
32684
32662
32734
32645
32643
32684
32588
32632
32645
32626
32646
32604
32682
32521
32643
32611
32627
32611
32693
32654
32618
32554
32655
32675
32550
32634
32704
32723
32672
32695
32683
32659
32684
32654
32626
32686
32661
32624
32670
32641
32713
32609
32664
32716
32611
32695
32670
32640
32661
32620
32611
32545
32647
32636
32642
32649
32600
32639
32604
32685
32573
32667
32659
32720
32642
32684
32576
32638
32695
32677
32588
32557
32673
32599
32697
32636
32674
32664
32630
32599
32645
32628
32628
32661
32663
32708
32635
32674
32629
32706
32662
32655
32591
32648
32610
32633
32661
32636
32579
32628
32674
32621
32679
32695
32710
32694
32609
32647
32718
32660
32663
32666
32611
32608
32676
32615
32661
32608
32660
32653
32655
32700
32673
32674
32692
32648
32657
32632
32676
32679
32649
32667
32661
32663
32629
32627
32651
32600
32658
32645
32656
32662
32686
32645
32646
32621
32660
32671
32674
32666
32636
32656
32676
32651
32601
32622
32640
32671
32705
32708
32650
32644
32653
32634
32639
32649
32640
32621
32643
32589
32670
32642
32673
32662
32667
32659
32650
32670
32650
32651
32647
32653
32581
32665
32635
32549
32645
32652
32658
32623
32682
32698
32676
32622
32586
32653
32603
32619
32690
32615
32645
32613
32688
32616
32642
32682
32571
32639
32638
32593
32621
32619
32628
32616
32611
32672
32643
32628
32609
32643
32646
32655
32609
32661
32654
32644
32577
32649
32620
32721
32599
32648
32596
32562
32657
32575
32620
32603
32657
32588
32716
32596
32690
32591
32674
32741
32634
32576
32535
32676
32647
32660
32642
32686
32662
32650
32648
32650
32634
32658
32702
32646
32684
32616
32659
32655
32623
32612
32632
32618
32664
32615
32655
32583
32651
32631
32610
32657
32597
32622
32614
32612
32592
32615
32622
32641
32644
32629
32623
32708
32684
32643
32666
32663
32654
32641
32668
32634
32627
32683
32658
32674
32627
32654
32705
32679
32627
32612
32687
32700
32671
32593
32632
32625
32584
32647
32663
32668
32640
32605
32592
32568
32583
32670
32626
32634
32662
32677
32668
32654
32658
32682
32630
32666
32670
32643
32658
32635
32603
32621
32635
32629
32658
32626
32644
32714
32676
32571
32625
32610
32683
32655
32630
32647
32613
32646
32597
32629
32657
32711
32679
32616
32641
32620
32653
32679
32681
32640
32598
32641
32577
32636
32644
32624
32672
32649
32643
32667
32680
32647
32689
32710
32686
32656
32677
32659
32687
32581
32587
32665
32606
32668
32618
32618
32596
32636
32668
32598
32645
32730
32673
32605
32610
32568
32650
32662
32653
32654
32686
32646
32623
32690
32679
32645
32637
32693
32646
32669
32650
32712
32664
32599
32695
32641
32602
32665
32616
32650
32697
32707
32622
32579
32678
32643
32612
32619
32617
32574
32648
32670
32663
32662
32652
32646
32624
32644
32634
32665
32631
32632
32677
32689
32733
32647
32697
32688
32654
32736
32694
32635
32628
32642
32654
32662
32604
32624
32640
32664
32582
32666
32667
32691
32688
32675
32711
32658
32641
32663
32648
32648
32724
32694
32576
32646
32628
32664
32651
32628
32621
32612
32615
32616
32632
32662
32644
32629
32603
32594
32675
32663
32630
32585
32626
32624
32626
32625
32665
32664
32641
32593
32650
32676
32632
32613
32611
32681
32612
32644
32615
32627
32606
32591
32680
32652
32659
32620
32658
32653
32609
32549
32645
32625
32609
32634
32632
32680
32648
32634
32596
32636
32625
32710
32667
32667
32665
32624
32651
32638
32674
32651
32640
32584
32662
32692
32608
32669
32632
32624
32660
32678
32640
32626
32650
32683
32641
32656
32620
32642
32646
32601
32624
32680
32697
32657
32673
32676
32553
32713
32597
32626
32624
32645
32622
32596
32559
32708
32653
32636
32635
32665
32648
32700
32627
32633
32616
32626
32686
32687
32649
32596
32637
32637
32619
32667
32647
32646
32689
32602
32549
32570
32705
32682
32682
32649
32664
32614
32640
32639
32628
32696
32584
32665
32618
32664
32628
32685
32676
32664
32597
32637
32682
32598
32616
32621
32584
32520
32643
32562
32577
32617
32626
32599
32588
32589
32656
32651
32639
32678
32635
32628
32659
32637
32626
32602
32654
32601
32608
32564
32618
32647
32575
32576
32663
32616
32683
32693
32651
32631
32646
32605
32616
32681
32600
32582
32622
32550
32626
32623
32641
32633
32618
32611
32622
32626
32660
32631
32586
32518
32675
32621
32646
32532
32663
32665
32660
32604
32609
32633
32567
32624
32584
32555
32570
32574
32606
32614
32636
32581
32635
32510
32644
32650
32654
32646
32634
32641
32647
32669
32629
32643
32654
32636
32645
32642
32587
32689
32641
32636
32667
32660
32665
32618
32698
32620
32644
32659
32648
32652
32651
32631
32631
32593
32601
32600
32615
32592
32635
32615
32655
32679
32628
32570
32635
32584
32621
32623
32622
32680
32680
32701
32663
32667
32648
32653
32682
32631
32644
32656
32678
32668
32674
32638
32643
32560
32659
32700
32637
32617
32629
32672
32656
32716
32629
32632
32650
32603
32659
32649
32611
32497
32588
32659
32647
32649
32637
32634
32675
32718
32649
32651
32663
32647
32664
32711
32614
32663
32673
32594
32702
32653
32659
32659
32659
32659
32659
32659
32659
32659
32659
32659
32659
32659
32659
32659
32659
32659
32659
32659
32659
32659
32659
32659
32659
32659
32659
32659
