9910
32591
32630
32596
32569
32566
32630
32584
32659
32594
32586
32529
32504
32620
32618
32623
32553
32580
32580
32664
32653
32624
32598
32705
32618
32657
32622
32569
32672
32664
32593
32603
32614
32612
32639
32553
32552
32566
32582
32607
32641
32608
32598
32556
32587
32610
32623
32589
32561
32556
32643
32622
32625
32622
32597
32597
32577
32618
32588
32624
32582
32543
32644
32521
32600
32541
32602
32616
32612
32620
32612
32565
32570
32650
32606
32621
32584
32520
32587
32602
32597
32595
32549
32575
32565
32631
32598
32598
32574
32673
32624
32616
32573
32606
32575
32600
32555
32584
32625
32642
32624
32652
32623
32610
32622
32559
32509
32525
32653
32549
32597
32590
32577
32541
32571
32609
32609
32581
32534
32606
32657
32613
32597
32631
32582
32567
32598
32640
32633
32664
32539
32605
32633
32627
32457
32638
32616
32652
32615
32603
32592
32607
32602
32629
32626
32611
32614
32624
32608
32622
32606
32616
32647
32572
32578
32567
32558
32621
32611
32633
32585
32621
32648
32614
32589
32584
32561
32601
32534
32613
32616
32599
32660
32650
32654
32618
32624
32586
32579
32602
32601
32650
32617
32607
32604
32561
32620
32603
32638
32616
32583
32594
32616
32616
32650
32601
32673
32644
32571
32610
32612
32632
32653
32616
32612
32567
32641
32574
32617
32672
32595
32619
32597
32602
32626
32660
32603
32596
32629
32575
32557
32560
32594
32533
32569
32640
32665
32656
32605
32660
32614
32618
32622
32641
32646
32662
32593
32617
32632
32600
32588
32568
32595
32636
32601
32632
32621
32574
32554
32554
32562
32565
32652
32586
32563
32613
32634
32630
32685
32618
32617
32640
32538
32605
32626
32623
32636
32575
32625
32663
32722
32607
32674
32591
32653
32638
32618
32612
32701
32619
32606
32605
32627
32632
32650
32580
32672
32625
32574
32607
32636
32608
32542
32523
32626
32671
32616
32704
32597
32585
32591
32590
32639
32577
32596
32608
32563
32650
32647
32565
32695
32614
32660
32659
32653
32602
32625
32633
32594
32624
32546
32593
32498
32595
32524
32556
32664
32675
32746
32679
32707
32674
32690
32612
32598
32563
32620
32594
32634
32606
32603
32602
32708
32601
32612
32600
32630
32632
32623
32622
32588
32590
32609
32596
32615
32614
32600
32696
32561
32703
32616
32647
32622
32668
32620
32577
32575
32663
32560
32636
32678
32558
32689
32601
32623
32620
32606
32682
32676
32622
32676
32663
32659
32588
32637
32658
32623
32635
32632
32594
32658
32598
32656
32643
32625
32587
32648
32643
32634
32663
32540
32628
32623
32671
32643
32612
32598
32664
32646
32613
32618
32676
32648
32625
32628
32590
32605
32652
32604
32608
32660
32628
32563
32607
32573
32601
32614
32537
32673
32557
32628
32612
32657
32654
32578
32642
32654
32628
32547
32563
32641
32621
32664
32624
32644
32637
32566
32611
32647
32603
32670
32650
32657
32647
32602
32642
32611
32618
32627
32645
32621
32619
32598
32667
32599
32638
32673
32711
32617
32607
32654
32594
32645
32654
32677
32634
32641
32616
32607
32668
32748
32609
32642
32626
32649
32583
32653
32639
32579
32668
32643
32664
32609
32597
32672
32599
32625
32696
32630
32626
32590
32585
32606
32610
32588
32613
32640
32595
32631
32623
32658
32688
32664
32585
32602
32689
32661
32662
32601
32657
32682
32657
32666
32647
32540
32615
32579
32626
32621
32556
32629
32631
32655
32624
32641
32600
32625
32583
32677
32629
32638
32617
32578
32598
32669
32660
32637
32618
32544
32607
32594
32629
32612
32612
32606
32669
32656
32663
32586
32713
32665
32675
32619
32625
32604
32638
32574
32607
32599
32616
32628
32678
32605
32691
32628
32700
32562
32643
32644
32713
32670
32659
32585
32649
32634
32607
32639
32668
32709
32611
32693
32697
32697
32700
32576
32690
32636
32591
32626
32603
32662
32577
32659
32688
32659
32696
32635
32652
32656
32626
32657
32652
32596
32640
32620
32537
32673
32654
32605
32647
32615
32645
32640
32621
32653
32618
32608
32651
32657
32651
32663
32635
32588
32632
32624
32637
32681
32641
32576
32625
32729
32598
32696
32657
32677
32699
32671
32686
32662
32610
32650
32681
32637
32681
32656
32618
32610
32619
32655
32715
32612
32685
32748
32679
32647
32647
32624
32641
32636
32640
32687
32648
32600
32624
32657
32642
32621
32608
32587
32558
32627
32630
32608
32615
32618
32606
32617
32577
32600
32643
32623
32570
32557
32586
32629
32645
32617
32701
32620
32667
32635
32694
32621
32621
32612
32596
32657
32701
32634
32660
32710
32598
32665
32655
32620
32652
32618
32664
32665
32644
32590
32693
32662
32608
32673
32596
32619
32609
32634
32674
32666
32629
32658
32646
32603
32674
32578
32586
32649
32609
32647
32618
32649
32564
32585
32570
32593
32646
32622
32586
32681
32677
32611
32709
32606
32634
32641
32651
32602
32664
32659
32620
32573
32668
32691
32603
32591
32616
32653
32581
32569
32623
32577
32577
32625
32639
32606
32599
32580
32626
32685
32673
32622
32637
32617
32645
32668
32606
32590
32590
32615
32646
32699
32639
32658
32629
32638
32685
32669
32661
32667
32702
32651
32628
32663
32645
32588
32682
32650
32603
32676
32575
32593
32643
32624
32600
32613
32578
32678
32614
32701
32546
32574
32610
32665
32693
32635
32729
32650
32605
32723
32636
32662
32687
32677
32655
32652
32634
32657
32655
32622
32571
32694
32678
32616
32616
32667
32596
32610
32642
32626
32609
32585
32673
32619
32710
32624
32614
32649
32624
32698
32641
32620
32593
32714
32734
32667
32620
32634
32615
32594
32639
32668
32688
32650
32591
32597
32636
32621
32647
32642
32595
32586
32671
32654
32634
32571
32626
32542
32578
32581
32602
32646
32641
32578
32636
32706
32672
32643
32622
32710
32566
32650
32664
32683
32661
32566
32666
32601
32583
32593
32571
32640
32676
32633
32613
32646
32593
32635
32620
32569
32594
32656
32605
32657
32629
32637
32747
32648
32592
32681
32560
32570
32631
32670
32652
32580
32537
32640
32669
32641
32679
32644
32613
32622
32629
32664
32625
32623
32603
32619
32574
32583
32584
32696
32579
32619
32670
32672
32631
32561
32677
32642
32611
32722
32624
32642
32631
32606
32643
32770
32630
32698
32656
32592
32674
32601
32638
32575
32584
32612
32689
32707
32675
32680
32617
32742
32730
32675
32706
32652
32620
32649
32616
32624
32638
32661
32671
32593
32641
32638
32693
32641
32659
32645
32615
32626
32661
32660
32580
32645
32565
32628
32671
32690
32619
32611
32644
32665
32647
32671
32738
32737
32616
32652
32653
32550
32631
32590
32599
32586
32682
32643
32656
32593
32659
32646
32608
32633
32563
32672
32645
32648
32682
32637
32577
32651
32639
32655
32613
32614
32682
32677
32703
32640
32617
32696
32666
32634
32497
32574
32616
32650
32692
32638
32649
32679
32665
32666
32638
32656
32672
32612
32642
32610
32594
32607
32594
32580
32619
32695
32598
32661
32589
32705
32685
32635
32589
32619
32592
32698
32516
32602
32621
32645
32623
32623
32668
32595
32602
32647
32689
32777
32652
32614
32600
32647
32595
32585
32647
32614
32662
32570
32646
32645
32636
32637
32602
32671
32611
32683
32684
32633
32718
32662
32646
32614
32674
32627
32678
32590
32665
32636
32602
32655
32646
32584
32577
32588
32590
32616
32597
32645
32658
32647
32579
32669
32651
32706
32583
32664
32642
32633
32660
32636
32619
32648
32645
32706
32675
32606
32624
32610
32622
32592
32641
32616
32586
32624
32677
32686
32659
32617
32642
32711
32599
32705
32695
32605
32647
32577
32637
32640
32620
32618
32620
32666
32614
32662
32615
32628
32677
32616
32638
32638
32646
32678
32592
32608
32649
32689
32637
32686
32692
32623
32647
32586
32614
32618
32667
32653
32630
32622
32652
32634
32653
32642
32681
32685
32633
32666
32683
32668
32635
32625
32639
32569
32645
32629
32624
32635
32596
32691
32674
32600
32623
32705
32622
32651
32594
32625
32703
32634
32599
32606
32567
32765
32660
32668
32697
32659
32645
32661
32640
32681
32690
32635
32664
32590
32605
32604
32661
32644
32715
32648
32623
32605
32720
32605
32620
32586
32620
32608
32633
32670
32634
32613
32623
32619
32652
32616
32629
32709
32661
32684
32662
32680
32630
32671
32671
32702
32693
32615
32679
32649
32632
32612
32737
32608
32680
32717
32704
32681
32702
32646
32619
32558
32669
32567
32617
32661
32628
32666
32623
32621
32591
32525
32689
32650
32551
32655
32617
32578
32615
32649
32640
32661
32695
32684
32586
32610
32661
32666
32683
32641
32634
32673
32674
32653
32578
32626
32659
32611
32689
32597
32699
32671
32620
32677
32700
32650
32586
32575
32650
32652
32615
32710
32662
32644
32638
32614
32608
32666
32651
32647
32662
32661
32632
32590
32672
32716
32673
32617
32613
32634
32625
32642
32611
32658
32677
32644
32737
32647
32588
32633
32622
32587
32608
32692
32671
32613
32674
32650
32685
32628
32637
32625
32716
32661
32614
32727
32676
32692
32703
32683
32688
32612
32631
32657
32659
32603
32649
32652
32696
32699
32706
32638
32635
32554
32645
32677
32629
32633
32688
32671
32643
32678
32658
32629
32672
32626
32634
32592
32665
32586
32701
32604
32696
32641
32626
32642
32650
32637
32643
32608
32630
32657
32625
32656
32658
32673
32636
32630
32645
32648
32627
32637
32645
32647
32602
32672
32612
32642
32666
32620
32666
32602
32646
32642
32749
32675
32661
32562
32677
32618
32643
32667
32673
32588
32600
32671
32677
32718
32671
32647
32654
32650
32646
32681
32568
32660
32681
32693
32681
32697
32628
32676
32676
32664
32594
32666
32628
32671
32686
32673
32599
32649
32706
32664
32672
32627
32622
32681
32635
32638
32669
32642
32597
32667
32683
32671
32594
32526
32637
32619
32603
32636
32624
32627
32670
32694
32646
32643
32689
32611
32652
32628
32684
32636
32652
32662
32566
32621
32659
32713
32652
32614
32709
32622
32665
32611
32576
32631
32641
32624
32609
32598
32630
32681
32682
32576
32668
32714
32655
32686
32646
32615
32644
32662
32619
32626
32655
32651
32649
32628
32642
32609
32598
32590
32616
32557
32637
32662
32703
32614
32639
32606
32668
32635
32643
32653
32658
32623
32682
32620
32695
32687
32741
32691
32647
32665
32706
32610
32606
32600
32661
32629
32691
32613
32695
32626
32713
32670
32612
32627
32595
32681
32708
32707
32645
32638
32650
32610
32625
32686
32684
32603
32665
32661
32679
32608
32593
32653
32632
32660
32565
32528
32626
32607
32669
32610
32640
32680
32669
32662
32626
32626
32698
32693
32682
32641
32617
32699
32607
32678
32673
32653
32651
32670
32585
32622
32667
32631
32547
32630
32712
32676
32688
32667
32650
32640
32640
32620
32666
32619
32618
32617
32627
32600
32670
32645
32650
32737
32666
32666
32639
32625
32609
32653
32588
32621
32632
32610
32710
32612
32660
32643
32670
32677
32667
32667
32642
32675
32596
32629
32610
32633
32634
32689
32732
32691
32659
32568
32636
32605
32601
32583
32626
32627
32593
32606
32591
32635
32639
32627
32659
32678
32633
32718
32646
32657
32574
32639
32644
32659
32646
32625
32562
32630
32586
32661
32688
32705
32671
32646
32667
32607
32680
32682
32568
32571
32664
32687
32674
32598
32655
32755
32645
32600
32675
32578
32682
32613
32605
32613
32629
32674
32658
32707
32654
32640
32648
32612
32643
32629
32627
32616
32609
32596
32577
32605
32696
32593
32629
32682
32675
32640
32648
32622
32679
32704
32689
32705
32663
32686
32616
32649
32702
32506
32587
32620
32612
32700
32635
32658
32655
32627
32669
32647
32658
32647
32563
32722
32600
32597
32645
32605
32580
32654
32691
32673
32661
32660
32648
32665
32604
32607
32702
32640
32667
32610
32625
32648
32624
32681
32650
32665
32688
32634
32605
32685
32590
32620
32635
32618
32666
32672
32671
32685
32636
32731
32697
32629
32640
32611
32637
32639
32669
32665
32610
32645
32699
32684
32626
32644
32697
32612
32613
32590
32642
32623
32580
32708
32747
32692
32692
32648
32629
32579
32578
32668
32630
32629
32641
32572
32637
32651
32610
32665
32687
32635
32625
32667
32649
32648
32662
32656
32653
32615
32585
32606
32654
32628
32672
32637
32582
32631
32655
32633
32659
32612
32632
32642
32667
32673
32677
32698
32611
32621
32643
32596
32605
32647
32648
32592
32673
32661
32655
32567
32655
32650
32617
32612
32603
32540
32650
32690
32585
32648
32629
32631
32624
32585
32673
32565
32693
32708
32656
32709
32729
32641
32636
32675
32633
32646
32610
32713
32625
32595
32615
32616
32606
32602
32644
32623
32602
32602
32600
32542
32582
32643
32689
32641
32636
32643
32625
32594
32626
32659
32659
32656
32619
32590
32616
32621
32669
32636
32597
32609
32644
32698
32665
32636
32688
32658
32662
32676
32644
32624
32600
32631
32676
32612
32592
32631
32638
32652
32645
32654
32682
32619
32661
32662
32664
32640
32621
32581
32600
32654
32599
32667
32600
32636
32611
32623
32660
32673
32563
32628
32652
32604
32615
32691
32619
32635
32692
32690
32640
32636
32690
32641
32614
32625
32650
32612
32720
32738
32616
32668
32638
32707
32560
32585
32644
32618
32588
32652
32645
32670
32639
32641
32604
32686
32618
32646
32672
32692
32676
32637
32632
32632
32634
32648
32649
32686
32625
32652
32662
32629
32630
32682
32638
32615
32545
32646
32647
32553
32678
32644
32580
32610
32666
32648
32655
32638
32666
32652
32614
32626
32633
32626
32640
32639
32595
32646
32648
32693
32731
32600
32648
32606
32721
32713
32680
32673
32637
32629
32663
32558
32693
32638
32673
32636
32650
32606
32651
32635
32635
32597
32669
32611
32725
32635
32619
32602
32629
32604
32580
32601
32728
32671
32576
32680
32630
32650
32700
32629
32637
32622
32639
32639
32693
32652
32651
32640
32633
32569
32695
32646
32622
32637
32625
32562
32586
32637
32553
32608
32696
32641
32639
32622
32625
32650
32645
32589
32686
32657
32600
32689
32684
32621
32659
32650
32659
32632
32673
32680
32653
32611
32615
32697
32661
32610
32593
32663
32608
32606
32624
32659
32694
32699
32642
32619
32648
32606
32627
32615
32631
32649
32582
32674
32610
32600
32615
32548
32608
32636
32602
32646
32667
32642
32616
32721
32675
32673
32651
32623
32641
32654
32669
32584
32673
32638
32659
32648
32616
32606
32608
32629
32620
32596
32635
32646
32660
32641
32654
32610
32588
32657
32659
32680
32634
32635
32663
32569
32570
32656
32677
32640
32715
32644
32622
32637
32621
32636
32629
32672
32610
32591
32594
32650
32627
32653
32594
32639
32632
32687
32614
32661
32650
32653
32651
32640
32573
32580
32646
32631
32650
32577
32610
32650
32586
32691
32667
32599
32626
32630
32618
32629
32690
32626
32579
32585
32678
32660
32635
32601
32652
32702
32603
32656
32648
32619
32646
32645
32644
32615
32617
32562
32658
32638
32597
32574
32616
32631
32718
32629
32607
32640
32655
32709
32653
32668
32680
32534
32626
32734
32645
32636
32646
32673
32619
32481
32738
32595
32653
32641
32676
32619
32620
32622
32658
32620
32699
32577
32640
32677
32687
32643
32670
32610
32679
32629
32620
32583
32618
32597
32677
32596
32659
32681
32698
32741
32647
32647
32576
32624
32665
32674
32661
32587
32699
32612
32619
32631
32611
32708
32647
32652
32682
32656
32656
32666
32616
32608
32646
32550
32577
32590
32684
32648
32657
32673
32637
32660
32648
32681
32684
32649
32643
32659
32621
32649
32649
32686
32605
32634
32673
32599
32592
32603
32612
32638
32616
32608
32608
32609
32624
32678
32789
32639
32665
32602
32689
32636
32651
32654
32709
32684
32673
32618
32677
32684
32601
32694
32728
32708
32656
32669
32641
32702
32646
32656
32645
32657
32617
32580
32609
32603
32625
32640
32647
32640
32693
32658
32631
32678
32578
32652
32624
32626
32628
32642
32707
32650
32683
32637
32631
32674
32618
32624
32633
32601
32602
32561
32578
32692
32602
32654
32613
32613
32653
32670
32593
32672
32700
32613
32683
32675
32620
32600
32635
32636
32627
32667
32590
32575
32660
32658
32671
32710
32646
32683
32718
32632
32654
32655
32599
32546
32624
32654
32636
32647
32563
32608
32624
32680
32702
32652
32621
32598
32660
32610
32681
32675
32695
32671
32679
32593
32648
32662
32659
32617
32570
32677
32598
32659
32590
32685
32583
32625
32683
32712
32614
32641
32635
32629
32674
32637
32700
32635
32653
32623
32668
32632
32672
32660
32556
32653
32564
32575
32587
32650
32621
32669
32621
32687
32624
32632
32685
32671
32664
32622
32626
32625
32556
32590
32643
32615
32679
32725
32675
32669
32678
32606
32739
32660
32678
32695
32637
32596
32620
32619
32665
32650
32644
32627
32683
32589
32724
32673
32597
32660
32586
32605
32577
32625
32643
32636
32662
32679
32667
32657
32642
32661
32677
32624
32706
32659
32647
32663
32602
32659
32616
32623
32612
32663
32615
32715
32644
32566
32619
32632
32661
32603
32658
32605
32602
32681
32612
32619
32661
32715
32713
32672
32602
32668
32683
32622
32713
32646
32644
32660
32724
32635
32660
32673
32680
32645
32605
32698
32570
32621
32563
32686
32623
32560
32608
32623
32675
32716
32652
32665
32609
32598
32681
32650
32606
32609
32639
32666
32636
32701
32655
32682
32621
32662
32617
32687
32638
32689
32620
32661
32651
32649
32666
32692
32634
32660
32574
32600
32612
32586
32580
32648
32566
32668
32671
32642
32632
32639
32651
32632
32667
32649
32628
32645
32632
32645
32614
32580
32629
32622
32589
32628
32645
32689
32582
32612
32678
32675
32673
32602
32607
32650
32650
32677
32649
32636
32632
32630
32685
32626
32600
32600
32587
32595
32653
32597
32630
32616
32650
32649
32673
32649
32589
32543
32649
32714
32649
32658
32603
32665
32614
32600
32589
32623
32583
32650
32677
32672
32561
32598
32634
32648
32668
32594
32644
32677
32663
32570
32573
32704
32611
32558
32635
32711
32615
32674
32680
32674
32660
32650
32618
32632
32677
32623
32624
32637
32680
32715
32672
32658
32675
32632
32712
32626
32673
32647
32608
32613
32641
32683
32705
32667
32645
32714
32666
32671
32604
32607
32669
32612
32629
32632
32578
32565
32610
32685
32624
32643
32545
32585
32692
32661
32661
32625
32633
32657
32646
32613
32624
32720
32663
32625
32665
32656
32637
32598
32627
32645
32623
32671
32666
32591
32631
32678
32596
32653
32620
32659
32580
32691
32615
32639
32703
32664
32606
32632
32683
32608
32639
32621
32653
32641
32636
32640
32679
32637
32669
32648
32617
32669
32673
32678
32661
32616
32695
32653
32543
32650
32601
32614
32605
32615
32689
32639
32645
32624
32642
32658
32565
32633
32607
32583
32651
32678
32624
32645
32615
32650
32652
32660
32626
32646
32713
32701
32688
32631
32639
32624
32667
32673
32675
32640
32579
32646
32597
32677
32640
32633
32736
32629
32642
32669
32638
32591
32603
32647
32680
32639
32637
32668
32643
32658
32691
32698
32625
32613
32647
32604
32621
32649
32660
32685
32604
32532
32591
32652
32683
32679
32611
32685
32631
32666
32655
32604
32661
32659
32667
32634
32667
32696
32687
32611
32616
32635
32587
32682
32627
32653
32643
32644
32635
32663
32609
32644
32586
32672
32689
32663
32663
32612
32565
32614
32630
32627
32694
32651
32648
32629
32634
32642
32663
32624
32642
32739
32652
32668
32625
32607
32687
32641
32626
32723
32621
32620
32586
32609
32583
32691
32620
32632
32585
32637
32705
32693
32627
32714
32628
32673
32716
32670
32647
32651
32637
32604
32642
32610
32644
32595
32619
32674
32626
32678
32658
32666
32609
32551
32625
32607
32618
32719
32684
32603
32641
32672
32619
32600
32661
32603
32615
32597
32606
32683
32628
32681
32678
32669
32593
32642
32678
32675
32647
32685
32635
32634
32613
32676
32693
32644
32639
32657
32657
32699
32662
32667
32636
32662
32629
32697
32649
32668
32608
32641
32650
32674
32694
32688
32672
32679
32627
32655
32601
32607
32661
32674
32633
32689
32661
32624
32606
32594
32635
32662
32626
32730
32687
32649
32650
32652
32604
32601
32685
32637
32583
32643
32648
32661
32704
32609
32546
32638
32641
32696
32711
32665
32624
32661
32672
32670
32686
32610
32620
32616
32639
32697
32659
32669
32716
32665
32633
32637
32704
32649
32657
32602
32624
32614
32639
32630
32567
32679
32624
32659
32653
32688
32692
32683
32641
32669
32631
32671
32642
32628
32619
32612
32648
32566
32589
32651
32616
32630
32630
32616
32669
32509
32644
32632
32647
32547
32566
32703
32705
32631
32615
32590
32605
32624
32605
32648
32625
32643
32660
32610
32621
32667
32641
32595
32631
32625
32599
32622
32613
32642
32638
32590
32623
32605
32621
32664
32703
32703
32664
32589
32588
32546
32613
32632
32584
32576
32578
32652
32641
32660
32607
32690
32714
32606
32617
32662
32650
32632
32612
32637
32617
32732
32691
32600
32679
32639
32691
32580
32616
32676
32641
32659
32667
32654
32692
32670
32640
32585
32656
32672
32575
32636
32637
32695
32624
32611
32678
32596
32671
32662
32614
32641
32687
32642
32645
32694
32707
32628
32613
32604
32638
32672
32664
32657
32620
32643
32658
32664
32651
32651
32701
32649
32622
32623
32681
32659
32640
32626
32640
32678
32635
32600
32565
32619
32682
32655
32609
32643
32664
32621
32679
32626
32645
32680
32654
32651
32637
32604
32633
32625
32619
32645
32622
32592
32625
32613
32580
32614
32642
32680
32620
32559
32569
32637
32667
32630
32646
32627
32597
32696
32636
32580
32595
32650
32634
32661
32651
32639
32637
32622
32638
32609
32624
32613
32607
32688
32674
32635
32640
32665
32642
32646
32653
32691
32632
32618
32675
32669
32640
32673
32603
32633
32611
32615
32629
32665
32636
32637
32644
32605
32623
32582
32665
32590
32658
32674
32677
32648
32679
32624
32696
32640
32625
32696
32677
32720
32646
32691
32604
32675
32713
32649
32573
32621
32665
32640
32647
32652
32603
32669
32627
32648
32615
32594
32609
32638
32673
32615
32612
32672
32656
32620
32714
32658
32654
32623
32581
32623
32615
32613
32677
32535
32655
32665
32589
32655
32634
32627
32630
32652
32633
32650
32689
32640
32670
32653
32653
32605
32693
32662
32691
32678
32634
32662
32653
32655
32670
32592
32705
32621
32618
32685
32658
32674
32636
32657
32634
32644
32648
32658
32618
32662
32686
32661
32651
32640
32679
32606
32631
32619
32687
32610
32665
32634
32636
32678
32657
32659
32643
32607
32666
32609
32615
32761
32635
32657
32651
32651
32640
32644
32657
32638
32599
32584
32643
32644
32667
32566
32636
32642
32686
32637
32674
32733
32739
32668
32615
32662
32676
32645
32627
32611
32632
32635
32617
32647
32602
32616
32663
32619
32671
32603
32649
32614
32634
32621
32679
32671
32628
32689
32656
32674
32658
32647
32692
32673
32699
32669
32713
32702
32641
32642
32608
32567
32612
32599
32616
32601
32597
32610
32645
32621
32672
32668
32591
32603
32613
32627
32694
32690
32536
32662
32635
32614
32652
32616
32655
32692
32647
32617
32667
32513
32588
32704
32635
32616
32632
32623
32647
32651
32656
32629
32701
32604
32670
32638
32624
32614
32615
32647
32699
32654
32652
32648
32688
32643
32653
32725
32673
32603
32641
32636
32644
32671
32675
32617
32629
32602
32581
32649
32620
32652
32629
32661
32667
32557
32657
32647
32617
32559
32631
32632
32670
32622
32666
32631
32589
32695
32677
32646
32652
32682
32602
32633
32659
32666
32703
32667
32564
32570
32574
32665
32646
32648
32578
32665
32645
32634
32673
32669
32594
32635
32635
32674
32649
32613
32652
32654
32652
32596
32633
32659
32677
32618
32653
32665
32630
32645
32637
32637
32686
32643
32664
32654
32604
32606
32597
32626
32641
32644
32673
32631
32679
32650
32547
32659
32671
32713
32653
32660
32611
32705
32609
32693
32664
32651
32619
32618
32661
32617
32683
32629
32620
32675
32708
32674
32624
32646
32605
32644
32649
32597
32584
32658
32638
32628
32605
32641
32575
32786
32569
32620
32662
32690
32660
32679
32691
32575
32669
32714
32623
32683
32699
32687
32631
32657
32680
32648
32596
32635
32687
32691
32583
32616
32575
32657
32609
32635
32686
32619
32650
32621
32677
32645
32634
32639
32697
32569
32629
32640
32660
32658
32684
32558
32698
32684
32689
32639
32647
32655
32677
32666
32662
32623
32661
32641
32658
32619
32651
32639
32645
32663
32662
32610
32633
32667
32635
32634
32543
32656
32560
32640
32678
32687
32648
32620
32604
32654
32694
32619
32608
32629
32679
32569
32671
32700
32673
32670
32661
32627
32620
32621
32648
32642
32673
32608
32641
32659
32658
32659
32632
32621
32626
32647
32668
32677
32700
32647
32565
32607
32644
32604
32663
32646
32667
32616
32626
32676
32607
32603
32640
32685
32664
32653
32626
32642
32596
32589
32633
32666
32699
32620
32659
32681
32608
32624
32704
32596
32591
32652
32594
32618
32714
32648
32646
32596
32685
32584
32643
32644
32676
32601
32679
32652
32649
32588
32612
32634
32625
32621
32670
32624
32557
32698
32625
32635
32604
32578
32573
32587
32644
32596
32682
32636
32599
32661
32620
32663
32591
32659
32657
32588
32657
32586
32634
32636
32630
32609
32642
32685
32664
32614
32672
32642
32633
32699
32665
32671
32653
32697
32608
32522
32598
32696
32675
32576
32582
32567
32596
32680
32692
32649
32678
32626
32617
32642
32597
32626
32592
32635
32641
32683
32616
32695
32656
32626
32674
32622
32635
32680
32681
32611
32665
32636
32658
32643
32641
32657
32616
32619
32592
32637
32624
32664
32674
32664
32638
32645
32684
32666
32613
32628
32645
32648
32642
32719
32621
32662
32675
32692
32629
32655
32712
32695
32633
32562
32691
32665
32649
32665
32692
32620
32627
32574
32608
32600
32669
32599
32649
32630
32526
32597
32685
32595
32600
32623
32617
32616
32643
32619
32624
32644
32630
32672
32640
32646
32666
32640
32586
32658
32593
32622
32595
32674
32695
32625
32668
32634
32632
32657
32667
32665
32705
32666
32621
32599
32708
32623
32671
32698
32592
32621
32582
32627
32574
32601
32603
32631
32576
32669
32666
32620
32612
32586
32714
32666
32650
32640
32621
32658
32670
32694
32622
32631
32582
32637
32602
32572
32538
32660
32645
32667
32655
32634
32577
32632
32631
32620
32575
32642
32630
32578
32614
32628
32641
32649
32629
32686
32664
32661
32648
32622
32658
32645
32671
32691
32655
32637
32656
32590
32588
32696
32618
32614
32692
32650
32647
32663
32619
32602
32586
32660
32590
32622
32624
32630
32655
32657
32600
32647
32655
32614
32614
32622
32675
32578
32591
32582
32649
32611
32557
32618
32652
32631
32586
32622
32566
32627
32625
32696
32648
32635
32590
32648
32660
32611
32657
32647
32650
32667
32650
32646
32646
32658
32672
32669
32685
32612
32697
32606
32555
32632
32655
32619
32573
32651
32660
32608
32683
32674
32665
32633
32658
32632
32568
32619
32629
32678
32613
32673
32640
32644
32664
32629
32640
32693
32664
32610
32651
32637
32623
32680
32651
32686
32584
32579
32643
32618
32650
32635
32678
32629
32607
32642
32699
32733
32629
32700
32643
32573
32664
32654
32608
32584
32551
32646
32622
32607
32666
32691
32589
32680
32655
32680
32661
32610
32648
32625
32601
32528
32655
32642
32656
32563
32626
32596
32624
32616
32569
32645
32639
32621
32673
32617
32634
32606
32626
32580
32662
32588
32638
32676
32615
32695
32647
32634
32684
32620
32630
32648
32659
32635
32650
32616
32650
32654
32649
32638
32585
32730
32642
32619
32664
32638
32640
32651
32618
32616
32627
32600
32654
32581
32604
32644
32652
32648
32641
32672
32636
32621
32602
32625
32643
32626
32637
32615
32604
32639
32683
32684
32613
32576
32618
32656
32635
32621
32580
32615
32584
32597
32617
32579
32622
32589
32668
32564
32570
32665
32675
32647
32655
32618
32616
32608
32633
32645
32664
32587
32552
32666
32595
32645
32661
32619
32595
32620
32630
32586
32681
32654
32681
32651
32643
32582
32608
32581
32609
32683
32604
32631
32694
32643
32661
32630
32565
32637
32647
32684
32655
32664
32625
32610
32630
32624
32679
32580
32647
32613
32627
32687
32614
32600
32623
32646
32632
32581
32652
32602
32631
32593
32626
32594
32642
32628
32653
32652
32638
32635
32673
32706
32638
32641
32615
32668
32663
32612
32592
32620
32594
32616
32581
32665
32583
32596
32663
32683
32651
32713
32680
32618
32640
32713
32707
32674
32604
32638
32582
32545
32674
32626
32593
32643
32604
32677
32699
32680
32672
32692
32659
32621
32678
32626
32629
32675
32668
32600
32575
32605
32632
32606
32634
32632
32652
32535
32696
32556
32655
32635
32616
32608
32725
32606
32644
32631
32639
32646
32626
32632
32691
32665
32632
32677
32676
32611
32615
32666
32686
32621
32658
32673
32619
32650
32581
32550
32690
32638
32590
32546
32635
32652
32645
32666
32660
32656
32644
32704
32633
32650
32653
32600
32583
32585
32606
32617
32607
32618
32631
32624
32588
32592
32691
32618
32646
32622
32629
32610
32664
32606
32682
32657
32647
32672
32552
32594
32587
32663
32670
32635
32606
32612
32637
32594
32622
32665
32648
32641
32655
32613
32659
32668
32587
32611
32662
32665
32597
32617
32596
32645
32670
32604
32672
32611
32684
32627
32599
32653
32672
32626
32605
32636
32612
32660
32668
32630
32714
32644
32670
32619
32708
32658
32637
32561
32583
32674
32701
32623
32680
32689
32649
32654
32623
32645
32707
32627
32670
32724
32603
32638
32653
32626
32604
32657
32637
32692
32634
32614
32667
32619
32654
32705
32615
32642
32720
32680
32636
32650
32674
32692
32567
32708
32692
32632
32679
32627
32640
32702
32634
32626
32628
32645
32641
32677
32648
32675
32686
32687
32639
32690
32575
32688
32732
32682
32661
32672
32631
32610
32612
32713
32634
32633
32686
32594
32669
32580
32641
32584
32585
32602
32633
32677
32673
32655
32718
32697
32666
32625
32658
32676
32661
32665
32657
32634
32667
32602
32687
32712
32633
32650
32618
32632
32622
32630
32615
32617
32589
32594
32665
32649
32688
32632
32621
32628
32578
32567
32523
32653
32593
32640
32614
32590
32592
32665
32675
32647
32646
32619
32588
32637
32629
32608
32650
32641
32653
32720
32682
32702
32718
32649
32616
32574
32644
32635
32609
32675
32646
32673
32608
32526
32662
32625
32608
32684
32703
32672
32692
32625
32667
32642
32667
32610
32625
32620
32626
32585
32676
32569
32658
32617
32632
32579
32607
32616
32674
32661
32652
32606
32600
32625
32708
32686
32653
32649
32713
32619
32651
32668
32645
32607
32605
32641
32626
32665
32606
32617
32566
32594
32605
32627
32630
32638
32685
32685
32606
32582
32630
32567
32570
32670
32643
32681
32640
32667
32648
32613
32623
32687
32618
32643
32635
32672
32671
32596
32632
32625
32649
32647
32627
32642
32668
32556
32583
32675
32608
32605
32569
32588
32665
32638
32599
32581
32639
32635
32634
32602
32716
32704
32583
32650
32628
32610
32622
32626
32597
32668
32660
32633
32570
32639
32618
32639
32570
32590
32661
32651
32667
32673
32645
32576
32616
32633
32564
32606
32665
32655
32620
32681
32653
32625
32635
32668
32580
32666
32621
32570
32634
32620
32711
32647
32587
32623
32587
32683
32629
32659
32631
32662
32686
32658
32648
32700
32608
32642
32760
32616
32655
32668
32631
32662
32683
32698
32614
32673
32654
32617
32640
32690
32638
32622
32667
32621
32611
32593
32615
32649
32630
32605
32653
32641
32682
32657
32590
32588
32670
32645
32657
32622
32700
32567
32583
32626
32680
32625
32724
32657
32693
32676
32674
32640
32637
32723
32641
32661
32600
32608
32634
32578
32595
32645
32675
32644
32635
32666
32577
32653
32638
32625
32638
32724
32668
32686
32705
32630
32677
32663
32694
32610
32698
32657
32600
32633
32657
32701
32657
32599
32652
32660
32663
32625
32631
32688
32604
32576
32635
32672
32654
32666
32614
32626
32611
32659
32640
32662
32635
32681
32607
32642
32699
32662
32663
32676
32741
32646
32624
32687
32597
32656
32612
32660
32610
32682
32659
32594
32641
32609
32700
32648
32634
32648
32688
32625
32622
32655
32665
32666
32685
32582
32659
32614
32612
32703
32643
32689
32676
32690
32654
32657
32644
32597
32642
32716
32645
32606
32602
32580
32627
32615
32669
32640
32628
32635
32683
32599
32654
32663
32625
32705
32659
32578
32560
32602
32604
32602
32629
32717
32603
32625
32646
32665
32622
32630
32600
32598
32695
32633
32652
32645
32645
32592
32672
32614
32655
32663
32669
32651
32547
32603
32608
32631
32670
32693
32658
32664
32675
32693
32619
32599
32640
32649
32683
32673
32591
32636
32575
32621
32613
32668
32685
32608
32628
32610
32662
32614
32602
32668
32659
32627
32599
32632
32567
32630
32611
32550
32578
32666
32651
32625
32633
32646
32659
32659
32713
32658
32657
32709
32650
32607
32662
32608
32603
32676
32637
32653
32594
32638
32645
32635
32555
32651
32567
32594
32627
32611
32618
32614
32651
32652
32545
32571
32647
32576
32600
32585
32641
32621
32641
32652
32611
32625
32628
32643
32660
32640
32608
32671
32616
32630
32634
32668
32661
32642
32655
32653
32606
32618
32647
32614
32661
32644
32685
32635
32632
32652
32650
32629
32580
32624
32623
32584
32672
32599
32629
32630
32669
32643
32614
32693
32658
32673
32675
32630
32698
32663
32664
32694
32603
32661
32655
32595
32614
32597
32695
32660
32677
32712
32621
32654
32669
32634
32614
32615
32654
32564
32613
32606
32641
32704
32590
32593
32665
32685
32615
32678
32706
32694
32602
32593
32618
32625
32644
32612
32589
32636
32576
32617
32675
32683
32641
32658
32718
32667
32688
32641
32626
32618
32606
32605
32600
32637
32621
32582
32577
32724
32679
32695
32676
32639
32607
32679
32587
32653
32631
32662
32614
32734
32630
32700
32644
32641
32653
32665
32627
32665
32603
32647
32595
32601
32658
32665
32609
32573
32630
32630
32632
32678
32605
32618
32662
32626
32685
32699
32663
32689
32771
32614
32702
32606
32646
32620
32669
32598
32587
32671
32635
32636
32578
32563
32655
32621
32648
32646
32726
32618
32580
32653
32645
32612
32617
32659
32712
32710
32652
32706
32653
32651
32595
32607
32653
32630
32666
32627
32648
32644
32601
32590
32654
32619
32603
32646
32681
32610
32657
32646
32667
32692
32676
32609
32664
32633
32614
32672
32680
32636
32672
32656
32630
32636
32651
32682
32636
32655
32631
32614
32587
32617
32646
32632
32592
32552
32553
32570
32681
32585
32641
32603
32672
32633
32627
32642
32659
32594
32594
32626
32673
32617
32674
32692
32643
32682
32664
32654
32697
32637
32648
32643
32592
32592
32623
32607
32706
32599
32642
32653
32645
32616
32633
32642
32625
32694
32649
32632
32608
32720
32643
32623
32683
32631
32698
32618
32642
32602
32634
32628
32515
32618
32571
32605
32691
32620
32616
32680
32586
32618
32646
32622
32652
32581
32615
32648
32685
32663
32702
32612
32609
32647
32584
32642
32611
32660
32616
32594
32642
32653
32639
32624
32594
32655
32678
32614
32626
32620
32597
32625
32708
32661
32679
32628
32612
32566
32561
32627
32621
32621
32649
32675
32602
32671
32634
32600
32613
32641
32566
32591
32690
32690
32628
32589
32607
32613
32606
32643
32631
32667
32680
32644
32638
32624
32676
32636
32586
32632
32630
32656
32631
32618
32604
32607
32641
32652
32630
32584
32659
32640
32582
32654
32654
32623
32597
32612
32615
32620
32650
32573
32645
32624
32664
32667
32657
32663
32604
32571
32672
32618
32654
32641
32673
32660
32649
32616
32578
32635
32644
32648
32655
32688
32557
32598
32606
32634
32560
32656
32662
32637
32634
32595
32629
32599
32596
32597
32655
32603
32652
32611
32641
32633
32658
32634
32640
32652
32666
32636
32602
32645
32613
32627
32631
32676
32572
32640
32625
32601
32606
32582
32650
32662
32656
32598
32641
32584
32622
32677
32642
32633
32587
32560
32639
32642
32598
32646
32623
32662
32654
32646
32675
32632
32679
32668
32564
32534
32612
32581
32650
32662
32663
32616
32618
32621
32658
32562
32598
32652
32572
32599
32616
32605
32607
32549
32608
32638
32637
32613
32645
32567
32591
32644
32668
32627
32623
32612
32657
32647
32648
32681
32544
32646
32616
32651
32654
32640
32653
32636
32632
32634
32613
32620
32658
32664
32603
32676
32667
32631
32586
32620
32630
32655
32644
32649
32643
32588
32640
32641
32657
32649
32630
32603
32575
32584
32651
32645
32653
32603
32630
32654
32647
32691
32655
32528
32646
32548
32684
32589
32598
32606
32655
32641
32674
32707
32685
32687
32653
32586
32605
32604
32701
32698
32673
32659
32644
32607
32573
32642
32647
32623
32649
32643
32616
32622
32700
32686
32675
32623
32679
32681
32712
32698
32708
32654
32661
32658
32645
32686
32614
32646
32631
32668
32664
32608
32652
32601
32631
32573
32623
32628
32668
32631
32638
32647
32625
32673
32623
32643
32668
32685
32610
32597
32639
32608
32630
32649
32664
32627
32697
32625
32675
32673
32606
32700
32612
32664
32684
32671
32667
32644
32632
32654
32612
32669
32692
32654
32665
32602
32640
32649
32641
32636
32607
32619
32670
32590
32594
32640
32656
32685
32606
32641
32614
32599
32723
32699
32706
32624
32706
32674
32650
32650
32693
32644
32629
32655
32659
32586
32678
32578
32633
32614
32674
32675
32582
32649
32665
32548
32601
32660
32635
32678
32636
32631
32669
32619
32643
32596
32672
32656
32595
32592
32592
32617
32688
32636
32722
32666
32614
32598
32643
32675
32622
32674
32602
32631
32688
32576
32589
32555
32624
32650
32664
32624
32571
32630
32629
32604
32633
32637
32657
32598
32606
32600
32650
32649
32574
32669
32624
32674
32623
32538
32691
32713
32634
32605
32682
32661
32612
32694
32641
32616
32631
32673
32594
32643
32648
32644
32686
32666
32741
32628
32625
32706
32701
32693
32679
32666
32673
32649
32604
32688
32640
32654
32675
32652
32613
32618
32609
32622
32620
32647
32644
32614
32613
32651
32663
32667
32647
32647
32641
32692
32673
32604
32618
32628
32623
32605
32635
32663
32637
32677
32643
32645
32695
32664
32695
32659
32632
32645
32657
32660
32643
32692
32640
32636
32582
32571
32603
32617
32601
32630
32626
32648
32627
32708
32648
32625
32682
32618
32654
32632
32671
32644
32631
32653
32638
32633
32661
32634
32682
32618
32626
32614
32656
32640
32674
32672
32667
32665
32644
32640
32597
32643
32662
32594
32638
32666
32634
32616
32658
32697
32670
32638
32718
32633
32646
32714
32623
32704
32720
32641
32630
32695
32658
32680
32661
32666
32636
32649
32711
32633
32633
32685
32592
32667
32682
32612
32641
32680
32693
32672
32658
32613
32630
32621
32653
32729
32678
32746
32701
32696
32703
32656
32676
32653
32662
32640
32648
32727
32708
32710
32677
32650
32679
32671
32713
32637
32684
32683
32629
32677
32656
32606
32669
32635
32656
32648
32640
32659
32606
32597
32602
32628
32582
32619
32671
32667
32674
32628
32705
32604
32761
32650
32661
32615
32659
32630
32678
32623
32656
32719
32701
32623
32630
32667
32687
32621
32649
32635
32680
32625
32637
32633
32676
32691
32677
32602
32622
32659
32657
32662
32613
32631
32613
32588
32639
32579
32593
32668
32644
32582
32559
32570
32670
32599
32678
32615
32647
32637
32645
32695
32646
32624
32636
32662
32569
32658
32684
32610
32636
32636
32642
32616
32660
32634
32603
32607
32675
32686
32701
32649
32640
32644
32669
32624
32646
32663
32669
32616
32639
32655
32671
32653
32657
32597
32619
32591
32606
32651
32633
32654
32739
32690
32627
32580
32589
32614
32615
32649
32645
32711
32646
32678
32614
32572
32619
32632
32630
32541
32625
32609
32591
32577
32618
32656
32628
32683
32657
32711
32660
32634
32654
32707
32620
32609
32649
32611
32682
32653
32630
32672
32640
32650
32567
32620
32633
32649
32667
32651
32606
32695
32603
32629
32590
32578
32602
32672
32669
32627
32632
32646
32610
32654
32603
32693
32625
32692
32601
32596
32592
32645
32643
32646
32665
32607
32663
32630
32612
32679
32616
32622
32625
32686
32636
32663
32635
32701
32656
32642
32660
32654
32600
32631
32630
32625
32693
32658
32673
32618
32642
32679
32650
32672
32663
32669
32677
32636
32629
32614
32661
32647
32625
32653
32680
32620
32616
32643
32624
32670
32598
32611
32644
32641
32648
32669
32643
32530
32620
32605
32598
32601
32633
32664
32658
32607
32614
32632
32651
32679
32734
32702
32630
32713
32663
32607
32672
32629
32672
32650
32634
32670
32675
32672
32654
32585
32692
32647
32615
32719
32646
32639
32586
32615
32628
32657
32598
32600
32635
32646
32701
32680
32606
32654
32652
32630
32606
32607
32637
32624
32654
32650
32689
32636
32669
32641
32577
32580
32630
32688
32631
32594
32591
32665
32741
32587
32672
32645
32628
32612
32685
32659
32650
32646
32626
32643
32651
32713
32677
32617
32647
32631
32638
32574
32629
32613
32632
32633
32616
32597
32654
32563
32630
32674
32686
32665
32667
32665
32644
32639
32616
32624
32655
32672
32734
32649
32654
32623
32613
32694
32698
32714
32656
32600
32664
32639
32655
32609
32540
32612
32630
32643
32671
32674
32625
32657
32676
32632
32654
32643
32590
32619
32657
32618
32686
32590
32632
32633
32630
32629
32633
32629
32656
32548
32624
32645
32594
32547
32571
32668
32694
32690
32657
32620
32627
32647
32670
32654
32632
32664
32658
32604
32611
32618
32633
32665
32645
32703
32553
32579
32563
32615
32717
32654
32615
32647
32554
32645
32587
32586
32618
32649
32597
32607
32570
32569
32662
32633
32650
32642
32687
32628
32641
32663
32634
32641
32665
32683
32642
32674
32631
32664
32590
32658
32667
32604
32598
32614
32656
32667
32579
32598
32615
32703
32678
32603
32663
32562
32633
32639
32606
32502
32615
32651
32685
32661
32611
32581
32597
32572
32563
32642
32649
32642
32645
32670
32668
32677
32668
32596
32554
32651
32652
32631
32662
32620
32583
32557
32636
32664
32614
32592
32661
32649
32668
32663
32665
32688
32611
32589
32618
32638
32583
32592
32624
32684
32650
32623
32615
32664
32620
32640
32661
32669
32623
32645
32610
32619
32674
32638
32708
32622
32668
32629
32660
32594
32695
32652
32574
32641
32612
32591
32595
32588
32642
32543
32627
32645
32685
32570
32580
32672
32561
32599
32659
32635
32602
32609
32647
32647
32590
32657
32557
32640
32628
32643
32597
32602
32606
32614
32618
32636
32608
32573
32642
32665
32588
32635
32638
32631
32630
32649
32671
32638
32582
32613
32658
32625
32603
32635
32642
32595
32678
32614
32722
32694
32669
32582
32548
32636
32543
32618
32592
32622
32616
32638
32695
32586
32566
32644
32596
32570
32673
32727
32596
32583
32601
32654
32607
32635
32634
32670
32657
32609
32670
32595
32605
32653
32681
32700
32600
32603
32644
32584
32623
32633
32594
32653
32695
32704
32666
32664
32683
32639
32627
32565
32628
32654
32657
32658
32664
32646
32582
32651
32598
32623
32597
32662
32638
32626
32568
32571
32610
32627
32600
32650
32595
32642
32670
32619
32622
32636
32689
32663
32648
32630
32586
32677
32627
32687
32717
32653
32676
32653
32639
32670
32632
32629
32627
32669
32595
32706
32642
32650
32655
32640
32634
32627
32585
32621
32650
32661
32647
32608
32577
32582
32640
32675
32651
32634
32667
32670
32704
32638
32615
32627
32652
32647
32617
32679
32614
32594
32629
32620
32648
32565
32618
32608
32642
32588
32569
32561
32644
32626
32625
32614
32632
32689
32638
32675
32636
32629
32603
32639
32590
32673
32691
32660
32676
32619
32654
32650
32669
32606
32587
32599
32636
32614
32709
32647
32687
32695
32690
32685
32663
32632
32609
32618
32584
32598
32640
32681
32644
32646
32612
32673
32691
32640
32680
32590
32608
32553
32674
32649
32674
32600
32667
32636
32601
32642
32612
32571
32638
32658
32601
32669
32620
32622
32643
32620
32622
32562
32608
32611
32623
32646
32581
32673
32657
32654
32653
32585
32574
32586
32677
32627
32596
32717
32647
32665
32600
32673
32610
32630
32598
32568
32670
32627
32614
32642
32613
32664
32582
32629
32627
32631
32621
32644
32587
32620
32581
32570
32601
32627
32622
32585
32645
32621
32623
32671
32679
32622
32658
32650
32623
32623
32588
32563
32637
32634
32654
32645
32617
32629
32597
32546
32614
32653
32612
32618
32636
32683
32690
32624
32678
32606
32645
32662
32628
32671
32605
32533
32553
32623
32707
32631
32645
32661
32670
32676
32639
32591
32653
32621
32611
32613
32623
32641
32679
32606
32606
32608
32655
32673
32661
32653
32660
32634
32632
32563
32620
32628
32646
32630
32679
32707
32633
32630
32668
32629
32640
32608
32558
32637
32671
32607
32548
32687
32685
32635
32644
32653
32660
32602
32702
32714
32682
32624
32637
32643
32636
32667
32627
32559
32614
32649
32657
32649
32675
32645
32653
32618
32593
32569
32645
32717
32704
32603
32645
32661
32650
32687
32667
32672
32632
32623
32672
32652
32721
32678
32679
32636
32677
32624
32630
32629
32597
32656
32636
32641
32593
32700
32686
32660
32639
32660
32654
32603
32635
32652
32646
32627
32654
32607
32645
32731
32662
32655
32682
32646
32632
32522
32640
32690
32687
32668
32604
32627
32661
32628
32621
32644
32627
32641
32554
32689
32685
32668
32727
32675
32710
32675
32641
32579
32544
32643
32654
32641
32647
32684
32666
32611
32676
32646
32643
32644
32701
32637
32635
32640
32616
32652
32639
32670
32606
32598
32673
32603
32602
32621
32656
32640
32599
32626
32671
32638
32723
32647
32655
32668
32622
32629
32650
32607
32608
32661
32591
32641
32611
32705
32662
32633
32601
32590
32636
32667
32632
32612
32640
32671
32601
32622
32673
32649
32662
32659
32707
32637
32660
32666
32587
32637
32602
32645
32618
32643
32629
32678
32691
32671
32660
32633
32629
32646
32675
32554
32641
32653
32652
32604
32634
32636
32626
32694
32653
32560
32618
32632
32616
32630
32637
32597
32655
32555
32626
32632
32659
32637
32678
32614
32646
32652
32645
32630
32728
32642
32635
32625
32594
32638
32734
32664
32644
32547
32632
32643
32633
32619
32617
32608
32688
32636
32632
32668
32654
32626
32690
32617
32644
32650
32684
32610
32542
32657
32667
32628
32595
32686
32611
32679
32689
32682
32643
32685
32578
32624
32643
32677
32650
32653
32679
32674
32744
32680
32609
32724
32686
32636
32648
32671
32671
32633
32667
32633
32674
32618
32629
32611
32683
32631
32606
32724
32600
32600
32690
32620
32602
32642
32698
32624
32631
32697
32582
32602
32630
32648
32617
32672
32641
32645
32595
32598
32643
32677
32654
32603
32721
32683
32689
32574
32721
32628
32572
32563
32604
32628
32589
32645
32699
32663
32569
32671
32606
32687
32639
32660
32673
32663
32624
32657
32686
32621
32600
32651
32560
32650
32627
32599
32647
32614
32650
32680
32653
32633
32654
32620
32671
32678
32689
32646
32598
32666
32707
32703
32604
32650
32615
32605
32576
32637
32647
32630
32661
32636
32628
32622
32683
32698
32661
32617
32641
32642
32648
32638
32635
32594
32602
32605
32619
32602
32623
32618
32613
32607
32691
32599
32625
32643
32600
32669
32622
32620
32598
32681
32616
32643
32642
32662
32596
32702
32683
32645
32665
32647
32574
32656
32646
32665
32630
32677
32603
32622
32658
32640
32612
32675
32651
32602
32616
32587
32654
32669
32675
32625
32645
32660
32627
32661
32642
32692
32664
32655
32617
32642
32630
32641
32645
32703
32685
32677
32618
32680
32638
32653
32601
32684
32666
32663
32640
32600
32670
32619
32612
32643
32629
32647
32660
32682
32580
32635
32654
32634
32664
32623
32584
32673
32636
32674
32655
32630
32700
32644
32606
32591
32634
32616
32649
32685
32610
32675
32615
32589
32706
32648
32653
32661
32667
32694
32590
32628
32629
32654
32620
32601
32661
32627
32630
32586
32637
32632
32667
32604
32602
32632
32650
32621
32707
32637
32675
32665
32593
32651
32653
32591
32573
32601
32620
32602
32622
32610
32572
32646
32627
32599
32602
32613
32735
32691
32710
32657
32642
32633
32653
32632
32604
32615
32634
32651
32621
32632
32589
32636
32652
32648
32610
32649
32649
32584
32660
32650
32650
32708
32605
32626
32620
32571
32579
32636
32674
32676
32643
32568
32653
32724
32670
32610
32621
32653
32648
32646
32638
32616
32644
32675
32722
32621
32581
32646
32656
32644
32617
32674
32663
32731
32606
32603
32561
32581
32628
32610
32642
32655
32584
32630
32564
32586
32641
32621
32575
32636
32657
32675
32636
32629
32658
32628
32699
32649
32657
32704
32693
32723
32698
32662
32619
32729
32646
32682
32539
32646
32598
32611
32590
32635
32709
32636
32653
32661
32631
32633
32621
32691
32673
32712
32607
32639
32624
32628
32617
32660
32666
32615
32627
32628
32638
32634
32656
32648
32678
32671
32661
32640
32614
32624
32610
32621
32622
32626
32585
32676
32661
32620
32726
32613
32609
32677
32628
32649
32614
32639
32620
32657
32667
32657
32647
32681
32674
32635
32638
32659
32649
32673
32649
32738
32613
32669
32650
32603
32651
32665
32629
32635
32616
32658
32655
32661
32691
32667
32648
32621
32660
32639
32642
32626
32676
32692
32684
32639
32713
32654
32664
32604
32626
32676
32689
32721
32642
32613
32598
32661
32695
32688
32638
32640
32624
32638
32653
32649
32652
32654
32604
32676
32671
32658
32602
32657
32654
32586
32662
32616
32598
32607
32594
32558
32644
32632
32630
32675
32649
32667
32664
32686
32657
32623
32616
32611
32630
32632
32671
32667
32733
32651
32625
32618
32609
32685
32695
32659
32688
32696
32661
32649
32693
32639
32608
32650
32614
32687
32682
32702
32711
32670
32692
32631
32674
32707
32732
32618
32625
32615
32596
32660
32644
32628
32610
32643
32666
32577
32705
32664
32641
32720
32670
32658
32630
32538
32645
32672
32649
32646
32597
32687
32703
32678
32620
32610
32671
32650
32669
32640
32638
32579
32673
32629
32628
32626
32606
32657
32668
32627
32645
32624
32603
32657
32639
32637
32619
32720
32681
32679
32682
32622
32650
32661
32693
32599
32687
32712
32697
32630
32665
32644
32674
32665
32593
32628
32625
32633
32663
32630
32643
32619
32578
32600
32654
32631
32668
32653
32640
32652
32594
32617
32673
32732
32741
32650
32651
32643
32644
32647
32636
32628
32685
32622
32652
32566
32646
32632
32630
32507
32547
32645
32679
32603
32668
32620
32632
32700
32667
32616
32619
32649
32696
32585
32663
32625
32621
32646
32705
32643
32639
32631
32642
32645
32702
32647
32645
32656
32663
32642
32646
32621
32610
32644
32672
32651
32639
32660
32639
32668
32613
32643
32631
32643
32620
32653
32636
32633
32675
32682
32664
32607
32596
32619
32669
32610
32670
32622
32617
32595
32614
32623
32621
32714
32669
32671
32634
32573
32616
32655
32668
32695
32614
32684
32631
32644
32652
32662
32594
32615
32684
32748
32673
32681
32599
32633
32615
32615
32655
32665
32609
32662
32661
32611
32607
32625
32605
32643
32645
32614
32663
32645
32655
32597
32606
32618
32663
32671
32636
32648
32683
32638
32560
32615
32647
32663
32617
32678
32657
32653
32649
32668
32622
32616
32587
32665
32596
32615
32688
32663
32680
32619
32599
32647
32643
32618
32623
32623
32628
32636
32620
32624
32685
32605
32688
32705
32687
32694
32564
32637
32628
32595
32620
32653
32607
32620
32650
32670
32645
32705
32637
32587
32600
32591
32708
32649
32681
32670
32615
32634
32687
32629
32718
32613
32696
32648
32623
32637
32644
32666
32650
32693
32662
32595
32616
32662
32637
32647
32632
32675
32644
32630
32616
32602
32633
32657
32668
32659
32630
32639
32615
32616
32615
32669
32660
32617
32759
32680
32663
32703
32622
32653
32628
32655
32677
32668
32618
32621
32654
32645
32671
32660
32616
32676
32608
32555
32693
32688
32627
32626
32620
32578
32664
32554
32668
32644
32612
32582
32582
32609
32638
32641
32638
32657
32666
32588
32681
32649
32717
32689
32660
32606
32627
32610
32657
32635
32628
32573
32673
32652
32606
32631
32637
32594
32675
32665
32631
32679
32681
32679
32720
32669
32670
32655
32613
32615
32585
32687
32598
32697
32710
32690
32597
32619
32637
32646
32640
32645
32591
32566
32648
32607
32630
32675
32614
32689
32643
32669
32712
32646
32649
32582
32680
32609
32686
32663
32671
32645
32668
32589
32637
32727
32600
32635
32641
32655
32641
32730
32726
32646
32608
32637
32692
32655
32673
32651
32643
32639
32637
32647
32609
32690
32602
32683
32600
32606
32654
32672
32653
32685
32731
32716
32672
32672
32646
32639
32604
32656
32651
32649
32671
32544
32636
32638
32611
32650
32614
32662
32641
32637
32585
32667
32584
32656
32629
32653
32706
32661
32669
32563
32603
32638
32634
32660
32673
32650
32753
32722
32678
32661
32666
32595
32645
32638
32598
32587
32606
32665
32643
32576
32625
32631
32647
32663
32649
32597
32684
32651
32661
32608
32615
32658
32625
32620
32681
32598
32629
32605
32613
32640
32652
32644
32623
32703
32676
32657
32611
32645
32700
32570
32662
32597
32709
32611
32681
32667
32668
32676
32674
32586
32691
32596
32643
32635
32631
32642
32619
32584
32646
32502
32735
32632
32623
32568
32658
32673
32635
32647
32596
32582
32664
32622
32660
32615
32569
32636
32608
32656
32667
32649
32706
32643
32638
32637
32613
32676
32654
32650
32659
32612
32588
32665
32615
32657
32661
32663
32650
32667
32667
32664
32674
32598
32622
32646
32703
32651
32558
32634
32617
32600
32669
32656
32636
32661
32611
32626
32656
32677
32670
32647
32598
32608
32657
32629
32636
32640
32606
32630
32593
32648
32644
32644
32608
32672
32668
32681
32644
32625
32719
32677
32632
32669
32679
32661
32601
32611
32606
32577
32582
32620
32594
32619
32665
32639
32593
32578
32560
32615
32666
32668
32679
32637
32630
32640
32631
32635
32565
32713
32722
32699
32644
32687
32669
32657
32660
32660
32642
32666
32681
32625
32629
32661
32663
32657
32604
32623
32645
32586
32628
32654
32641
32641
32618
32607
32673
32679
32619
32632
32636
32621
32632
32623
32638
32660
32655
32562
32689
32629
32679
32659
32593
32660
32656
32676
32691
32647
32647
32653
32646
32641
32723
32649
32630
32565
32671
32670
32666
32631
32674
32677
32704
32655
32651
32597
32657
32681
32607
32580
32676
32652
32619
32659
32612
32671
32592
32609
32650
32665
32645
32685
32572
32630
32684
32594
32643
32639
32618
32662
32679
32615
32649
32680
32639
32641
32655
32628
32643
32676
32692
32687
32597
32661
32652
32658
32662
32670
32628
32680
32649
32659
32675
32671
32674
32620
32605
32616
32634
32610
32628
32628
32686
32646
32732
32612
32650
32602
32604
32594
32656
32655
32675
32619
32646
32702
32605
32659
32679
32699
32697
32628
32710
32689
32635
32640
32618
32652
32665
32676
32574
32627
32632
32589
32651
32590
32686
32652
32645
32660
32630
32614
32614
32700
32632
32647
32702
32652
32641
32665
32609
32642
32653
32640
32630
32629
32595
32684
32673
32654
32660
32642
32621
32587
32584
32665
32583
32630
32597
32641
32619
32590
32668
32661
32650
32683
32640
32656
32657
32594
32611
32614
32598
32555
32674
32604
32592
32646
32636
32583
32588
32647
32644
32641
32607
32663
32625
32633
32657
32663
32636
32708
32621
32616
32505
32594
32626
32659
32656
32654
32651
32605
32635
32636
32636
32625
32530
32673
32622
32657
32679
32679
32573
32610
32564
32602
32658
32654
32644
32693
32633
32622
32654
32650
32660
32635
32635
32638
32681
32610
32610
32653
32649
32675
32689
32624
32666
32684
32677
32622
32610
32614
32697
32621
32583
32667
32580
32663
32665
32630
32678
32670
32641
32589
32679
32627
32667
32654
32659
32612
32674
32584
32631
32611
32622
32642
32678
32647
32632
32684
32647
32659
32606
32638
32692
32624
32633
32605
32687
32605
32672
32643
32649
32644
32648
32596
32661
32639
32600
32594
32699
32692
32669
32636
32578
32620
32632
32688
32619
32640
32665
32648
32649
32653
32668
32668
32694
32640
32628
32646
32660
32606
32610
32630
32602
32613
32696
32647
32655
32661
32619
32662
32671
32669
32694
32609
32605
32669
32675
32649
32615
32613
32673
32632
32602
32630
32710
32670
32577
32670
32667
32653
32620
32754
32626
32650
32660
32629
32642
32645
32572
32648
32645
32696
32609
32632
32630
32642
32602
32591
32605
32604
32651
32587
32625
32652
32625
32630
32661
32605
32729
32662
32705
32629
32664
32689
32642
32661
32620
32596
32556
32585
32581
32592
32639
32697
32643
32647
32593
32656
32607
32603
32579
32636
32612
32598
32594
32675
32648
32647
32601
32637
32636
32625
32660
32641
32642
32631
32591
32636
32621
32689
32640
32653
32619
32588
32624
32633
32668
32603
32640
32573
32634
32674
32624
32599
32657
32692
32641
32653
32668
32614
32641
32594
32615
32622
32665
32622
32621
32654
32590
32659
32663
32621
32659
32637
32632
32638
32662
32663
32703
32621
32611
32692
32648
32638
32578
32694
32671
32620
32617
32702
32618
32627
32624
32582
32613
32651
32626
32648
32616
32667
32733
32691
32635
32638
32607
32621
32678
32676
32721
32665
32642
32669
32626
32615
32682
32696
32587
32664
32600
32613
32616
32638
32602
32646
32671
32651
32666
32600
32665
32648
32559
32646
32617
32590
32617
32674
32651
32619
32670
32590
32596
32620
32684
32619
32630
32668
32665
32620
32726
32776
32750
32641
32657
32718
32610
32626
32652
32709
32591
32589
32669
32655
32640
32629
32636
32658
32679
32649
32682
32674
32579
32571
32657
32625
32624
32589
32603
32669
32549
32646
32629
32610
32702
32580
32664
32665
32685
32701
32635
32645
32624
32608
32639
32618
32580
32601
32619
32626
32592
32703
32628
32596
32618
32636
32631
32651
32590
32640
32614
32638
32620
32644
32626
32690
32622
32645
32642
32635
32609
32636
32671
32678
32660
32574
32668
32635
32635
32572
32634
32591
32670
32653
32580
32626
32617
32612
32607
32608
32668
32613
32675
32644
32570
32708
32636
32636
32613
32651
32700
32601
32611
32666
32605
32650
32600
32648
32655
32662
32658
32629
32650
32628
32679
32638
32608
32695
32604
32660
32580
32690
32643
32669
32609
32667
32639
32691
32620
32684
32618
32621
32668
32614
32664
32699
32659
32620
32658
32622
32585
32671
32660
32674
32563
32609
32638
32670
32712
32646
32687
32701
32598
32569
32603
32628
32613
32654
32675
32559
32646
32622
32666
32693
32631
32608
32632
32578
32658
32600
32663
32635
32662
32622
32546
32594
32690
32696
32626
32622
32651
32613
32594
32597
32648
32684
32702
32644
32683
32614
32612
32632
32675
32629
32590
32646
32662
32658
32642
32626
32694
32619
32678
32616
32601
32714
32616
32671
32630
32550
32630
32619
32630
32616
32633
32594
32696
32619
32593
32604
32623
32594
32655
32656
32617
32533
32596
32692
32653
32663
32633
32694
32603
32629
32649
32630
32653
32631
32601
32594
32590
32623
32656
32721
32675
32582
32539
32599
32554
32609
32625
32649
32568
32569
32611
32578
32573
32648
32677
32615
32636
32666
32648
32678
32651
32607
32582
32638
32625
32592
32641
32656
32603
32685
32592
32603
32650
32669
32602
32554
32589
32578
32473
32602
32575
32657
32660
32627
32631
32708
32636
32661
32596
32614
32662
32605
32648
32655
32651
32690
32649
32626
32597
32667
32596
32595
32644
32627
32668
32659
32532
32627
32626
32603
32668
32628
32603
32673
32640
32603
32704
32689
32643
32625
32707
32648
32654
32590
32658
32668
32693
32645
32644
32560
32611
32578
32594
32683
32600
32609
32659
32649
32611
32589
32602
32612
32636
32608
32633
32643
32651
32643
32603
32650
32605
32630
32682
32604
32586
32681
32671
32635
32550
32606
32601
32631
32634
32644
32655
32631
32647
32668
32678
32627
32617
32611
32641
32625
32664
32696
32667
32622
32681
32641
32583
32616
32610
32593
32609
32686
32585
32617
32687
32710
32673
32655
32651
32721
32617
32630
32636
32643
32668
32678
32635
32711
32621
32586
32654
32609
32648
32634
32685
32650
32659
32645
32732
32668
32669
32668
32562
32591
32639
32644
32511
32654
32637
32626
32694
32649
32642
32655
32715
32690
32633
32679
32631
32671
32664
32693
32686
32651
32662
32677
32672
32698
32623
32697
32716
32640
32667
32688
32684
32661
32596
32669
32632
32675
32648
32653
32624
32665
32604
32653
32609
32632
32581
32612
32735
32676
32663
32627
32624
32668
32634
32627
32649
32639
32649
32717
32665
32652
32644
32634
32592
32616
32664
32655
32655
32656
32634
32659
32651
32663
32693
32630
32566
32642
32614
32671
32653
32720
32664
32747
32675
32678
32636
32684
32687
32703
32642
32695
32660
32605
32731
32615
32679
32639
32707
32684
32653
32685
32674
32646
32647
32634
32606
32612
32646
32646
32614
32615
32667
32615
32655
32629
32631
32644
32656
32723
32710
32583
32639
32628
32637
32624
32677
32684
32657
32628
32692
32638
32603
32624
32663
32631
32673
32634
32647
32650
32638
32641
32682
32668
32626
32622
32606
32642
32641
32656
32593
32598
32635
32683
32656
32681
32595
32631
32675
32627
32655
32670
32590
32634
32623
32645
32672
32616
32653
32640
32644
32669
32675
32670
32605
32686
32654
32612
32583
32779
32620
32655
32639
32710
32620
32659
32673
32682
32651
32670
32615
32625
32681
32656
32651
32664
32677
32674
32580
32560
32651
32694
32667
32617
32695
32635
32633
32693
32627
32653
32661
32647
32673
32696
32630
32679
32654
32663
32717
32663
32632
32667
32583
32643
32630
32669
32677
32662
32708
32668
32616
32704
32639
32702
32691
32699
32644
32657
32639
32724
32662
32556
32693
32588
32679
32693
32730
32711
32614
32649
32638
32687
32642
32636
32580
32630
32684
32607
32644
32662
32661
32656
32593
32559
32689
32663
32629
32646
32589
32632
32680
32658
32639
32646
32606
32620
32695
32666
32609
32644
32632
32688
32643
32663
32633
32668
32656
32612
32615
32677
32694
32700
32700
32661
32695
32710
32644
32680
32649
32622
32650
32638
32665
32615
32674
32632
32631
32603
32679
32629
32633
32647
32617
32589
32599
32693
32671
32638
32570
32610
32692
32751
32600
32770
32670
32613
32697
32663
32690
32646
32607
32624
32662
32706
32651
32668
32716
32660
32692
32662
32697
32666
32638
32694
32706
32676
32649
32650
32592
32551
32559
32703
32627
32618
32652
32656
32652
32609
32619
32645
32625
32677
32621
32628
32588
32661
32695
32571
32612
32601
32574
32625
32681
32682
32648
32664
32608
32656
32628
32578
32621
32625
32605
32659
32700
32689
32654
32675
32631
32633
32632
32600
32614
32674
32702
32674
32612
32651
32655
32677
32619
32681
32643
32647
32655
32644
32647
32594
32636
32617
32694
32646
32652
32636
32685
32706
32694
32638
32625
32622
32591
32616
32605
32597
32630
32656
32662
32591
32664
32625
32621
32619
32616
32701
32673
32613
32639
32644
32651
32613
32696
32628
32644
32590
32642
32651
32636
32648
32641
32679
32632
32662
32721
32681
32661
32713
32634
32592
32702
32762
32694
32655
32669
32618
32643
32665
32689
32664
32686
32638
32666
32597
32693
32687
32635
32623
32647
32706
32696
32676
32687
32662
32683
32684
32706
32664
32610
32655
32696
32649
32686
32682
32639
32641
32656
32626
32553
32656
32677
32632
32647
32647
32647
32647
32647
32647
32647
32647
32647
32647
32647
32647
32647
32647
32647
32647
32647
32647
32647
32647
32647
32647
32647
32647
32647
32647
