9910
32663
32598
32632
32615
32622
32592
32584
32598
32565
32609
32616
32583
32602
32586
32601
32591
32622
32624
32666
32649
32605
32607
32609
32565
32589
32567
32570
32526
32576
32578
32621
32568
32583
32593
32599
32653
32614
32566
32580
32613
32589
32626
32614
32570
32525
32550
32474
32558
32534
32584
32649
32602
32650
32582
32636
32601
32638
32636
32501
32602
32592
32554
32577
32650
32594
32617
32579
32592
32602
32605
32604
32604
32574
32613
32668
32632
32606
32580
32652
32606
32599
32605
32646
32604
32566
32600
32585
32600
32566
32646
32634
32624
32566
32577
32612
32677
32641
32624
32598
32605
32547
32551
32608
32573
32624
32530
32538
32584
32551
32617
32588
32567
32593
32625
32575
32579
32599
32551
32667
32672
32617
32617
32646
32589
32626
32574
32575
32566
32526
32589
32590
32590
32577
32601
32605
32595
32587
32586
32579
32629
32602
32543
32592
32610
32629
32583
32654
32659
32673
32619
32632
32667
32636
32571
32637
32600
32598
32599
32643
32607
32602
32651
32605
32590
32707
32609
32653
32594
32608
32589
32615
32635
32640
32577
32611
32623
32602
32605
32593
32617
32658
32634
32681
32592
32591
32630
32584
32592
32623
32594
32623
32539
32636
32622
32707
32617
32572
32636
32603
32591
32628
32615
32547
32578
32606
32604
32595
32611
32607
32583
32619
32618
32571
32563
32556
32638
32656
32623
32597
32641
32630
32666
32603
32584
32610
32579
32596
32543
32594
32650
32593
32611
32573
32626
32611
32607
32585
32597
32633
32637
32524
32626
32665
32625
32618
32579
32602
32617
32612
32613
32638
32629
32592
32564
32604
32572
32595
32660
32600
32627
32595
32645
32613
32592
32581
32617
32600
32632
32713
32618
32644
32564
32583
32605
32624
32570
32593
32561
32566
32648
32630
32615
32598
32616
32670
32641
32599
32619
32579
32611
32633
32591
32633
32645
32650
32668
32589
32602
32630
32575
32537
32518
32546
32553
32623
32714
32660
32671
32609
32705
32679
32603
32626
32645
32567
32594
32611
32576
32577
32632
32626
32591
32627
32680
32621
32656
32674
32632
32719
32656
32695
32609
32645
32601
32593
32612
32613
32599
32586
32581
32596
32644
32646
32687
32659
32623
32615
32614
32591
32613
32646
32621
32598
32592
32656
32658
32649
32677
32613
32597
32620
32618
32683
32656
32553
32650
32645
32585
32656
32670
32667
32619
32611
32628
32671
32626
32610
32604
32583
32571
32606
32662
32576
32567
32655
32641
32638
32538
32611
32609
32676
32677
32693
32646
32628
32623
32624
32676
32663
32625
32689
32678
32618
32596
32673
32603
32646
32686
32636
32668
32611
32623
32613
32661
32578
32572
32617
32641
32672
32649
32628
32602
32685
32641
32599
32563
32599
32613
32650
32671
32617
32654
32628
32645
32615
32663
32654
32614
32675
32640
32665
32662
32650
32549
32622
32623
32624
32604
32674
32674
32655
32701
32746
32672
32639
32617
32642
32632
32643
32652
32671
32584
32662
32609
32619
32652
32618
32583
32622
32608
32650
32689
32583
32584
32677
32630
32693
32602
32613
32628
32618
32640
32627
32661
32671
32658
32678
32587
32625
32629
32642
32621
32658
32661
32590
32641
32652
32616
32646
32622
32601
32632
32649
32656
32589
32615
32637
32651
32669
32636
32596
32616
32626
32633
32603
32635
32598
32638
32564
32662
32691
32641
32650
32608
32688
32637
32686
32700
32639
32654
32673
32667
32705
32669
32615
32625
32585
32657
32664
32670
32606
32659
32660
32645
32699
32704
32611
32677
32692
32643
32645
32610
32732
32639
32638
32677
32648
32650
32682
32634
32631
32567
32632
32600
32656
32619
32606
32665
32605
32656
32653
32673
32683
32736
32645
32638
32635
32631
32618
32594
32651
32664
32691
32664
32626
32629
32680
32642
32696
32691
32714
32679
32671
32576
32622
32703
32719
32605
32631
32621
32631
32682
32655
32612
32587
32660
32655
32669
32667
32692
32616
32660
32641
32639
32641
32535
32617
32619
32604
32618
32640
32695
32688
32716
32744
32674
32690
32689
32616
32639
32657
32632
32602
32585
32624
32650
32634
32680
32533
32536
32584
32633
32599
32653
32657
32658
32707
32624
32668
32639
32673
32689
32636
32602
32672
32628
32655
32598
32614
32630
32645
32645
32634
32648
32627
32703
32662
32691
32695
32589
32680
32630
32626
32640
32606
32609
32639
32632
32550
32633
32633
32627
32631
32635
32639
32598
32639
32619
32652
32662
32738
32658
32688
32724
32717
32626
32617
32632
32651
32726
32646
32629
32596
32584
32614
32601
32635
32641
32652
32643
32589
32613
32614
32625
32655
32680
32681
32703
32684
32652
32691
32680
32654
32711
32669
32677
32672
32645
32624
32657
32632
32721
32655
32655
32601
32678
32691
32678
32676
32742
32705
32749
32650
32670
32640
32691
32687
32645
32586
32618
32634
32595
32640
32641
32709
32683
32647
32657
32643
32776
32651
32659
32692
32682
32708
32627
32661
32713
32659
32664
32643
32586
32607
32638
32680
32656
32660
32639
32641
32699
32610
32624
32628
32651
32636
32603
32617
32705
32609
32615
32585
32668
32640
32616
32668
32605
32685
32691
32679
32632
32700
32696
32678
32625
32604
32638
32655
32616
32648
32646
32643
32568
32611
32622
32630
32632
32620
32603
32604
32595
32706
32750
32664
32665
32687
32621
32635
32581
32667
32604
32653
32600
32582
32571
32666
32632
32649
32693
32655
32671
32653
32635
32629
32630
32604
32587
32679
32665
32657
32619
32671
32676
32633
32649
32627
32587
32602
32675
32708
32669
32646
32637
32656
32624
32610
32679
32654
32646
32617
32635
32635
32638
32633
32662
32666
32626
32678
32667
32615
32670
32635
32633
32612
32584
32671
32725
32707
32736
32679
32677
32680
32594
32682
32624
32599
32650
32665
32631
32675
32645
32648
32607
32628
32725
32666
32625
32696
32645
32663
32664
32654
32665
32665
32637
32682
32691
32716
32626
32598
32618
32611
32675
32600
32660
32701
32661
32665
32682
32673
32642
32554
32706
32635
32647
32658
32612
32691
32678
32748
32713
32680
32639
32560
32542
32691
32626
32595
32610
32621
32630
32648
32707
32646
32645
32660
32588
32674
32689
32666
32623
32633
32664
32687
32698
32675
32657
32618
32650
32677
32607
32674
32640
32613
32591
32657
32610
32670
32626
32669
32640
32630
32644
32609
32658
32618
32666
32686
32719
32702
32603
32638
32573
32658
32592
32697
32715
32643
32623
32643
32619
32653
32608
32641
32667
32628
32635
32667
32677
32656
32604
32622
32656
32673
32566
32620
32663
32682
32647
32630
32612
32649
32672
32656
32653
32627
32673
32726
32621
32649
32564
32675
32654
32690
32677
32730
32662
32588
32587
32684
32710
32673
32622
32639
32629
32636
32692
32684
32661
32652
32703
32632
32629
32599
32647
32688
32675
32649
32638
32626
32528
32658
32654
32635
32543
32608
32582
32622
32626
32642
32548
32667
32659
32665
32655
32588
32619
32613
32579
32694
32549
32583
32642
32591
32635
32594
32633
32624
32675
32669
32662
32632
32648
32691
32646
32629
32656
32666
32607
32697
32533
32571
32549
32598
32688
32659
32648
32632
32634
32678
32681
32624
32640
32611
32610
32611
32608
32641
32621
32675
32637
32703
32669
32592
32648
32645
32654
32607
32646
32747
32694
32666
32676
32691
32663
32649
32632
32603
32637
32660
32734
32681
32649
32595
32650
32652
32605
32651
32692
32666
32650
32641
32636
32645
32731
32620
32625
32658
32686
32649
32611
32672
32735
32667
32667
32671
32671
32650
32681
32580
32635
32665
32671
32710
32704
32633
32612
32640
32727
32708
32710
32660
32652
32706
32646
32714
32716
32671
32574
32622
32629
32653
32611
32635
32613
32682
32607
32615
32668
32667
32628
32686
32719
32641
32582
32636
32673
32586
32640
32610
32626
32658
32641
32681
32584
32669
32689
32664
32724
32704
32668
32652
32638
32596
32665
32617
32665
32611
32652
32659
32627
32620
32611
32593
32607
32630
32630
32686
32654
32737
32648
32631
32644
32608
32598
32685
32612
32657
32631
32704
32632
32630
32710
32693
32667
32633
32643
32637
32660
32676
32701
32644
32605
32642
32656
32671
32623
32631
32673
32642
32637
32650
32633
32602
32662
32684
32639
32660
32746
32678
32649
32625
32657
32618
32630
32654
32682
32637
32627
32672
32673
32633
32628
32617
32604
32629
32688
32659
32623
32608
32659
32671
32634
32659
32657
32702
32600
32629
32709
32605
32713
32694
32622
32648
32654
32666
32657
32685
32614
32642
32606
32659
32723
32689
32654
32650
32623
32662
32652
32666
32677
32636
32592
32599
32640
32672
32698
32627
32651
32700
32653
32619
32660
32678
32713
32730
32619
32682
32652
32673
32627
32624
32658
32557
32648
32570
32625
32719
32669
32681
32673
32646
32683
32573
32602
32572
32685
32637
32676
32659
32694
32714
32648
32653
32659
32665
32663
32682
32699
32663
32634
32708
32650
32670
32644
32612
32659
32655
32695
32669
32690
32693
32704
32722
32680
32691
32686
32650
32618
32616
32700
32661
32687
32651
32666
32647
32620
32647
32631
32650
32676
32586
32619
32615
32699
32624
32680
32637
32614
32643
32706
32624
32655
32647
32726
32728
32639
32618
32614
32682
32678
32646
32582
32563
32620
32618
32603
32682
32637
32645
32662
32658
32678
32616
32717
32618
32629
32643
32680
32584
32628
32638
32618
32646
32641
32648
32654
32649
32614
32594
32605
32663
32649
32667
32602
32627
32565
32686
32679
32656
32730
32656
32627
32664
32647
32675
32638
32645
32629
32633
32666
32644
32630
32653
32666
32670
32669
32629
32657
32602
32586
32639
32667
32627
32606
32634
32664
32623
32615
32621
32626
32659
32724
32669
32646
32632
32676
32652
32620
32643
32612
32646
32701
32700
32681
32650
32665
32593
32622
32685
32622
32590
32605
32647
32627
32660
32684
32652
32673
32650
32600
32702
32637
32604
32629
32687
32590
32610
32621
32627
32609
32635
32617
32659
32608
32624
32608
32663
32632
32659
32658
32630
32613
32726
32663
32690
32570
32712
32661
32671
32662
32636
32678
32684
32695
32634
32667
32642
32647
32595
32686
32664
32637
32610
32618
32653
32671
32653
32651
32608
32692
32675
32654
32677
32655
32613
32635
32636
32621
32623
32681
32688
32658
32619
32672
32691
32666
32594
32622
32674
32659
32662
32619
32635
32662
32604
32634
32678
32693
32659
32628
32602
32653
32653
32704
32705
32641
32646
32651
32676
32675
32631
32740
32598
32614
32679
32652
32645
32599
32642
32622
32618
32664
32617
32691
32618
32642
32608
32655
32629
32663
32601
32667
32683
32710
32657
32676
32691
32670
32672
32668
32660
32643
32625
32653
32684
32665
32664
32631
32724
32692
32681
32685
32653
32671
32627
32646
32666
32612
32715
32684
32655
32628
32664
32652
32610
32629
32600
32661
32639
32641
32694
32714
32666
32677
32673
32713
32605
32624
32669
32677
32651
32649
32619
32589
32634
32713
32663
32600
32720
32694
32641
32630
32669
32631
32670
32607
32706
32711
32660
32612
32684
32634
32696
32657
32694
32623
32725
32670
32698
32682
32668
32716
32652
32674
32670
32731
32662
32619
32641
32673
32689
32696
32668
32644
32596
32636
32653
32640
32700
32636
32683
32681
32622
32632
32610
32535
32628
32631
32726
32632
32690
32704
32664
32679
32655
32639
32646
32686
32654
32637
32610
32703
32710
32644
32687
32650
32738
32715
32649
32677
32633
32637
32664
32681
32667
32687
32655
32683
32667
32639
32667
32696
32691
32707
32664
32675
32615
32717
32695
32649
32655
32731
32674
32702
32672
32593
32659
32662
32656
32654
32667
32648
32707
32682
32606
32616
32710
32606
32635
32609
32664
32554
32641
32702
32568
32645
32653
32590
32569
32649
32666
32665
32622
32589
32679
32602
32670
32604
32636
32628
32629
32695
32678
32648
32673
32637
32612
32675
32654
32711
32618
32649
32609
32664
32693
32679
32695
32677
32609
32593
32654
32640
32681
32618
32663
32653
32592
32621
32694
32658
32593
32600
32680
32682
32622
32682
32598
32675
32685
32661
32623
32642
32753
32646
32625
32659
32705
32691
32639
32673
32671
32590
32676
32677
32659
32633
32653
32699
32693
32674
32720
32633
32665
32640
32607
32651
32667
32670
32691
32622
32615
32663
32671
32512
32589
32653
32631
32593
32709
32681
32645
32660
32661
32670
32640
32625
32643
32662
32609
32694
32643
32661
32650
32726
32737
32723
32637
32664
32693
32613
32640
32635
32680
32602
32610
32708
32666
32580
32622
32688
32616
32633
32646
32640
32678
32658
32635
32657
32622
32696
32653
32645
32689
32628
32635
32653
32665
32655
32677
32697
32626
32612
32616
32586
32606
32634
32657
32607
32665
32634
32665
32681
32623
32599
32681
32686
32656
32683
32644
32628
32609
32698
32624
32630
32624
32613
32676
32651
32632
32613
32665
32645
32614
32677
32669
32602
32673
32697
32666
32614
32625
32652
32670
32601
32600
32622
32627
32698
32619
32685
32711
32691
32647
32613
32647
32745
32704
32718
32731
32703
32643
32635
32492
32682
32667
32661
32608
32604
32688
32671
32692
32670
32639
32668
32632
32679
32675
32610
32591
32652
32648
32657
32663
32573
32647
32673
32684
32743
32684
32645
32705
32660
32635
32567
32594
32691
32704
32648
32669
32619
32681
32682
32609
32668
32650
32651
32666
32640
32620
32652
32668
32643
32665
32705
32710
32673
32674
32630
32669
32661
32701
32715
32622
32676
32705
32689
32661
32580
32659
32711
32627
32691
32683
32672
32666
32693
32683
32641
32622
32629
32651
32641
32623
32647
32660
32580
32638
32673
32646
32608
32593
32698
32657
32685
32644
32653
32655
32602
32636
32666
32713
32661
32701
32676
32664
32607
32642
32584
32635
32541
32590
32627
32653
32590
32574
32638
32628
32596
32560
32582
32604
32645
32616
32623
32661
32665
32657
32629
32624
32629
32667
32665
32612
32600
32657
32658
32675
32653
32611
32685
32636
32616
32566
32641
32665
32634
32654
32645
32674
32643
32642
32693
32643
32651
32651
32623
32633
32656
32666
32622
32654
32707
32639
32620
32613
32712
32644
32599
32605
32623
32629
32705
32603
32651
32668
32658
32622
32694
32593
32614
32597
32596
32639
32629
32628
32667
32675
32611
32664
32602
32573
32654
32659
32629
32618
32711
32686
32630
32671
32697
32687
32683
32677
32649
32662
32666
32624
32704
32698
32675
32621
32634
32640
32615
32579
32662
32632
32601
32663
32652
32657
32653
32587
32646
32639
32621
32679
32635
32681
32641
32675
32641
32667
32610
32647
32699
32644
32638
32618
32672
32653
32658
32533
32641
32614
32605
32643
32600
32593
32691
32634
32623
32677
32648
32651
32635
32657
32619
32695
32708
32749
32705
32662
32674
32639
32630
32615
32620
32628
32647
32659
32613
32662
32629
32705
32689
32674
32626
32657
32609
32617
32655
32651
32664
32657
32702
32690
32609
32675
32649
32709
32674
32706
32677
32689
32715
32691
32678
32673
32670
32605
32598
32690
32662
32703
32671
32647
32619
32684
32658
32591
32594
32655
32688
32709
32707
32687
32690
32768
32684
32628
32704
32701
32652
32681
32588
32661
32655
32701
32652
32712
32617
32658
32602
32704
32675
32683
32635
32632
32648
32702
32631
32596
32667
32686
32666
32648
32663
32646
32668
32587
32650
32613
32619
32657
32675
32587
32598
32602
32625
32598
32581
32611
32627
32605
32622
32593
32592
32676
32722
32643
32636
32650
32574
32649
32599
32628
32624
32606
32638
32656
32658
32679
32681
32658
32662
32618
32688
32603
32619
32669
32612
32685
32650
32623
32682
32648
32686
32645
32642
32640
32723
32651
32619
32580
32652
32633
32634
32600
32545
32669
32610
32619
32647
32680
32685
32624
32660
32657
32662
32683
32580
32638
32622
32600
32665
32629
32570
32715
32627
32605
32604
32635
32606
32636
32708
32621
32632
32613
32653
32694
32685
32663
32669
32653
32600
32645
32630
32601
32675
32687
32652
32622
32660
32603
32638
32670
32633
32630
32625
32643
32696
32651
32637
32669
32671
32646
32658
32622
32677
32718
32654
32639
32647
32650
32633
32688
32632
32657
32681
32623
32630
32680
32746
32632
32627
32722
32619
32634
32588
32640
32639
32689
32662
32653
32638
32637
32654
32640
32648
32606
32628
32670
32661
32621
32584
32671
32665
32652
32639
32671
32575
32614
32761
32696
32674
32650
32637
32625
32620
32650
32685
32658
32681
32702
32650
32614
32619
32581
32631
32629
32638
32669
32610
32685
32628
32652
32665
32646
32623
32646
32632
32673
32691
32676
32655
32657
32695
32660
32622
32728
32626
32688
32593
32662
32663
32687
32624
32657
32649
32618
32659
32644
32624
32653
32690
32632
32622
32688
32655
32618
32610
32649
32618
32613
32621
32620
32645
32580
32661
32656
32641
32680
32709
32650
32664
32629
32658
32683
32634
32598
32583
32667
32624
32649
32626
32659
32673
32597
32647
32685
32625
32689
32673
32663
32634
32645
32732
32616
32654
32606
32637
32624
32663
32714
32641
32603
32599
32592
32561
32635
32596
32633
32604
32680
32673
32629
32601
32623
32627
32609
32683
32631
32656
32664
32631
32700
32670
32691
32674
32675
32618
32650
32706
32641
32652
32625
32723
32681
32609
32633
32655
32650
32579
32643
32612
32692
32651
32580
32624
32682
32603
32586
32712
32630
32657
32634
32573
32634
32660
32667
32661
32600
32660
32695
32667
32621
32636
32593
32639
32644
32678
32635
32723
32648
32675
32646
32695
32604
32613
32684
32663
32690
32613
32630
32681
32660
32623
32610
32634
32603
32641
32684
32657
32654
32626
32630
32637
32637
32656
32666
32686
32660
32711
32643
32621
32706
32710
32620
32686
32644
32643
32655
32627
32648
32670
32694
32675
32695
32676
32617
32634
32654
32607
32592
32614
32625
32588
32603
32676
32641
32701
32726
32695
32704
32688
32613
32596
32578
32674
32616
32604
32635
32624
32624
32677
32677
32578
32634
32639
32648
32656
32686
32632
32651
32712
32640
32618
32653
32627
32586
32622
32664
32641
32612
32580
32696
32661
32625
32695
32645
32627
32632
32695
32616
32603
32705
32667
32656
32615
32590
32637
32687
32637
32628
32645
32641
32632
32630
32616
32635
32628
32759
32633
32617
32701
32562
32591
32575
32607
32664
32594
32619
32606
32627
32590
32639
32674
32643
32580
32642
32656
32608
32627
32607
32646
32613
32590
32575
32587
32607
32653
32659
32666
32599
32663
32684
32653
32650
32707
32669
32699
32668
32614
32698
32603
32631
32638
32649
32717
32718
32662
32590
32596
32626
32707
32626
32703
32626
32574
32627
32681
32588
32678
32696
32624
32610
32683
32700
32639
32619
32620
32704
32661
32626
32633
32669
32671
32627
32640
32642
32628
32572
32622
32635
32588
32659
32583
32657
32671
32593
32627
32644
32616
32688
32643
32630
32593
32676
32638
32584
32623
32679
32649
32631
32591
32693
32673
32599
32676
32621
32652
32659
32628
32639
32639
32604
32601
32619
32644
32695
32679
32574
32650
32669
32610
32704
32590
32650
32594
32622
32688
32597
32586
32648
32667
32594
32668
32632
32641
32596
32624
32642
32611
32635
32619
32615
32633
32690
32687
32670
32644
32701
32673
32640
32650
32652
32552
32640
32633
32631
32650
32646
32624
32587
32627
32678
32566
32580
32650
32612
32594
32592
32685
32697
32691
32604
32654
32582
32618
32622
32681
32643
32654
32604
32626
32636
32699
32648
32675
32567
32649
32578
32690
32594
32623
32689
32724
32624
32604
32694
32640
32639
32625
32688
32666
32615
32628
32634
32632
32622
32612
32581
32730
32548
32620
32640
32621
32579
32664
32630
32628
32661
32663
32639
32617
32714
32629
32641
32643
32648
32634
32689
32685
32620
32625
32660
32644
32662
32669
32653
32654
32626
32612
32672
32671
32622
32613
32662
32632
32652
32673
32628
32648
32636
32637
32670
32637
32644
32653
32617
32651
32664
32623
32691
32669
32704
32718
32677
32682
32655
32646
32638
32616
32672
32726
32641
32641
32684
32676
32634
32618
32686
32646
32644
32615
32688
32740
32672
32656
32607
32602
32685
32663
32738
32697
32631
32693
32669
32665
32648
32614
32613
32661
32692
32723
32691
32667
32641
32668
32700
32656
32661
32613
32567
32600
32677
32690
32637
32650
32652
32673
32654
32673
32643
32693
32674
32623
32614
32656
32669
32657
32595
32674
32659
32618
32708
32635
32576
32660
32647
32695
32711
32581
32627
32689
32674
32688
32604
32678
32705
32643
32672
32696
32609
32692
32674
32657
32691
32706
32643
32640
32645
32624
32680
32669
32632
32650
32611
32661
32695
32631
32638
32674
32611
32651
32644
32657
32649
32613
32677
32625
32690
32608
32643
32545
32678
32640
32703
32658
32646
32616
32676
32670
32691
32696
32657
32725
32659
32666
32674
32622
32670
32666
32615
32681
32720
32670
32676
32673
32596
32630
32673
32654
32620
32644
32683
32628
32662
32759
32621
32652
32640
32656
32637
32659
32618
32565
32653
32645
32526
32628
32629
32688
32664
32668
32694
32676
32650
32615
32620
32624
32622
32666
32623
32676
32647
32677
32600
32669
32607
32647
32683
32638
32635
32642
32647
32711
32599
32682
32585
32651
32703
32654
32632
32636
32624
32651
32673
32615
32580
32602
32650
32595
32667
32608
32668
32677
32643
32630
32629
32634
32687
32630
32635
32648
32651
32642
32655
32634
32645
32591
32700
32660
32645
32658
32685
32643
32653
32680
32666
32669
32653
32627
32640
32626
32618
32645
32627
32662
32660
32665
32656
32607
32666
32640
32632
32648
32616
32668
32637
32656
32623
32580
32583
32566
32681
32617
32657
32676
32664
32606
32645
32615
32628
32706
32655
32652
32632
32641
32643
32673
32672
32636
32581
32584
32636
32641
32687
32647
32659
32661
32655
32596
32683
32683
32677
32672
32728
32685
32643
32668
32668
32632
32621
32670
32602
32638
32619
32598
32707
32657
32601
32564
32679
32636
32631
32557
32682
32628
32609
32734
32670
32722
32622
32688
32626
32607
32638
32664
32613
32657
32639
32629
32614
32568
32671
32634
32667
32604
32656
32659
32595
32624
32648
32698
32663
32601
32668
32700
32664
32653
32636
32628
32662
32620
32625
32684
32589
32632
32667
32667
32661
32588
32740
32639
32631
32618
32635
32740
32661
32638
32645
32670
32609
32635
32663
32678
32692
32605
32605
32617
32668
32646
32636
32647
32768
32665
32639
32630
32634
32596
32536
32619
32610
32594
32602
32653
32665
32701
32674
32673
32665
32701
32606
32679
32681
32637
32636
32603
32652
32662
32620
32696
32594
32645
32616
32608
32666
32680
32651
32597
32669
32585
32583
32669
32623
32613
32524
32623
32654
32616
32637
32601
32610
32610
32577
32669
32646
32643
32606
32651
32645
32619
32651
32587
32647
32669
32661
32686
32680
32611
32582
32578
32670
32703
32586
32649
32647
32673
32681
32673
32663
32678
32649
32692
32658
32638
32645
32670
32660
32687
32694
32634
32596
32645
32656
32659
32633
32602
32687
32695
32681
32656
32585
32648
32657
32704
32648
32684
32633
32697
32667
32629
32637
32618
32627
32640
32631
32641
32618
32672
32713
32683
32669
32657
32582
32617
32645
32669
32633
32648
32599
32648
32666
32606
32612
32693
32680
32661
32705
32690
32614
32679
32637
32665
32750
32637
32617
32637
32632
32615
32622
32614
32673
32631
32674
32628
32654
32648
32640
32628
32601
32649
32633
32677
32659
32645
32648
32633
32626
32698
32662
32635
32666
32728
32694
32690
32728
32709
32637
32626
32629
32623
32642
32714
32616
32653
32614
32652
32680
32523
32622
32659
32692
32695
32672
32677
32667
32628
32624
32611
32647
32713
32660
32685
32706
32632
32622
32668
32659
32672
32618
32494
32630
32676
32631
32584
32632
32671
32624
32627
32671
32605
32664
32602
32646
32650
32686
32597
32601
32620
32642
32633
32618
32605
32661
32681
32661
32620
32649
32651
32643
32613
32651
32604
32577
32614
32701
32596
32625
32617
32632
32592
32687
32600
32660
32663
32649
32741
32681
32686
32649
32615
32625
32662
32628
32649
32654
32703
32679
32658
32636
32578
32638
32675
32671
32649
32577
32605
32566
32564
32579
32700
32626
32651
32602
32623
32616
32694
32642
32659
32613
32655
32669
32651
32663
32644
32657
32679
32634
32639
32636
32565
32614
32674
32639
32693
32650
32686
32646
32683
32647
32620
32663
32656
32617
32673
32654
32702
32637
32614
32654
32622
32656
32701
32659
32653
32628
32672
32706
32677
32661
32652
32685
32647
32604
32602
32650
32597
32597
32614
32645
32652
32649
32724
32613
32617
32636
32559
32600
32683
32615
32664
32661
32589
32660
32663
32576
32658
32706
32716
32633
32673
32665
32644
32575
32660
32643
32640
32642
32615
32661
32614
32639
32664
32648
32659
32682
32681
32607
32657
32621
32698
32643
32660
32591
32642
32622
32660
32675
32632
32652
32663
32632
32595
32625
32604
32580
32657
32652
32706
32683
32617
32663
32636
32641
32678
32616
32603
32661
32691
32639
32617
32653
32655
32612
32687
32647
32715
32671
32689
32638
32636
32627
32690
32653
32618
32592
32662
32661
32666
32671
32642
32651
32688
32609
32564
32689
32678
32646
32659
32656
32693
32665
32642
32614
32619
32706
32670
32675
32614
32605
32620
32623
32667
32602
32596
32673
32625
32674
32658
32644
32632
32708
32648
32675
32637
32684
32667
32630
32607
32609
32625
32641
32603
32571
32700
32622
32614
32630
32683
32688
32691
32636
32657
32661
32702
32704
32652
32648
32637
32600
32628
32676
32675
32667
32644
32516
32640
32707
32658
32700
32665
32640
32657
32705
32643
32639
32581
32647
32666
32672
32657
32668
32626
32654
32643
32710
32648
32636
32672
32655
32656
32660
32659
32660
32616
32624
32623
32616
32595
32608
32627
32758
32615
32613
32633
32587
32662
32632
32685
32695
32680
32609
32652
32701
32718
32708
32635
32634
32687
32659
32663
32647
32683
32565
32616
32638
32663
32633
32639
32667
32669
32612
32605
32681
32644
32664
32705
32664
32585
32614
32618
32579
32530
32590
32619
32657
32658
32656
32639
32652
32616
32670
32613
32655
32636
32609
32589
32665
32611
32650
32709
32655
32639
32571
32649
32699
32664
32592
32669
32661
32669
32653
32569
32684
32654
32662
32658
32654
32645
32691
32687
32635
32563
32708
32625
32680
32705
32659
32706
32692
32659
32660
32632
32574
32651
32697
32650
32605
32648
32632
32642
32653
32645
32632
32597
32683
32589
32658
32631
32663
32670
32664
32644
32640
32620
32638
32630
32650
32694
32724
32668
32671
32600
32651
32715
32692
32644
32699
32638
32630
32613
32669
32689
32685
32683
32661
32651
32713
32658
32671
32643
32705
32586
32639
32684
32622
32666
32688
32677
32619
32641
32653
32643
32673
32679
32653
32624
32621
32724
32642
32586
32634
32670
32649
32660
32604
32637
32663
32629
32663
32559
32654
32673
32649
32635
32639
32669
32624
32592
32564
32660
32679
32669
32679
32591
32629
32607
32602
32639
32602
32683
32634
32599
32708
32660
32619
32632
32677
32640
32645
32689
32647
32657
32661
32664
32693
32629
32651
32630
32613
32659
32697
32593
32641
32636
32592
32598
32636
32613
32633
32583
32649
32663
32665
32682
32683
32652
32653
32694
32600
32689
32661
32617
32606
32681
32641
32628
32661
32667
32621
32685
32626
32651
32728
32667
32630
32600
32619
32636
32704
32673
32646
32707
32596
32608
32633
32647
32716
32699
32680
32632
32619
32672
32627
32658
32627
32693
32645
32648
32662
32598
32615
32629
32631
32648
32693
32739
32640
32616
32647
32657
32667
32647
32618
32710
32602
32589
32652
32554
32660
32739
32711
32689
32589
32626
32526
32644
32594
32638
32622
32626
32614
32593
32710
32633
32695
32663
32666
32639
32683
32668
32694
32679
32669
32634
32694
32710
32652
32681
32613
32666
32630
32642
32709
32681
32646
32644
32631
32703
32694
32559
32627
32649
32643
32646
32629
32596
32639
32608
32649
32689
32634
32668
32698
32657
32696
32593
32645
32652
32619
32613
32611
32627
32642
32671
32587
32619
32652
32681
32658
32699
32615
32566
32635
32652
32646
32699
32672
32659
32634
32593
32685
32644
32625
32607
32709
32689
32622
32579
32628
32639
32658
32661
32670
32637
32674
32604
32702
32649
32555
32638
32624
32661
32647
32646
32715
32609
32631
32646
32680
32617
32659
32595
32634
32648
32662
32637
32654
32590
32660
32635
32636
32634
32613
32692
32692
32658
32682
32701
32649
32640
32695
32683
32677
32681
32655
32666
32663
32641
32625
32671
32605
32696
32603
32645
32696
32593
32629
32608
32581
32657
32643
32636
32616
32658
32654
32608
32632
32682
32717
32641
32636
32652
32573
32625
32659
32644
32640
32648
32645
32638
32693
32695
32720
32654
32623
32642
32614
32675
32709
32693
32651
32681
32696
32639
32670
32663
32705
32682
32660
32678
32649
32645
32670
32670
32611
32632
32671
32659
32653
32664
32581
32632
32603
32643
32616
32652
32656
32572
32585
32588
32604
32615
32710
32666
32657
32657
32686
32634
32584
32614
32628
32649
32623
32616
32664
32667
32622
32689
32683
32672
32637
32661
32672
32713
32679
32612
32660
32670
32673
32654
32662
32577
32689
32640
32642
32660
32645
32612
32677
32599
32686
32620
32647
32596
32686
32690
32616
32604
32652
32688
32661
32672
32692
32599
32673
32677
32638
32582
32684
32649
32615
32667
32617
32666
32634
32624
32610
32620
32621
32626
32666
32712
32668
32668
32605
32678
32679
32683
32687
32648
32636
32646
32612
32655
32627
32716
32620
32618
32545
32636
32601
32694
32643
32613
32662
32659
32586
32563
32603
32637
32636
32611
32667
32624
32644
32616
32658
32696
32644
32637
32623
32628
32625
32676
32649
32630
32593
32662
32650
32610
32584
32679
32709
32646
32629
32576
32653
32606
32647
32711
32685
32676
32658
32646
32662
32674
32647
32657
32670
32609
32657
32657
32769
32691
32634
32658
32611
32655
32662
32610
32658
32648
32615
32676
32691
32688
32632
32602
32651
32635
32611
32617
32652
32709
32616
32599
32635
32622
32663
32678
32641
32657
32656
32663
32670
32624
32665
32673
32621
32638
32628
32641
32635
32650
32642
32668
32629
32675
32667
32674
32703
32676
32671
32641
32565
32664
32628
32627
32534
32606
32628
32584
32646
32703
32716
32635
32597
32586
32662
32669
32647
32633
32669
32555
32602
32666
32656
32666
32625
32629
32664
32706
32637
32644
32634
32678
32730
32665
32608
32668
32554
32594
32648
32638
32617
32557
32610
32629
32614
32644
32661
32691
32637
32639
32607
32620
32667
32642
32622
32639
32679
32652
32629
32632
32620
32601
32634
32638
32648
32646
32709
32658
32689
32641
32629
32632
32592
32561
32631
32599
32597
32597
32608
32614
32588
32614
32688
32613
32604
32624
32618
32584
32601
32647
32668
32636
32656
32718
32706
32692
32636
32640
32687
32692
32656
32622
32596
32643
32647
32647
32594
32620
32689
32634
32571
32643
32629
32618
32637
32723
32595
32651
32603
32602
32613
32651
32656
32679
32681
32670
32631
32631
32648
32689
32636
32677
32672
32631
32671
32627
32663
32683
32675
32615
32600
32648
32639
32647
32681
32638
32635
32579
32643
32592
32602
32618
32717
32675
32661
32613
32630
32631
32627
32634
32677
32622
32656
32642
32630
32668
32661
32628
32680
32635
32636
32652
32648
32660
32674
32659
32605
32650
32647
32607
32697
32717
32673
32706
32621
32612
32688
32700
32631
32694
32686
32658
32711
32675
32616
32663
32660
32696
32637
32637
32659
32672
32724
32600
32636
32687
32653
32657
32612
32626
32655
32704
32641
32652
32635
32620
32675
32630
32656
32627
32708
32632
32646
32650
32616
32618
32622
32662
32677
32705
32592
32659
32645
32606
32672
32654
32692
32623
32639
32655
32709
32643
32612
32664
32678
32616
32636
32655
32682
32564
32586
32606
32667
32757
32665
32666
32610
32626
32596
32575
32662
32636
32599
32602
32656
32682
32659
32679
32662
32688
32688
32607
32677
32651
32647
32705
32694
32701
32701
32635
32636
32750
32671
32628
32639
32682
32634
32675
32685
32618
32628
32629
32645
32620
32664
32684
32693
32635
32639
32601
32693
32708
32659
32640
32677
32658
32606
32626
32629
32742
32673
32623
32617
32635
32593
32641
32650
32642
32577
32617
32742
32598
32663
32649
32696
32636
32660
32724
32642
32594
32543
32623
32655
32677
32649
32665
32682
32674
32634
32642
32619
32662
32674
32562
32654
32653
32617
32685
32626
32647
32661
32620
32598
32710
32680
32632
32619
32655
32640
32637
32671
32637
32705
32650
32635
32768
32720
32666
32656
32639
32662
32592
32604
32616
32627
32627
32638
32590
32666
32575
32639
32657
32608
32668
32569
32620
32626
32625
32664
32645
32603
32681
32652
32647
32615
32674
32638
32611
32646
32687
32619
32662
32680
32648
32689
32679
32650
32650
32627
32672
32669
32651
32602
32640
32645
32661
32586
32608
32629
32634
32605
32658
32725
32669
32585
32688
32614
32612
32684
32649
32659
32586
32692
32622
32671
32709
32710
32633
32686
32698
32653
32629
32680
32681
32635
32573
32608
32593
32603
32667
32659
32628
32646
32650
32622
32628
32600
32627
32617
32628
32673
32642
32677
32642
32648
32628
32665
32641
32618
32608
32650
32618
32652
32558
32667
32600
32654
32663
32745
32742
32689
32714
32715
32657
32620
32650
32607
32679
32629
32640
32653
32652
32646
32684
32672
32599
32612
32616
32639
32617
32562
32645
32673
32652
32649
32592
32653
32624
32628
32608
32649
32705
32619
32628
32628
32654
32665
32693
32652
32723
32632
32640
32656
32654
32618
32668
32634
32720
32680
32657
32661
32689
32614
32610
32697
32688
32605
32657
32587
32667
32572
32589
32683
32641
32658
32613
32669
32621
32635
32702
32654
32637
32626
32705
32538
32651
32641
32617
32604
32641
32644
32639
32661
32711
32644
32626
32691
32666
32678
32651
32633
32645
32593
32655
32629
32663
32642
32667
32674
32618
32661
32641
32661
32645
32628
32586
32678
32716
32697
32634
32663
32713
32653
32619
32621
32638
32623
32631
32643
32657
32525
32632
32558
32697
32687
32629
32579
32632
32650
32730
32703
32666
32642
32634
32612
32648
32691
32680
32628
32630
32618
32669
32693
32639
32585
32659
32614
32699
32648
32642
32662
32678
32713
32671
32711
32683
32684
32679
32662
32695
32711
32712
32621
32673
32716
32646
32655
32716
32660
32634
32638
32651
32640
32646
32570
32677
32636
32631
32625
32619
32640
32674
32612
32679
32673
32644
32658
32572
32653
32646
32588
32714
32594
32630
32629
32626
32657
32721
32677
32643
32684
32655
32671
32641
32693
32693
32666
32657
32657
32634
32648
32666
32650
32675
32656
32607
32597
32619
32664
32670
32668
32676
32624
32688
32680
32605
32652
32650
32703
32635
32636
32626
32610
32623
32637
32672
32601
32639
32598
32611
32606
32634
32600
32690
32692
32651
32636
32654
32649
32632
32591
32587
32619
32619
32675
32686
32674
32615
32623
32666
32636
32652
32669
32625
32639
32628
32629
32654
32668
32708
32641
32662
32601
32624
32657
32653
32603
32640
32589
32646
32621
32657
32674
32657
32645
32651
32642
32705
32728
32672
32693
32656
32669
32674
32618
32655
32681
32600
32644
32665
32672
32603
32652
32635
32608
32678
32656
32722
32631
32642
32676
32656
32640
32610
32670
32704
32680
32687
32671
32683
32658
32669
32624
32589
32623
32706
32630
32632
32662
32693
32589
32697
32654
32636
32657
32645
32685
32682
32684
32681
32617
32655
32592
32618
32619
32643
32655
32680
32634
32636
32725
32624
32693
32622
32750
32693
32644
32630
32649
32659
32577
32604
32624
32651
32648
32621
32585
32594
32673
32689
32673
32649
32630
32591
32589
32586
32645
32646
32715
32730
32688
32655
32660
32617
32669
32638
32659
32647
32600
32670
32658
32636
32683
32681
32640
32692
32667
32707
32663
32639
32679
32654
32662
32650
32703
32618
32619
32667
32635
32643
32650
32643
32643
32599
32595
32653
32650
32591
32650
32702
32679
32694
32676
32684
32654
32676
32540
32592
32599
32647
32639
32588
32603
32678
32655
32611
32719
32705
32671
32689
32646
32616
32688
32686
32709
32635
32631
32651
32639
32645
32624
32601
32610
32653
32665
32690
32643
32631
32618
32656
32619
32700
32644
32618
32643
32666
32702
32680
32613
32666
32668
32701
32693
32663
32629
32635
32678
32676
32620
32611
32687
32696
32675
32714
32688
32667
32645
32654
32701
32644
32668
32663
32717
32655
32638
32674
32668
32683
32658
32664
32634
32622
32630
32681
32660
32644
32710
32705
32675
32586
32713
32704
32687
32663
32689
32660
32658
32661
32657
32704
32667
32685
32649
32691
32663
32624
32641
32674
32672
32658
32676
32629
32721
32647
32650
32673
32632
32684
32635
32673
32697
32687
32678
32690
32621
32583
32672
32697
32749
32727
32663
32681
32592
32666
32634
32681
32605
32644
32607
32664
32716
32700
32682
32658
32731
32684
32668
32631
32689
32662
32620
32672
32658
32665
32691
32672
32609
32583
32621
32686
32640
32700
32688
32657
32645
32643
32622
32600
32625
32672
32666
32654
32657
32675
32693
32698
32646
32727
32676
32631
32587
32688
32649
32620
32569
32602
32667
32646
32684
32681
32650
32618
32623
32650
32618
32654
32676
32637
32676
32743
32689
32753
32684
32647
32684
32702
32671
32643
32644
32705
32709
32688
32689
32637
32677
32601
32628
32667
32643
32669
32626
32668
32675
32687
32737
32713
32610
32695
32705
32641
32648
32683
32681
32622
32619
32693
32627
32666
32663
32689
32679
32633
32604
32641
32637
32625
32608
32673
32677
32667
32668
32686
32628
32642
32672
32647
32625
32708
32642
32670
32675
32690
32659
32722
32651
32719
32717
32683
32672
32630
32644
32651
32635
32702
32706
32710
32708
32697
32687
32707
32666
32692
32624
32675
32671
32697
32741
32683
32695
32666
32648
32682
32664
32705
32675
32651
32633
32656
32664
32608
32645
32606
32595
32627
32672
32694
32659
32651
32685
32704
32670
32679
32655
32680
32606
32654
32665
32682
32644
32651
32601
32635
32634
32678
32627
32631
32647
32705
32639
32675
32685
32639
32726
32693
32635
32655
32605
32629
32635
32560
32628
32651
32615
32658
32685
32645
32635
32663
32709
32650
32652
32699
32691
32673
32674
32671
32646
32683
32708
32613
32627
32689
32675
32663
32611
32682
32687
32709
32629
32709
32663
32642
32665
32673
32612
32635
32554
32607
32614
32581
32639
32642
32666
32609
32714
32692
32669
32626
32640
32710
32644
32667
32674
32649
32698
32668
32735
32654
32663
32636
32732
32691
32669
32686
32678
32678
32669
32647
32668
32707
32612
32742
32637
32629
32669
32685
32705
32607
32608
32634
32674
32688
32618
32703
32618
32701
32664
32693
32635
32645
32721
32640
32679
32720
32675
32633
32649
32645
32648
32670
32689
32666
32601
32697
32618
32712
32637
32690
32665
32655
32613
32663
32655
32692
32657
32700
32725
32667
32689
32652
32679
32670
32718
32682
32665
32689
32645
32622
32634
32638
32665
32644
32679
32669
32662
32739
32677
32671
32682
32648
32688
32705
32647
32628
32606
32603
32674
32705
32631
32666
32591
32658
32653
32645
32699
32704
32723
32673
32627
32683
32672
32704
32668
32686
32731
32683
32670
32665
32619
32599
32661
32696
32661
32632
32666
32627
32616
32611
32616
32599
32663
32584
32647
32695
32683
32708
32704
32748
32694
32637
32647
32667
32656
32607
32693
32716
32659
32668
32704
32631
32649
32683
32648
32626
32661
32661
32651
32669
32611
32657
32610
32671
32700
32690
32693
32664
32643
32664
32656
32640
32606
32577
32741
32664
32625
32698
32742
32723
32665
32647
32677
32638
32717
32616
32603
32633
32591
32682
32634
32649
32659
32710
32643
32622
32644
32663
32648
32637
32617
32658
32638
32731
32680
32587
32592
32661
32685
32645
32671
32647
32686
32644
32633
32709
32663
32690
32671
32678
32631
32609
32677
32681
32689
32634
32690
32666
32709
32615
32606
32678
32695
32623
32655
32681
32694
32662
32678
32643
32668
32689
32618
32679
32682
32711
32715
32657
32652
32680
32613
32563
32655
32686
32698
32667
32634
32618
32685
32676
32658
32604
32580
32640
32615
32635
32623
32620
32646
32624
32643
32659
32658
32669
32675
32609
32625
32695
32666
32660
32685
32690
32730
32687
32677
32647
32687
32625
32653
32687
32648
32622
32651
32673
32646
32618
32633
32610
32605
32646
32632
32636
32626
32652
32712
32635
32624
32647
32691
32686
32680
32645
32666
32679
32662
32690
32693
32669
32664
32667
32640
32608
32627
32625
32669
32666
32630
32686
32638
32705
32698
32702
32658
32633
32691
32629
32677
32697
32696
32655
32637
32597
32636
32662
32637
32685
32662
32665
32703
32695
32588
32689
32714
32694
32646
32613
32639
32752
32632
32570
32614
32625
32724
32652
32662
32651
32654
32673
32677
32656
32625
32630
32634
32645
32708
32686
32656
32634
32650
32720
32651
32633
32675
32679
32669
32608
32651
32653
32642
32655
32643
32675
32681
32696
32644
32693
32701
32700
32645
32693
32709
32680
32681
32672
32649
32636
32690
32690
32692
32686
32704
32685
32634
32689
32615
32612
32607
32574
32659
32657
32617
32632
32665
32749
32655
32644
32689
32663
32685
32553
32648
32651
32624
32641
32636
32631
32584
32646
32702
32634
32639
32682
32726
32657
32659
32641
32634
32641
32619
32659
32715
32712
32656
32681
32636
32692
32691
32652
32528
32667
32612
32653
32711
32667
32722
32616
32753
32734
32664
32667
32607
32686
32692
32639
32655
32691
32653
32657
32736
32700
32608
32701
32680
32670
32737
32771
32650
32674
32754
32686
32688
32660
32687
32669
32638
32701
32648
32633
32636
32680
32648
32666
32679
32695
32665
32631
32630
32660
32665
32642
32644
32684
32661
32651
32634
32673
32675
32611
32677
32659
32623
32653
32686
32650
32679
32663
32657
32640
32652
32676
32657
32656
32680
32683
32646
32649
32714
32665
32646
32633
32649
32578
32628
32663
32686
32624
32621
32644
32598
32666
32636
32722
32663
32649
32718
32723
32675
32703
32645
32630
32689
32676
32655
32679
32662
32663
32667
32684
32672
32717
32678
32722
32671
32709
32665
32667
32640
32622
32617
32606
32669
32667
32628
32671
32698
32705
32659
32621
32604
32605
32642
32718
32738
32697
32655
32649
32672
32678
32609
32642
32711
32672
32601
32643
32616
32646
32718
32646
32647
32655
32659
32645
32643
32655
32649
32605
32619
32689
32662
32657
32658
32639
32689
32714
32671
32641
32604
32659
32714
32653
32679
32585
32656
32600
32607
32622
32692
32604
32688
32656
32725
32688
32613
32691
32634
32645
32684
32666
32663
32641
32704
32700
32637
32634
32725
32624
32684
32714
32647
32639
32648
32677
32686
32633
32655
32626
32594
32620
32665
32658
32654
32657
32620
32677
32676
32730
32656
32699
32717
32617
32659
32662
32698
32640
32758
32659
32593
32645
32638
32663
32610
32590
32602
32676
32643
32619
32658
32656
32658
32656
32696
32710
32679
32642
32668
32672
32649
32684
32642
32664
32643
32674
32661
32640
32661
32724
32673
32670
32632
32629
32633
32648
32628
32641
32651
32631
32650
32674
32675
32689
32713
32695
32622
32682
32546
32593
32646
32615
32714
32652
32639
32669
32650
32718
32637
32700
32689
32691
32685
32675
32615
32583
32594
32620
32668
32634
32641
32644
32663
32604
32630
32610
32586
32651
32689
32650
32714
32653
32727
32706
32644
32674
32661
32660
32688
32662
32631
32568
32679
32645
32559
32659
32671
32656
32647
32666
32716
32634
32670
32697
32689
32710
32689
32669
32670
32725
32665
32631
32690
32733
32763
32652
32680
32626
32583
32523
32666
32626
32630
32704
32672
32679
32734
32661
32677
32692
32697
32606
32661
32670
32704
32654
32655
32664
32683
32680
32664
32659
32666
32611
32634
32642
32650
32720
32647
32646
32675
32619
32648
32654
32700
32678
32676
32671
32653
32689
32647
32619
32641
32669
32652
32658
32622
32627
32668
32626
32653
32651
32587
32654
32660
32649
32673
32656
32644
32642
32686
32649
32542
32665
32611
32705
32663
32641
32646
32697
32649
32698
32680
32747
32696
32645
32651
32628
32637
32596
32639
32654
32684
32639
32607
32663
32676
32671
32660
32659
32611
32658
32693
32659
32676
32692
32666
32661
32674
32678
32645
32651
32634
32719
32644
32657
32639
32681
32655
32645
32629
32659
32688
32640
32637
32679
32698
32637
32678
32674
32663
32653
32639
32672
32663
32667
32661
32620
32635
32714
32668
32650
32619
32691
32641
32732
32683
32605
32581
32659
32678
32618
32621
32628
32665
32677
32708
32682
32645
32714
32685
32697
32670
32662
32649
32683
32712
32658
32608
32720
32634
32625
32634
32714
32681
32680
32660
32645
32655
32665
32638
32659
32610
32623
32643
32729
32692
32673
32590
32658
32707
32668
32625
32634
32731
32597
32620
32674
32642
32613
32678
32664
32633
32677
32640
32612
32649
32681
32646
32664
32666
32647
32637
32670
32655
32616
32559
32638
32701
32677
32666
32664
32686
32643
32668
32682
32664
32645
32669
32668
32684
32672
32682
32647
32717
32723
32691
32650
32618
32592
32654
32643
32703
32651
32668
32724
32683
32687
32711
32693
32597
32646
32686
32599
32663
32697
32620
32667
32749
32676
32691
32662
32651
32618
32644
32637
32602
32685
32664
32629
32641
32702
32703
32630
32645
32653
32622
32636
32644
32661
32646
32629
32682
32656
32669
32636
32612
32706
32651
32667
32637
32668
32670
32673
32632
32663
32684
32710
32618
32625
32618
32660
32663
32638
32619
32657
32679
32674
32661
32641
32672
32700
32631
32620
32689
32668
32714
32635
32646
32653
32688
32662
32660
32636
32670
32661
32667
32650
32679
32665
32683
32658
32682
32677
32652
32686
32689
32665
32706
32646
32629
32647
32618
32627
32622
32675
32646
32630
32635
32700
32588
32682
32648
32653
32664
32722
32623
32653
32661
32636
32598
32674
32719
32618
32614
32680
32667
32626
32620
32548
32608
32606
32593
32647
32661
32652
32641
32662
32684
32639
32664
32681
32689
32618
32608
32610
32640
32663
32661
32623
32658
32736
32546
32659
32654
32683
32635
32700
32659
32587
32605
32609
32712
32662
32577
32637
32624
32700
32612
32622
32701
32597
32668
32616
32658
32661
32648
32576
32604
32671
32716
32662
32639
32653
32675
32641
32615
32659
32656
32627
32645
32636
32609
32610
32590
32694
32722
32723
32737
32695
32696
32580
32639
32691
32616
32647
32646
32664
32639
32627
32650
32624
32638
32642
32624
32657
32685
32678
32652
32693
32697
32649
32639
32676
32706
32677
32656
32693
32677
32706
32657
32641
32698
32689
32558
32662
32673
32727
32680
32686
32670
32634
32629
32601
32651
32607
32668
32537
32621
32676
32639
32624
32663
32676
32689
32618
32627
32646
32707
32688
32676
32620
32682
32647
32686
32684
32676
32648
32625
32682
32640
32625
32620
32628
32663
32641
32678
32694
32620
32620
32654
32704
32681
32660
32627
32675
32688
32669
32619
32639
32695
32608
32630
32630
32617
32615
32648
32657
32615
32629
32620
32625
32664
32649
32629
32694
32680
32684
32630
32697
32729
32723
32661
32672
32572
32611
32630
32643
32640
32666
32625
32624
32691
32669
32661
32615
32650
32611
32633
32627
32660
32661
32620
32608
32610
32608
32637
32639
32635
32638
32623
32616
32673
32710
32655
32643
32720
32647
32635
32628
32625
32660
32602
32697
32701
32714
32647
32635
32662
32637
32630
32686
32659
32687
32633
32703
32644
32700
32702
32669
32700
32622
32658
32635
32658
32692
32720
32663
32631
32616
32670
32705
32669
32688
32672
32685
32657
32637
32643
32644
32656
32601
32604
32640
32659
32600
32651
32701
32672
32618
32670
32621
32643
32660
32665
32625
32643
32690
32648
32711
32663
32668
32630
32615
32642
32737
32684
32666
32623
32664
32655
32619
32648
32607
32708
32660
32636
32637
32666
32658
32681
32695
32614
32616
32639
32656
32628
32610
32640
32692
32675
32631
32666
32661
32617
32606
32630
32622
32622
32693
32685
32706
32651
32610
32675
32648
32605
32582
32575
32652
32663
32644
32641
32664
32639
32594
32704
32536
32594
32692
32628
32648
32689
32625
32626
32623
32692
32670
32638
32643
32669
32747
32687
32650
32620
32596
32648
32694
32638
32735
32666
32621
32641
32643
32583
32638
32620
32645
32710
32684
32643
32583
32629
32687
32664
32672
32650
32647
32665
32644
32684
32649
32681
32724
32677
32710
32698
32695
32646
32673
32654
32738
32673
32696
32684
32635
32619
32648
32662
32607
32647
32647
32703
32683
32687
32716
32740
32658
32702
32694
32605
32682
32726
32665
32617
32649
32663
32689
32676
32683
32642
32616
32651
32657
32634
32652
32680
32588
32610
32607
32652
32650
32645
32613
32608
32655
32698
32653
32684
32629
32611
32607
32631
32652
32707
32619
32650
32649
32626
32695
32660
32689
32592
32663
32679
32658
32630
32692
32661
32638
32663
32705
32652
32704
32625
32639
32650
32649
32686
32620
32711
32662
32615
32650
32612
32652
32630
32573
32676
32634
32654
32601
32612
32617
32615
32597
32675
32638
32632
32717
32639
32623
32625
32652
32717
32644
32605
32618
32560
32663
32626
32608
32590
32615
32605
32568
32636
32597
32645
32675
32669
32637
32652
32686
32623
32642
32655
32643
32635
32647
32670
32647
32631
32640
32638
32637
32679
32677
32660
32589
32670
32617
32606
32641
32658
32668
32648
32639
32677
32606
32688
32632
32650
32669
32637
32663
32658
32643
32724
32637
32665
32662
32693
32653
32651
32609
32671
32684
32714
32673
32621
32627
32624
32654
32605
32628
32629
32609
32685
32611
32646
32645
32620
32645
32681
32639
32640
32663
32637
32672
32631
32603
32625
32612
32625
32591
32609
32653
32696
32632
32665
32659
32647
32665
32600
32745
32646
32665
32690
32712
32707
32669
32674
32663
32679
32670
32625
32594
32642
32657
32656
32681
32621
32665
32688
32652
32647
32640
32680
32679
32668
32639
32612
32644
32635
32679
32663
32642
32615
32677
32687
32742
32609
32687
32677
32674
32682
32679
32701
32620
32661
32516
32668
32633
32624
32636
32593
32633
32639
32624
32698
32634
32689
32683
32691
32693
32688
32662
32559
32723
32684
32610
32620
32674
32623
32696
32668
32550
32677
32659
32632
32634
32613
32634
32649
32636
32667
32680
32673
32621
32631
32693
32710
32657
32593
32620
32606
32572
32621
32717
32627
32620
32639
32656
32688
32653
32656
32592
32645
32625
32684
32671
32733
32616
32669
32631
32657
32618
32684
32648
32622
32609
32594
32637
32672
32675
32653
32678
32615
32619
32714
32664
32708
32655
32685
32560
32611
32603
32677
32655
32645
32695
32640
32617
32603
32625
32601
32686
32712
32619
32639
32693
32629
32646
32617
32602
32636
32642
32696
32659
32650
32663
32628
32660
32648
32625
32623
32634
32660
32544
32637
32668
32672
32658
32660
32649
32670
32606
32630
32634
32612
32609
32622
32615
32583
32663
32703
32646
32645
32606
32624
32674
32653
32654
32640
32632
32626
32675
32628
32665
32680
32646
32604
32684
32613
32592
32663
32683
32659
32598
32682
32676
32667
32630
32580
32668
32572
32617
32680
32644
32667
32647
32650
32630
32637
32605
32632
32660
32568
32622
32688
32708
32741
32662
32715
32642
32604
32627
32680
32637
32650
32682
32616
32598
32632
32626
32625
32682
32627
32634
32631
32657
32674
32654
32669
32627
32656
32572
32647
32698
32626
32594
32655
32671
32609
32625
32690
32723
32618
32612
32616
32638
32645
32635
32660
32676
32606
32608
32622
32690
32639
32621
32636
32662
32684
32665
32650
32657
32637
32626
32664
32602
32637
32664
32695
32644
32648
32696
32713
32641
32652
32626
32645
32632
32689
32579
32624
32642
32676
32627
32595
32620
32681
32616
32627
32624
32592
32552
32629
32675
32604
32655
32649
32658
32655
32621
32631
32626
32614
32639
32672
32692
32701
32704
32642
32639
32670
32658
32618
32666
32659
32598
32594
32644
32663
32670
32628
32642
32662
32648
32658
32653
32704
32752
32657
32600
32615
32613
32659
32720
32668
32656
32692
32697
32585
32654
32634
32586
32643
32621
32590
32625
32592
32624
32664
32666
32637
32595
32636
32606
32659
32756
32701
32722
32647
32630
32674
32613
32640
32635
32617
32695
32693
32622
32666
32679
32677
32649
32621
32626
32608
32640
32551
32621
32632
32645
32657
32642
32739
32640
32599
32705
32668
32655
32640
32691
32661
32678
32601
32602
32623
32675
32668
32624
32670
32656
32664
32663
32588
32625
32622
32653
32617
32613
32653
32615
32589
32596
32637
32695
32628
32590
32624
32651
32644
32693
32718
32687
32613
32617
32615
32665
32642
32661
32632
32645
32677
32724
32718
32626
32644
32635
32630
32652
32644
32627
32689
32623
32688
32671
32627
32639
32643
32673
32655
32651
32641
32616
32694
32668
32601
32590
32674
32641
32638
32615
32650
32632
32678
32614
32603
32644
32607
32637
32611
32696
32669
32621
32709
32711
32638
32667
32641
32676
32679
32623
32643
32662
32656
32653
32648
32531
32610
32687
32688
32621
32595
32661
32612
32738
32712
32643
32623
32628
32654
32606
32627
32649
32592
32645
32623
32701
32660
32636
32603
32671
32633
32654
32631
32659
32636
32670
32671
32631
32666
32676
32667
32648
32649
32661
32635
32628
32662
32693
32643
32649
32672
32620
32680
32691
32651
32623
32643
32604
32645
32656
32656
32620
32625
32661
32607
32561
32581
32614
32679
32619
32649
32663
32627
32618
32691
32643
32685
32616
32663
32685
32637
32659
32677
32691
32645
32631
32643
32675
32647
32622
32581
32665
32664
32680
32643
32619
32674
32576
32612
32630
32688
32631
32592
32645
32580
32646
32641
32655
32668
32688
32651
32687
32667
32655
32615
32559
32659
32634
32671
32688
32719
32653
32690
32643
32519
32647
32638
32648
32691
32650
32653
32638
32647
32719
32494
32628
32606
32679
32664
32702
32636
32668
32654
32637
32669
32666
32671
32643
32617
32668
32570
32604
32679
32694
32662
32623
32694
32655
32700
32701
32655
32643
32598
32646
32631
32610
32655
32665
32669
32629
32623
32624
32679
32588
32654
32629
32643
32636
32602
32620
32610
32612
32598
32660
32659
32691
32644
32652
32598
32651
32607
32631
32544
32649
32686
32631
32662
32681
32588
32683
32723
32655
32650
32656
32602
32631
32641
32610
32641
32615
32656
32654
32628
32629
32637
32656
32634
32661
32674
32672
32609
32631
32656
32610
32653
32634
32650
32630
32718
32689
32685
32657
32608
32617
32612
32708
32662
32644
32634
32655
32728
32660
32636
32618
32615
32657
32647
32586
32618
32645
32656
32653
32606
32619
32676
32602
32570
32650
32735
32602
32706
32704
32635
32638
32560
32604
32632
32650
32638
32664
32653
32688
32660
32649
32611
32601
32593
32681
32613
32571
32691
32631
32629
32636
32633
32679
32687
32617
32638
32588
32624
32612
32570
32581
32639
32636
32682
32644
32578
32665
32647
32621
32621
32663
32703
32608
32599
32621
32635
32687
32640
32706
32611
32621
32628
32571
32576
32642
32643
32590
32609
32614
32648
32624
32551
32637
32643
32650
32579
32621
32708
32635
32637
32668
32683
32656
32628
32683
32704
32625
32686
32619
32616
32626
32711
32647
32622
32597
32604
32621
32657
32635
32652
32621
32618
32654
32626
32663
32666
32648
32636
32597
32617
32648
32683
32595
32604
32633
32711
32619
32651
32640
32673
32623
32553
32618
32632
32667
32602
32635
32673
32693
32707
32643
32677
32624
32648
32687
32633
32626
32636
32725
32693
32674
32626
32666
32586
32637
32637
32677
32669
32553
32596
32628
32607
32664
32643
32579
32651
32649
32632
32648
32621
32613
32637
32624
32678
32664
32676
32637
32635
32612
32665
32626
32627
32681
32619
32631
32693
32630
32654
32579
32657
32645
32688
32688
32647
32628
32577
32640
32693
32648
32688
32622
32600
32631
32566
32638
32620
32618
32626
32534
32639
32665
32700
32667
32643
32668
32607
32635
32654
32620
32646
32609
32631
32669
32656
32622
32621
32624
32680
32665
32596
32683
32674
32626
32677
32621
32646
32706
32692
32673
32610
32662
32627
32641
32653
32633
32639
32585
32612
32608
32674
32655
32710
32686
32600
32656
32670
32639
32619
32657
32646
32601
32679
32659
32626
32650
32717
32634
32700
32690
32667
32656
32696
32664
32651
32695
32704
32609
32610
32665
32644
32648
32620
32615
32588
32671
32672
32635
32599
32637
32639
32655
32676
32624
32649
32684
32706
32691
32693
32645
32624
32668
32639
32663
32637
32668
32686
32642
32675
32636
32661
32646
32738
32659
32558
32616
32700
32694
32634
32701
32635
32673
32624
32603
32617
32623
32695
32613
32628
32681
32660
32660
32662
32633
32562
32661
32660
32654
32602
32640
32607
32601
32651
32668
32652
32648
32626
32643
32617
32689
32671
32649
32645
32598
32622
32644
32702
32655
32644
32676
32701
32633
32659
32573
32628
32634
32690
32681
32650
32611
32574
32692
32658
32658
32560
32582
32640
32647
32623
32597
32604
32679
32672
32625
32629
32639
32663
32592
32634
32625
32610
32605
32675
32567
32612
32637
32651
32706
32640
32757
32661
32650
32673
32638
32705
32640
32604
32591
32593
32615
32675
32662
32682
32669
32669
32666
32691
32655
32659
32702
32651
32640
32583
32686
32675
32580
32596
32614
32669
32687
32651
32652
32677
32613
32700
32671
32638
32602
32638
32696
32669
32653
32670
32624
32611
32626
32648
32658
32659
32572
32639
32591
32606
32636
32616
32586
32610
32642
32598
32611
32616
32682
32605
32608
32601
32650
32680
32602
32665
32684
32622
32609
32639
32605
32655
32636
32619
32630
32597
32677
32634
32604
32647
32618
32660
32642
32641
32684
32656
32642
32645
32615
32597
32602
32626
32615
32685
32609
32649
32655
32614
32656
32657
32678
32657
32615
32667
32650
32621
32656
32649
32688
32688
32618
32652
32594
32649
32676
32635
32648
32656
32613
32609
32589
32613
32645
32660
32747
32661
32645
32646
32672
32635
32620
32614
32574
32666
32656
32595
32617
32670
32663
32689
32598
32642
32687
32661
32626
32625
32663
32702
32636
32641
32704
32650
32629
32632
32663
32671
32666
32663
32638
32653
32641
32673
32674
32682
32715
32662
32628
32633
32652
32644
32647
32647
32635
32642
32593
32631
32675
32628
32666
32678
32685
32614
32666
32692
32638
32663
32673
32666
32687
32675
32616
32634
32645
32637
32679
32662
32599
32615
32653
32625
32597
32618
32567
32659
32637
32629
32633
32610
32641
32603
32598
32649
32659
32661
32675
32701
32703
32689
32677
32701
32678
32614
32651
32687
32606
32668
32633
32572
32732
32652
32713
32704
32640
32597
32588
32623
32625
32658
32610
32665
32647
32650
32634
32639
32674
32614
32670
32681
32636
32623
32550
32687
32648
32622
32665
32675
32668
32649
32661
32614
32611
32652
32568
32614
32611
32634
32665
32614
32677
32644
32652
32612
32590
32639
32682
32604
32650
32670
32719
32738
32698
32722
32724
32671
32633
32637
32627
32635
32640
32652
32636
32659
32668
32675
32620
32624
32699
32645
32647
32644
32710
32621
32670
32674
32677
32592
32655
32666
32687
32595
32680
32628
32698
32651
32645
32650
32616
32683
32638
32627
32617
32656
32640
32697
32667
32613
32662
32653
32676
32669
32647
32646
32611
32702
32643
32672
32695
32682
32683
32627
32646
32687
32659
32690
32687
32704
32688
32663
32669
32679
32638
32685
32673
32667
32675
32659
32651
32681
32645
32603
32620
32676
32708
32708
32766
32715
32683
32664
32669
32648
32637
32653
32630
32632
32592
32689
32674
32636
32652
32623
32625
32591
32674
32701
32677
32691
32644
32580
32704
32685
32639
32630
32642
32649
32634
32695
32644
32635
32645
32637
32661
32608
32666
32635
32573
32561
32617
32661
32656
32630
32684
32673
32602
32718
32711
32698
32652
32643
32659
32682
32625
32629
32650
32698
32628
32684
32600
32638
32655
32660
32637
32620
32637
32624
32612
32630
32661
32654
32715
32655
32645
32645
32697
32677
32717
32710
32659
32713
32702
32643
32644
32633
32660
32631
32621
32691
32546
32619
32643
32711
32658
32642
32705
32652
32676
32654
32703
32670
32633
32628
32669
32652
32674
32709
32644
32641
32680
32679
32588
32671
32653
32662
32696
32646
32676
32641
32596
32609
32633
32624
32651
32647
32623
32660
32669
32678
32656
32617
32673
32667
32657
32667
32704
32654
32621
32707
32715
32672
32617
32649
32624
32609
32654
32597
32590
32662
32638
32635
32662
32705
32711
32665
32575
32652
32646
32629
32672
32643
32652
32634
32687
32645
32734
32650
32633
32644
32636
32584
32672
32661
32653
32570
32632
32641
32626
32583
32700
32692
32643
32625
32674
32631
32647
32624
32607
32617
32655
32588
32681
32654
32670
32675
32642
32653
32626
32635
32652
32726
32663
32606
32641
32638
32614
32652
32691
32636
32659
32654
32676
32660
32673
32660
32679
32640
32692
32640
32641
32634
32666
32725
32679
32634
32635
32671
32608
32651
32701
32696
32662
32600
32655
32657
32654
32607
32664
32629
32682
32631
32599
32619
32626
32638
32615
32618
32651
32573
32661
32616
32742
32720
32691
32641
32728
32652
32682
32648
32645
32622
32656
32636
32680
32701
32607
32608
32632
32655
32628
32629
32654
32611
32659
32634
32650
32644
32665
32632
32636
32672
32664
32647
32654
32666
32635
32636
32626
32617
32621
32625
32656
32600
32672
32676
32645
32587
32625
32665
32647
32596
32677
32708
32623
32648
32592
32567
32612
32596
32638
32651
32659
32644
32656
32647
32643
32658
32634
32658
32625
32676
32713
32648
32702
32661
32612
32648
32693
32710
32707
32702
32672
32674
32677
32643
32610
32613
32618
32658
32629
32622
32645
32664
32659
32639
32653
32712
32675
32643
32702
32640
32686
32640
32600
32655
32591
32666
32661
32658
32607
32674
32660
32616
32670
32686
32692
32628
32678
32692
32665
32665
32640
32651
32713
32623
32635
32619
32659
32587
32559
32685
32706
32642
32707
32721
32655
32686
32653
32659
32718
32658
32682
32641
32575
32636
32688
32631
32583
32647
32661
32646
32713
32634
32621
32728
32735
32681
32646
32661
32634
32614
32634
32675
32678
32724
32689
32661
32695
32676
32696
32648
32680
32662
32681
32660
32623
32728
32697
32640
32589
32708
32676
32669
32637
32664
32639
32711
32676
32653
32650
32660
32660
32637
32660
32590
32628
32628
32649
32630
32634
32677
32709
32706
32652
32615
32595
32650
32637
32641
32707
32641
32655
32633
32728
32644
32699
32621
32645
32680
32718
32642
32685
32702
32714
32675
32666
32636
32682
32678
32608
32656
32693
32702
32675
32615
32682
32653
32633
32672
32646
32646
32693
32698
32659
32682
32674
32736
32652
32668
32666
32686
32651
32643
32668
32652
32653
32633
32656
32626
32683
32681
32615
32673
32653
32720
32664
32599
32648
32642
32635
32640
32615
32621
32646
32639
32649
32645
32630
32609
32654
32701
32665
32615
32651
32654
32658
32605
32669
32683
32680
32654
32656
32673
32630
32667
32721
32640
32612
32673
32683
32700
32673
32696
32666
32657
32716
32691
32655
32635
32666
32643
32623
32679
32659
32641
32705
32667
32676
32657
32652
32659
32678
32644
32645
32708
32645
32649
32631
32635
32677
32655
32624
32596
32642
32618
32628
32677
32628
32658
32654
32649
32598
32637
32649
32643
32606
32686
32667
32633
32640
32679
32688
32675
32645
32675
32666
32639
32626
32718
32723
32603
32689
32668
32650
32734
32711
32655
32654
32725
32678
32674
32670
32648
32651
32641
32694
32634
32611
32661
32667
32664
32613
32645
32656
32680
32680
32680
32680
32680
32680
32680
32680
32680
32680
32680
32680
32680
32680
32680
32680
32680
32680
32680
32680
32680
32680
32680
32680
32680
32680
