9910
32570
32581
32572
32589
32545
32628
32562
32539
32562
32580
32551
32546
32546
32543
32597
32624
32543
32550
32598
32615
32563
32617
32661
32580
32554
32587
32563
32578
32608
32589
32647
32590
32599
32591
32641
32617
32589
32654
32633
32600
32614
32586
32599
32589
32623
32676
32587
32610
32602
32665
32575
32609
32600
32598
32587
32590
32562
32588
32596
32592
32612
32608
32626
32580
32646
32630
32569
32584
32550
32625
32588
32575
32511
32595
32635
32691
32617
32577
32565
32628
32591
32605
32547
32580
32603
32593
32539
32542
32577
32573
32618
32568
32555
32606
32632
32569
32663
32634
32587
32568
32566
32578
32666
32561
32621
32597
32631
32620
32614
32529
32580
32627
32571
32552
32572
32572
32610
32575
32568
32659
32582
32608
32543
32586
32590
32568
32562
32618
32634
32537
32617
32619
32614
32573
32574
32611
32538
32566
32515
32565
32573
32598
32599
32596
32557
32651
32558
32554
32526
32651
32557
32585
32603
32558
32617
32686
32586
32663
32619
32624
32569
32595
32610
32603
32599
32628
32612
32545
32619
32566
32595
32696
32538
32601
32629
32609
32653
32666
32676
32601
32609
32613
32585
32533
32619
32607
32510
32598
32571
32536
32613
32622
32625
32565
32612
32555
32621
32609
32660
32576
32600
32616
32560
32608
32687
32624
32593
32625
32512
32579
32554
32570
32581
32563
32597
32609
32624
32620
32582
32581
32634
32567
32578
32577
32564
32615
32574
32639
32605
32506
32571
32625
32637
32588
32567
32608
32652
32661
32676
32650
32653
32577
32631
32655
32668
32656
32589
32607
32623
32582
32565
32606
32556
32605
32626
32608
32644
32674
32558
32601
32618
32671
32599
32642
32599
32636
32593
32591
32575
32579
32612
32601
32575
32592
32594
32612
32615
32592
32575
32609
32622
32637
32660
32680
32541
32477
32527
32544
32619
32575
32675
32724
32633
32652
32698
32704
32607
32650
32611
32621
32574
32570
32496
32594
32592
32608
32584
32649
32618
32657
32556
32613
32627
32609
32635
32687
32646
32626
32622
32621
32678
32605
32599
32611
32570
32589
32569
32582
32640
32645
32619
32571
32586
32579
32634
32601
32562
32569
32598
32634
32662
32647
32543
32632
32639
32597
32642
32571
32619
32588
32570
32559
32526
32596
32612
32546
32591
32628
32608
32619
32635
32651
32641
32717
32577
32615
32646
32560
32563
32619
32610
32553
32589
32630
32633
32603
32635
32556
32616
32660
32665
32562
32609
32639
32610
32611
32644
32645
32652
32585
32554
32617
32593
32611
32615
32612
32591
32595
32587
32603
32641
32647
32600
32611
32625
32613
32599
32642
32639
32650
32607
32592
32620
32618
32615
32653
32639
32620
32622
32665
32628
32624
32616
32635
32620
32619
32597
32652
32660
32657
32694
32624
32644
32616
32655
32673
32661
32716
32617
32564
32592
32623
32639
32605
32622
32568
32680
32578
32623
32649
32548
32633
32608
32583
32625
32592
32657
32606
32585
32497
32617
32595
32566
32585
32637
32596
32639
32579
32588
32619
32584
32639
32625
32660
32637
32587
32617
32648
32588
32653
32549
32708
32701
32673
32632
32621
32627
32596
32674
32625
32605
32598
32651
32650
32633
32543
32658
32628
32668
32628
32626
32640
32629
32675
32604
32682
32556
32673
32733
32652
32688
32697
32637
32669
32585
32605
32620
32645
32581
32613
32636
32651
32613
32592
32631
32583
32626
32614
32629
32669
32594
32597
32672
32662
32671
32641
32672
32643
32633
32592
32649
32583
32580
32589
32647
32621
32634
32687
32658
32658
32669
32651
32606
32640
32586
32594
32549
32594
32632
32634
32580
32609
32599
32590
32619
32637
32627
32620
32626
32640
32564
32639
32602
32597
32595
32599
32636
32602
32641
32606
32612
32643
32595
32599
32573
32639
32599
32659
32656
32598
32672
32599
32625
32616
32636
32613
32630
32693
32652
32662
32601
32615
32654
32601
32643
32541
32663
32613
32596
32632
32546
32574
32536
32558
32581
32562
32576
32597
32625
32640
32577
32625
32656
32642
32676
32655
32631
32622
32604
32567
32629
32600
32632
32592
32585
32557
32620
32611
32576
32648
32664
32705
32654
32683
32723
32630
32625
32615
32600
32657
32643
32656
32640
32664
32681
32653
32637
32648
32652
32599
32681
32653
32645
32619
32654
32610
32655
32609
32678
32583
32690
32618
32625
32673
32681
32630
32634
32599
32655
32599
32522
32658
32578
32621
32655
32719
32546
32623
32601
32632
32654
32630
32610
32600
32668
32671
32602
32567
32636
32671
32597
32652
32608
32631
32637
32721
32643
32593
32595
32605
32658
32634
32628
32614
32656
32661
32674
32662
32729
32654
32663
32642
32619
32604
32590
32653
32590
32632
32620
32641
32653
32627
32673
32666
32704
32663
32705
32591
32602
32615
32580
32626
32626
32588
32647
32625
32638
32661
32638
32629
32639
32630
32631
32649
32657
32665
32613
32606
32646
32613
32621
32574
32630
32647
32642
32617
32586
32608
32616
32684
32684
32682
32664
32749
32621
32618
32685
32604
32621
32614
32659
32621
32650
32663
32659
32628
32638
32682
32618
32656
32626
32602
32677
32569
32567
32626
32619
32651
32596
32655
32653
32666
32570
32635
32574
32636
32595
32641
32635
32616
32581
32622
32685
32669
32637
32670
32609
32607
32672
32646
32645
32631
32687
32611
32655
32625
32607
32679
32597
32689
32664
32608
32571
32606
32637
32629
32642
32653
32691
32685
32690
32584
32602
32588
32505
32623
32639
32627
32619
32610
32640
32733
32670
32625
32586
32663
32603
32677
32603
32613
32570
32581
32618
32634
32632
32624
32617
32659
32645
32692
32643
32635
32620
32694
32662
32611
32651
32532
32608
32710
32662
32662
32644
32510
32659
32591
32613
32603
32641
32628
32603
32643
32610
32593
32591
32625
32595
32638
32641
32627
32601
32695
32620
32671
32646
32630
32607
32594
32626
32659
32679
32635
32614
32633
32685
32622
32644
32594
32671
32652
32645
32653
32642
32632
32605
32590
32603
32647
32661
32696
32654
32654
32593
32598
32613
32609
32681
32648
32695
32675
32644
32603
32621
32631
32596
32604
32578
32622
32669
32588
32666
32654
32659
32685
32665
32646
32600
32598
32599
32643
32646
32636
32648
32667
32664
32655
32669
32687
32622
32667
32658
32655
32673
32702
32636
32648
32682
32677
32585
32642
32659
32632
32678
32627
32695
32648
32688
32639
32644
32634
32696
32660
32630
32656
32664
32629
32658
32669
32635
32627
32669
32686
32701
32554
32651
32643
32597
32642
32689
32685
32644
32640
32650
32669
32664
32653
32622
32682
32621
32549
32614
32599
32625
32688
32617
32603
32621
32636
32631
32675
32605
32616
32634
32636
32622
32633
32695
32686
32629
32665
32721
32618
32649
32654
32653
32591
32648
32675
32678
32618
32689
32655
32620
32714
32705
32676
32629
32640
32615
32593
32695
32675
32660
32611
32601
32622
32622
32642
32620
32655
32638
32674
32609
32614
32573
32616
32641
32622
32658
32718
32644
32652
32614
32659
32651
32679
32720
32663
32636
32608
32583
32686
32551
32630
32677
32659
32680
32687
32613
32699
32628
32608
32680
32668
32613
32642
32588
32596
32650
32676
32619
32602
32663
32666
32567
32581
32646
32653
32610
32659
32606
32625
32641
32666
32642
32597
32652
32641
32646
32601
32596
32566
32635
32613
32617
32583
32586
32593
32671
32646
32597
32644
32658
32693
32612
32608
32645
32676
32660
32714
32621
32718
32661
32684
32635
32613
32689
32626
32679
32687
32681
32635
32641
32606
32627
32636
32621
32686
32652
32603
32631
32600
32597
32642
32670
32579
32612
32632
32706
32640
32644
32668
32628
32653
32679
32639
32594
32607
32644
32706
32647
32591
32626
32583
32665
32521
32599
32640
32629
32659
32653
32640
32590
32609
32659
32677
32630
32579
32718
32693
32678
32650
32606
32645
32649
32617
32604
32673
32659
32636
32669
32663
32645
32680
32662
32637
32626
32620
32657
32658
32706
32604
32669
32609
32618
32665
32562
32627
32576
32627
32667
32622
32688
32666
32657
32635
32673
32647
32709
32647
32598
32642
32596
32728
32661
32689
32661
32646
32652
32604
32669
32706
32667
32589
32630
32641
32561
32675
32648
32597
32626
32638
32700
32620
32591
32619
32649
32585
32746
32668
32653
32592
32759
32604
32623
32678
32641
32625
32669
32677
32626
32633
32665
32623
32653
32604
32624
32651
32625
32605
32619
32606
32667
32563
32657
32546
32624
32674
32628
32583
32666
32627
32614
32694
32618
32638
32667
32617
32655
32735
32615
32607
32649
32615
32624
32635
32670
32662
32654
32708
32627
32628
32671
32673
32612
32643
32615
32632
32633
32590
32620
32638
32661
32690
32604
32682
32587
32605
32597
32672
32653
32597
32653
32739
32656
32682
32654
32642
32692
32611
32640
32606
32603
32584
32643
32649
32661
32580
32627
32646
32712
32629
32599
32590
32636
32572
32612
32627
32618
32652
32654
32653
32607
32673
32668
32681
32647
32637
32680
32656
32662
32707
32667
32702
32674
32675
32668
32665
32667
32641
32609
32660
32656
32624
32664
32603
32600
32624
32642
32626
32587
32627
32705
32624
32614
32617
32683
32624
32584
32707
32637
32647
32591
32704
32650
32680
32680
32667
32689
32664
32695
32603
32709
32651
32593
32612
32620
32641
32640
32597
32643
32632
32638
32592
32611
32635
32647
32605
32634
32702
32660
32650
32653
32620
32656
32619
32667
32651
32623
32686
32623
32595
32610
32607
32592
32650
32624
32614
32613
32657
32605
32643
32587
32600
32639
32636
32669
32633
32630
32622
32611
32657
32628
32660
32691
32649
32643
32614
32637
32634
32639
32672
32674
32719
32652
32643
32697
32633
32632
32627
32591
32641
32643
32610
32611
32584
32628
32650
32666
32623
32610
32564
32621
32630
32664
32601
32688
32653
32638
32655
32637
32644
32687
32651
32639
32665
32641
32653
32693
32581
32586
32663
32644
32662
32655
32679
32620
32691
32661
32606
32685
32657
32650
32600
32616
32650
32607
32596
32621
32653
32598
32620
32652
32653
32618
32676
32646
32626
32641
32662
32664
32604
32599
32702
32642
32615
32672
32624
32635
32570
32638
32630
32626
32594
32597
32708
32620
32642
32681
32616
32681
32673
32669
32658
32622
32616
32576
32598
32609
32693
32603
32597
32685
32604
32560
32659
32652
32682
32680
32689
32627
32668
32641
32710
32670
32590
32615
32655
32694
32679
32625
32694
32619
32668
32636
32617
32598
32658
32624
32601
32658
32656
32641
32644
32587
32646
32674
32628
32633
32656
32566
32616
32655
32618
32614
32704
32679
32592
32615
32586
32612
32599
32634
32624
32664
32668
32668
32661
32694
32742
32703
32687
32629
32653
32617
32641
32632
32649
32654
32681
32627
32602
32665
32684
32643
32625
32606
32636
32671
32612
32615
32602
32655
32623
32622
32613
32634
32629
32592
32739
32629
32615
32644
32657
32644
32689
32610
32637
32619
32610
32607
32675
32593
32655
32607
32666
32590
32609
32626
32622
32630
32671
32626
32579
32628
32664
32656
32544
32609
32603
32608
32592
32634
32656
32680
32637
32637
32609
32622
32665
32621
32595
32602
32614
32606
32690
32614
32629
32643
32578
32613
32611
32637
32676
32637
32664
32598
32650
32622
32678
32663
32620
32646
32641
32608
32667
32642
32692
32652
32665
32627
32646
32664
32633
32651
32615
32651
32591
32594
32675
32601
32692
32655
32662
32690
32703
32632
32658
32593
32665
32628
32653
32698
32675
32661
32670
32647
32700
32674
32601
32639
32623
32612
32646
32650
32666
32621
32662
32646
32642
32621
32625
32682
32651
32608
32645
32685
32616
32647
32627
32619
32561
32605
32660
32617
32623
32650
32665
32623
32634
32639
32672
32635
32587
32638
32679
32667
32617
32611
32673
32702
32661
32654
32647
32663
32626
32676
32599
32609
32588
32668
32660
32622
32593
32576
32661
32634
32643
32642
32645
32624
32586
32645
32674
32766
32703
32672
32698
32642
32684
32639
32692
32646
32650
32588
32638
32591
32595
32645
32650
32626
32568
32643
32576
32637
32570
32663
32671
32665
32664
32656
32665
32643
32610
32549
32544
32651
32616
32663
32658
32619
32649
32648
32691
32609
32637
32616
32642
32620
32613
32623
32613
32624
32597
32602
32623
32645
32604
32683
32661
32657
32722
32570
32654
32666
32661
32644
32568
32632
32600
32647
32658
32610
32618
32636
32588
32617
32624
32656
32657
32608
32621
32536
32515
32649
32614
32613
32684
32670
32624
32589
32606
32619
32615
32682
32688
32697
32639
32624
32586
32664
32632
32690
32632
32604
32580
32655
32631
32599
32605
32614
32601
32610
32660
32642
32660
32617
32641
32639
32643
32614
32657
32632
32643
32626
32716
32623
32581
32661
32650
32673
32633
32689
32632
32689
32646
32702
32626
32645
32703
32623
32640
32638
32676
32593
32622
32681
32674
32635
32676
32636
32580
32679
32656
32623
32646
32656
32598
32658
32634
32659
32692
32616
32650
32653
32625
32620
32637
32577
32605
32674
32582
32629
32600
32652
32542
32663
32630
32647
32681
32636
32709
32677
32725
32610
32664
32645
32649
32650
32622
32648
32590
32646
32678
32569
32681
32666
32681
32666
32702
32616
32663
32596
32638
32651
32610
32634
32618
32608
32626
32627
32690
32649
32631
32658
32613
32608
32639
32638
32631
32604
32664
32682
32657
32656
32675
32740
32630
32619
32636
32577
32629
32624
32599
32638
32643
32645
32677
32648
32678
32677
32681
32631
32557
32674
32727
32608
32647
32656
32622
32585
32634
32626
32614
32603
32642
32670
32630
32578
32703
32628
32664
32639
32678
32637
32646
32600
32618
32661
32643
32652
32619
32647
32689
32674
32572
32606
32635
32629
32637
32685
32641
32643
32636
32686
32640
32580
32632
32605
32628
32642
32638
32575
32611
32665
32622
32587
32656
32608
32569
32673
32614
32629
32642
32660
32633
32612
32642
32657
32635
32668
32622
32624
32641
32653
32653
32628
32561
32665
32635
32658
32614
32670
32682
32641
32677
32648
32620
32652
32651
32651
32681
32615
32671
32637
32566
32650
32587
32574
32663
32633
32666
32638
32633
32610
32588
32674
32634
32616
32632
32655
32673
32650
32602
32624
32616
32604
32590
32628
32668
32645
32698
32597
32592
32633
32646
32675
32634
32676
32659
32555
32660
32681
32643
32649
32597
32612
32670
32729
32638
32573
32606
32685
32612
32594
32626
32648
32647
32669
32651
32657
32683
32660
32645
32627
32579
32603
32624
32653
32631
32649
32596
32667
32606
32634
32714
32647
32669
32682
32697
32648
32638
32681
32669
32579
32646
32705
32699
32617
32696
32708
32624
32627
32655
32654
32656
32659
32704
32661
32684
32642
32670
32600
32709
32663
32618
32623
32618
32569
32572
32673
32623
32664
32633
32677
32675
32620
32697
32728
32649
32683
32655
32755
32675
32651
32640
32674
32667
32678
32646
32675
32654
32590
32656
32672
32637
32675
32646
32629
32639
32642
32665
32652
32644
32623
32671
32658
32688
32716
32621
32606
32628
32595
32605
32622
32653
32660
32583
32649
32703
32660
32648
32658
32721
32664
32634
32619
32602
32613
32695
32698
32640
32689
32736
32673
32677
32706
32606
32657
32622
32628
32670
32622
32605
32701
32655
32623
32663
32617
32618
32567
32632
32594
32732
32708
32730
32698
32651
32649
32628
32631
32620
32676
32665
32626
32639
32657
32666
32635
32636
32627
32669
32650
32676
32665
32716
32662
32721
32635
32635
32705
32611
32640
32657
32624
32696
32658
32600
32661
32688
32654
32644
32671
32611
32706
32674
32657
32646
32655
32668
32640
32600
32624
32603
32599
32685
32608
32624
32734
32641
32642
32650
32616
32695
32592
32616
32586
32575
32586
32627
32653
32586
32662
32610
32657
32621
32634
32631
32642
32600
32635
32667
32689
32704
32665
32608
32648
32675
32685
32658
32634
32677
32649
32638
32642
32643
32657
32634
32615
32587
32613
32554
32607
32674
32662
32667
32673
32662
32667
32641
32617
32678
32704
32683
32652
32661
32630
32633
32648
32620
32606
32528
32646
32636
32639
32626
32594
32589
32627
32618
32604
32678
32700
32669
32743
32642
32605
32655
32660
32618
32687
32647
32619
32600
32693
32610
32545
32599
32646
32640
32660
32624
32596
32666
32622
32655
32588
32615
32594
32652
32657
32635
32624
32606
32621
32645
32676
32619
32625
32678
32653
32705
32628
32651
32572
32714
32616
32625
32571
32644
32619
32666
32623
32629
32661
32698
32684
32607
32666
32629
32663
32676
32630
32642
32639
32650
32627
32648
32660
32666
32640
32645
32609
32604
32613
32694
32634
32612
32632
32677
32664
32608
32654
32608
32658
32618
32641
32661
32624
32653
32638
32621
32700
32594
32660
32653
32662
32656
32662
32663
32688
32684
32641
32659
32627
32643
32625
32617
32621
32649
32673
32627
32728
32628
32739
32657
32642
32589
32680
32710
32674
32690
32731
32688
32615
32635
32635
32685
32694
32702
32604
32670
32608
32621
32641
32647
32660
32603
32631
32614
32609
32617
32616
32642
32600
32634
32657
32632
32664
32657
32641
32668
32643
32713
32650
32683
32645
32554
32601
32631
32586
32565
32648
32689
32628
32586
32667
32674
32662
32645
32631
32658
32640
32668
32641
32681
32662
32623
32576
32563
32649
32658
32632
32662
32627
32632
32586
32592
32640
32611
32573
32557
32620
32583
32640
32624
32633
32712
32611
32609
32599
32581
32551
32666
32624
32639
32667
32622
32626
32602
32630
32660
32727
32583
32582
32605
32602
32696
32628
32615
32624
32614
32678
32633
32627
32602
32630
32632
32641
32666
32666
32599
32635
32655
32632
32651
32616
32534
32619
32658
32693
32663
32658
32635
32749
32692
32652
32695
32631
32611
32556
32627
32623
32587
32604
32651
32607
32591
32682
32624
32695
32648
32619
32593
32650
32692
32662
32571
32667
32608
32715
32653
32654
32743
32665
32684
32625
32628
32650
32580
32609
32600
32660
32647
32666
32598
32671
32647
32650
32649
32628
32641
32709
32655
32646
32703
32656
32593
32626
32626
32608
32674
32651
32615
32605
32651
32665
32583
32572
32694
32641
32647
32648
32649
32648
32565
32607
32585
32598
32646
32658
32618
32599
32690
32629
32634
32640
32709
32593
32601
32667
32659
32596
32634
32596
32654
32646
32640
32626
32658
32658
32623
32649
32685
32646
32622
32584
32647
32642
32657
32666
32689
32619
32627
32655
32683
32586
32619
32735
32679
32719
32615
32662
32661
32629
32576
32605
32664
32687
32650
32630
32660
32680
32669
32652
32644
32588
32634
32686
32672
32642
32651
32648
32651
32629
32565
32685
32644
32604
32653
32686
32708
32626
32658
32595
32619
32681
32650
32620
32652
32618
32654
32563
32628
32627
32609
32626
32600
32617
32591
32600
32727
32673
32618
32611
32650
32676
32639
32660
32711
32603
32580
32614
32683
32580
32593
32660
32586
32640
32661
32677
32621
32619
32683
32683
32682
32675
32630
32638
32593
32689
32615
32657
32658
32672
32599
32685
32627
32568
32680
32632
32634
32678
32677
32687
32617
32607
32616
32649
32627
32666
32670
32579
32609
32615
32616
32641
32608
32589
32598
32623
32668
32653
32612
32622
32622
32669
32644
32626
32655
32660
32680
32644
32610
32598
32615
32641
32651
32646
32640
32649
32618
32668
32582
32652
32588
32653
32666
32612
32595
32653
32643
32636
32649
32685
32618
32683
32584
32671
32666
32699
32664
32636
32626
32609
32613
32659
32590
32637
32654
32578
32649
32564
32608
32616
32608
32629
32624
32686
32637
32648
32583
32648
32613
32664
32595
32631
32670
32626
32613
32689
32642
32657
32646
32635
32641
32642
32629
32641
32640
32652
32702
32638
32673
32655
32650
32630
32620
32695
32631
32638
32690
32610
32617
32611
32588
32691
32648
32638
32672
32585
32666
32673
32706
32695
32701
32687
32609
32669
32663
32616
32652
32655
32639
32663
32613
32647
32649
32630
32578
32635
32672
32631
32652
32607
32628
32619
32610
32667
32617
32640
32684
32666
32681
32621
32632
32620
32637
32655
32597
32605
32643
32662
32676
32644
32623
32678
32695
32661
32704
32700
32737
32652
32631
32664
32620
32658
32625
32682
32696
32696
32652
32645
32696
32644
32643
32622
32674
32629
32651
32606
32647
32648
32622
32608
32613
32626
32681
32606
32629
32620
32605
32639
32677
32629
32718
32630
32672
32646
32591
32640
32702
32702
32610
32616
32648
32643
32656
32675
32683
32657
32644
32630
32623
32681
32656
32687
32685
32696
32632
32666
32623
32649
32574
32709
32672
32706
32580
32699
32642
32664
32607
32659
32627
32596
32627
32627
32628
32624
32613
32659
32638
32608
32650
32683
32550
32593
32617
32574
32580
32619
32682
32628
32648
32687
32642
32618
32682
32622
32644
32608
32627
32656
32652
32637
32687
32709
32634
32661
32627
32617
32582
32642
32619
32650
32673
32647
32652
32624
32616
32650
32647
32666
32667
32569
32644
32641
32656
32663
32640
32611
32633
32570
32688
32683
32683
32653
32591
32654
32691
32640
32643
32658
32674
32650
32656
32568
32647
32677
32591
32643
32614
32639
32689
32600
32639
32591
32673
32626
32649
32682
32692
32656
32666
32645
32663
32647
32652
32613
32639
32631
32579
32647
32616
32597
32577
32698
32644
32634
32649
32600
32661
32593
32621
32636
32656
32658
32643
32669
32628
32630
32673
32691
32606
32647
32615
32609
32644
32638
32626
32677
32587
32577
32643
32638
32687
32612
32565
32571
32614
32645
32658
32647
32674
32607
32607
32632
32646
32617
32586
32612
32643
32613
32663
32589
32622
32586
32647
32627
32641
32619
32591
32564
32610
32581
32635
32620
32580
32667
32702
32643
32626
32595
32666
32671
32623
32590
32560
32663
32644
32661
32657
32651
32671
32636
32670
32603
32568
32653
32639
32642
32609
32680
32635
32668
32654
32635
32594
32647
32697
32616
32588
32553
32608
32574
32629
32638
32676
32619
32628
32613
32693
32645
32648
32638
32659
32634
32604
32644
32692
32691
32688
32687
32612
32669
32644
32660
32583
32573
32662
32665
32620
32626
32577
32620
32629
32676
32672
32682
32604
32647
32711
32669
32657
32640
32661
32600
32623
32658
32608
32643
32636
32651
32636
32616
32604
32711
32636
32642
32648
32623
32636
32634
32669
32646
32652
32658
32706
32677
32616
32579
32623
32638
32667
32636
32661
32639
32603
32593
32703
32718
32633
32624
32624
32689
32713
32663
32614
32636
32602
32595
32776
32693
32661
32611
32600
32658
32612
32647
32600
32675
32660
32640
32704
32605
32631
32649
32721
32647
32625
32634
32619
32684
32641
32744
32620
32654
32659
32657
32670
32656
32657
32724
32666
32675
32659
32599
32660
32671
32673
32676
32664
32662
32657
32661
32602
32639
32644
32633
32643
32664
32715
32670
32668
32615
32644
32632
32638
32710
32655
32652
32683
32738
32695
32646
32692
32651
32603
32635
32617
32603
32637
32637
32598
32594
32629
32684
32615
32724
32709
32654
32643
32608
32665
32658
32614
32666
32645
32628
32604
32601
32640
32609
32649
32591
32739
32598
32700
32703
32626
32604
32660
32616
32569
32674
32656
32637
32647
32605
32591
32610
32629
32603
32596
32665
32658
32638
32697
32703
32629
32685
32613
32637
32610
32675
32684
32606
32646
32637
32637
32731
32580
32645
32573
32578
32640
32679
32617
32598
32567
32638
32623
32644
32627
32671
32608
32613
32610
32606
32742
32667
32646
32690
32631
32600
32675
32648
32651
32603
32630
32618
32673
32672
32655
32677
32636
32646
32667
32648
32649
32657
32559
32613
32659
32680
32649
32674
32634
32663
32636
32676
32673
32639
32598
32586
32593
32606
32656
32671
32638
32592
32605
32649
32635
32654
32688
32629
32630
32608
32618
32614
32589
32653
32679
32528
32684
32657
32645
32690
32622
32586
32712
32618
32620
32660
32654
32577
32607
32627
32677
32744
32636
32611
32602
32580
32585
32623
32592
32654
32588
32598
32654
32611
32589
32633
32688
32683
32646
32644
32653
32680
32660
32625
32701
32659
32630
32671
32551
32582
32626
32628
32681
32648
32616
32607
32618
32646
32654
32643
32686
32661
32614
32648
32624
32663
32704
32623
32608
32624
32628
32618
32663
32658
32694
32613
32639
32637
32667
32674
32627
32665
32634
32718
32593
32574
32610
32576
32620
32646
32652
32682
32663
32616
32612
32652
32652
32632
32653
32648
32644
32645
32604
32710
32629
32693
32626
32630
32627
32587
32654
32659
32669
32628
32622
32650
32707
32614
32688
32561
32694
32690
32660
32655
32559
32600
32673
32619
32667
32662
32646
32602
32652
32592
32594
32620
32579
32622
32661
32659
32608
32601
32613
32579
32641
32681
32650
32645
32666
32659
32674
32700
32642
32685
32635
32623
32621
32638
32662
32602
32617
32660
32620
32633
32619
32592
32676
32677
32666
32641
32691
32662
32659
32661
32645
32620
32626
32616
32618
32629
32663
32649
32638
32644
32658
32681
32696
32615
32573
32606
32691
32622
32663
32564
32723
32694
32666
32682
32701
32633
32607
32635
32652
32658
32619
32658
32619
32684
32584
32645
32663
32668
32671
32627
32668
32637
32658
32627
32676
32654
32638
32626
32622
32649
32669
32639
32639
32658
32670
32695
32677
32610
32645
32599
32582
32622
32647
32618
32583
32668
32642
32635
32618
32665
32659
32619
32641
32622
32619
32626
32653
32648
32665
32663
32631
32605
32638
32643
32597
32658
32688
32638
32641
32653
32681
32607
32636
32626
32635
32594
32633
32638
32672
32618
32680
32617
32606
32545
32619
32625
32647
32634
32665
32645
32661
32664
32643
32604
32626
32634
32689
32577
32657
32611
32623
32616
32602
32646
32642
32674
32641
32635
32725
32638
32605
32630
32621
32630
32647
32639
32660
32600
32643
32578
32631
32610
32623
32564
32650
32647
32595
32712
32680
32638
32596
32647
32661
32647
32694
32598
32572
32694
32677
32706
32649
32695
32647
32611
32639
32622
32642
32591
32619
32683
32638
32648
32681
32676
32676
32673
32639
32643
32691
32672
32670
32632
32570
32631
32640
32611
32636
32663
32633
32646
32639
32612
32635
32657
32651
32621
32600
32628
32683
32630
32639
32617
32624
32575
32629
32586
32605
32595
32645
32599
32648
32602
32617
32668
32640
32681
32648
32638
32679
32639
32681
32612
32642
32613
32619
32627
32666
32625
32577
32629
32619
32675
32629
32652
32653
32651
32733
32655
32656
32638
32603
32612
32647
32632
32670
32655
32633
32669
32591
32604
32673
32638
32663
32643
32636
32633
32646
32643
32652
32627
32614
32645
32608
32627
32674
32692
32689
32631
32632
32672
32676
32672
32682
32615
32631
32619
32614
32582
32656
32604
32589
32638
32680
32679
32633
32643
32665
32607
32666
32558
32663
32629
32663
32619
32604
32637
32607
32661
32568
32624
32619
32628
32605
32635
32642
32724
32602
32707
32609
32622
32680
32574
32594
32588
32606
32637
32606
32564
32619
32675
32669
32596
32624
32638
32691
32648
32714
32665
32620
32601
32666
32652
32627
32587
32596
32600
32617
32642
32687
32633
32615
32683
32592
32636
32663
32652
32699
32673
32640
32695
32624
32637
32644
32641
32688
32660
32649
32615
32568
32635
32670
32624
32575
32549
32643
32644
32582
32581
32712
32634
32672
32662
32663
32629
32612
32592
32657
32683
32631
32688
32629
32655
32676
32663
32649
32630
32606
32602
32594
32635
32653
32630
32587
32591
32646
32636
32650
32648
32613
32655
32615
32612
32690
32662
32662
32643
32603
32628
32635
32571
32680
32682
32630
32678
32656
32668
32639
32618
32617
32584
32662
32689
32638
32609
32655
32620
32680
32623
32624
32664
32581
32642
32657
32668
32621
32651
32634
32607
32644
32647
32679
32637
32638
32614
32643
32634
32669
32617
32667
32627
32628
32623
32691
32632
32614
32627
32595
32663
32724
32626
32650
32641
32602
32588
32571
32632
32656
32662
32656
32647
32613
32605
32573
32616
32632
32654
32627
32705
32632
32679
32694
32685
32647
32619
32692
32612
32613
32612
32659
32681
32667
32652
32594
32668
32628
32631
32633
32596
32593
32613
32639
32595
32606
32578
32599
32646
32636
32628
32682
32704
32632
32637
32639
32700
32670
32628
32654
32709
32635
32621
32650
32625
32654
32671
32615
32689
32686
32667
32643
32613
32576
32624
32589
32636
32684
32686
32689
32691
32652
32623
32661
32582
32644
32648
32707
32657
32590
32685
32658
32696
32672
32659
32606
32655
32739
32654
32676
32599
32630
32645
32665
32615
32656
32683
32636
32657
32668
32651
32624
32669
32634
32614
32663
32622
32670
32694
32636
32655
32635
32630
32582
32633
32639
32640
32619
32665
32627
32626
32606
32611
32587
32659
32693
32668
32680
32678
32638
32639
32567
32605
32635
32652
32624
32598
32668
32678
32600
32667
32598
32657
32629
32706
32632
32665
32646
32620
32679
32656
32651
32669
32655
32651
32651
32600
32618
32653
32611
32607
32730
32670
32641
32640
32660
32712
32620
32612
32635
32603
32655
32558
32671
32700
32650
32673
32637
32642
32597
32639
32671
32695
32652
32622
32693
32679
32661
32647
32666
32654
32646
32634
32644
32671
32657
32623
32631
32651
32618
32595
32619
32670
32637
32635
32610
32577
32595
32632
32621
32620
32641
32604
32709
32646
32644
32645
32649
32637
32701
32663
32728
32651
32681
32689
32705
32704
32613
32664
32686
32671
32635
32629
32634
32616
32548
32602
32618
32585
32611
32617
32618
32665
32658
32602
32624
32611
32635
32642
32602
32636
32619
32614
32710
32602
32627
32623
32645
32638
32631
32641
32655
32683
32634
32641
32687
32613
32705
32673
32561
32603
32686
32611
32637
32630
32651
32642
32645
32666
32605
32672
32609
32626
32641
32727
32681
32650
32625
32657
32639
32623
32606
32642
32659
32641
32648
32644
32710
32609
32632
32667
32660
32728
32649
32661
32603
32709
32641
32641
32674
32653
32611
32640
32545
32677
32648
32667
32625
32659
32693
32644
32679
32728
32693
32613
32627
32676
32643
32649
32671
32625
32667
32642
32628
32657
32659
32681
32586
32646
32684
32673
32677
32643
32649
32601
32650
32648
32636
32654
32638
32573
32665
32676
32682
32662
32625
32594
32695
32648
32651
32631
32632
32641
32638
32592
32608
32577
32616
32643
32614
32608
32612
32672
32621
32665
32601
32631
32699
32614
32656
32632
32632
32612
32651
32651
32660
32659
32613
32610
32691
32653
32658
32588
32637
32612
32662
32676
32603
32668
32682
32668
32635
32671
32623
32590
32619
32572
32701
32637
32627
32643
32680
32672
32604
32768
32644
32631
32636
32658
32601
32555
32737
32625
32607
32666
32617
32609
32600
32632
32666
32680
32657
32607
32679
32710
32610
32635
32712
32605
32581
32634
32629
32607
32651
32671
32614
32623
32616
32638
32661
32653
32623
32637
32631
32618
32601
32569
32636
32604
32655
32747
32665
32647
32620
32623
32628
32620
32559
32603
32603
32581
32669
32614
32688
32646
32628
32618
32598
32676
32660
32646
32583
32652
32637
32655
32592
32644
32721
32645
32647
32617
32598
32714
32686
32649
32642
32654
32633
32655
32617
32627
32666
32610
32683
32660
32669
32625
32604
32632
32668
32621
32636
32640
32617
32707
32667
32630
32637
32598
32658
32640
32622
32634
32680
32634
32685
32683
32635
32679
32662
32645
32639
32664
32646
32611
32553
32620
32661
32630
32653
32602
32638
32550
32658
32603
32654
32661
32688
32672
32608
32661
32633
32612
32620
32696
32667
32665
32655
32703
32589
32628
32689
32647
32685
32656
32619
32651
32654
32662
32641
32655
32634
32660
32620
32642
32686
32642
32693
32661
32671
32648
32658
32620
32561
32667
32612
32666
32703
32623
32654
32596
32626
32650
32637
32649
32635
32583
32617
32708
32598
32606
32622
32621
32606
32663
32586
32668
32643
32640
32659
32650
32680
32575
32618
32628
32627
32643
32666
32629
32647
32680
32604
32646
32671
32590
32643
32687
32658
32599
32629
32550
32580
32666
32686
32668
32641
32692
32636
32659
32593
32594
32580
32608
32671
32691
32638
32624
32672
32607
32665
32600
32620
32600
32662
32676
32687
32667
32611
32598
32624
32643
32650
32595
32630
32679
32721
32598
32664
32567
32544
32608
32695
32707
32651
32600
32656
32670
32685
32661
32627
32647
32673
32647
32658
32642
32607
32620
32667
32639
32632
32622
32622
32640
32642
32646
32643
32676
32675
32644
32633
32660
32644
32670
32600
32658
32642
32658
32631
32653
32618
32653
32616
32572
32638
32634
32642
32612
32653
32609
32677
32625
32681
32593
32614
32667
32660
32621
32676
32599
32625
32640
32630
32697
32681
32596
32703
32651
32694
32616
32646
32587
32581
32706
32634
32678
32691
32656
32666
32643
32605
32649
32659
32599
32628
32612
32655
32652
32634
32659
32661
32631
32635
32673
32678
32695
32640
32622
32684
32677
32608
32610
32625
32651
32614
32608
32656
32638
32651
32632
32691
32651
32688
32646
32634
32681
32659
32635
32615
32621
32607
32610
32615
32686
32641
32655
32678
32601
32667
32694
32703
32600
32652
32620
32661
32640
32702
32616
32628
32602
32621
32662
32680
32644
32606
32636
32628
32626
32637
32684
32649
32662
32620
32617
32658
32687
32666
32676
32616
32572
32671
32663
32622
32677
32606
32623
32584
32585
32614
32677
32628
32647
32659
32664
32673
32642
32574
32602
32636
32639
32722
32706
32666
32659
32590
32627
32604
32588
32650
32623
32551
32635
32569
32648
32632
32704
32724
32655
32621
32646
32632
32674
32634
32609
32579
32620
32627
32629
32681
32623
32645
32625
32647
32636
32634
32680
32614
32641
32632
32641
32674
32645
32625
32659
32614
32607
32612
32665
32655
32631
32611
32656
32641
32629
32685
32695
32642
32598
32674
32646
32673
32684
32623
32621
32702
32694
32660
32680
32679
32666
32613
32667
32694
32701
32651
32664
32631
32668
32665
32657
32641
32611
32594
32675
32596
32613
32674
32693
32639
32707
32669
32680
32607
32516
32647
32609
32658
32679
32618
32681
32688
32663
32632
32641
32714
32641
32697
32650
32661
32631
32696
32612
32612
32641
32628
32629
32647
32656
32685
32581
32696
32651
32608
32598
32667
32701
32670
32646
32669
32575
32679
32641
32646
32684
32663
32616
32654
32597
32619
32699
32651
32585
32578
32618
32681
32643
32641
32625
32647
32606
32638
32668
32642
32703
32692
32621
32692
32615
32642
32621
32661
32639
32668
32617
32599
32566
32632
32627
32599
32576
32705
32594
32688
32683
32654
32684
32680
32718
32603
32643
32623
32694
32712
32643
32578
32642
32618
32630
32624
32616
32668
32627
32583
32608
32641
32678
32643
32661
32654
32730
32697
32677
32616
32624
32633
32608
32593
32647
32625
32633
32608
32608
32633
32701
32643
32632
32673
32658
32652
32584
32600
32635
32646
32653
32642
32661
32640
32616
32634
32639
32702
32601
32616
32618
32656
32599
32560
32617
32606
32614
32654
32642
32628
32592
32632
32631
32643
32645
32657
32597
32603
32613
32611
32630
32613
32757
32627
32592
32602
32642
32620
32651
32620
32601
32667
32592
32608
32649
32649
32599
32570
32615
32685
32623
32618
32636
32657
32668
32612
32653
32623
32628
32616
32621
32602
32655
32625
32674
32633
32602
32611
32605
32650
32623
32624
32611
32659
32704
32656
32647
32562
32636
32685
32738
32648
32581
32639
32674
32597
32656
32614
32659
32649
32623
32628
32574
32668
32641
32596
32620
32601
32670
32652
32643
32633
32627
32666
32618
32612
32677
32686
32622
32618
32684
32614
32574
32600
32612
32582
32653
32620
32562
32660
32693
32644
32609
32657
32622
32609
32605
32625
32580
32614
32615
32565
32654
32668
32648
32719
32671
32607
32556
32614
32640
32610
32634
32662
32663
32593
32570
32626
32641
32630
32633
32679
32736
32639
32598
32615
32643
32586
32614
32653
32620
32595
32636
32587
32614
32627
32650
32543
32631
32694
32622
32663
32680
32660
32650
32620
32651
32654
32621
32671
32692
32665
32655
32651
32716
32643
32658
32602
32621
32592
32628
32579
32704
32634
32593
32617
32631
32572
32646
32646
32620
32687
32573
32593
32590
32682
32690
32636
32627
32636
32657
32629
32623
32617
32651
32659
32678
32622
32621
32755
32658
32623
32631
32670
32605
32638
32649
32641
32704
32616
32631
32652
32579
32614
32646
32654
32571
32615
32653
32618
32616
32596
32548
32553
32652
32605
32630
32659
32724
32671
32631
32651
32613
32644
32652
32599
32633
32612
32720
32563
32663
32695
32594
32619
32544
32632
32681
32655
32618
32641
32635
32652
32640
32643
32621
32630
32600
32690
32653
32617
32616
32666
32618
32672
32668
32676
32732
32629
32611
32593
32662
32617
32621
32674
32642
32626
32655
32624
32684
32673
32631
32616
32640
32574
32654
32576
32655
32663
32605
32624
32596
32655
32613
32607
32603
32548
32660
32679
32686
32713
32651
32670
32639
32555
32607
32612
32610
32570
32612
32692
32661
32659
32604
32623
32623
32653
32651
32644
32607
32666
32589
32619
32628
32593
32612
32653
32629
32677
32660
32624
32624
32643
32685
32608
32579
32562
32633
32581
32615
32630
32655
32651
32644
32672
32645
32602
32588
32658
32670
32622
32524
32684
32619
32660
32625
32723
32658
32676
32636
32617
32672
32646
32622
32545
32693
32608
32621
32626
32690
32610
32627
32599
32590
32624
32648
32620
32624
32591
32626
32619
32654
32652
32634
32635
32630
32649
32650
32657
32631
32664
32629
32557
32558
32666
32695
32658
32671
32625
32740
32661
32641
32578
32649
32671
32669
32699
32650
32581
32640
32608
32584
32608
32676
32629
32667
32612
32637
32647
32623
32628
32656
32618
32641
32638
32643
32603
32668
32640
32656
32630
32617
32642
32668
32633
32640
32608
32594
32590
32692
32614
32654
32639
32614
32646
32668
32582
32651
32669
32654
32643
32692
32646
32654
32678
32606
32617
32630
32589
32648
32600
32654
32640
32609
32620
32635
32589
32689
32696
32689
32675
32634
32637
32577
32597
32672
32684
32590
32675
32695
32662
32694
32631
32617
32599
32647
32659
32672
32616
32686
32627
32635
32648
32611
32585
32571
32608
32608
32667
32656
32620
32695
32593
32647
32604
32685
32655
32661
32658
32668
32637
32698
32672
32660
32662
32629
32631
32628
32651
32655
32612
32651
32644
32635
32685
32625
32653
32657
32666
32602
32641
32630
32622
32626
32634
32637
32683
32704
32612
32618
32638
32734
32645
32656
32687
32617
32693
32711
32692
32622
32617
32665
32659
32671
32631
32583
32621
32633
32509
32607
32674
32628
32659
32669
32673
32663
32663
32651
32692
32708
32646
32578
32695
32657
32592
32627
32608
32631
32620
32675
32635
32581
32590
32653
32647
32620
32669
32590
32666
32626
32653
32645
32639
32664
32657
32669
32620
32640
32614
32631
32580
32654
32609
32626
32654
32648
32731
32637
32618
32617
32608
32657
32579
32630
32632
32639
32591
32689
32667
32627
32608
32622
32662
32603
32637
32693
32625
32620
32673
32631
32600
32669
32593
32686
32691
32689
32575
32647
32582
32606
32669
32580
32654
32636
32598
32630
32668
32622
32604
32655
32653
32599
32645
32626
32625
32634
32630
32683
32551
32575
32621
32654
32645
32674
32606
32644
32637
32601
32658
32663
32639
32677
32639
32720
32657
32713
32672
32660
32635
32667
32602
32616
32614
32610
32610
32604
32683
32661
32656
32669
32658
32599
32625
32666
32632
32667
32603
32621
32609
32639
32637
32609
32647
32635
32602
32686
32579
32654
32611
32619
32574
32645
32634
32644
32732
32645
32628
32602
32662
32656
32675
32655
32621
32650
32624
32606
32629
32633
32572
32642
32646
32615
32662
32658
32624
32601
32663
32640
32692
32586
32595
32653
32620
32654
32643
32637
32591
32638
32649
32603
32664
32670
32654
32667
32591
32642
32635
32670
32643
32648
32623
32536
32633
32593
32705
32636
32584
32603
32624
32604
32643
32695
32647
32650
32655
32651
32571
32598
32614
32642
32675
32638
32631
32699
32615
32618
32616
32704
32638
32584
32638
32628
32585
32632
32669
32635
32673
32732
32646
32639
32605
32650
32641
32688
32664
32625
32668
32637
32629
32654
32609
32622
32637
32619
32682
32622
32618
32629
32602
32632
32611
32595
32589
32605
32621
32684
32684
32672
32665
32641
32605
32702
32615
32622
32703
32640
32615
32592
32668
32629
32626
32664
32628
32630
32616
32596
32608
32695
32613
32601
32572
32592
32632
32596
32642
32627
32731
32670
32656
32589
32656
32650
32669
32620
32657
32683
32696
32620
32679
32642
32641
32617
32672
32683
32620
32646
32603
32612
32705
32656
32676
32721
32610
32667
32676
32688
32686
32642
32659
32607
32627
32743
32670
32659
32635
32622
32628
32674
32647
32621
32667
32685
32635
32636
32639
32641
32655
32554
32655
32696
32645
32611
32592
32698
32630
32627
32645
32639
32589
32667
32623
32692
32641
32662
32690
32670
32596
32592
32705
32660
32635
32649
32644
32631
32638
32630
32657
32568
32641
32649
32645
32587
32639
32601
32687
32651
32708
32664
32657
32600
32638
32601
32586
32660
32689
32627
32622
32636
32591
32645
32581
32670
32645
32621
32712
32607
32670
32631
32617
32612
32601
32637
32624
32656
32656
32703
32654
32621
32669
32640
32548
32659
32693
32681
32617
32672
32640
32592
32650
32615
32640
32612
32633
32639
32626
32638
32634
32669
32648
32591
32575
32642
32590
32624
32609
32588
32697
32647
32640
32675
32591
32630
32643
32596
32674
32660
32599
32607
32661
32651
32619
32628
32652
32644
32609
32611
32618
32623
32689
32628
32617
32642
32696
32666
32636
32641
32570
32630
32626
32669
32633
32669
32636
32596
32638
32681
32629
32606
32654
32672
32628
32624
32613
32598
32653
32709
32587
32583
32636
32650
32656
32623
32597
32652
32658
32664
32703
32637
32603
32667
32639
32648
32626
32684
32589
32622
32623
32633
32656
32655
32637
32706
32635
32666
32677
32672
32649
32600
32611
32643
32683
32575
32658
32677
32701
32652
32590
32573
32688
32668
32685
32649
32632
32647
32605
32639
32679
32670
32629
32655
32580
32647
32636
32616
32535
32626
32664
32513
32675
32660
32628
32665
32634
32654
32602
32654
32622
32635
32607
32591
32609
32548
32665
32626
32630
32587
32618
32657
32653
32669
32604
32627
32628
32621
32593
32626
32618
32584
32622
32644
32665
32676
32661
32676
32635
32661
32645
32691
32630
32614
32663
32594
32662
32658
32634
32602
32655
32649
32604
32655
32685
32690
32625
32613
32632
32617
32666
32632
32665
32635
32706
32655
32667
32639
32576
32645
32645
32641
32653
32635
32623
32603
32655
32605
32658
32638
32706
32715
32614
32619
32633
32642
32644
32637
32587
32613
32627
32599
32645
32625
32650
32623
32634
32660
32609
32643
32614
32656
32593
32597
32657
32649
32624
32574
32617
32700
32658
32581
32571
32608
32635
32574
32670
32613
32615
32709
32658
32750
32645
32657
32640
32678
32651
32555
32631
32651
32650
32606
32654
32646
32619
32599
32636
32626
32667
32672
32594
32702
32658
32575
32635
32659
32640
32693
32688
32633
32690
32684
32650
32572
32689
32668
32652
32606
32627
32638
32650
32592
32573
32568
32568
32607
32592
32593
32632
32574
32651
32634
32665
32675
32674
32570
32672
32678
32599
32629
32667
32641
32616
32635
32671
32613
32638
32719
32624
32582
32609
32601
32641
32625
32621
32589
32620
32655
32677
32640
32638
32702
32668
32653
32612
32665
32615
32643
32598
32633
32666
32592
32642
32619
32690
32632
32695
32544
32598
32607
32631
32622
32577
32660
32678
32625
32542
32621
32576
32715
32670
32629
32630
32613
32600
32755
32598
32642
32668
32654
32639
32624
32660
32683
32663
32626
32689
32653
32661
32653
32582
32663
32601
32613
32633
32583
32672
32666
32669
32635
32652
32683
32676
32619
32590
32710
32626
32628
32609
32707
32635
32663
32654
32741
32623
32639
32622
32592
32654
32611
32617
32653
32647
32677
32628
32617
32630
32645
32699
32612
32658
32633
32659
32598
32671
32667
32636
32652
32664
32656
32623
32629
32677
32612
32589
32624
32639
32661
32617
32609
32611
32576
32625
32621
32709
32596
32618
32664
32616
32623
32648
32653
32637
32671
32634
32584
32602
32581
32649
32621
32642
32601
32608
32653
32636
32687
32638
32658
32656
32600
32642
32593
32602
32624
32641
32630
32647
32621
32606
32657
32584
32660
32689
32658
32630
32642
32701
32650
32663
32633
32629
32695
32692
32640
32641
32683
32642
32649
32660
32653
32654
32595
32640
32590
32664
32622
32692
32609
32614
32666
32654
32632
32639
32675
32622
32620
32591
32650
32596
32679
32682
32607
32630
32621
32610
32662
32645
32653
32620
32645
32639
32657
32654
32633
32618
32683
32647
32611
32610
32657
32604
32622
32610
32554
32760
32648
32655
32649
32681
32661
32605
32673
32632
32600
32600
32650
32601
32661
32616
32692
32639
32632
32626
32689
32607
32606
32645
32646
32660
32595
32532
32643
32663
32662
32607
32631
32651
32591
32610
32700
32639
32623
32662
32623
32608
32737
32627
32641
32688
32653
32624
32663
32630
32611
32617
32641
32650
32636
32677
32618
32687
32681
32651
32686
32645
32638
32632
32626
32589
32614
32617
32670
32655
32652
32618
32660
32686
32642
32616
32641
32642
32645
32613
32597
32634
32623
32638
32616
32675
32672
32689
32636
32606
32583
32627
32560
32648
32655
32600
32600
32627
32682
32601
32662
32612
32634
32665
32661
32632
32629
32598
32648
32690
32642
32567
32663
32720
32661
32612
32620
32604
32638
32609
32610
32602
32712
32555
32641
32614
32672
32626
32666
32582
32624
32614
32662
32670
32671
32662
32668
32689
32663
32607
32602
32657
32659
32601
32656
32667
32621
32624
32652
32619
32624
32643
32573
32614
32625
32628
32640
32628
32702
32659
32682
32665
32634
32595
32594
32633
32651
32616
32652
32607
32609
32647
32649
32659
32655
32622
32594
32683
32642
32699
32671
32637
32637
32721
32638
32593
32642
32657
32616
32623
32699
32627
32614
32600
32598
32593
32610
32609
32612
32651
32641
32602
32618
32590
32613
32674
32639
32637
32690
32655
32606
32682
32617
32597
32681
32641
32624
32599
32685
32679
32634
32626
32682
32586
32594
32645
32649
32675
32680
32604
32658
32654
32609
32686
32652
32636
32612
32621
32661
32657
32632
32656
32693
32689
32681
32637
32635
32687
32628
32757
32636
32667
32659
32680
32672
32641
32614
32588
32573
32613
32693
32615
32669
32670
32631
32646
32676
32484
32601
32676
32637
32607
32689
32624
32664
32675
32677
32674
32691
32671
32614
32599
32662
32624
32597
32641
32677
32617
32658
32631
32613
32617
32678
32625
32722
32667
32641
32547
32671
32626
32599
32673
32656
32665
32655
32643
32632
32612
32661
32564
32658
32673
32597
32655
32623
32635
32645
32639
32574
32648
32651
32614
32645
32637
32630
32622
32643
32681
32664
32731
32628
32658
32649
32606
32577
32639
32629
32621
32651
32613
32644
32632
32631
32588
32640
32649
32624
32636
32641
32634
32615
32643
32616
32701
32611
32623
32591
32675
32618
32621
32551
32635
32618
32690
32578
32601
32640
32649
32690
32652
32585
32638
32674
32604
32612
32676
32607
32658
32583
32638
32629
32640
32593
32636
32708
32689
32645
32671
32583
32653
32642
32626
32661
32671
32633
32629
32701
32706
32681
32604
32649
32592
32675
32647
32694
32631
32694
32644
32655
32649
32683
32686
32674
32600
32683
32623
32679
32666
32628
32572
32638
32665
32610
32640
32626
32638
32684
32667
32675
32640
32639
32580
32624
32630
32662
32696
32663
32641
32649
32571
32608
32608
32651
32631
32592
32634
32620
32631
32601
32597
32591
32651
32640
32625
32629
32621
32621
32600
32644
32641
32671
32654
32653
32584
32635
32624
32645
32644
32624
32631
32659
32666
32658
32647
32663
32658
32734
32711
32640
32612
32681
32646
32645
32679
32616
32643
32607
32669
32662
32645
32689
32663
32584
32590
32702
32609
32637
32629
32602
32590
32566
32602
32631
32679
32681
32650
32684
32603
32587
32639
32606
32606
32654
32684
32674
32646
32601
32587
32589
32615
32607
32643
32618
32563
32610
32614
32613
32645
32626
32573
32635
32631
32648
32579
32624
32605
32636
32627
32632
32672
32613
32616
32629
32620
32669
32647
32656
32632
32628
32679
32630
32741
32636
32623
32604
32686
32703
32635
32575
32666
32602
32687
32674
32676
32649
32645
32605
32637
32618
32602
32609
32646
32677
32651
32617
32611
32654
32675
32636
32606
32646
32629
32665
32596
32636
32652
32622
32677
32628
32661
32637
32592
32630
32613
32624
32647
32657
32631
32588
32595
32573
32561
32583
32636
32642
32618
32604
32665
32635
32620
32634
32627
32626
32654
32646
32689
32645
32660
32678
32656
32643
32617
32643
32627
32593
32606
32618
32620
32668
32631
32643
32597
32671
32586
32586
32545
32606
32670
32638
32654
32693
32624
32646
32666
32654
32623
32680
32641
32650
32644
32580
32692
32668
32657
32631
32692
32654
32643
32680
32620
32601
32649
32638
32639
32636
32680
32697
32652
32551
32643
32605
32605
32605
32659
32609
32644
32658
32669
32608
32629
32601
32569
32613
32559
32637
32535
32632
32680
32636
32630
32656
32627
32623
32618
32647
32599
32629
32595
32672
32639
32584
32631
32669
32624
32648
32639
32681
32637
32641
32691
32674
32657
32560
32632
32611
32615
32614
32694
32643
32663
32625
32630
32645
32686
32632
32648
32614
32609
32620
32635
32644
32603
32587
32641
32585
32646
32652
32606
32545
32642
32629
32612
32659
32655
32624
32703
32647
32662
32605
32623
32590
32574
32578
32582
32604
32631
32673
32537
32638
32687
32630
32618
32658
32591
32643
32586
32626
32635
32594
32670
32643
32635
32658
32667
32707
32630
32611
32629
32631
32607
32630
32680
32603
32640
32602
32664
32602
32626
32594
32569
32651
32661
32639
32601
32633
32598
32609
32554
32605
32611
32602
32684
32660
32597
32642
32665
32601
32590
32669
32605
32615
32620
32692
32658
32618
32586
32621
32619
32611
32633
32585
32647
32552
32590
32639
32588
32691
32680
32623
32612
32628
32661
32607
32642
32677
32604
32615
32622
32631
32607
32680
32699
32620
32620
32631
32598
32624
32606
32634
32596
32616
32635
32622
32575
32648
32609
32654
32596
32620
32688
32634
32643
32627
32647
32678
32636
32674
32629
32615
32621
32684
32630
32592
32673
32664
32606
32648
32649
32676
32613
32608
32618
32575
32581
32632
32640
32707
32661
32615
32646
32656
32612
32607
32626
32589
32574
32670
32691
32690
32549
32631
32693
32662
32708
32626
32637
32602
32639
32621
32666
32653
32647
32692
32687
32635
32638
32603
32655
32627
32621
32679
32626
32616
32603
32656
32651
32612
32643
32612
32629
32672
32700
32676
32682
32620
32635
32585
32602
32558
32637
32622
32620
32625
32605
32548
32619
32621
32673
32652
32619
32661
32623
32601
32621
32643
32657
32635
32670
32641
32688
32611
32646
32640
32570
32689
32650
32631
32605
32685
32626
32664
32659
32666
32651
32659
32673
32549
32571
32515
32646
32660
32623
32634
32604
32626
32663
32676
32714
32677
32604
32675
32617
32638
32638
32626
32695
32674
32684
32711
32658
32636
32615
32661
32647
32636
32533
32634
32648
32630
32613
32669
32603
32659
32568
32652
32632
32660
32642
32649
32675
32624
32585
32563
32690
32607
32663
32640
32617
32631
32621
32605
32666
32632
32627
32597
32570
32620
32635
32686
32685
32610
32633
32692
32624
32650
32687
32605
32660
32636
32605
32650
32614
32620
32630
32610
32640
32706
32642
32633
32617
32608
32661
32610
32660
32592
32625
32646
32584
32596
32625
32618
32688
32703
32665
32637
32654
32618
32642
32601
32607
32628
32570
32626
32648
32625
32638
32664
32616
32610
32669
32607
32681
32676
32654
32671
32712
32686
32620
32574
32667
32647
32649
32628
32595
32681
32614
32687
32597
32593
32631
32573
32636
32616
32597
32743
32676
32660
32628
32648
32637
32668
32618
32623
32709
32625
32627
32569
32651
32619
32643
32636
32652
32684
32615
32658
32600
32678
32665
32675
32658
32638
32571
32668
32596
32633
32612
32659
32647
32639
32627
32648
32616
32622
32642
32653
32639
32629
32594
32670
32649
32600
32644
32650
32653
32646
32609
32682
32666
32611
32668
32634
32671
32650
32636
32625
32619
32673
32685
32603
32638
32601
32629
32673
32681
32659
32692
32666
32675
32625
32652
32598
32612
32644
32616
32640
32610
32594
32654
32622
32567
32633
32625
32551
32634
32566
32661
32627
32638
32579
32664
32578
32594
32617
32683
32633
32632
32607
32608
32612
32607
32649
32605
32647
32659
32667
32592
32642
32628
32612
32675
32669
32633
32638
32724
32626
32665
32631
32627
32695
32679
32646
32671
32664
32591
32613
32613
32673
32622
32675
32640
32675
32644
32632
32645
32698
32652
32639
32669
32618
32627
32627
32700
32661
32602
32640
32708
32677
32617
32631
32617
32612
32566
32683
32635
32643
32659
32645
32654
32622
32674
32622
32646
32682
32638
32592
32664
32662
32639
32588
32615
32663
32636
32629
32651
32602
32685
32678
32599
32621
32678
32657
32623
32633
32620
32594
32655
32666
32684
32648
32637
32676
32629
32629
32624
32648
32647
32659
32646
32657
32665
32644
32655
32624
32631
32681
32584
32644
32632
32641
32627
32590
32608
32620
32622
32606
32636
32615
32601
32639
32664
32655
32671
32647
32643
32563
32615
32604
32605
32617
32628
32594
32668
32647
32665
32682
32714
32660
32667
32700
32655
32631
32634
32621
32649
32682
32665
32659
32608
32629
32614
32689
32711
32662
32670
32655
32667
32609
32666
32599
32658
32667
32674
32673
32673
32687
32652
32650
32695
32709
32700
32642
32599
32645
32639
32626
32656
32675
32650
32640
32621
32608
32632
32686
32645
32640
32665
32633
32671
32705
32695
32706
32642
32590
32682
32597
32616
32589
32633
32603
32665
32688
32689
32619
32609
32591
32691
32641
32615
32641
32692
32649
32617
32683
32696
32701
32647
32698
32634
32646
32662
32720
32699
32680
32626
32613
32645
32637
32635
32646
32623
32617
32667
32668
32639
32716
32614
32730
32600
32625
32628
32655
32608
32625
32671
32693
32660
32707
32683
32587
32609
32592
32610
32647
32673
32642
32618
32622
32591
32644
32645
32651
32659
32643
32654
32619
32652
32601
32631
32620
32650
32577
32683
32675
32612
32694
32639
32647
32652
32603
32742
32657
32661
32656
32653
32649
32679
32602
32667
32662
32726
32642
32642
32653
32651
32709
32707
32625
32641
32614
32631
32629
32634
32562
32624
32641
32611
32639
32601
32661
32709
32613
32620
32623
32624
32672
32653
32609
32680
32649
32639
32599
32592
32586
32658
32644
32687
32624
32631
32637
32621
32640
32695
32653
32653
32633
32689
32659
32646
32617
32623
32656
32679
32626
32667
32645
32605
32706
32657
32608
32598
32657
32616
32659
32667
32624
32600
32652
32659
32640
32602
32593
32608
32572
32636
32590
32670
32682
32655
32610
32644
32593
32601
32643
32641
32639
32648
32687
32696
32614
32644
32685
32639
32658
32550
32598
32634
32661
32617
32619
32744
32651
32672
32664
32633
32687
32659
32655
32657
32632
32630
32693
32598
32676
32691
32660
32661
32569
32620
32634
32675
32693
32658
32664
32633
32728
32660
32673
32710
32599
32645
32686
32624
32660
32648
32706
32632
32632
32621
32637
32612
32657
32635
32582
32625
32654
32632
32623
32649
32613
32604
32608
32594
32637
32635
32662
32637
32611
32640
32655
32593
32595
32643
32693
32710
32665
32633
32632
32599
32633
32633
32613
32602
32665
32613
32666
32625
32611
32636
32611
32645
32672
32662
32626
32636
32661
32639
32661
32685
32649
32628
32582
32607
32600
32594
32673
32692
32640
32637
32610
32647
32639
32595
32662
32664
32624
32650
32710
32653
32646
32652
32613
32678
32606
32632
32622
32552
32613
32631
32696
32659
32620
32708
32620
32548
32636
32633
32654
32627
32659
32726
32624
32613
32661
32625
32605
32614
32651
32630
32623
32608
32653
32673
32664
32629
32603
32638
32608
32577
32612
32595
32593
32560
32614
32625
32520
32653
32629
32651
32659
32606
32661
32714
32620
32684
32667
32616
32679
32664
32680
32611
32619
32601
32683
32609
32626
32686
32636
32623
32640
32619
32667
32604
32596
32578
32581
32728
32595
32619
32632
32602
32646
32627
32606
32664
32656
32684
32703
32645
32612
32603
32608
32621
32678
32595
32605
32648
32650
32650
32632
32632
32641
32676
32630
32640
32645
32666
32617
32630
32676
32679
32626
32649
32671
32645
32657
32614
32697
32655
32698
32657
32646
32655
32643
32673
32639
32666
32686
32655
32664
32605
32669
32629
32617
32590
32632
32643
32677
32685
32606
32672
32640
32627
32646
32670
32700
32660
32593
32639
32659
32630
32666
32627
32618
32683
32667
32608
32613
32640
32672
32610
32589
32535
32676
32687
32657
32658
32672
32648
32611
32629
32606
32617
32666
32619
32623
32595
32655
32647
32639
32588
32629
32646
32639
32607
32605
32654
32679
32625
32561
32609
32713
32723
32671
32641
32670
32628
32642
32689
32674
32652
32643
32604
32671
32606
32620
32648
32645
32627
32651
32691
32631
32590
32657
32684
32618
32660
32675
32648
32650
32641
32669
32616
32621
32595
32630
32640
32583
32599
32681
32644
32626
32653
32545
32673
32592
32649
32626
32658
32619
32648
32649
32613
32617
32616
32548
32622
32615
32639
32660
32585
32647
32663
32616
32639
32620
32644
32627
32589
32542
32646
32718
32682
32681
32589
32613
32622
32655
32577
32602
32624
32611
32643
32657
32616
32689
32644
32620
32609
32559
32613
32629
32639
32592
32631
32669
32671
32670
32629
32670
32613
32628
32614
32659
32682
32710
32667
32621
32638
32622
32601
32657
32630
32616
32654
32687
32607
32618
32613
32682
32621
32641
32590
32632
32691
32637
32637
32673
32600
32620
32686
32657
32632
32707
32643
32618
32624
32647
32661
32601
32614
32580
32654
32625
32678
32641
32643
32653
32660
32626
32603
32601
32628
32600
32632
32624
32606
32681
32622
32663
32633
32647
32631
32602
32649
32574
32652
32672
32626
32632
32672
32644
32646
32625
32576
32604
32627
32608
32654
32658
32665
32619
32587
32675
32572
32546
32638
32631
32613
32656
32656
32639
32690
32582
32607
32544
32628
32640
32568
32582
32681
32644
32584
32650
32641
32660
32615
32610
32634
32628
32617
32629
32559
32640
32684
32549
32653
32580
32628
32592
32602
32611
32650
32656
32695
32606
32589
32564
32624
32620
32595
32606
32658
32631
32635
32597
32553
32618
32638
32683
32596
32666
32664
32611
32650
32650
32625
32660
32684
32618
32568
32713
32581
32661
32598
32680
32589
32526
32614
32645
32687
32662
32626
32690
32681
32662
32649
32677
32672
32687
32645
32675
32673
32670
32660
32630
32701
32621
32590
32630
32669
32603
32639
32624
32591
32627
32645
32596
32612
32682
32627
32675
32642
32601
32646
32628
32614
32670
32636
32605
32662
32644
32662
32640
32648
32598
32640
32673
32705
32659
32663
32682
32636
32579
32603
32635
32632
32648
32622
32646
32648
32604
32660
32610
32656
32629
32623
32693
32673
32657
32702
32642
32619
32563
32582
32634
32690
32673
32681
32636
32691
32595
32641
32682
32698
32651
32567
32533
32618
32600
32591
32596
32669
32621
32579
32589
32631
32617
32652
32642
32626
32678
32701
32622
32675
32616
32566
32594
32596
32662
32695
32660
32579
32621
32629
32644
32615
32644
32634
32661
32681
32630
32608
32622
32663
32588
32676
32676
32639
32602
32614
32634
32628
32565
32647
32645
32651
32671
32639
32609
32694
32662
32653
32616
32640
32593
32681
32655
32672
32619
32608
32594
32676
32668
32594
32706
32636
32743
32620
32577
32602
32682
32642
32700
32658
32588
32617
32654
32666
32688
32678
32656
32669
32612
32607
32667
32653
32676
32671
32643
32609
32628
32640
32664
32666
32608
32590
32700
32665
32665
32714
32653
32662
32660
32675
32660
32612
32628
32652
32669
32644
32653
32630
32650
32647
32677
32645
32598
32652
32622
32665
32675
32629
32650
32655
32633
32661
32648
32620
32644
32659
32658
32629
32600
32597
32602
32643
32638
32617
32648
32617
32664
32630
32585
32667
32645
32601
32579
32583
32634
32666
32683
32647
32591
32660
32538
32682
32667
32670
32595
32622
32695
32619
32638
32614
32583
32654
32630
32624
32668
32646
32679
32622
32598
32635
32688
32688
32579
32642
32620
32657
32631
32756
32619
32579
32613
32647
32594
32612
32584
32682
32670
32657
32646
32662
32570
32607
32648
32634
32553
32594
32604
32616
32641
32657
32649
32687
32692
32624
32589
32656
32654
32645
32634
32633
32635
32627
32656
32577
32615
32629
32685
32595
32646
32641
32645
32635
32636
32628
32638
32587
32647
32699
32736
32658
32572
32610
32655
32650
32625
32638
32676
32620
32647
32660
32644
32505
32566
32680
32551
32673
32607
32608
32622
32636
32595
32623
32601
32571
32647
32672
32675
32656
32629
32626
32643
32612
32604
32683
32648
32646
32674
32616
32676
32609
32632
32664
32640
32627
32620
32668
32646
32582
32566
32650
32707
32658
32597
32653
32633
32671
32647
32610
32621
32618
32622
32616
32601
32726
32600
32675
32643
32732
32641
32636
32688
32678
32639
32628
32686
32628
32612
32604
32600
32585
32596
32640
32648
32601
32702
32607
32605
32613
32598
32622
32648
32617
32618
32621
32647
32570
32646
32666
32596
32622
32696
32626
32645
32607
32657
32596
32682
32627
32637
32643
32653
32604
32577
32708
32650
32668
32610
32664
32670
32692
32592
32628
32601
32600
32616
32604
32634
32653
32655
32645
32644
32608
32650
32628
32671
32673
32612
32672
32616
32621
32624
32614
32654
32614
32665
32644
32625
32683
32586
32627
32586
32562
32688
32637
32679
32609
32672
32660
32657
32615
32606
32618
32702
32669
32628
32690
32607
32600
32615
32707
32658
32569
32606
32608
32612
32650
32599
32614
32611
32625
32596
32597
32663
32647
32631
32638
32678
32622
32638
32670
32645
32659
32639
32663
32645
32632
32660
32700
32735
32642
32664
32631
32647
32669
32617
32608
32656
32696
32701
32636
32672
32657
32677
32624
32607
32639
32658
32665
32600
32612
32697
32687
32729
32624
32672
32601
32626
32644
32575
32627
32615
32611
32640
32655
32643
32650
32573
32633
32673
32685
32640
32670
32707
32646
32547
32585
32643
32685
32654
32661
32588
32601
32595
32562
32647
32694
32598
32657
32669
32630
32763
32579
32560
32658
32593
32650
32675
32565
32622
32638
32617
32625
32581
32641
32635
32590
32617
32612
32516
32621
32650
32653
32627
32633
32583
32623
32605
32646
32642
32606
32671
32622
32684
32629
32563
32618
32600
32622
32579
32594
32621
32587
32593
32636
32653
32663
32603
32620
32693
32651
32567
32692
32643
32644
32616
32637
32653
32605
32653
32622
32589
32683
32626
32625
32669
32596
32611
32615
32587
32593
32648
32661
32592
32637
32665
32669
32670
32640
32621
32654
32649
32620
32672
32661
32651
32613
32634
32612
32658
32644
32641
32642
32612
32664
32687
32624
32581
32657
32621
32506
32524
32579
32616
32603
32641
32674
32613
32600
32677
32667
32645
32613
32633
32630
32643
32621
32697
32654
32680
32672
32677
32611
32632
32690
32662
32634
32593
32612
32617
32580
32586
32598
32639
32535
32643
32614
32629
32609
32627
32579
32588
32658
32611
32575
32642
32654
32659
32635
32657
32617
32648
32685
32650
32612
32611
32654
32620
32575
32623
32696
32612
32587
32615
32664
32712
32655
32679
32677
32654
32627
32614
32630
32625
32598
32601
32571
32547
32629
32629
32643
32608
32604
32648
32623
32615
32668
32625
32632
32630
32661
32712
32665
32598
32618
32614
32664
32635
32613
32623
32622
32660
32660
32660
32660
32660
32660
32660
32660
32660
32660
32660
32660
32660
32660
32660
32660
32660
32660
32660
32660
32660
32660
32660
32660
32660
32660
