9910
32641
32653
32607
32629
32584
32605
32679
32581
32599
32659
32662
32632
32680
32625
32600
32568
32616
32593
32613
32590
32606
32641
32587
32614
32624
32670
32585
32688
32633
32607
32618
32613
32607
32604
32638
32617
32643
32647
32632
32596
32687
32661
32600
32709
32647
32651
32619
32641
32621
32609
32574
32630
32628
32626
32594
32646
32667
32645
32585
32587
32570
32611
32616
32636
32621
32609
32687
32621
32683
32605
32615
32627
32661
32657
32659
32657
32681
32653
32634
32585
32596
32598
32614
32632
32606
32650
32668
32685
32606
32641
32690
32610
32679
32633
32665
32654
32616
32652
32621
32609
32611
32649
32626
32639
32645
32574
32616
32601
32601
32654
32637
32596
32624
32612
32614
32602
32552
32642
32675
32664
32589
32612
32641
32610
32654
32650
32605
32612
32664
32676
32607
32638
32628
32636
32622
32581
32640
32623
32623
32588
32585
32609
32644
32558
32617
32608
32622
32580
32611
32616
32642
32570
32577
32634
32608
32607
32555
32588
32639
32634
32639
32577
32631
32643
32604
32613
32620
32680
32669
32611
32599
32579
32590
32666
32631
32567
32594
32648
32581
32583
32552
32575
32579
32605
32673
32614
32633
32591
32628
32695
32639
32622
32564
32612
32637
32624
32639
32490
32625
32633
32666
32598
32613
32608
32642
32626
32611
32643
32657
32605
32603
32641
32573
32601
32632
32625
32592
32592
32634
32632
32695
32614
32632
32606
32591
32582
32600
32618
32646
32586
32585
32584
32603
32642
32646
32633
32578
32632
32616
32662
32612
32607
32584
32600
32578
32595
32615
32594
32608
32660
32648
32653
32677
32645
32610
32629
32562
32615
32670
32615
32601
32602
32651
32639
32620
32598
32629
32643
32622
32659
32635
32636
32602
32583
32565
32650
32625
32639
32666
32763
32647
32643
32624
32605
32615
32596
32613
32677
32571
32605
32627
32634
32645
32638
32586
32579
32636
32645
32628
32629
32628
32604
32598
32598
32638
32611
32556
32580
32610
32586
32626
32596
32603
32609
32640
32592
32629
32627
32622
32597
32572
32539
32492
32558
32551
32640
32704
32783
32716
32673
32640
32647
32612
32624
32550
32593
32594
32607
32582
32584
32706
32616
32602
32616
32641
32670
32641
32598
32599
32617
32631
32574
32574
32587
32590
32613
32618
32624
32565
32653
32619
32636
32632
32627
32656
32606
32614
32590
32580
32604
32599
32544
32622
32582
32619
32588
32620
32605
32587
32611
32635
32605
32633
32580
32625
32614
32605
32623
32597
32590
32596
32562
32595
32541
32577
32606
32651
32634
32665
32593
32610
32607
32567
32621
32602
32628
32568
32638
32625
32583
32636
32619
32601
32623
32626
32624
32615
32597
32609
32630
32624
32561
32574
32621
32609
32640
32575
32582
32665
32601
32662
32624
32622
32630
32630
32612
32638
32611
32618
32607
32614
32599
32624
32636
32593
32635
32614
32647
32656
32610
32626
32621
32590
32660
32646
32605
32632
32634
32603
32687
32640
32644
32645
32647
32668
32652
32649
32590
32604
32610
32589
32647
32609
32627
32651
32607
32551
32593
32607
32678
32641
32598
32655
32681
32647
32609
32652
32592
32582
32601
32603
32614
32634
32630
32677
32655
32621
32676
32590
32633
32592
32590
32622
32620
32600
32618
32632
32639
32576
32643
32643
32626
32640
32652
32681
32643
32639
32628
32644
32628
32662
32648
32609
32663
32657
32626
32632
32619
32645
32590
32632
32627
32602
32655
32661
32641
32667
32613
32630
32629
32662
32617
32606
32609
32660
32623
32557
32580
32623
32647
32627
32612
32629
32638
32590
32601
32657
32688
32678
32630
32627
32637
32646
32604
32584
32585
32658
32647
32599
32649
32642
32611
32622
32604
32646
32692
32658
32622
32650
32668
32637
32619
32641
32630
32676
32665
32644
32644
32612
32638
32632
32621
32644
32617
32590
32639
32617
32617
32577
32570
32617
32573
32651
32632
32631
32616
32600
32639
32677
32660
32643
32615
32648
32643
32655
32618
32649
32638
32679
32626
32669
32634
32619
32603
32593
32628
32644
32655
32596
32632
32612
32657
32641
32644
32640
32682
32677
32659
32666
32633
32615
32638
32610
32643
32602
32649
32653
32687
32640
32637
32627
32600
32614
32608
32653
32651
32659
32658
32625
32604
32636
32589
32626
32646
32681
32634
32698
32632
32652
32599
32663
32671
32669
32671
32604
32575
32645
32626
32642
32593
32667
32606
32621
32645
32622
32618
32650
32627
32689
32610
32580
32626
32634
32639
32685
32672
32674
32639
32650
32676
32655
32651
32633
32623
32609
32636
32595
32639
32600
32602
32649
32665
32606
32606
32645
32594
32647
32664
32665
32618
32620
32640
32615
32597
32614
32614
32658
32668
32621
32669
32619
32653
32619
32618
32618
32649
32682
32651
32691
32637
32633
32613
32644
32636
32669
32664
32627
32626
32645
32652
32626
32618
32614
32645
32618
32653
32628
32656
32666
32684
32661
32624
32613
32622
32624
32642
32630
32620
32615
32605
32607
32614
32567
32636
32626
32673
32642
32664
32643
32645
32654
32654
32651
32637
32623
32628
32627
32658
32629
32658
32629
32622
32665
32617
32642
32640
32579
32616
32643
32657
32638
32656
32596
32609
32586
32657
32636
32635
32641
32649
32628
32606
32654
32619
32712
32674
32659
32694
32666
32641
32680
32594
32589
32640
32679
32623
32654
32590
32608
32632
32599
32632
32659
32688
32661
32656
32663
32649
32632
32664
32652
32660
32732
32724
32672
32643
32634
32634
32643
32661
32637
32627
32669
32637
32676
32651
32652
32625
32625
32632
32616
32653
32633
32611
32650
32631
32619
32631
32659
32600
32643
32661
32598
32623
32633
32643
32624
32641
32629
32659
32659
32644
32674
32677
32654
32605
32600
32587
32665
32692
32683
32632
32715
32644
32629
32660
32644
32671
32653
32641
32642
32731
32690
32614
32611
32647
32632
32623
32636
32638
32647
32641
32660
32629
32610
32673
32649
32616
32662
32604
32622
32642
32651
32641
32633
32612
32609
32634
32667
32658
32635
32652
32617
32625
32658
32647
32628
32627
32679
32654
32685
32598
32670
32692
32682
32690
32693
32684
32656
32657
32617
32609
32601
32612
32614
32628
32644
32628
32632
32639
32638
32660
32678
32650
32705
32728
32689
32655
32669
32666
32632
32664
32666
32632
32639
32658
32670
32626
32621
32662
32599
32611
32594
32661
32651
32642
32607
32631
32626
32696
32672
32701
32636
32658
32654
32614
32699
32682
32679
32683
32606
32641
32668
32658
32640
32673
32625
32633
32673
32632
32578
32605
32670
32680
32691
32620
32684
32669
32674
32593
32630
32658
32673
32629
32659
32665
32631
32651
32679
32641
32681
32677
32618
32677
32640
32653
32636
32655
32634
32692
32604
32671
32657
32697
32642
32603
32598
32620
32675
32652
32735
32657
32671
32633
32634
32661
32639
32610
32691
32635
32674
32637
32677
32643
32615
32707
32668
32670
32688
32639
32680
32634
32637
32597
32595
32638
32638
32687
32645
32617
32653
32653
32682
32614
32631
32661
32673
32608
32591
32643
32669
32610
32710
32664
32654
32645
32661
32699
32689
32635
32616
32634
32658
32652
32614
32658
32637
32605
32604
32611
32636
32641
32586
32608
32597
32645
32596
32665
32616
32614
32718
32648
32652
32629
32620
32625
32624
32598
32630
32639
32594
32629
32623
32683
32659
32653
32633
32645
32657
32653
32584
32612
32651
32709
32691
32651
32655
32677
32628
32653
32601
32621
32614
32709
32627
32671
32598
32627
32653
32668
32656
32669
32687
32677
32679
32669
32617
32643
32629
32627
32639
32660
32623
32646
32625
32622
32698
32664
32658
32674
32656
32645
32619
32650
32653
32614
32634
32619
32667
32685
32632
32662
32647
32671
32636
32662
32673
32683
32643
32673
32677
32607
32644
32674
32642
32667
32693
32660
32584
32597
32624
32629
32634
32649
32681
32640
32635
32600
32637
32624
32638
32673
32667
32636
32620
32618
32657
32672
32612
32634
32678
32661
32654
32619
32693
32637
32654
32653
32603
32578
32556
32637
32624
32706
32629
32616
32652
32647
32693
32670
32706
32645
32673
32693
32710
32723
32651
32660
32670
32688
32655
32662
32680
32675
32654
32599
32635
32675
32704
32664
32667
32726
32556
32642
32568
32642
32634
32642
32615
32601
32671
32643
32655
32634
32635
32673
32707
32625
32614
32694
32658
32684
32721
32735
32659
32682
32663
32677
32650
32635
32614
32686
32682
32686
32566
32602
32679
32633
32650
32668
32663
32682
32643
32670
32643
32666
32629
32718
32678
32641
32602
32664
32608
32733
32721
32605
32600
32620
32593
32728
32756
32680
32625
32676
32638
32683
32661
32682
32631
32661
32649
32676
32628
32655
32635
32717
32695
32651
32643
32649
32626
32559
32601
32674
32612
32651
32748
32666
32654
32627
32646
32712
32595
32696
32672
32679
32685
32652
32640
32603
32647
32691
32629
32670
32664
32721
32632
32676
32658
32638
32673
32663
32669
32645
32622
32605
32586
32631
32623
32708
32612
32661
32698
32673
32615
32624
32647
32659
32651
32627
32672
32639
32637
32710
32713
32669
32706
32663
32703
32694
32675
32636
32698
32650
32636
32643
32671
32672
32653
32627
32661
32669
32729
32643
32639
32606
32719
32670
32690
32620
32695
32650
32640
32642
32654
32683
32637
32626
32704
32729
32630
32658
32654
32629
32708
32615
32714
32633
32612
32642
32671
32609
32709
32716
32702
32704
32628
32720
32604
32667
32604
32661
32642
32669
32619
32647
32644
32664
32656
32695
32646
32671
32633
32681
32649
32634
32684
32670
32679
32661
32679
32691
32667
32675
32704
32629
32703
32637
32657
32703
32724
32640
32630
32665
32696
32738
32633
32686
32634
32689
32620
32649
32678
32624
32671
32661
32624
32690
32646
32735
32640
32691
32626
32601
32636
32675
32665
32666
32671
32646
32673
32711
32663
32655
32687
32640
32669
32691
32620
32659
32624
32671
32693
32606
32650
32668
32659
32638
32634
32687
32712
32665
32629
32644
32679
32642
32726
32665
32626
32632
32631
32642
32646
32656
32705
32719
32671
32673
32703
32673
32707
32638
32660
32631
32628
32680
32733
32601
32662
32727
32664
32641
32638
32646
32691
32651
32657
32635
32609
32646
32694
32703
32641
32624
32618
32622
32669
32671
32647
32653
32722
32697
32670
32645
32639
32704
32661
32773
32645
32658
32661
32655
32637
32685
32705
32671
32676
32657
32705
32696
32665
32628
32649
32693
32724
32688
32662
32679
32718
32679
32594
32660
32618
32634
32682
32652
32687
32655
32661
32629
32676
32660
32635
32668
32662
32687
32676
32656
32754
32651
32670
32665
32597
32730
32632
32677
32631
32620
32743
32711
32598
32589
32595
32645
32687
32651
32649
32678
32631
32654
32694
32712
32675
32683
32767
32691
32688
32640
32594
32594
32648
32695
32610
32646
32706
32643
32626
32674
32668
32684
32657
32712
32663
32668
32604
32619
32712
32670
32674
32587
32699
32702
32646
32694
32675
32715
32667
32684
32722
32698
32694
32703
32667
32698
32700
32662
32683
32651
32629
32649
32579
32646
32630
32575
32723
32638
32633
32710
32677
32663
32737
32684
32662
32676
32644
32744
32659
32710
32699
32679
32676
32590
32689
32686
32690
32712
32612
32606
32703
32646
32661
32730
32693
32675
32659
32662
32654
32699
32648
32659
32635
32649
32675
32684
32670
32679
32666
32703
32630
32605
32661
32657
32643
32663
32702
32647
32668
32710
32685
32716
32796
32634
32674
32681
32631
32649
32649
32675
32644
32585
32636
32651
32669
32696
32633
32679
32733
32688
32602
32630
32669
32654
32676
32677
32646
32669
32687
32639
32631
32685
32731
32698
32639
32658
32628
32653
32639
32674
32653
32709
32663
32708
32655
32680
32685
32642
32669
32639
32655
32677
32676
32665
32656
32704
32689
32634
32606
32639
32714
32681
32620
32641
32629
32674
32690
32619
32696
32681
32658
32690
32600
32648
32650
32683
32707
32634
32687
32658
32652
32673
32586
32650
32658
32750
32697
32689
32683
32592
32623
32611
32643
32707
32666
32613
32650
32627
32692
32659
32595
32631
32618
32699
32664
32641
32599
32662
32707
32756
32637
32672
32663
32640
32638
32595
32626
32684
32659
32666
32577
32637
32622
32625
32606
32662
32689
32657
32646
32640
32649
32626
32668
32677
32660
32686
32669
32685
32715
32594
32648
32666
32679
32644
32661
32687
32692
32670
32710
32667
32700
32700
32698
32661
32716
32761
32695
32676
32683
32706
32642
32666
32698
32627
32641
32644
32680
32666
32701
32630
32684
32612
32665
32656
32659
32651
32654
32714
32751
32679
32671
32676
32752
32632
32654
32639
32702
32622
32666
32658
32646
32722
32663
32668
32773
32646
32651
32662
32652
32635
32612
32641
32663
32740
32731
32661
32685
32658
32666
32672
32683
32621
32595
32577
32672
32632
32617
32645
32674
32702
32658
32643
32642
32673
32675
32636
32668
32677
32650
32614
32652
32691
32692
32653
32684
32615
32680
32677
32631
32643
32678
32679
32641
32708
32659
32636
32650
32657
32643
32625
32677
32682
32680
32663
32688
32657
32638
32645
32653
32728
32681
32637
32665
32698
32631
32615
32672
32700
32707
32711
32655
32704
32731
32687
32625
32677
32664
32665
32676
32708
32584
32636
32647
32688
32627
32667
32674
32663
32674
32734
32649
32624
32650
32664
32673
32627
32628
32604
32703
32662
32635
32651
32641
32602
32642
32724
32623
32665
32637
32749
32657
32601
32705
32755
32673
32685
32617
32674
32645
32679
32681
32671
32677
32635
32689
32748
32627
32605
32649
32687
32740
32653
32664
32641
32640
32724
32647
32690
32713
32669
32656
32681
32663
32704
32693
32642
32639
32665
32707
32703
32675
32667
32672
32684
32678
32651
32758
32647
32633
32648
32641
32625
32665
32627
32688
32682
32601
32650
32646
32636
32602
32661
32678
32604
32661
32662
32687
32618
32644
32647
32640
32635
32668
32674
32674
32660
32637
32661
32691
32665
32698
32674
32658
32687
32598
32655
32681
32615
32685
32675
32645
32644
32754
32706
32695
32653
32662
32732
32649
32626
32740
32714
32675
32713
32664
32662
32640
32650
32670
32656
32630
32627
32642
32720
32632
32713
32617
32652
32603
32712
32618
32670
32623
32673
32615
32655
32655
32678
32704
32583
32684
32661
32714
32661
32638
32637
32686
32671
32661
32625
32630
32637
32708
32665
32643
32746
32652
32646
32672
32719
32655
32661
32617
32692
32697
32633
32706
32627
32613
32632
32639
32653
32646
32662
32576
32668
32622
32649
32647
32668
32628
32612
32610
32670
32654
32682
32676
32685
32615
32716
32680
32644
32636
32725
32647
32612
32665
32664
32730
32684
32650
32681
32647
32636
32604
32684
32672
32638
32649
32637
32702
32687
32681
32693
32686
32630
32648
32655
32691
32655
32633
32715
32714
32660
32646
32651
32691
32675
32640
32654
32652
32694
32693
32729
32677
32599
32618
32687
32597
32658
32632
32624
32628
32650
32629
32669
32651
32619
32625
32638
32644
32628
32645
32685
32700
32681
32633
32627
32634
32628
32631
32638
32722
32738
32755
32672
32698
32624
32688
32613
32628
32730
32656
32676
32684
32628
32616
32654
32643
32633
32680
32677
32672
32693
32674
32683
32739
32699
32679
32644
32665
32637
32678
32626
32641
32670
32652
32603
32630
32610
32636
32566
32648
32672
32707
32594
32666
32694
32672
32636
32676
32657
32728
32648
32712
32644
32742
32637
32632
32642
32638
32727
32660
32611
32699
32659
32643
32665
32574
32608
32621
32635
32642
32693
32677
32619
32653
32654
32676
32667
32664
32658
32609
32602
32602
32614
32670
32680
32640
32706
32712
32689
32703
32643
32659
32708
32646
32733
32671
32642
32695
32666
32692
32729
32714
32671
32655
32649
32652
32713
32668
32664
32660
32685
32620
32648
32653
32610
32633
32658
32654
32652
32697
32721
32660
32710
32624
32647
32660
32696
32668
32604
32677
32721
32672
32640
32635
32685
32621
32582
32630
32680
32659
32651
32692
32602
32649
32702
32687
32555
32687
32697
32668
32646
32605
32639
32689
32664
32662
32801
32649
32668
32629
32715
32576
32583
32647
32640
32683
32654
32661
32703
32636
32592
32607
32593
32728
32630
32648
32660
32657
32635
32689
32666
32612
32684
32674
32609
32682
32705
32667
32660
32644
32623
32638
32651
32682
32658
32683
32665
32696
32636
32639
32667
32657
32704
32682
32713
32683
32793
32702
32648
32661
32644
32668
32630
32661
32662
32632
32653
32640
32631
32647
32717
32712
32703
32676
32726
32662
32734
32698
32623
32683
32666
32689
32635
32628
32681
32625
32689
32726
32752
32646
32664
32683
32633
32690
32698
32631
32666
32676
32664
32673
32653
32662
32686
32673
32684
32651
32589
32634
32671
32673
32632
32659
32686
32664
32650
32607
32645
32688
32616
32709
32669
32687
32734
32665
32631
32628
32648
32707
32732
32664
32631
32661
32604
32576
32675
32710
32670
32641
32646
32615
32607
32654
32683
32727
32681
32688
32694
32671
32677
32705
32701
32686
32651
32647
32703
32644
32642
32642
32654
32594
32624
32564
32648
32637
32673
32706
32679
32754
32705
32725
32599
32703
32608
32642
32647
32698
32644
32686
32697
32700
32635
32613
32712
32606
32623
32651
32676
32680
32635
32644
32712
32715
32656
32706
32653
32657
32667
32667
32668
32641
32679
32682
32669
32667
32653
32678
32578
32663
32721
32621
32659
32648
32648
32658
32667
32647
32660
32754
32644
32684
32695
32623
32647
32597
32660
32681
32626
32739
32654
32668
32675
32629
32709
32660
32649
32726
32649
32687
32691
32640
32644
32650
32615
32677
32703
32646
32662
32638
32622
32613
32639
32652
32624
32690
32623
32634
32646
32721
32645
32634
32621
32668
32689
32624
32726
32604
32631
32567
32673
32708
32679
32701
32640
32678
32740
32690
32689
32684
32691
32640
32644
32631
32719
32663
32665
32681
32641
32667
32623
32657
32668
32648
32651
32662
32663
32661
32664
32647
32664
32714
32601
32628
32675
32636
32712
32590
32632
32646
32664
32650
32728
32686
32692
32689
32670
32658
32657
32657
32681
32637
32677
32659
32625
32590
32597
32644
32688
32599
32614
32645
32709
32624
32628
32693
32648
32660
32683
32758
32664
32598
32647
32680
32614
32675
32693
32671
32639
32668
32693
32666
32694
32666
32635
32615
32722
32653
32610
32632
32652
32642
32634
32618
32615
32634
32693
32675
32658
32700
32620
32697
32665
32696
32614
32653
32646
32684
32636
32650
32605
32657
32685
32610
32647
32628
32656
32647
32637
32725
32692
32729
32633
32569
32640
32628
32659
32646
32673
32677
32705
32669
32625
32678
32686
32689
32713
32734
32679
32647
32666
32702
32621
32603
32618
32658
32674
32658
32730
32681
32664
32663
32671
32641
32671
32699
32698
32688
32661
32617
32621
32669
32701
32616
32635
32665
32676
32596
32627
32604
32644
32639
32659
32606
32692
32642
32629
32685
32683
32635
32570
32637
32642
32691
32637
32610
32662
32612
32644
32662
32734
32690
32633
32659
32665
32684
32652
32643
32647
32691
32622
32724
32680
32638
32642
32722
32609
32614
32643
32632
32709
32593
32603
32626
32611
32620
32667
32624
32676
32677
32626
32644
32675
32658
32633
32696
32653
32633
32677
32634
32635
32667
32591
32647
32605
32649
32657
32619
32707
32587
32598
32666
32668
32698
32644
32661
32639
32673
32668
32704
32661
32630
32693
32683
32653
32643
32702
32663
32626
32675
32662
32645
32662
32659
32647
32644
32664
32710
32688
32600
32659
32652
32636
32715
32624
32603
32629
32630
32657
32622
32651
32634
32665
32656
32714
32640
32654
32652
32656
32675
32678
32627
32618
32621
32674
32648
32648
32668
32666
32676
32682
32655
32671
32659
32656
32647
32684
32644
32636
32689
32605
32617
32656
32630
32684
32608
32636
32659
32691
32629
32628
32641
32601
32653
32676
32652
32677
32642
32700
32650
32652
32692
32665
32673
32662
32641
32651
32669
32614
32635
32670
32696
32645
32655
32677
32716
32656
32670
32674
32643
32611
32661
32739
32706
32656
32657
32673
32697
32650
32650
32679
32671
32645
32685
32734
32705
32657
32694
32722
32685
32618
32645
32622
32633
32689
32695
32654
32628
32651
32681
32669
32611
32619
32668
32644
32665
32579
32624
32666
32702
32661
32640
32647
32698
32601
32658
32622
32619
32637
32637
32612
32640
32672
32691
32729
32658
32649
32669
32661
32686
32673
32614
32661
32629
32675
32682
32681
32695
32732
32663
32651
32652
32657
32713
32661
32629
32749
32656
32651
32632
32714
32646
32639
32651
32610
32699
32664
32601
32670
32708
32732
32635
32629
32674
32669
32550
32628
32712
32573
32595
32663
32675
32644
32710
32661
32627
32713
32660
32633
32627
32672
32722
32639
32694
32654
32640
32683
32694
32646
32620
32704
32676
32694
32752
32650
32676
32666
32657
32657
32637
32735
32646
32649
32687
32640
32667
32673
32707
32760
32643
32694
32679
32644
32683
32712
32682
32720
32637
32648
32657
32704
32629
32705
32673
32752
32568
32653
32643
32579
32625
32679
32693
32632
32708
32653
32663
32677
32685
32661
32644
32681
32648
32646
32638
32673
32656
32680
32624
32627
32668
32682
32681
32661
32690
32656
32698
32654
32668
32740
32608
32660
32632
32645
32688
32681
32683
32686
32656
32700
32617
32692
32689
32649
32617
32637
32710
32634
32647
32614
32622
32679
32649
32655
32664
32670
32627
32669
32634
32633
32687
32590
32571
32622
32680
32666
32708
32677
32620
32648
32614
32656
32665
32606
32640
32674
32658
32612
32720
32700
32637
32673
32701
32663
32619
32616
32653
32641
32665
32596
32667
32644
32631
32703
32578
32631
32672
32664
32635
32738
32663
32718
32690
32682
32679
32610
32557
32624
32673
32669
32572
32625
32659
32644
32649
32614
32697
32721
32629
32673
32695
32672
32705
32654
32617
32710
32691
32669
32680
32687
32679
32667
32622
32685
32608
32650
32649
32667
32634
32665
32628
32646
32711
32665
32650
32672
32677
32668
32690
32698
32647
32668
32661
32663
32641
32663
32689
32616
32627
32643
32623
32663
32714
32618
32672
32637
32621
32633
32657
32700
32693
32649
32663
32650
32717
32676
32685
32659
32683
32690
32675
32606
32691
32667
32666
32638
32685
32700
32719
32630
32624
32687
32647
32594
32638
32673
32738
32674
32653
32637
32586
32629
32678
32733
32618
32708
32705
32716
32688
32741
32689
32610
32657
32704
32685
32698
32708
32669
32653
32619
32602
32670
32706
32658
32654
32646
32669
32692
32775
32734
32720
32683
32666
32642
32696
32652
32697
32653
32692
32659
32679
32702
32672
32710
32695
32669
32688
32705
32713
32662
32706
32678
32672
32674
32712
32745
32619
32631
32705
32665
32634
32673
32677
32655
32648
32612
32645
32724
32672
32666
32682
32650
32695
32625
32711
32692
32718
32672
32671
32672
32651
32632
32636
32686
32664
32667
32707
32682
32651
32708
32683
32676
32710
32664
32668
32649
32622
32651
32606
32666
32667
32719
32671
32612
32673
32717
32605
32630
32610
32706
32625
32636
32696
32633
32691
32671
32695
32682
32639
32696
32679
32667
32613
32643
32632
32696
32627
32715
32690
32700
32646
32654
32684
32679
32633
32687
32626
32608
32654
32647
32677
32669
32692
32687
32667
32621
32702
32670
32715
32683
32693
32662
32700
32680
32654
32646
32589
32619
32676
32705
32628
32678
32656
32751
32651
32665
32726
32730
32659
32689
32665
32609
32701
32662
32719
32651
32688
32620
32640
32643
32697
32624
32697
32676
32707
32666
32675
32657
32680
32658
32663
32656
32657
32721
32666
32743
32596
32665
32673
32660
32668
32628
32692
32662
32654
32647
32631
32607
32648
32691
32692
32756
32677
32697
32664
32674
32673
32689
32707
32627
32726
32661
32674
32639
32686
32668
32663
32662
32630
32677
32694
32672
32648
32688
32669
32629
32672
32709
32686
32676
32660
32677
32657
32665
32651
32639
32649
32654
32649
32658
32664
32768
32740
32689
32685
32648
32645
32685
32700
32688
32690
32671
32702
32681
32714
32643
32713
32619
32734
32768
32645
32683
32677
32670
32724
32704
32681
32649
32659
32655
32629
32691
32686
32713
32646
32624
32677
32645
32587
32585
32644
32664
32601
32754
32612
32647
32663
32643
32658
32733
32641
32616
32659
32739
32654
32653
32690
32722
32650
32683
32664
32675
32668
32663
32725
32677
32646
32630
32685
32718
32650
32649
32670
32654
32645
32728
32691
32623
32617
32654
32700
32637
32689
32677
32656
32687
32646
32600
32666
32700
32661
32659
32680
32591
32648
32655
32716
32637
32629
32649
32682
32697
32687
32670
32660
32718
32628
32705
32709
32666
32665
32666
32672
32640
32640
32649
32671
32710
32669
32661
32640
32660
32642
32684
32663
32616
32663
32656
32696
32655
32657
32644
32660
32682
32628
32642
32620
32689
32681
32675
32594
32599
32600
32633
32681
32681
32634
32568
32697
32663
32644
32615
32651
32624
32692
32630
32624
32639
32670
32745
32699
32662
32664
32625
32655
32675
32631
32684
32666
32678
32656
32683
32625
32688
32656
32710
32686
32671
32652
32653
32665
32697
32653
32676
32747
32626
32717
32665
32687
32658
32721
32653
32699
32643
32650
32597
32664
32635
32687
32684
32743
32642
32627
32618
32663
32643
32719
32702
32648
32647
32660
32723
32714
32641
32678
32672
32672
32645
32712
32684
32716
32691
32642
32706
32690
32625
32667
32654
32716
32694
32740
32665
32657
32690
32649
32675
32710
32662
32703
32658
32701
32693
32675
32654
32667
32661
32707
32601
32654
32637
32646
32682
32690
32637
32634
32620
32685
32703
32637
32679
32710
32669
32676
32656
32653
32635
32668
32627
32633
32668
32628
32706
32640
32669
32663
32680
32632
32656
32707
32717
32631
32698
32655
32655
32660
32694
32648
32666
32697
32672
32703
32657
32634
32627
32670
32656
32663
32759
32677
32643
32650
32652
32711
32711
32709
32726
32712
32655
32646
32612
32663
32654
32639
32669
32714
32716
32650
32665
32703
32594
32630
32663
32592
32645
32677
32673
32644
32713
32641
32661
32622
32659
32716
32580
32639
32606
32666
32674
32718
32647
32618
32708
32660
32682
32736
32708
32720
32707
32676
32728
32688
32678
32657
32674
32609
32641
32706
32643
32676
32636
32678
32628
32682
32724
32678
32655
32719
32637
32657
32685
32640
32663
32678
32622
32655
32638
32670
32709
32693
32622
32668
32690
32705
32697
32614
32690
32653
32678
32671
32689
32737
32639
32665
32666
32723
32651
32632
32655
32660
32617
32624
32637
32662
32637
32695
32683
32663
32730
32635
32648
32700
32686
32594
32634
32642
32668
32678
32642
32620
32660
32648
32649
32680
32729
32657
32617
32716
32683
32678
32665
32645
32667
32675
32641
32637
32666
32692
32710
32671
32642
32694
32770
32710
32654
32677
32708
32716
32710
32705
32669
32647
32634
32671
32722
32606
32630
32629
32660
32734
32644
32626
32627
32676
32651
32630
32705
32722
32657
32692
32699
32685
32669
32726
32598
32639
32690
32671
32679
32661
32705
32682
32661
32679
32635
32667
32626
32671
32605
32641
32602
32695
32590
32649
32624
32659
32669
32650
32658
32691
32689
32658
32651
32667
32708
32632
32701
32650
32680
32664
32626
32670
32650
32632
32664
32651
32666
32677
32679
32640
32699
32614
32605
32622
32669
32667
32691
32642
32599
32635
32607
32692
32644
32659
32673
32617
32623
32651
32687
32746
32746
32673
32694
32694
32662
32679
32682
32671
32695
32635
32650
32624
32667
32648
32683
32672
32652
32674
32632
32686
32725
32655
32607
32660
32624
32640
32658
32651
32671
32679
32655
32709
32658
32760
32636
32658
32624
32617
32698
32684
32640
32649
32660
32705
32611
32590
32596
32681
32697
32709
32663
32653
32673
32746
32645
32696
32682
32708
32624
32631
32678
32700
32669
32629
32645
32704
32708
32691
32659
32639
32669
32634
32691
32672
32622
32631
32650
32691
32626
32631
32691
32686
32661
32693
32672
32617
32629
32696
32600
32633
32678
32622
32652
32661
32647
32647
32691
32686
32677
32734
32670
32696
32605
32653
32659
32619
32691
32671
32644
32629
32643
32723
32627
32667
32650
32714
32653
32656
32633
32676
32659
32653
32618
32688
32640
32639
32671
32673
32625
32636
32660
32668
32677
32731
32651
32686
32709
32659
32634
32640
32642
32653
32638
32638
32651
32722
32604
32640
32689
32635
32666
32712
32695
32604
32684
32710
32728
32639
32628
32637
32696
32608
32658
32665
32679
32654
32676
32696
32657
32707
32636
32637
32618
32661
32670
32726
32653
32647
32642
32646
32694
32695
32745
32636
32640
32607
32648
32670
32694
32741
32673
32643
32671
32657
32653
32591
32608
32606
32688
32645
32710
32675
32615
32681
32631
32637
32691
32660
32592
32608
32649
32661
32644
32632
32620
32679
32572
32678
32628
32701
32668
32706
32709
32726
32633
32638
32610
32645
32658
32696
32691
32645
32665
32610
32631
32617
32662
32755
32618
32648
32602
32631
32688
32684
32687
32691
32628
32656
32663
32626
32649
32638
32709
32707
32676
32621
32638
32667
32673
32672
32676
32631
32629
32655
32683
32693
32640
32710
32638
32679
32737
32722
32698
32629
32675
32659
32673
32660
32625
32616
32671
32639
32622
32680
32611
32687
32688
32637
32668
32653
32655
32700
32676
32644
32753
32658
32659
32681
32694
32673
32638
32638
32720
32658
32629
32641
32690
32583
32620
32694
32717
32707
32811
32638
32665
32666
32671
32601
32666
32681
32719
32630
32670
32664
32693
32655
32710
32640
32690
32672
32689
32691
32672
32703
32667
32674
32587
32635
32628
32726
32675
32645
32676
32674
32689
32635
32683
32656
32676
32714
32694
32733
32668
32677
32632
32745
32665
32685
32674
32734
32687
32616
32628
32648
32641
32634
32647
32683
32725
32731
32667
32650
32677
32712
32711
32651
32700
32683
32634
32672
32627
32653
32716
32628
32642
32652
32647
32614
32638
32735
32686
32727
32699
32650
32649
32657
32687
32761
32710
32706
32684
32729
32687
32660
32614
32667
32637
32649
32675
32644
32614
32638
32630
32669
32667
32613
32661
32668
32685
32645
32703
32654
32680
32622
32654
32728
32708
32671
32668
32608
32682
32677
32639
32642
32687
32679
32644
32652
32682
32650
32706
32676
32663
32669
32680
32695
32664
32616
32624
32626
32643
32623
32647
32668
32637
32634
32705
32652
32661
32643
32675
32649
32664
32686
32663
32671
32686
32696
32694
32708
32692
32656
32602
32671
32682
32663
32695
32692
32728
32691
32593
32672
32722
32663
32608
32630
32647
32667
32689
32712
32671
32687
32612
32641
32640
32661
32681
32641
32578
32648
32659
32701
32632
32649
32676
32696
32729
32579
32598
32717
32744
32601
32642
32712
32640
32660
32676
32754
32668
32697
32744
32644
32642
32659
32692
32723
32648
32681
32649
32703
32714
32652
32649
32634
32667
32618
32665
32720
32679
32669
32687
32647
32680
32685
32653
32667
32639
32713
32715
32722
32710
32664
32696
32604
32722
32673
32535
32641
32633
32632
32671
32615
32686
32660
32619
32673
32642
32653
32625
32710
32671
32665
32650
32688
32623
32667
32691
32717
32693
32680
32687
32657
32665
32655
32704
32709
32614
32708
32641
32648
32627
32665
32646
32607
32595
32688
32683
32590
32614
32632
32656
32660
32677
32648
32741
32595
32670
32666
32678
32695
32689
32656
32670
32612
32673
32640
32660
32678
32680
32618
32681
32641
32665
32693
32665
32654
32658
32690
32757
32663
32660
32643
32655
32665
32653
32629
32615
32695
32733
32658
32686
32649
32718
32700
32667
32649
32621
32605
32638
32686
32696
32715
32685
32673
32654
32701
32668
32698
32704
32652
32687
32642
32614
32639
32694
32734
32681
32677
32720
32677
32652
32669
32643
32643
32694
32657
32710
32661
32713
32645
32705
32691
32670
32736
32665
32655
32695
32651
32706
32747
32705
32683
32630
32696
32687
32655
32649
32693
32708
32600
32665
32716
32723
32740
32683
32724
32605
32607
32701
32647
32648
32657
32671
32660
32656
32648
32661
32621
32639
32692
32645
32673
32679
32662
32724
32654
32639
32698
32656
32705
32640
32691
32632
32739
32674
32649
32631
32664
32713
32637
32656
32644
32662
32639
32639
32662
32684
32615
32634
32642
32696
32659
32709
32703
32707
32676
32710
32670
32713
32665
32651
32645
32643
32694
32641
32593
32625
32605
32622
32707
32636
32644
32603
32653
32641
32712
32611
32679
32610
32676
32658
32702
32645
32669
32681
32674
32643
32644
32643
32666
32646
32691
32608
32633
32662
32677
32687
32686
32637
32623
32625
32661
32723
32721
32714
32670
32659
32704
32613
32597
32646
32691
32665
32738
32762
32676
32666
32662
32634
32692
32634
32651
32689
32632
32716
32654
32695
32601
32618
32620
32654
32625
32727
32728
32675
32637
32672
32626
32732
32672
32630
32640
32701
32685
32635
32698
32636
32732
32690
32663
32684
32636
32696
32672
32676
32648
32725
32680
32721
32656
32700
32642
32675
32599
32671
32608
32748
32640
32707
32658
32650
32592
32643
32727
32611
32651
32663
32680
32719
32707
32623
32615
32695
32740
32668
32706
32650
32669
32676
32655
32629
32685
32653
32630
32652
32653
32671
32638
32681
32637
32688
32688
32733
32635
32653
32687
32682
32679
32714
32663
32667
32666
32698
32679
32639
32656
32688
32670
32678
32640
32646
32734
32626
32703
32651
32617
32674
32613
32629
32636
32770
32685
32692
32635
32731
32646
32641
32690
32663
32640
32626
32668
32618
32644
32656
32714
32693
32654
32670
32710
32647
32703
32649
32642
32690
32645
32670
32653
32656
32753
32610
32677
32612
32693
32675
32674
32684
32721
32708
32678
32714
32670
32635
32661
32649
32579
32658
32750
32713
32680
32614
32619
32645
32675
32687
32636
32647
32694
32683
32676
32725
32682
32622
32668
32707
32661
32603
32737
32618
32621
32626
32668
32649
32661
32637
32691
32648
32672
32700
32708
32658
32623
32707
32668
32652
32566
32680
32677
32723
32611
32676
32689
32709
32683
32628
32642
32675
32650
32635
32686
32630
32651
32688
32724
32686
32779
32650
32640
32703
32652
32750
32702
32686
32720
32662
32649
32662
32635
32617
32699
32641
32689
32672
32739
32636
32685
32655
32710
32624
32626
32655
32646
32666
32699
32657
32728
32626
32659
32668
32715
32674
32742
32647
32670
32646
32667
32608
32743
32685
32652
32632
32673
32641
32650
32644
32708
32707
32689
32660
32633
32618
32634
32643
32658
32676
32650
32652
32672
32690
32687
32640
32671
32612
32629
32648
32676
32692
32632
32619
32661
32736
32681
32631
32658
32647
32666
32685
32679
32642
32685
32683
32594
32685
32583
32662
32653
32612
32701
32645
32687
32639
32623
32662
32689
32686
32645
32695
32665
32671
32655
32659
32671
32671
32687
32693
32641
32644
32653
32675
32675
32600
32681
32684
32661
32707
32715
32642
32661
32701
32712
32723
32652
32619
32612
32622
32683
32664
32647
32703
32650
32672
32675
32714
32699
32619
32663
32654
32695
32624
32722
32647
32645
32696
32763
32596
32623
32658
32655
32681
32689
32669
32666
32705
32678
32691
32643
32637
32683
32687
32655
32678
32677
32621
32669
32642
32614
32659
32687
32676
32655
32585
32640
32673
32673
32616
32628
32661
32775
32658
32641
32656
32701
32695
32751
32616
32664
32721
32732
32674
32683
32696
32670
32620
32727
32661
32676
32615
32659
32636
32680
32656
32636
32718
32647
32639
32663
32768
32693
32681
32684
32664
32657
32623
32634
32688
32707
32662
32693
32702
32735
32625
32636
32671
32713
32643
32696
32671
32674
32654
32668
32641
32736
32602
32672
32667
32677
32585
32611
32711
32641
32645
32731
32630
32603
32645
32683
32712
32708
32601
32591
32675
32720
32680
32621
32608
32678
32671
32690
32618
32640
32673
32661
32634
32693
32657
32670
32645
32646
32685
32718
32702
32623
32734
32687
32659
32634
32662
32684
32708
32674
32674
32651
32714
32657
32653
32637
32646
32690
32640
32662
32574
32655
32654
32640
32711
32654
32658
32610
32696
32683
32606
32659
32652
32719
32654
32672
32694
32658
32734
32672
32695
32635
32688
32708
32643
32702
32667
32632
32701
32746
32666
32734
32667
32635
32683
32643
32670
32617
32664
32653
32624
32731
32688
32737
32660
32727
32644
32656
32677
32677
32685
32706
32672
32679
32744
32639
32697
32743
32752
32651
32701
32673
32653
32668
32652
32665
32722
32656
32732
32650
32664
32672
32669
32690
32669
32600
32641
32650
32656
32658
32634
32683
32618
32691
32692
32672
32661
32678
32745
32678
32690
32678
32728
32663
32643
32708
32724
32640
32682
32689
32662
32682
32656
32656
32691
32671
32701
32681
32702
32693
32645
32676
32730
32710
32669
32710
32667
32721
32700
32733
32652
32639
32606
32678
32729
32689
32626
32707
32663
32672
32688
32658
32711
32659
32726
32745
32691
32598
32665
32732
32660
32660
32654
32672
32641
32731
32627
32652
32685
32662
32646
32635
32724
32718
32658
32678
32745
32721
32661
32681
32673
32764
32561
32641
32685
32611
32671
32670
32672
32667
32724
32634
32717
32723
32663
32703
32688
32726
32730
32567
32653
32667
32673
32659
32722
32676
32657
32662
32670
32668
32719
32701
32691
32732
32717
32648
32665
32597
32675
32691
32675
32756
32615
32679
32657
32677
32673
32730
32706
32688
32706
32656
32676
32682
32691
32709
32606
32657
32685
32725
32674
32651
32639
32700
32694
32776
32633
32692
32692
32718
32693
32655
32637
32702
32741
32774
32673
32694
32612
32607
32715
32641
32630
32628
32657
32644
32639
32681
32634
32659
32667
32655
32683
32700
32696
32748
32676
32629
32741
32723
32669
32661
32715
32659
32732
32675
32702
32693
32728
32735
32679
32676
32676
32639
32671
32667
32711
32682
32741
32736
32635
32623
32647
32638
32677
32709
32666
32693
32679
32614
32653
32629
32681
32652
32647
32605
32628
32701
32706
32698
32692
32695
32614
32716
32702
32599
32651
32696
32694
32653
32654
32735
32712
32674
32662
32715
32735
32654
32643
32610
32612
32661
32691
32626
32614
32724
32682
32759
32663
32662
32663
32664
32715
32654
32648
32667
32645
32657
32668
32645
32632
32693
32607
32709
32703
32667
32672
32657
32607
32619
32676
32713
32661
32676
32689
32654
32703
32725
32683
32667
32633
32693
32733
32665
32753
32693
32712
32729
32689
32702
32677
32732
32659
32643
32794
32693
32679
32634
32622
32663
32666
32686
32628
32651
32675
32661
32680
32667
32664
32677
32668
32653
32651
32736
32670
32698
32656
32722
32702
32684
32683
32640
32639
32633
32704
32610
32617
32674
32702
32651
32665
32659
32717
32579
32657
32616
32690
32688
32619
32667
32666
32705
32716
32641
32656
32690
32650
32691
32659
32666
32652
32647
32661
32648
32610
32613
32666
32639
32688
32699
32661
32750
32695
32665
32639
32691
32649
32706
32635
32659
32675
32629
32693
32683
32659
32625
32675
32710
32690
32653
32639
32641
32691
32673
32646
32679
32724
32700
32687
32716
32646
32677
32714
32627
32660
32647
32612
32699
32659
32637
32689
32744
32642
32692
32695
32743
32695
32677
32729
32676
32698
32650
32731
32621
32713
32649
32657
32665
32650
32641
32594
32625
32627
32628
32674
32633
32715
32629
32729
32683
32609
32636
32629
32676
32714
32668
32721
32681
32696
32675
32667
32747
32662
32658
32691
32705
32653
32674
32658
32720
32655
32695
32591
32675
32755
32636
32628
32610
32686
32616
32686
32633
32635
32680
32664
32616
32631
32628
32622
32659
32677
32659
32636
32688
32686
32716
32624
32627
32684
32664
32675
32654
32646
32711
32672
32682
32669
32669
32676
32727
32655
32659
32729
32706
32670
32694
32645
32626
32625
32681
32611
32623
32703
32693
32646
32634
32693
32636
32645
32695
32625
32669
32717
32646
32668
32651
32671
32706
32651
32649
32672
32630
32652
32698
32651
32744
32675
32651
32662
32686
32727
32665
32612
32656
32635
32682
32674
32659
32756
32626
32655
32712
32666
32690
32714
32656
32639
32660
32696
32679
32762
32719
32730
32602
32639
32617
32642
32688
32667
32684
32662
32618
32708
32613
32645
32642
32633
32624
32668
32653
32655
32718
32660
32664
32708
32642
32604
32607
32623
32673
32658
32663
32686
32616
32712
32608
32731
32688
32729
32634
32677
32646
32712
32693
32616
32651
32688
32596
32707
32590
32668
32683
32681
32670
32686
32686
32630
32713
32667
32662
32640
32659
32646
32677
32681
32684
32692
32700
32631
32608
32625
32614
32625
32654
32649
32690
32661
32657
32674
32650
32642
32673
32637
32665
32648
32647
32679
32646
32653
32681
32711
32652
32694
32628
32671
32663
32651
32734
32734
32686
32666
32720
32681
32608
32671
32666
32744
32695
32670
32653
32688
32659
32681
32646
32693
32695
32649
32686
32655
32649
32654
32688
32664
32683
32645
32704
32665
32665
32680
32657
32641
32666
32675
32691
32660
32572
32655
32654
32672
32691
32653
32657
32755
32678
32659
32691
32664
32643
32703
32662
32649
32648
32608
32643
32615
32671
32628
32660
32706
32697
32665
32664
32706
32733
32645
32642
32611
32676
32732
32652
32654
32643
32600
32713
32716
32635
32675
32711
32666
32660
32692
32694
32674
32636
32707
32692
32674
32630
32679
32715
32689
32687
32650
32683
32664
32633
32701
32678
32646
32674
32673
32677
32635
32622
32649
32661
32663
32633
32685
32645
32735
32728
32640
32756
32608
32647
32671
32718
32643
32647
32661
32659
32670
32698
32575
32640
32719
32663
32698
32693
32685
32683
32636
32746
32656
32657
32630
32651
32664
32645
32727
32683
32692
32710
32664
32745
32670
32631
32713
32650
32706
32695
32705
32699
32648
32638
32686
32716
32712
32663
32678
32707
32736
32631
32661
32654
32690
32671
32727
32641
32677
32620
32642
32629
32600
32627
32674
32702
32659
32684
32654
32739
32689
32684
32723
32661
32697
32693
32743
32670
32802
32663
32681
32713
32681
32673
32657
32674
32684
32703
32624
32710
32643
32684
32670
32657
32609
32634
32657
32704
32646
32634
32683
32735
32679
32704
32661
32727
32732
32728
32658
32647
32658
32722
32617
32693
32668
32728
32726
32770
32677
32654
32653
32642
32636
32701
32661
32655
32680
32611
32674
32702
32713
32699
32645
32690
32621
32656
32662
32728
32698
32715
32734
32697
32694
32612
32683
32695
32676
32689
32623
32666
32676
32639
32686
32658
32686
32621
32671
32703
32589
32718
32674
32700
32668
32655
32666
32685
32720
32639
32599
32639
32673
32686
32732
32551
32646
32618
32690
32666
32652
32641
32615
32666
32649
32667
32680
32667
32642
32666
32685
32710
32701
32635
32745
32666
32687
32704
32694
32701
32642
32679
32700
32676
32644
32667
32632
32701
32577
32649
32592
32664
32618
32670
32695
32701
32680
32741
32763
32685
32602
32651
32663
32690
32692
32643
32658
32622
32661
32601
32584
32680
32671
32644
32621
32608
32631
32688
32650
32623
32636
32656
32647
32678
32636
32664
32732
32702
32702
32691
32687
32649
32633
32666
32683
32682
32662
32708
32683
32673
32652
32611
32675
32661
32618
32657
32659
32689
32662
32674
32676
32641
32672
32646
32670
32694
32708
32689
32653
32683
32649
32671
32672
32644
32704
32606
32647
32665
32658
32703
32677
32680
32729
32668
32681
32714
32626
32718
32662
32671
32598
32642
32692
32639
32623
32661
32702
32689
32669
32656
32691
32704
32621
32628
32685
32664
32678
32704
32634
32694
32725
32691
32738
32674
32639
32660
32724
32694
32675
32707
32623
32643
32713
32715
32661
32622
32637
32651
32639
32611
32679
32664
32695
32641
32693
32668
32638
32694
32693
32703
32689
32660
32698
32616
32620
32622
32709
32684
32655
32675
32688
32638
32692
32674
32626
32676
32709
32703
32738
32613
32627
32653
32702
32668
32678
32678
32683
32695
32674
32662
32665
32671
32710
32667
32617
32681
32650
32665
32682
32673
32649
32702
32659
32651
32660
32648
32650
32688
32593
32625
32650
32651
32653
32724
32644
32669
32693
32625
32662
32637
32694
32630
32660
32653
32653
32642
32658
32645
32632
32625
32755
32685
32659
32680
32676
32607
32732
32622
32709
32715
32681
32650
32643
32618
32711
32651
32696
32627
32653
32705
32653
32714
32644
32622
32685
32702
32661
32664
32677
32679
32766
32701
32650
32720
32700
32633
32670
32652
32646
32650
32607
32704
32711
32660
32711
32646
32718
32633
32706
32672
32643
32681
32662
32657
32661
32703
32663
32622
32645
32625
32711
32656
32669
32750
32615
32655
32711
32681
32675
32671
32616
32665
32624
32640
32645
32638
32716
32654
32627
32657
32733
32665
32660
32665
32631
32655
32693
32616
32701
32704
32694
32601
32665
32653
32701
32620
32657
32674
32645
32711
32620
32657
32626
32634
32599
32620
32656
32674
32605
32687
32708
32660
32707
32696
32658
32658
32684
32739
32645
32654
32640
32706
32613
32709
32639
32683
32644
32659
32648
32642
32673
32641
32669
32653
32720
32640
32753
32622
32654
32671
32616
32661
32714
32744
32641
32651
32663
32649
32657
32642
32668
32668
32596
32685
32663
32657
32655
32692
32612
32655
32683
32721
32679
32697
32719
32747
32666
32707
32682
32624
32634
32672
32699
32655
32700
32716
32667
32718
32651
32650
32664
32625
32618
32628
32634
32636
32675
32717
32662
32624
32607
32667
32684
32639
32652
32619
32706
32687
32679
32608
32621
32615
32676
32628
32657
32740
32675
32682
32660
32681
32679
32668
32712
32674
32666
32675
32725
32606
32654
32708
32623
32692
32641
32684
32656
32692
32685
32687
32682
32724
32696
32616
32624
32653
32675
32691
32755
32656
32642
32670
32702
32642
32660
32744
32708
32663
32716
32649
32671
32678
32711
32636
32635
32688
32667
32668
32676
32695
32719
32690
32611
32590
32645
32658
32683
32606
32751
32693
32677
32659
32706
32665
32651
32657
32663
32629
32653
32705
32639
32661
32648
32607
32676
32650
32647
32677
32617
32678
32690
32703
32607
32654
32590
32608
32705
32650
32676
32662
32631
32666
32632
32676
32721
32637
32648
32664
32730
32618
32679
32628
32593
32639
32660
32705
32698
32681
32651
32711
32662
32658
32732
32710
32743
32659
32647
32705
32625
32649
32693
32662
32672
32691
32744
32635
32657
32664
32623
32678
32628
32695
32670
32664
32664
32627
32658
32658
32693
32646
32644
32655
32671
32716
32651
32602
32660
32704
32686
32677
32728
32659
32621
32691
32704
32677
32662
32638
32657
32697
32650
32586
32690
32713
32676
32649
32676
32655
32690
32679
32631
32659
32616
32609
32658
32656
32660
32644
32612
32679
32649
32686
32624
32658
32708
32640
32676
32715
32639
32671
32662
32621
32673
32728
32653
32737
32645
32674
32709
32695
32638
32683
32659
32679
32655
32657
32642
32678
32700
32604
32643
32648
32706
32718
32633
32636
32657
32738
32630
32681
32645
32673
32687
32692
32717
32673
32727
32651
32694
32646
32709
32659
32692
32642
32627
32619
32681
32708
32673
32637
32666
32708
32677
32730
32668
32603
32672
32711
32613
32700
32675
32678
32669
32661
32712
32652
32706
32668
32618
32687
32679
32698
32624
32642
32694
32659
32699
32629
32639
32679
32690
32671
32630
32673
32649
32662
32679
32707
32703
32726
32618
32701
32649
32613
32735
32640
32649
32737
32625
32614
32643
32681
32692
32649
32686
32673
32685
32633
32673
32728
32673
32643
32672
32643
32685
32740
32686
32624
32628
32645
32717
32699
32670
32615
32691
32711
32638
32705
32698
32655
32732
32684
32721
32599
32633
32701
32723
32652
32686
32626
32732
32694
32693
32660
32648
32655
32622
32732
32610
32627
32668
32725
32706
32688
32690
32654
32690
32678
32615
32645
32664
32684
32721
32677
32686
32638
32655
32687
32687
32632
32658
32701
32675
32675
32691
32627
32659
32637
32628
32635
32642
32668
32669
32687
32677
32642
32704
32711
32681
32635
32630
32676
32639
32624
32725
32677
32617
32693
32671
32628
32644
32688
32673
32675
32631
32632
32654
32695
32638
32676
32643
32682
32639
32654
32673
32661
32745
32660
32596
32653
32647
32686
32675
32727
32694
32631
32640
32699
32708
32664
32723
32687
32686
32648
32675
32701
32715
32667
32644
32665
32652
32702
32683
32705
32716
32706
32633
32665
32677
32663
32675
32724
32635
32657
32634
32636
32637
32718
32634
32608
32661
32679
32673
32638
32604
32687
32725
32662
32614
32665
32673
32639
32644
32637
32712
32658
32654
32686
32715
32654
32672
32656
32691
32652
32670
32713
32653
32712
32674
32660
32659
32673
32639
32667
32651
32630
32639
32703
32640
32683
32635
32740
32699
32636
32654
32730
32705
32631
32677
32651
32643
32632
32654
32598
32649
32699
32698
32690
32669
32723
32610
32670
32619
32663
32708
32599
32617
32623
32632
32724
32708
32676
32639
32730
32653
32647
32646
32633
32710
32673
32668
32697
32687
32704
32677
32699
32675
32657
32672
32657
32646
32667
32666
32631
32668
32662
32631
32651
32711
32682
32696
32676
32694
32639
32660
32728
32644
32653
32698
32667
32653
32635
32613
32668
32691
32671
32690
32646
32671
32647
32643
32675
32594
32716
32593
32650
32661
32638
32630
32687
32739
32707
32668
32695
32668
32718
32665
32695
32712
32654
32599
32594
32623
32612
32642
32631
32650
32635
32694
32690
32679
32710
32616
32636
32698
32657
32652
32642
32634
32680
32677
32732
32631
32692
32626
32641
32606
32644
32716
32725
32651
32672
32624
32717
32663
32660
32692
32623
32672
32689
32671
32680
32660
32687
32620
32726
32653
32633
32637
32628
32632
32717
32682
32743
32638
32652
32660
32675
32694
32656
32676
32679
32672
32678
32648
32629
32661
32644
32673
32698
32702
32687
32627
32619
32656
32657
32680
32673
32638
32690
32701
32603
32659
32682
32716
32690
32636
32683
32645
32681
32632
32652
32659
32685
32642
32671
32621
32644
32648
32630
32644
32625
32680
32737
32647
32675
32649
32654
32657
32671
32645
32639
32686
32631
32631
32689
32719
32632
32676
32668
32681
32621
32717
32669
32648
32647
32657
32681
32629
32679
32643
32636
32690
32660
32708
32702
32675
32689
32617
32681
32589
32686
32647
32644
32673
32612
32676
32684
32709
32678
32656
32678
32632
32654
32635
32674
32662
32644
32610
32619
32692
32700
32697
32631
32677
32603
32639
32705
32631
32625
32773
32667
32649
32677
32686
32712
32672
32729
32698
32680
32662
32614
32675
32713
32671
32661
32615
32681
32693
32720
32663
32702
32781
32697
32688
32626
32683
32668
32671
32670
32703
32678
32664
32707
32680
32649
32704
32663
32701
32656
32604
32635
32699
32645
32649
32661
32647
32626
32644
32677
32751
32681
32676
32664
32710
32635
32704
32680
32659
32676
32700
32636
32613
32713
32719
32655
32614
32669
32667
32718
32622
32669
32641
32670
32691
32671
32624
32635
32587
32635
32694
32647
32711
32674
32642
32647
32665
32706
32626
32666
32643
32714
32710
32653
32694
32658
32700
32668
32674
32700
32670
32701
32613
32653
32698
32631
32663
32667
32673
32734
32669
32648
32646
32683
32681
32641
32644
32667
32653
32655
32660
32576
32599
32672
32637
32651
32650
32642
32553
32585
32660
32685
32660
32701
32675
32645
32657
32663
32651
32646
32703
32720
32637
32708
32617
32633
32681
32647
32684
32762
32628
32724
32625
32670
32686
32647
32736
32730
32599
32705
32685
32720
32716
32582
32668
32659
32678
32664
32655
32639
32630
32654
32685
32679
32673
32673
32670
32636
32628
32643
32648
32691
32729
32660
32669
32698
32671
32703
32641
32728
32600
32591
32664
32673
32591
32651
32641
32664
32740
32671
32684
32710
32659
32650
32650
32667
32673
32662
32654
32584
32689
32663
32675
32663
32656
32672
32708
32685
32624
32754
32667
32745
32701
32628
32659
32664
32657
32746
32611
32686
32692
32681
32618
32679
32598
32606
32647
32741
32671
32659
32684
32700
32650
32655
32695
32662
32629
32681
32656
32677
32670
32666
32662
32701
32647
32643
32658
32711
32708
32592
32656
32629
32651
32674
32745
32668
32687
32626
32638
32576
32605
32648
32635
32671
32703
32657
32663
32634
32665
32684
32622
32699
32588
32679
32656
32666
32652
32572
32670
32667
32666
32665
32637
32643
32667
32676
32704
32686
32675
32658
32684
32666
32646
32635
32708
32696
32574
32750
32643
32624
32619
32677
32738
32667
32688
32669
32703
32634
32639
32679
32687
32668
32638
32674
32662
32663
32674
32634
32686
32733
32685
32652
32706
32630
32655
32698
32663
32711
32631
32714
32745
32613
32663
32679
32635
32617
32666
32644
32639
32694
32661
32637
32649
32678
32613
32618
32688
32684
32647
32682
32679
32641
32678
32654
32732
32647
32701
32679
32738
32647
32676
32662
32653
32612
32688
32647
32676
32689
32630
32665
32687
32624
32646
32632
32718
32565
32639
32642
32580
32616
32637
32686
32722
32647
32632
32654
32688
32726
32683
32637
32658
32669
32712
32709
32688
32655
32657
32655
32676
32739
32694
32726
32650
32658
32646
32629
32695
32617
32719
32680
32669
32634
32710
32676
32663
32658
32679
32626
32707
32659
32685
32704
32661
32649
32645
32641
32673
32669
32619
32688
32725
32767
32725
32651
32654
32729
32597
32646
32631
32689
32686
32656
32655
32695
32710
32672
32624
32654
32716
32725
32664
32696
32666
32642
32678
32713
32605
32637
32628
32659
32697
32643
32622
32686
32711
32677
32765
32655
32747
32684
32764
32723
32639
32687
32659
32723
32638
32660
32625
32632
32659
32713
32715
32695
32654
32625
32726
32635
32663
32687
32695
32680
32709
32645
32702
32649
32703
32683
32675
32682
32745
32625
32634
32659
32651
32715
32595
32625
32589
32695
32656
32688
32658
32739
32610
32614
32712
32729
32670
32603
32687
32630
32605
32685
32734
32675
32633
32717
32681
32630
32675
32646
32729
32647
32710
32679
32712
32657
32666
32698
32676
32660
32670
32586
32655
32675
32652
32682
32679
32700
32696
32643
32636
32626
32722
32666
32637
32621
32719
32600
32665
32685
32712
32645
32655
32757
32685
32656
32627
32658
32678
32695
32687
32661
32654
32632
32667
32644
32716
32655
32647
32676
32710
32580
32615
32641
32638
32699
32699
32648
32712
32668
32718
32707
32676
32657
32633
32632
32689
32664
32660
32656
32629
32629
32653
32673
32716
32656
32648
32649
32696
32675
32591
32733
32682
32649
32681
32638
32685
32644
32654
32594
32693
32681
32664
32654
32688
32635
32641
32687
32707
32668
32718
32683
32695
32657
32622
32700
32725
32648
32752
32688
32679
32657
32644
32722
32653
32703
32714
32667
32668
32684
32708
32707
32714
32703
32610
32604
32713
32643
32653
32697
32698
32709
32631
32704
32604
32714
32653
32621
32670
32653
32727
32683
32622
32656
32672
32659
32652
32631
32652
32687
32699
32687
32673
32655
32692
32697
32726
32622
32680
32650
32649
32690
32657
32712
32694
32628
32687
32668
32742
32657
32691
32663
32681
32652
32698
32651
32645
32602
32755
32631
32637
32623
32614
32649
32677
32661
32645
32650
32692
32683
32646
32642
32643
32646
32685
32612
32670
32707
32670
32649
32730
32703
32687
32669
32714
32661
32668
32662
32600
32644
32690
32669
32637
32687
32670
32672
32687
32671
32653
32612
32670
32642
32660
32666
32660
32610
32604
32715
32704
32647
32690
32723
32693
32739
32679
32693
32738
32668
32691
32685
32629
32652
32658
32692
32683
32684
32658
32671
32670
32698
32638
32638
32629
32715
32645
32651
32701
32671
32694
32678
32655
32661
32651
32684
32700
32604
32701
32671
32600
32677
32646
32628
32585
32667
32698
32664
32722
32681
32669
32667
32692
32738
32703
32649
32642
32647
32700
32686
32674
32662
32669
32698
32668
32607
32721
32646
32685
32641
32682
32670
32696
32659
32725
32707
32645
32654
32582
32649
32619
32642
32686
32674
32622
32660
32687
32649
32628
32648
32670
32669
32633
32705
32638
32674
32733
32586
32671
32663
32708
32678
32652
32690
32704
32599
32643
32628
32654
32676
32687
32643
32636
32704
32664
32735
32644
32641
32653
32661
32695
32737
32655
32647
32660
32704
32610
32634
32683
32709
32616
32656
32677
32669
32641
32656
32655
32667
32683
32662
32671
32594
32713
32639
32659
32706
32698
32664
32623
32633
32622
32658
32662
32669
32614
32724
32710
32685
32627
32646
32715
32684
32665
32733
32667
32645
32670
32682
32669
32628
32668
32673
32647
32641
32686
32671
32629
32666
32641
32735
32664
32642
32635
32613
32624
32717
32710
32675
32705
32635
32639
32592
32656
32602
32688
32653
32698
32665
32676
32637
32667
32660
32635
32616
32676
32686
32635
32637
32710
32666
32666
32666
32693
32699
32647
32659
32715
32679
32678
32676
32706
32705
32621
32628
32618
32659
32580
32568
32633
32704
32709
32716
32643
32664
32698
32696
32722
32690
32700
32672
32681
32719
32682
32692
32694
32647
32687
32632
32643
32633
32656
32654
32651
32711
32612
32642
32647
32663
32676
32682
32632
32662
32684
32598
32640
32714
32670
32689
32654
32659
32636
32707
32643
32724
32632
32649
32688
32671
32673
32633
32660
32615
32584
32645
32718
32702
32659
32666
32719
32681
32662
32678
32717
32632
32671
32696
32639
32670
32678
32677
32652
32635
32612
32701
32720
32649
32680
32663
32684
32674
32644
32688
32616
32664
32645
32674
32692
32631
32640
32632
32684
32630
32690
32755
32695
32624
32654
32690
32693
32684
32666
32628
32695
32695
32751
32653
32656
32680
32667
32678
32635
32657
32709
32732
32632
32656
32707
32644
32681
32619
32622
32642
32656
32636
32656
32673
32669
32692
32624
32704
32679
32687
32650
32677
32630
32660
32660
32714
32655
32670
32652
32648
32719
32640
32671
32662
32693
32721
32682
32640
32660
32723
32719
32686
32709
32676
32671
32638
32696
32648
32623
32654
32672
32629
32721
32615
32624
32663
32742
32680
32613
32658
32722
32631
32637
32673
32637
32642
32641
32614
32719
32676
32701
32663
32663
32696
32627
32676
32669
32655
32662
32681
32665
32684
32711
32626
32668
32665
32601
32690
32679
32717
32675
32727
32670
32642
32637
32677
32716
32572
32616
32732
32618
32691
32680
32608
32651
32727
32642
32629
32704
32651
32732
32683
32645
32695
32727
32655
32680
32657
32635
32716
32646
32675
32631
32666
32718
32701
32622
32639
32641
32722
32644
32657
32651
32702
32634
32686
32686
32690
32636
32663
32634
32614
32750
32671
32717
32680
32723
32653
32673
32652
32600
32608
32681
32669
32690
32619
32646
32597
32672
32644
32690
32608
32659
32653
32619
32651
32666
32701
32657
32634
32694
32662
32710
32599
32648
32655
32648
32637
32620
32671
32691
32666
32614
32658
32684
32682
32651
32675
32655
32670
32634
32621
32700
32675
32648
32684
32664
32647
32685
32686
32662
32656
32607
32650
32727
32699
32671
32733
32652
32669
32677
32771
32682
32605
32584
32597
32687
32598
32677
32689
32681
32648
32672
32667
32657
32670
32682
32699
32649
32673
32698
32637
32651
32671
32671
32628
32658
32755
32674
32701
32700
32727
32660
32667
32673
32661
32650
32639
32660
32653
32659
32714
32683
32625
32719
32637
32627
32629
32712
32660
32666
32644
32649
32712
32658
32655
32653
32665
32679
32640
32619
32623
32608
32680
32669
32681
32715
32644
32712
32630
32665
32616
32649
32724
32689
32622
32653
32664
32706
32682
32710
32631
32758
32648
32669
32702
32749
32742
32664
32646
32694
32664
32630
32627
32608
32679
32647
32671
32653
32673
32711
32646
32726
32668
32605
32634
32604
32665
32733
32662
32654
32717
32657
32613
32664
32640
32682
32656
32655
32580
32661
32608
32651
32623
32708
32658
32668
32693
32667
32679
32659
32712
32672
32652
32678
32623
32726
32681
32649
32706
32682
32652
32663
32661
32612
32666
32649
32702
32710
32650
32666
32639
32639
32693
32712
32674
32673
32704
32671
32676
32654
32695
32644
32642
32635
32678
32695
32688
32687
32646
32699
32656
32663
32697
32681
32656
32704
32722
32684
32657
32677
32628
32649
32617
32728
32649
32633
32646
32623
32608
32621
32679
32700
32658
32647
32678
32631
32717
32624
32663
32649
32679
32657
32666
32633
32611
32680
32684
32619
32688
32663
32593
32550
32630
32667
32637
32617
32665
32681
32700
32641
32688
32686
32645
32613
32670
32691
32621
32666
32668
32667
32714
32728
32682
32635
32630
32662
32676
32683
32658
32682
32635
32624
32661
32611
32732
32745
32663
32691
32625
32684
32679
32631
32689
32714
32681
32756
32615
32635
32646
32659
32697
32580
32628
32668
32659
32682
32634
32654
32659
32707
32671
32649
32664
32618
32668
32662
32656
32655
32660
32674
32656
32662
32659
32649
32596
32631
32669
32668
32636
32721
32656
32733
32668
32620
32678
32732
32684
32629
32639
32659
32629
32692
32743
32664
32649
32655
32630
32680
32675
32638
32639
32655
32698
32686
32624
32652
32675
32636
32579
32596
32712
32664
32622
32726
32705
32672
32683
32652
32604
32691
32664
32678
32664
32719
32587
32662
32650
32628
32696
32659
32619
32686
32673
32653
32717
32560
32634
32710
32683
32636
32700
32620
32679
32644
32638
32701
32678
32651
32602
32665
32659
32642
32607
32648
32683
32631
32646
32654
32713
32622
32707
32663
32718
32682
32681
32687
32674
32709
32643
32619
32744
32627
32678
32673
32675
32583
32654
32647
32677
32600
32672
32633
32629
32679
32591
32704
32712
32724
32648
32667
32666
32602
32653
32658
32712
32616
32651
32694
32681
32744
32661
32667
32663
32649
32687
32607
32626
32678
32651
32657
32622
32659
32700
32661
32654
32685
32728
32686
32779
32665
32733
32658
32706
32653
32654
32668
32704
32655
32661
32695
32629
32673
32637
32610
32682
32585
32625
32665
32650
32645
32660
32701
32627
32662
32652
32673
32681
32646
32654
32629
32675
32685
32613
32625
32643
32657
32640
32682
32620
32648
32691
32642
32672
32648
32672
32675
32645
32602
32622
32719
32652
32656
32673
32659
32697
32654
32663
32719
32668
32666
32745
32596
32620
32602
32643
32616
32665
32683
32678
32720
32718
32608
32633
32661
32674
32665
32685
32700
32663
32673
32623
32733
32661
32659
32652
32714
32651
32693
32654
32649
32654
32657
32679
32680
32625
32667
32651
32662
32692
32626
32667
32632
32687
32691
32617
32687
32741
32737
32645
32620
32688
32654
32633
32674
32682
32729
32691
32684
32692
32665
32623
32615
32659
32709
32652
32723
32639
32707
32706
32678
32650
32640
32663
32696
32648
32654
32697
32637
32642
32685
32619
32658
32634
32705
32707
32627
32683
32631
32711
32656
32585
32704
32662
32685
32714
32707
32651
32621
32630
32640
32705
32726
32661
32656
32656
32661
32669
32709
32706
32622
32685
32682
32646
32607
32642
32635
32649
32649
32615
32654
32696
32715
32718
32649
32643
32675
32711
32711
32616
32616
32642
32656
32637
32718
32720
32637
32642
32645
32671
32642
32635
32677
32664
32673
32734
32694
32667
32623
32673
32673
32618
32635
32644
32696
32651
32631
32632
32660
32637
32645
32645
32680
32655
32707
32674
32697
32687
32642
32661
32672
32710
32681
32644
32645
32641
32646
32590
32694
32704
32682
32640
32645
32642
32684
32609
32679
32679
32645
32709
32685
32660
32615
32670
32686
32667
32625
32573
32655
32638
32685
32665
32636
32685
32658
32685
32653
32702
32698
32663
32629
32671
32633
32668
32703
32630
32652
32680
32684
32694
32712
32659
32695
32696
32655
32659
32648
32704
32572
32597
32664
32637
32636
32704
32663
32671
32670
32711
32752
32637
32667
32670
32729
32674
32672
32615
32688
32657
32676
32727
32679
32652
32704
32696
32658
32646
32654
32647
32700
32692
32638
32641
32680
32655
32673
32672
32679
32669
32669
32669
32669
32669
32669
32669
32669
32669
32669
32669
32669
32669
32669
32669
32669
32669
32669
32669
32669
32669
32669
32669
32669
32669
32669
