9884
40186
40919
37850
37668
41115
39647
37734
40520
39800
38627
38544
41076
41406
41437
39890
38993
39750
37801
38940
40798
40892
37731
39781
39573
38306
37499
38953
39951
38390
37742
38488
37615
40582
41778
39708
37859
37710
38527
38398
40003
37910
38146
41811
39313
39577
37674
41803
37822
40285
41703
40726
40212
39569
37933
40582
40904
41524
38941
39333
37773
41032
41848
39433
40538
38781
39170
37762
40811
41436
37657
39222
39251
38171
41299
39855
38550
38587
41712
39035
37717
39378
40950
39756
37906
38944
41763
40514
38822
38256
38039
39621
37969
40344
39926
38040
41186
39174
39181
37734
41105
40974
41220
41349
38535
37829
40816
41735
41648
38256
41794
37719
37569
41537
38512
41131
38976
38027
41292
38133
40204
38905
38945
40201
39211
41668
37967
41782
38171
41720
41131
37939
41322
39196
39449
39020
40240
39353
37799
38406
41003
40556
42032
39792
37835
39151
38703
41452
41405
41563
37687
37739
39051
38223
39713
39087
39417
37688
37641
40479
41532
41540
37782
39766
41741
38291
41526
40529
41314
41637
40902
40921
41704
41597
38127
40130
37980
41363
38411
40192
41241
38700
37746
40488
40024
41335
38396
41255
38604
41396
39395
41672
39940
40790
40493
39972
41160
41824
39566
37683
38338
40367
39849
38010
41603
38243
38103
37813
39406
38335
38669
37817
40813
40054
37942
41664
38501
38441
40607
37926
41099
37715
37655
38175
38329
41569
37793
39402
39188
37827
41363
41687
37982
37920
40316
38218
37750
40854
38161
40187
41071
39229
38136
40041
40143
37784
41781
41846
37677
38702
37886
37721
38552
41772
41771
39569
41923
38758
41928
38981
37620
41557
39908
38923
40555
40499
39870
41660
37896
41622
37791
40810
41380
41223
40872
39695
38827
38812
39104
38663
38263
39232
39748
37724
41616
40022
40134
39877
38064
38751
37934
41485
40762
37784
37684
38234
37761
40735
37742
39947
41230
39423
37715
38302
39124
38113
37741
37927
38116
40046
38419
39239
40183
41322
41698
37848
41636
38919
41360
37691
39537
39206
37832
38652
40610
38322
41229
38546
41853
41547
39365
41622
40356
38023
37843
37699
41771
39117
41692
38749
41837
40652
41379
41662
41208
37940
40801
41824
39436
41822
38079
38013
38369
39228
38586
41131
41366
38304
38807
37817
40006
38932
39437
40800
41592
39304
40844
38028
37808
39833
39622
37985
40985
37807
38418
37709
41365
41518
41825
38913
37732
41087
38282
41601
39933
38944
41576
39375
37857
41767
40343
41506
37867
38692
37604
40795
40525
41428
41183
38168
38440
41695
40934
39905
38040
41023
41676
38882
39036
37649
39233
40968
41658
39918
38411
38008
41614
41956
38348
39384
37676
40548
41839
40330
38444
41486
41412
41480
40323
37703
37615
41594
38827
37749
41199
41751
38577
40575
38411
37844
37609
41462
40349
38770
40663
37747
39479
41650
37811
38466
37661
39938
40590
39269
40518
38056
38426
41790
38048
41113
38489
37695
38363
41844
41711
37860
38856
41361
41231
40281
42010
39133
39465
37626
41243
41755
39779
38372
39636
41645
41281
41489
39365
40757
41416
41779
39068
41454
41697
38004
38016
40823
37910
37846
41699
38328
40385
38107
40385
40999
41657
41560
41694
40412
38591
38722
38768
40594
37777
39142
40453
41020
38980
39775
41516
38526
41635
41508
38162
38729
41603
37820
39696
38931
38100
41599
40361
41024
38014
41215
41701
41538
38368
41816
40640
38276
38340
38093
39087
38922
38321
41482
41208
41753
39861
39843
37786
41616
40997
41821
41416
41614
41647
38223
39053
39194
39168
38561
37756
41186
38042
39156
40108
41289
37651
37771
37851
41551
41772
38165
38451
38246
39576
41284
38572
40306
38310
40446
38614
41716
38442
37841
40415
37603
41702
37749
40963
37622
40821
38915
38808
41284
38949
40887
40225
37700
38728
41077
39679
37946
37972
39824
41708
37926
38240
38254
39838
39516
40478
41194
38333
39113
40757
38789
40349
39472
41517
37851
38295
42052
41161
37739
41680
41760
38615
41042
38047
41180
38355
38096
39478
40692
41636
39260
40598
41868
40870
38012
39675
39003
38992
40917
40531
41586
40080
38707
40177
41238
39403
38420
40912
40671
37905
39080
37951
39125
41532
39749
39785
38191
39902
41003
40493
38920
38216
41685
38232
40882
39440
39221
37662
37803
40901
38521
37650
39818
41822
39626
37618
38426
38148
40907
39551
38200
41308
41684
39950
37859
39219
38107
40534
40985
40687
40619
40008
41697
41194
37884
39437
37955
40972
39561
39138
41517
41074
40251
41583
37649
39074
39014
41774
41859
38447
39441
40901
41356
38865
40653
38947
41499
39167
39529
39185
39173
39466
41445
40602
38473
38505
40657
38470
39215
38274
38225
39719
41396
40308
38043
40600
41736
38810
41131
38748
38186
41724
41742
39238
41593
37765
39814
41215
38030
38405
40274
41281
38926
37743
41303
40236
41369
38168
37944
41842
40780
41340
41148
41839
39476
38334
39805
38439
38150
38944
41841
39870
39112
39307
39244
37793
39391
41526
41490
41678
39649
37707
37703
41898
38350
41572
41686
40216
40495
41324
39270
37764
37810
38253
41845
40085
38700
39346
39599
37671
37787
41352
38790
41415
39385
38060
39349
41551
41594
37823
41093
41546
41109
40191
39083
38597
41197
38553
40984
38689
41819
40691
37628
38401
41438
41549
39165
38942
41136
41081
37870
37638
41401
37957
40724
40148
38015
37824
39323
41640
41416
37995
37990
40689
39417
38860
38814
39776
41482
39745
40961
39619
39157
37818
41022
38077
38030
38916
37909
41371
38374
41653
40388
41250
41260
41589
40429
38762
41651
39927
38145
41212
37696
40953
38083
38914
41919
38657
37915
37644
39318
38033
38128
41668
41636
39332
39228
41065
37688
41352
38111
41311
37629
41764
41753
41800
37855
38249
37910
41754
38019
41416
41909
39588
40988
37791
39733
38214
37632
37643
38184
39982
39676
38796
39943
40478
39568
37643
37665
39838
41227
41024
41262
38149
37548
38692
38618
39995
41514
37865
38301
40177
39568
40161
38569
39716
41696
37623
39242
38741
41622
39537
37677
39262
41261
39087
37969
41430
37617
38054
37791
41411
37743
38957
40480
41231
39832
41641
40318
38997
38661
37895
41583
37937
40634
40714
38657
38639
39188
41180
37557
40755
41544
40320
37959
41706
41026
37967
40627
40474
37677
40773
39082
39952
39263
39903
38860
37703
41445
38908
37893
41675
41451
37785
41719
38183
39168
41055
41234
38317
40726
40826
41696
38384
39363
38253
39222
37850
39738
41505
39073
40558
41656
41344
39291
37955
41165
41260
41630
41528
39432
41733
41692
38368
38382
40751
39625
39260
41667
40150
39195
40997
39175
37952
40989
40233
41365
41354
38848
40854
41585
38231
40594
41778
40660
38307
40726
38026
41259
37728
38125
38391
40342
41526
38369
39034
40532
41656
39770
37638
39463
40941
39736
38962
41620
38858
39363
40866
39212
39446
37844
40253
41134
38075
37795
41411
40472
38936
40358
38570
37683
41653
41409
38427
37820
41738
40503
41186
39120
37747
40787
41847
41413
37945
41171
39154
39335
38840
40398
39805
37628
41518
41552
39064
39037
39987
41108
40003
40889
37874
37983
37739
40018
38442
41475
39310
41201
38806
37531
38143
37841
40703
38393
40630
40205
38962
40751
37712
39226
40439
40865
37859
41349
38453
38954
38125
39096
37625
40366
40615
40869
41502
38289
39082
41301
39092
41630
41013
41641
37672
41521
41403
40311
40645
37843
38457
41361
37862
38512
41556
41926
38901
38374
39715
41629
40757
38000
39008
38245
39349
40146
39245
38254
41680
37700
37770
41309
39842
37808
39445
41726
39829
41491
40101
37744
37598
38521
41332
41130
41166
41688
38099
40535
41609
40283
39563
38168
39746
37827
40799
41138
37703
38083
39408
40437
40633
40835
38003
38289
40874
38257
41733
38778
40497
41941
41657
40855
39062
41313
40645
40569
40388
39213
41557
39418
37953
41000
41734
38100
40921
41397
37695
39901
38971
41683
39118
40735
38940
40270
38859
38900
38286
41063
38769
40609
37781
37980
41403
39869
39955
39022
38642
38339
39253
39880
38046
38131
39408
40200
41725
38122
39224
38183
40887
41824
38405
40464
39891
38042
41192
41673
41343
41299
40811
38099
41361
38073
41479
38204
37707
38129
39464
37943
38733
41381
38893
41165
39545
37659
37708
39974
39837
41593
40930
39372
38085
40525
40438
40172
40595
41268
40059
41660
38567
39250
37785
38362
41514
38760
41631
40599
41558
38889
38210
40578
38809
38608
41219
38952
39073
41294
37817
38005
38271
41228
37902
40487
40103
40052
41375
37634
41489
37715
40832
39647
38795
37649
40151
40564
41743
39973
40184
37709
41012
39884
39728
37762
41901
39100
37727
38968
37756
41321
40697
39154
38891
37947
41696
41085
40294
40340
38928
39787
41649
38285
39873
39224
40123
37711
38529
41393
38548
40981
41701
40777
41584
41527
41068
37842
37797
41711
37667
39362
38338
39571
37841
41660
41333
38909
41756
41208
39284
41587
40998
41086
37875
37883
41777
38199
38659
38049
38696
38986
39414
40260
38067
41580
37955
41717
37710
39230
41072
39798
39457
37818
39175
38703
38918
38357
37666
38061
41032
41382
40724
41370
40747
41330
38717
38433
41501
40991
40994
41175
41592
41596
39868
41077
37885
40858
40594
41425
38187
38028
39046
37799
41311
38742
41523
41755
41520
38299
41478
38069
38117
38107
41675
39021
40770
39589
41429
41667
40038
40112
37793
39004
37869
38496
41731
37921
37921
40308
40736
40818
40372
41734
41316
37820
38487
41171
37673
41752
41756
38073
40029
39534
37864
37842
38295
41327
37977
39064
38631
40253
37839
38092
40168
38576
40213
41402
38531
41479
38119
39133
40859
41779
40925
41279
41456
40631
40426
41714
41396
41783
37663
40989
41548
39581
38114
38583
37821
38741
39632
37763
38529
37680
37810
39378
38216
39903
40232
41022
41184
41699
39678
39941
37908
38430
41276
41201
39183
37850
39060
37775
37657
37783
40852
37761
39426
37885
41100
41208
41077
39726
37697
39550
39239
40987
38191
37631
39905
40553
41234
38641
41804
41055
41694
37737
41484
41528
41853
38241
39852
39604
38975
37836
41712
39967
40074
37783
39061
37916
41515
38644
40845
37955
37694
41575
38294
40895
40403
38307
37903
41569
41591
41785
39247
41729
39613
41874
41774
41448
38972
37623
38916
38384
39374
37787
41078
41283
38912
38546
41660
38507
38078
41690
38206
41562
38297
40378
39968
41569
38437
37649
41615
41835
38227
41755
39146
41054
41802
41857
37734
40810
39926
41137
40341
39051
41354
37737
40340
37881
40798
41137
40760
40152
39473
41092
38613
38306
41289
39232
41259
41782
38387
38360
41415
41292
40427
41537
39637
38366
37942
39236
38305
41881
39192
40951
39475
41578
39451
39446
41334
38961
38606
41840
40551
37817
40729
40177
38020
41341
41419
37855
40644
38810
39208
37637
37822
41423
40333
39788
38840
38996
41654
38571
41060
39233
37759
38362
38465
40526
40874
38358
41516
37966
41668
40731
40640
38754
40416
37842
38744
39101
39970
39754
40006
38767
37932
40194
37990
40836
39724
40384
41649
40941
38581
40057
40544
38474
38123
39366
41383
38256
41628
40619
40174
41631
38451
39106
37898
37663
38594
39053
41481
41694
40223
41642
37834
39765
38810
39797
41752
38359
41552
41064
37861
40558
40971
37982
37994
38575
38182
39543
40761
38884
41731
37783
37661
41640
40638
41973
39824
41035
41702
41545
38162
39395
40984
38530
37641
41507
41110
38228
38048
38451
37702
41034
41695
41740
37716
41927
37931
38827
38248
39401
37866
38499
41585
39711
38215
40856
40774
40306
38709
41492
38888
37690
38194
41201
41715
37971
41644
40637
40877
39894
38603
41708
37787
40448
41496
41613
39420
37884
39344
39482
38122
41203
39543
38171
41733
38859
38163
41724
39882
38334
41124
41030
41290
40129
41393
41091
41121
37756
38930
37846
37777
41677
39339
41613
40962
38522
40682
38069
41531
41706
41714
41246
38873
41902
38164
38633
40257
39109
37887
38787
38051
40971
38175
40896
39566
38836
37966
38310
40918
38355
41233
37882
41136
37953
39747
39101
41516
38182
40038
41056
37746
38203
39273
38821
37906
37812
38790
37791
41682
37767
39073
41680
40835
40337
41312
41072
37694
41602
38837
41632
38752
40005
40258
39187
40011
41760
37593
37889
40679
39239
39590
41729
41011
37816
38639
40695
41053
37988
38131
40423
38501
39921
37713
41023
39782
40966
41105
41883
39566
41615
37862
41796
39305
37730
39296
41091
40732
39585
39298
38016
40510
40414
37819
41516
40454
39214
41428
38137
41239
41634
41488
38345
38552
41375
38590
38238
39260
41826
40374
39780
38691
41207
41022
38214
37766
40051
41619
40197
41340
37953
37707
40935
38654
41318
40826
41397
37704
41815
41597
40867
41309
38631
40776
41918
41576
41612
40300
39911
41660
39766
41894
40095
40565
41854
41068
38837
40501
41776
39435
40758
40344
39311
39108
38932
41674
38042
37877
41790
40722
41928
39381
41653
38849
38128
37998
39159
40676
39735
37937
40973
39615
37674
38965
38891
40809
41610
40184
41547
41686
37893
37948
37687
40426
37806
40468
39900
40347
41591
37831
40639
41699
37992
38702
40158
40761
38601
38368
38179
40335
37931
38960
39198
39390
38778
41002
39124
40257
37783
38673
39564
37922
38033
40948
40350
39557
41569
37865
37792
41816
38722
39444
39689
39714
38736
39364
39116
38687
41193
38985
41748
39913
41693
41118
40835
40942
41750
41617
37735
37981
40407
40843
38536
37634
37674
38212
38041
39630
38680
37797
40981
41752
41091
41625
40530
41812
41696
40938
41498
37640
40261
38095
38844
41832
41454
40010
37754
40780
41648
41688
37627
41723
41538
40972
41054
41472
38772
39977
38678
41253
38717
41731
38063
41697
41741
40475
39295
40305
37907
41318
39536
38638
37808
39018
40993
38236
39743
41771
40585
40114
41446
38123
40775
39252
41831
38672
41759
39325
41786
40509
41330
40567
41316
38480
39766
40203
37765
41959
41559
40082
38543
37819
41776
38062
38063
39894
38436
40026
41032
37687
41000
41461
41605
40574
39265
41640
38214
41344
39017
37727
40412
38378
39004
41131
38679
38534
39381
38289
39511
39530
38130
38922
40864
40070
40716
37734
39666
39472
38357
40056
41371
37664
37773
38150
41356
41523
41126
41504
37793
39377
41749
42005
40998
38446
37817
38057
41368
41591
41423
39985
40667
41800
41242
40631
38506
38177
39128
40593
38685
38417
38313
41387
37901
38724
40704
40115
40417
37711
40565
37679
40358
41324
40921
38199
38932
37698
39745
39249
40356
41809
37765
37983
41720
41638
40253
41433
39074
41354
40389
37728
41626
41745
41745
39654
41459
39132
37721
41338
39010
40383
37786
40554
38375
40537
38079
37880
40752
40845
37648
41759
40946
38788
38855
38352
37700
38462
40286
40104
40379
41296
38095
40038
38916
41461
38238
40029
39551
37897
41609
41599
41765
39162
41771
41582
39583
40761
38356
38541
37865
39840
41362
40525
41590
41748
40816
41416
39061
39081
39054
41381
38738
41574
41719
38505
39284
37731
41799
41033
39739
37599
38695
41755
38707
41335
40615
40078
37617
40614
41585
37748
39955
38042
39273
41643
39401
38018
38015
38531
38926
41291
39069
39811
38634
41576
37669
39718
40746
40230
38923
41537
39729
38609
37593
38114
40752
41664
37901
38153
38391
41730
40588
38696
40302
40471
38423
39547
41412
37952
41779
37834
40825
40781
40319
40620
40768
38807
41748
41671
40444
41812
39191
37737
40885
38327
39623
40521
41571
37665
39492
37650
39528
38768
38525
38022
39473
41418
39098
40283
41206
38497
39094
38826
41577
38772
41155
41284
38221
37873
41842
41693
41635
38039
39825
41543
39642
41845
38710
41165
39761
40017
38261
41654
37643
37700
39086
40246
38580
38946
39094
37761
40954
41086
37970
41438
39779
40038
39575
37700
38208
40029
38290
38886
37787
41724
38153
41636
40630
37851
40509
40404
40811
38126
37943
37838
39418
38243
38856
38659
40573
41251
39019
40500
39239
37769
39805
37739
40994
39009
41209
41509
38516
37807
37975
41732
40195
37801
41298
41175
41226
38006
39218
41789
41828
37695
40731
41246
38268
39683
39824
41675
39122
41074
40076
37836
38470
37767
38125
37767
38805
39227
38006
39932
37801
41972
41740
37863
38359
41677
37791
39909
40597
38714
37871
37618
41725
38027
39137
38370
37770
38628
37624
40570
39417
40906
37669
41866
39011
40532
40450
40422
41561
41090
37889
37863
39114
37891
41111
39617
38676
38528
41531
40568
38399
40402
41462
41368
40593
41568
38533
38999
37823
39411
40071
40192
37739
40294
41269
38661
37687
37684
40949
41025
38697
38623
37671
40014
37634
41341
40871
41481
40691
41730
41499
39324
40223
38189
41260
38067
38712
39635
41745
40735
40729
40951
41565
38693
38265
38711
41339
37799
38490
37843
37745
37815
39501
39720
38072
38858
41539
39698
38897
40780
38435
37668
39925
40990
40982
40131
41685
41708
40747
38183
41659
38352
39410
39019
41693
37756
38886
40802
39760
37754
37908
39348
41740
41651
37858
39436
38238
39854
37925
41618
40799
40206
39371
39535
40288
39675
41154
41769
39148
41485
37857
37799
37714
38221
40017
37827
38043
39895
39590
37769
41345
41344
41774
40424
41115
37747
40582
39738
38020
39275
41703
40066
40269
41595
37741
41713
38480
38419
40460
41662
37986
37896
38480
38074
39106
39685
41407
37975
37815
39293
41647
39610
40356
38116
40430
37713
37736
38327
41660
38266
37708
37667
38599
37787
39265
39650
40295
37910
40255
38963
37724
38581
41815
41636
37777
39971
41427
37713
40178
39656
41771
37806
38604
38491
37993
39634
37824
38718
37743
41403
37917
40197
38435
39960
40508
40402
40376
39498
38992
39626
38872
37803
40051
41396
41560
37737
41811
39066
39816
40907
40413
38080
41028
40925
37735
41447
41100
37857
40811
41670
38965
37825
41790
38122
41791
41830
37817
40238
37737
39354
41042
37748
41349
38577
37633
39732
39908
39314
40149
39204
40742
38547
37778
38576
39213
37879
41679
40578
41255
37711
41812
41149
38205
41387
37714
39227
37867
41193
39549
38404
40294
37762
41624
37778
38266
37935
40927
38448
38391
41519
41142
38890
39217
38511
40826
40218
40067
41734
40337
41646
38910
38026
39120
39264
40349
39807
39878
37691
37834
40350
37624
40342
41115
37955
41811
37854
41647
37888
41073
37892
38252
37937
40338
38451
38456
41828
39661
39886
39981
41208
39020
40089
40236
37699
38197
40837
39096
37694
38421
37858
41516
40221
40931
40340
38089
41476
41790
41741
39557
41524
38402
37978
41667
41658
41711
40882
39049
40514
39614
39507
37728
38580
37624
40654
38031
38992
38379
40202
41022
40250
41564
40124
37816
37682
40958
41703
40196
37718
40785
38025
39111
38836
38893
38548
41604
37984
40550
39404
38700
41031
41018
39596
37707
40388
38766
37768
38274
39097
37620
41394
41638
41179
38687
38544
37750
41816
41789
39929
41695
37955
38306
40381
41388
38980
41769
40126
40138
37843
40897
38293
41905
39963
38430
41386
39364
41744
40845
41724
40632
41632
39313
40816
39409
40195
38452
37687
40336
40171
38994
39164
40324
37616
40305
39444
40504
41335
41149
41598
41636
38203
39920
39684
37741
37863
37850
37913
40557
39843
38934
41002
38052
41304
38773
41615
37758
39869
40010
41633
37831
39847
39181
38258
39802
40681
40044
37777
37807
38133
40423
38084
37592
41627
40955
38961
37744
41060
38798
38611
38872
39279
37632
39789
39567
41548
39186
37648
39527
39161
38765
41179
41105
37697
41419
39669
37950
41508
37877
41592
40416
37641
40131
40987
38646
39208
41829
38508
38824
40374
40718
41511
37644
37777
37803
41480
37800
38325
40424
38453
41600
41611
41903
40114
39662
38734
40943
37692
40807
37773
37577
39065
38330
41717
40484
38943
41474
39629
38242
39261
40245
37895
41855
40871
37613
40322
41257
38220
37684
37844
40941
39030
38932
38543
39147
39910
40253
39854
41711
41570
40013
41278
41751
38001
41260
39659
37893
40495
40522
41769
37867
41077
41714
41094
41785
39817
40970
41685
41407
38608
38070
37819
41718
37720
39750
37997
41636
39474
37787
38141
37865
37692
38687
37768
37802
38930
41223
38300
41540
38823
41064
40207
37660
41474
40779
38451
40528
41143
40479
40415
39064
37735
37681
40019
40811
37624
38521
40551
41466
40484
40072
38562
39330
37734
40936
38373
40843
41753
38993
40820
39954
40524
39568
40029
41280
40327
39978
40203
39749
40088
40137
41436
41523
37774
39513
41041
40177
41300
41568
40456
39692
40607
38672
38941
41076
38006
37785
39897
41613
39750
37792
40572
41677
41105
41643
40463
40256
41703
40067
41223
38965
39000
38998
37783
41537
40631
40303
40764
39670
37829
37667
41523
40602
39737
39085
39438
38916
41438
41866
38403
37661
39585
37721
37876
41129
41448
41294
40146
40502
41004
38617
40672
39291
40022
41656
37764
41651
38428
40697
41059
40052
41700
41676
37814
41200
38074
40794
39240
41592
39276
41489
39615
39356
38336
40846
40560
41813
38338
38802
41398
41836
37835
39296
39659
38255
41079
41709
38178
41800
39271
39609
39663
40795
41041
41745
38267
40378
37832
40517
41528
41323
39296
41149
41916
37747
41003
39647
37766
41616
38977
38822
41178
41727
41659
39041
38605
38541
39463
39915
40488
41444
38611
37807
39816
38443
39327
39876
38062
38724
41684
39826
38476
40016
41640
40780
38022
41653
38638
41842
41846
40304
40325
41860
39330
41900
38523
41280
38915
38610
38176
40640
39729
41819
41168
39388
38940
41602
40014
40692
38639
41755
37897
41808
38943
40230
40440
38116
37612
40799
40673
40961
37792
40039
38487
37728
41607
38820
39060
40020
37904
37710
38130
37798
38769
40610
37861
41641
41668
39064
41224
41911
38202
41057
41574
41296
41243
41657
39034
40941
37626
40708
41689
37966
41044
37881
39507
41106
38793
41047
39637
39852
41012
41508
39577
41115
37763
39708
41595
40871
40553
41515
41646
41219
38091
41669
38923
41609
37697
39844
38260
38456
38431
40018
37794
40692
39371
41374
38646
37821
38113
39463
37864
40944
40916
38857
37687
40235
40764
38168
40878
39309
39754
38588
38726
41654
37864
41556
41530
39193
41783
41869
39072
39451
41011
38343
41814
38558
41738
38861
40394
40490
41618
40722
40348
38192
38991
41770
38088
38411
41832
41620
40140
41214
39404
37703
39597
41239
41628
41504
41698
38643
38894
41852
38433
37846
38718
39070
41334
38068
41704
38388
39323
41335
38000
41568
41607
41618
38227
37947
41804
39438
38156
39414
38825
40767
38967
39998
41574
38504
37735
41709
37685
40169
40718
41502
41367
41593
39193
41105
41150
37675
39064
37767
41189
41705
38231
40263
40629
40631
38216
39007
39131
40358
40498
41622
41674
38272
40357
39171
40972
40474
40756
39028
38024
40470
39062
41648
38356
41053
37850
40826
41553
38364
41649
41789
38415
38993
38212
41718
40228
41717
39241
41591
37899
37631
40297
37791
40403
40745
38664
41710
37756
39349
40957
37777
40834
40535
38458
39180
38791
40087
37946
40511
38951
41657
38499
40684
38963
41626
38249
38580
39530
37760
38581
40200
41720
38310
38687
37746
40721
40884
38008
41085
40543
40975
37972
41825
40151
41197
40272
41496
39080
38751
39811
40135
39547
37923
41563
41379
40425
41208
41601
38527
40288
39563
41652
38234
38605
39451
37915
38332
39693
39333
40169
38357
38862
39048
37983
40048
40413
37719
38049
37799
40898
41621
41844
37744
39497
37667
39001
38032
37772
40448
37655
40107
37663
38883
39903
40428
37702
38572
37854
41732
39248
40562
40885
38733
40569
37808
37964
40923
37915
38076
38349
38245
37767
39099
41457
38510
41775
41413
37819
41725
39930
37843
39122
40501
39261
41282
38404
39431
39476
41640
38457
37641
41664
37863
41832
39864
40018
39597
41395
38922
37934
41146
40670
39765
39589
38183
37908
41536
41503
38912
41358
38020
41599
37685
41653
39468
39760
37888
41756
37703
41744
38544
39632
37735
40872
41633
39930
37626
37582
39216
40636
38980
38904
41569
41138
41088
40987
40649
41522
37586
41535
37936
37763
41113
38939
41645
37754
39918
37811
38279
37783
37953
41472
37725
39716
41487
39718
39313
38276
39837
37683
38818
39103
41487
41685
41472
38163
41866
41771
41600
37841
41601
41839
41584
40769
38249
39083
37808
37818
40920
38618
37613
41816
37963
40870
41851
41694
37706
38377
41361
41515
41349
37617
41493
37717
37917
41475
39050
38131
40161
41191
41330
37851
40049
38878
38060
38489
38185
39407
39030
41745
38001
39777
40752
39449
39255
41729
39863
38516
39699
41452
41959
41423
39298
40977
37597
37758
38222
38349
39065
39393
40630
39373
41137
38700
38429
37965
37774
41624
37715
41445
41727
41446
41099
41129
41112
39104
38543
41740
39754
37646
41701
41653
38119
38659
38247
41033
37714
39817
39233
40268
39180
39997
39349
38875
39148
40442
40830
41213
40298
41910
37850
38703
41105
41682
41538
38684
37892
39619
40842
38009
37674
40218
37833
41699
39632
41197
39210
38812
41559
37687
41314
40682
37824
41576
38220
37694
41741
40429
41271
38372
40355
40185
37912
39502
41753
40756
39667
37707
37769
37974
39255
39462
38759
37987
38081
41245
41284
39560
41667
38959
41382
37777
40391
40821
37738
39830
37869
40854
41553
38613
39083
39058
40757
37791
41264
41410
38988
41518
39377
41062
39158
39564
41024
39785
39076
41362
41330
39129
37815
38594
41306
41673
38271
37895
38033
37870
38928
41807
41483
41593
39297
38011
38053
38558
41728
41686
37987
39947
38801
40533
37955
38281
37763
40170
41389
41044
37802
38773
38249
37858
40783
39281
38322
41037
39650
37677
37659
40541
37795
40093
41254
39419
38480
41576
41780
39996
40353
38659
40761
38488
41780
38676
41610
41522
41621
40461
37930
41686
37980
41262
37737
40030
38085
41829
40970
37908
41205
37762
41242
41822
38701
41221
37929
38418
40468
40333
39884
40439
39382
41691
40719
37833
41720
38526
41199
40604
40402
38774
41043
40028
39725
39722
41780
41467
38241
38481
40615
40492
38727
37988
37849
40683
40416
41645
37967
41074
37886
41549
41774
40713
40278
41842
40175
39425
39163
41221
39372
37535
41746
39209
38023
40809
41355
41706
41783
38977
41688
37595
40713
41642
41695
40591
37643
41638
41885
39267
39776
41727
39223
39262
41417
41128
37809
38033
38526
40218
40092
41345
37769
38337
38481
41126
37763
37876
41186
39091
38255
40401
39079
38682
40743
38868
39964
38789
37853
41390
37775
41143
41407
37829
39212
40006
38660
40167
40420
41626
38587
38011
41582
41086
38163
41652
37627
41264
38445
39731
41738
38945
39381
39267
38449
39181
40063
38080
39611
41032
40576
41496
39461
38226
41753
37948
38091
37905
40215
37741
41723
38087
39391
39616
41825
37604
39752
40634
41579
40702
40981
38922
38984
40335
41688
37981
41757
41427
41428
37673
38384
37978
37894
39425
41103
37977
38618
39533
40464
37721
41134
40591
38619
37926
41300
38143
41397
37607
38052
39406
37535
39907
41399
37582
37806
37846
39213
41813
41830
37835
39047
41556
40880
38057
39940
38626
41870
38918
39555
40900
39331
39713
39580
37755
37733
38805
41449
41938
37645
41435
38741
40548
38972
39645
37747
41779
37879
41251
38875
38529
41308
41064
38746
39683
38107
39977
41026
39438
39484
41278
37689
38611
40452
37927
41657
37664
39698
39253
37748
40937
40057
41693
39837
40154
38172
40415
37771
40139
41232
41589
38790
37667
38528
39308
38290
41320
41243
41847
40481
40099
38166
39247
40989
39698
41626
37803
37643
41648
41192
41624
41279
39636
37966
38741
40777
41256
39377
37625
41785
37676
41569
40061
39705
39664
41174
39854
41510
41239
38878
40838
41214
41515
40808
41269
37663
40742
41238
41327
41644
38837
41222
38103
38282
41851
39550
38879
39154
40682
41296
37946
37677
39213
41764
40684
39612
40780
37704
41550
37832
39324
37892
37836
39148
40149
41106
39787
37904
41131
37808
41962
38446
41267
41529
38902
39295
37804
41266
40849
39871
37927
40042
39448
40332
41072
41650
38176
37934
40151
40075
41748
40262
37652
40726
41787
40967
39388
41511
39714
39115
39478
38890
40734
40300
38491
39723
41101
39901
37831
38310
40394
39237
38736
39648
39553
37764
38950
40413
41832
41526
40579
38377
37954
40859
41007
38632
39846
38463
37836
37688
38173
40833
39853
37999
41599
38205
40189
41781
40412
39899
37946
39096
41748
41740
38534
38897
41452
41884
38376
38340
41073
41550
41027
39778
37936
41313
39464
40695
41417
38896
39528
37738
40098
40189
38666
37976
37782
39323
41199
38467
41713
40884
41634
40780
40960
38770
39983
37887
39992
40502
38887
38504
38104
38613
37706
40686
39586
40145
41561
38726
38164
41589
39369
39726
38387
39752
40929
39733
37732
41524
37937
40679
38801
41419
41616
37992
39440
37538
40482
40117
38946
39675
38282
41746
40098
40909
37778
37767
37792
41718
40939
38697
37698
41354
38853
41242
41681
37748
40828
40342
41320
37723
39062
39779
41552
38267
37832
38133
37974
39143
38379
40263
41283
37606
38218
38439
39434
40525
39287
39738
37949
41049
38414
39184
40122
41521
41250
40311
41264
40531
39493
40053
39718
37738
37772
38143
41569
41872
38264
41275
38947
41495
41617
40815
39697
41326
41764
38598
40924
41639
38647
39527
37668
41108
38085
39626
41477
37819
40592
38891
39674
41180
41776
37634
40378
37807
39632
40445
38465
41801
38671
38624
37741
39603
40603
40430
40915
38986
39041
41382
38129
38715
38725
38597
40555
41835
41414
37717
39924
37882
41649
40038
37928
41019
39486
41724
41736
38356
38328
40506
38098
40996
41466
40438
40923
41612
40488
40985
38187
40120
41891
37663
37929
38161
41677
37820
41807
41122
40964
40632
40707
38361
41443
41181
41325
41164
41622
39835
41637
38336
41501
41294
38574
38863
41652
41700
37722
39987
39038
41079
40584
38533
37839
41073
40389
37828
40500
38242
41668
37675
40279
41666
38006
37744
39082
41351
38583
38769
39469
39309
40989
39345
39026
40616
37806
39176
38456
41551
41777
38039
38041
38780
40663
38140
37837
39634
41586
40514
41620
38310
39247
38190
38272
40437
38056
39368
39183
38003
40947
41749
40698
38449
41802
38294
41847
40350
38237
38561
38581
39481
41660
38605
40985
41470
41534
38774
38437
40291
41067
41326
37832
38145
38062
41529
41383
38403
39249
40468
41562
38253
38635
40796
40462
38805
38267
38031
37658
39289
41666
37730
37982
41824
39970
38492
41688
37776
40498
40304
41020
37699
41272
38169
41505
41062
40457
40022
39920
37968
41570
38880
39641
39866
41525
37774
41853
40141
38503
39867
38028
39471
39968
41599
38267
37729
40747
41055
41322
37966
39066
41165
40593
40323
38345
40216
41303
41760
41194
38133
38657
40231
40467
37759
40908
41560
41763
38222
41244
38121
40691
41060
39622
39480
37688
41379
41162
41497
40496
41785
38822
39391
41424
41487
38925
38241
40685
41543
39304
37966
41082
41242
38855
39862
38834
40129
41616
40339
40651
39997
39581
37946
39351
40395
37784
41697
41609
41479
39822
37738
37611
39593
39270
39543
40646
39611
40960
37715
41815
41165
40735
40066
38812
41082
40085
37703
41555
41516
41667
40854
41124
41578
38656
38272
38571
38248
40604
40233
37671
38397
40251
38893
38432
41480
41226
39928
39346
40596
40483
39483
39552
40702
41489
38778
40885
40648
40783
41372
39065
41841
39132
38354
41810
39174
41790
38919
38422
41111
37842
41868
39533
39016
38364
41643
38005
40288
38858
37746
38639
39504
41838
37763
39917
38423
41326
41687
38463
40456
41674
38131
41375
38058
41180
38620
37764
41810
40605
39891
38473
39690
40009
41729
38893
38579
41476
37708
37796
38849
37866
38793
38917
38576
38107
41664
39829
41836
39262
41555
39357
41428
40050
41648
40861
41600
41303
39257
41359
37902
41475
39548
41749
41569
41652
39559
38925
40996
37749
38871
41682
41822
38748
39215
38021
41788
41783
41750
38308
39067
41750
39548
39793
39038
40204
41741
38688
41835
39196
37738
38696
38222
37726
38542
39250
41780
41740
38886
39290
40995
37679
40877
41445
41684
41628
39220
41039
39771
41416
41312
38725
38961
41855
37735
38144
41128
40534
38627
41013
40891
40675
38035
37832
38119
37923
38646
40116
41595
39624
39344
38939
39028
39524
38750
41078
40735
38015
39328
38918
39600
37916
41674
37771
38095
41457
38207
38267
37911
40927
37775
40274
41393
40363
39456
40837
37775
37724
41761
40558
41212
39073
39818
38421
39562
38869
39341
37800
39754
41925
37743
41567
41600
38823
41690
38040
39465
41586
39918
37672
41610
37755
39298
40366
37871
37904
41683
39991
38680
38906
39656
39845
41796
41829
41443
40821
41731
39460
38899
40620
39744
37693
41392
39897
41628
37869
39528
39533
40312
41127
40951
40521
40672
41892
39367
38935
41315
39530
38403
38230
37934
41603
41692
38610
38038
37627
38194
39213
40859
38570
38484
39428
39459
38919
41329
40795
41049
40583
41315
41190
38050
38031
37757
39194
39420
37857
40633
41569
40663
41902
38306
38866
41734
40646
38214
37851
41109
39720
39996
38103
41522
37992
40931
39665
37772
40597
38501
38824
38658
39377
41869
39524
41702
41463
38658
40300
38953
37719
38159
39866
40960
39500
38268
40397
38634
40525
41760
40749
39588
37703
40748
38521
41677
39638
40036
37705
40864
41061
39278
40223
40142
38999
37609
37700
41513
41510
41713
38026
41273
40200
39282
40643
40184
41520
40817
39765
37812
38312
39063
37767
38551
40629
41554
39206
41351
38884
38144
39286
41582
39038
37659
38934
41714
41765
41571
38035
41636
37962
40975
40883
38385
40826
39368
37981
40379
39044
40434
40320
41323
41321
37986
40461
41429
38508
41224
37709
37651
41110
39935
39748
37857
38073
37606
39054
38191
39636
37897
37920
37614
39789
38399
38181
41844
41085
37761
40738
41697
40970
40430
40330
40190
41802
41739
38975
37959
39584
38551
41735
41448
37770
37622
39726
38295
41792
41753
38815
38206
39750
38936
37745
37653
37829
37707
40243
41655
40945
37735
40902
38710
38035
38800
40241
37743
40779
41697
39849
38595
37832
41554
41430
40335
38706
41019
40976
41906
38184
39286
37761
40550
39951
41265
41780
40697
41691
39220
39351
37993
41434
41636
38008
41043
38239
37567
41234
40774
39508
37927
37683
38649
38461
40590
41378
39868
40903
38998
39321
40879
41552
38434
39298
40581
41815
38952
40847
38301
38279
38336
39768
41640
40468
39231
38548
38910
41709
38029
41036
39101
38551
41954
38224
39408
39425
40957
41432
39147
38256
41658
37987
39752
38158
41673
38157
41690
41815
38588
39966
41349
39445
37779
38197
41375
38181
39788
41598
37750
37788
37834
39048
41313
41860
38580
37781
37636
40473
40125
37959
37720
38117
37612
38172
38151
39103
38398
37649
41610
37825
40077
41292
41123
39804
38043
38022
40500
40611
41793
40251
39416
39229
37831
40105
38427
41117
41621
41727
40927
38901
37972
37982
38770
39290
37558
39822
39393
41135
38386
40818
41261
39839
40571
39479
38165
37984
39447
41857
41378
40747
40820
37796
41403
41363
40494
37764
41165
37686
37907
38518
37925
41747
39300
37919
40438
38067
41436
40855
38148
41710
38442
41912
38887
40482
37898
40917
37885
40733
37609
39563
39060
40273
37816
40525
38042
41568
39518
41760
39683
37767
38501
39985
39404
39010
41619
41603
40000
38839
37768
39639
39624
40282
38065
39491
40508
39013
37999
39838
38813
38266
38345
37759
41430
37894
41610
38477
41103
38941
41433
39008
38343
37814
38697
41859
40603
41293
39009
41587
37783
40972
41648
41235
40726
37884
40018
37999
37770
39796
41670
41264
38342
39868
38133
41233
37802
40559
41628
41338
40562
41739
38564
38824
37879
40041
41705
40672
37735
40969
39007
39850
39245
41798
39930
38257
37750
41849
38685
38566
39838
37728
41810
38314
39685
41548
38291
38180
39497
38139
40880
40527
37923
39186
40119
40825
39725
39973
39247
40517
40437
41550
40768
38000
39350
41474
41669
41668
41839
37769
39025
39426
38652
41748
39572
38026
38028
38761
40558
39223
41582
39131
39043
38982
41476
39807
37797
37696
40255
38194
38366
41694
37682
37629
39935
40033
41350
37752
40462
37772
37839
40531
40679
40902
39813
41514
37780
40990
40146
41746
37675
40763
37923
41403
41053
38556
38907
41549
41875
41557
41206
41107
37966
38511
37742
37618
38266
39458
40916
40584
37669
37946
41309
38770
38154
38072
39728
37677
41643
37702
38917
39574
39271
38533
38156
39192
41774
38359
38423
38599
39929
37620
41802
40018
40892
39168
40265
41661
37622
38177
39718
40648
40142
41448
37902
39217
41093
40423
38438
39292
38755
37649
38237
40337
37651
39820
39610
38129
38479
39139
38671
41384
41044
41163
41309
37684
38846
41698
41456
38119
40694
40482
41656
38003
41600
37920
38276
38566
40737
38072
41571
40446
39447
37804
37676
39252
38656
37775
38014
41677
38507
39214
41185
38204
41274
39936
37804
41442
38360
41613
41290
38355
40698
40204
41253
41815
41296
39273
38806
37832
39843
39692
39175
41581
40694
41575
38575
39812
41762
41944
38289
38588
38051
41255
40670
40358
39016
37668
39830
41701
41314
37732
39674
37720
38473
39523
41725
37789
37623
39641
41011
38849
40225
40574
41068
38476
41360
39113
37977
41091
40350
39464
40971
40616
40760
40327
41698
41115
37919
41614
37718
38252
40108
41832
38183
37667
41369
40811
41886
41017
37828
39452
39166
37888
40993
41823
41657
41341
41589
41657
40995
41702
38709
38787
39210
38116
41652
37899
37742
37576
41115
41233
39314
39408
37758
41613
39049
39303
38001
37975
40318
38045
38656
37843
41556
40790
41331
40482
40184
40168
40466
38555
38173
39954
41122
41421
39050
37875
39409
39753
38266
37754
37820
37723
40296
41752
40195
37683
39580
40416
38889
40384
40955
39569
41186
40249
40333
38826
40268
40755
39036
37885
40239
38222
39878
40802
40017
37706
40956
40224
39638
41770
41067
37695
40967
39669
39465
40943
41379
40012
41448
41513
39981
37769
38707
38041
41803
40384
41728
37686
39677
41675
37982
38498
40172
38266
41747
38843
38608
37603
38909
41771
39477
40997
39856
41504
39584
39933
38488
40115
41057
39249
38390
38981
37773
37949
41413
40175
39964
38712
41365
38762
41371
41630
38890
41350
39615
39793
40566
39437
40709
39562
40736
41649
37988
40508
40937
37980
40928
40211
41058
41758
37682
41434
39436
38810
41526
37959
39844
38708
41615
37696
41620
38532
37998
39757
39128
37678
41618
41512
41715
41418
40091
41490
37832
41573
38302
41418
39199
39100
39657
39260
39536
40545
41138
38480
39494
40399
38727
40067
39206
41249
37788
37573
37872
39025
41609
38724
37929
39483
40410
41026
39661
37909
41512
39277
37798
38626
41820
37751
41771
40423
40319
38241
38828
41145
40454
41772
40289
40701
37714
37862
39726
39920
41773
41382
40041
37677
39715
41219
41424
39865
40633
41385
39472
41473
38999
40006
38529
38533
40207
37755
38505
40634
41489
38718
41656
39954
41540
40441
41775
37823
41778
40579
37918
38058
41668
38282
41236
37733
37759
40360
41612
41804
40641
41762
39704
41477
41623
41778
39985
40374
40194
39444
40467
38330
37913
38619
40778
41029
39476
37723
41860
38220
41679
41625
40496
41589
37838
38697
39065
41616
37637
39600
39463
39005
40374
40451
40552
40929
38140
40795
37807
39528
38614
39618
39410
41749
39592
38888
40905
39494
37963
40753
38980
38562
39176
41347
41788
41483
40457
39117
39028
39087
40366
39967
37795
37804
39646
41817
41205
38813
38428
39462
38130
38309
37718
38149
38643
37681
37815
41801
38841
39252
37764
41822
41151
38612
37762
41181
37670
37836
41083
41674
40549
38077
40235
41196
41713
40947
38913
38272
39294
37745
38496
38564
40743
40529
41936
40627
37735
38752
38075
40001
41669
38574
41097
38160
39481
38153
38402
41329
38364
38183
39508
38394
38672
39954
41683
38525
40032
39507
37822
38736
39385
41687
39657
41776
40479
38015
38811
38519
40886
38272
40402
41794
41340
38394
38284
38580
40530
41918
41640
38754
41639
38951
41815
38720
41076
37792
37794
41800
41030
41641
37857
41902
37780
37764
41539
39984
38170
41285
39723
38846
41072
40845
37798
41224
40708
38923
40113
39952
37996
39321
39710
39852
41644
41632
39433
41935
41119
37958
39188
41444
38200
39878
40842
38318
38065
39151
40853
41849
40577
39870
39610
38445
39136
37827
41753
39987
38277
41267
38013
39209
41675
38229
39101
40933
37731
39978
38339
41818
38053
41726
37824
37745
37977
39726
39191
39244
39104
38014
40992
38900
38064
40844
41088
41149
40865
41288
38574
37680
40897
40533
39557
40516
38616
37750
41346
40493
39986
39904
38183
41709
37942
41380
38161
38615
37769
41624
37699
39708
41424
41318
37723
40183
40737
39365
41610
38681
38760
38741
40481
40173
41635
40067
40165
40336
39862
40859
41501
37679
40145
37736
38787
40766
39353
37920
38002
38096
38790
41813
39053
37854
39237
39193
39563
38585
37733
40188
41623
40544
41502
40534
37992
40047
38193
37761
40639
40286
40963
41137
41635
38200
40322
41672
41759
41367
41142
40882
41883
37805
40402
39347
40653
38287
37790
40446
38459
38016
39547
40159
41747
38442
41589
38723
38525
40664
40474
41713
41600
39654
37785
37668
40979
38636
37760
38197
37881
41766
37738
38731
41681
38519
41765
39898
41657
37843
40997
38447
39883
41698
39437
37877
38210
37977
39495
40823
39893
38889
38358
40802
40356
41712
41768
41021
41618
38144
40188
37842
39560
39184
39727
41367
37821
38663
38737
41499
40900
41500
41743
37813
40703
41031
40711
38169
40912
37902
41317
38095
41689
38114
40455
37878
40483
37931
41182
37764
41412
38051
41248
41697
38527
41804
38884
37887
41810
40637
41636
39354
39216
38139
38192
40813
37802
41121
38857
38231
41800
41346
38183
37747
37969
37660
38488
41609
39048
38730
37949
39461
41595
41714
37745
41619
41683
38548
38037
37787
39188
40958
38555
37788
39575
40565
40733
41687
41512
41669
38268
41340
41828
39620
39837
37587
40166
41803
37715
42009
37804
38999
38203
40409
38143
40806
37758
38911
40302
38888
38102
39333
41510
39276
41047
38688
38699
41718
38931
38784
41835
41593
41682
40213
39993
41308
41485
41838
38050
40707
41589
41511
39650
38206
39065
38545
38501
40622
39815
41526
41185
41733
37900
39501
39829
41186
38328
40897
40090
40654
37808
37826
37887
41028
37713
39217
39085
40678
38104
41154
41649
39934
38538
37656
40836
41732
40586
41418
41271
41551
41303
38673
39905
39849
39086
41583
38208
40903
38035
40998
38575
39075
41726
41769
39537
39207
38616
38527
39789
40994
38719
39445
41841
38967
40250
40302
38307
41728
38967
38196
41648
39308
37854
40496
41280
37708
41527
37695
40955
41656
39459
41151
40083
41530
39805
41538
37910
37610
39692
41709
37643
41753
41882
37843
37919
40357
38638
41961
39491
37864
40109
40139
41438
40263
38711
41776
40047
40122
38161
40906
39804
37706
38890
38225
38177
37534
38534
38672
41014
41419
38029
39709
38276
41378
37764
38351
41701
38958
39309
38176
41400
39939
41668
39278
38288
39457
37690
41087
41702
41633
39447
37707
41340
41492
37736
39401
38082
40818
39909
39513
41726
40542
41999
41311
40602
38732
39119
38487
38116
39503
40630
37903
40541
39493
37701
37618
40388
39204
40749
40350
41215
41424
41461
41840
39056
37807
40097
39103
38367
37751
41225
41530
38830
41071
40929
38520
39448
38370
41351
41149
40833
41841
39851
41227
40037
40533
39523
37934
41768
37595
41727
37974
40980
41449
37670
38654
37774
41632
41491
39098
41231
38463
37685
37716
38111
38896
38216
40674
41794
40436
39098
39098
40061
40179
40593
39564
41807
37890
39785
38991
40978
39896
37869
40076
40954
41871
38723
40490
40145
37540
39292
37658
39736
39897
38228
41347
41183
39743
38106
38654
41259
41242
39744
39844
37907
39466
41212
38006
41162
39906
39156
39922
39174
41786
39686
40923
37892
38568
37627
38565
39646
38032
38362
37759
38822
38349
40671
38847
40605
41447
38056
40038
41675
38990
41333
41463
38448
38238
38587
37808
37650
40456
41004
38241
41798
38376
41205
38937
41310
39211
41096
41276
37702
38926
41511
38137
37953
37943
38196
39334
38738
37702
41295
40784
39975
37771
38435
38029
37781
40824
41583
41402
39932
39549
39678
38363
41364
38459
39819
38865
39060
39678
41579
38462
39251
37981
38778
40179
39796
37851
39914
38608
37941
38131
38996
37953
38783
40886
38882
37710
40028
41775
38448
40580
40755
41596
41683
39493
39522
39398
37652
41657
40810
40613
38452
40857
39053
39809
41696
41269
41070
37774
37766
38857
41178
37907
41031
38784
38407
38380
38851
41676
40989
41040
38729
40521
41116
38299
39898
40189
38402
38069
39671
39372
40543
39141
41724
41325
38064
40646
41591
39546
39927
37734
37846
40321
39629
40898
40790
41494
39685
40090
38891
37835
37901
38339
38961
37805
40717
41882
38309
38714
40160
41532
38051
41493
41054
39309
41327
37858
41108
39619
41394
41066
38298
40443
37977
40963
39423
38149
39974
40996
40859
39731
41112
38925
39916
39953
39708
40269
39016
37693
41295
37887
41806
40279
41894
40562
38834
39004
38509
40411
38277
37673
40710
41150
40912
39188
40418
41436
39869
41312
41668
39589
38287
39445
38413
37917
40604
39315
40828
40597
40069
39691
41359
41241
37946
41363
38259
40684
41732
41702
37837
38170
37708
40887
39380
37643
39201
37602
39033
37754
38242
41759
38685
41348
40629
41668
41573
37895
41068
41150
41054
39352
40574
41743
41153
41133
40259
40382
39584
38607
40127
39542
38604
38461
41704
40623
38566
39997
38320
41414
40641
38670
41623
37874
41796
38969
40824
40131
39708
39542
41023
41704
38412
41880
41917
39714
37942
39058
38583
41643
37904
37987
37824
41681
38123
41444
37756
37731
39494
41647
38672
39072
40711
41813
38036
38264
40890
41018
41221
39696
41680
37878
40246
39031
41012
41557
39444
40161
40338
41472
37987
41326
40380
40533
37700
37952
37701
39435
37671
38018
40824
37700
41518
41605
41395
41603
37903
37922
38793
41317
37847
39716
41007
38954
39429
37821
39650
39686
41670
41835
38033
37819
40377
41732
38740
37726
41704
37866
37720
38311
41397
40140
38173
40443
38902
41754
41546
40746
39168
39771
39969
41930
41779
38956
41486
41580
40048
37718
40504
39899
41015
40949
38508
39280
39425
39460
39160
38068
40278
39714
38142
39916
39557
39799
38144
39201
37934
38978
40659
39176
41628
40527
40148
37749
41767
41591
38255
41867
37678
41473
37961
39070
40091
41788
41665
38171
39781
38468
39965
38837
41641
39581
40170
37874
37726
41487
40889
38388
41216
40065
39603
37693
40353
37756
38240
39163
40333
39001
39769
40505
37872
39774
40054
41553
37946
40369
40845
37785
37881
41803
41379
37784
38359
41087
40934
40954
37843
40441
41623
40397
40447
39067
40547
41801
41706
41623
38187
41699
41032
40187
39044
39982
37733
41420
37695
39766
38025
41345
38466
40226
38908
40732
41034
41659
39628
37944
39600
41007
41781
37771
41754
37915
39683
41703
41811
40433
37878
38018
39722
41845
41819
41661
41539
41618
39564
38056
41829
41004
38534
38284
41236
39508
39987
40033
41525
39181
41139
41636
38495
41747
37657
40994
38791
38351
41058
39661
38881
39746
41163
39820
39223
40452
41787
38856
38487
40905
39697
39335
37918
40254
41675
37884
39303
38580
40273
40401
38913
41456
38376
38537
39429
41011
40569
37672
41784
39505
40065
37814
41808
38593
37969
38124
40165
41681
40158
40551
41519
41191
41556
38571
37777
38183
37776
40152
38675
41761
38178
40556
40022
39778
39648
41734
40973
40788
39338
37921
41627
39297
41840
38180
41621
38255
41527
37717
39576
40656
39240
37602
38318
39154
38598
39278
41699
41831
40325
41306
40419
41183
38652
38753
41611
41443
38568
39346
41253
39126
37766
41309
37715
40117
39108
39484
40384
41113
38707
38154
40326
39549
39942
37928
37832
40040
37634
37996
38114
39817
40787
41805
41167
41155
41871
38603
38049
41409
37722
39536
41249
39779
38394
41297
39061
37680
37984
39943
37953
37786
38414
37575
40862
41824
41786
38228
40544
39441
38385
37703
37831
37761
41718
38808
37799
41752
38988
40571
38369
39593
41166
40993
38079
38339
37574
41053
39214
37599
39707
41738
37642
41440
40765
40001
39074
41482
37954
41691
38083
40897
41088
41504
39159
37909
39860
40704
41467
37884
38408
41367
37918
37795
41455
41643
39486
41407
41249
39318
38126
41560
41632
37685
41722
37775
38220
38211
41736
37737
39833
41258
39656
38419
38021
39307
40807
38550
41719
41064
41688
37764
40510
41223
41343
39073
37845
38063
40442
37801
39066
41271
41333
40434
38462
41511
37854
38743
41401
40363
41769
38456
37671
40167
41675
40002
38344
37786
38970
37739
37830
40796
41242
37889
40047
38346
40069
38313
37750
40651
40248
38886
37721
37908
39043
41674
40293
41683
39044
37738
38918
38925
37778
40132
37657
39196
37764
38038
41628
41584
40458
37843
40833
41644
41698
40844
37718
38875
39623
41634
39215
41084
40265
41515
39549
41143
38332
38171
40850
37851
41151
41547
41068
37760
41348
37729
37694
40302
41752
41622
40988
41687
41401
38044
39836
38311
41054
41100
41788
37571
41750
41681
37860
40734
37736
38597
39523
37721
41660
39798
37653
41134
40341
39410
41170
38653
39629
37835
39525
41379
37714
40627
40392
41054
41120
37936
41766
37781
38203
40181
37996
37944
37938
40555
39257
39684
41427
38836
37811
38983
38413
38691
37747
38926
41665
39803
40518
40849
38336
41015
40483
37878
39573
37772
37852
39345
37760
41142
38029
38429
41377
38111
37713
39402
38144
41654
41463
41788
40332
41810
41299
38051
38126
39538
38142
37916
38024
40179
41748
41452
39648
38770
38300
37941
41531
39517
37752
37890
40365
38435
40288
40571
37682
41525
38115
38323
39329
37675
38907
40117
41921
41653
41036
38892
37836
38182
40081
40797
37690
38521
37836
37982
37689
39402
38891
40936
41545
41728
40380
40082
40944
37837
41623
41614
38781
39172
40483
37790
39472
38777
38205
38118
38886
37622
40691
38055
38199
38645
38043
41559
38179
38200
38843
38854
39771
39523
37792
37703
40163
40471
37728
37742
40322
40704
37630
40904
41416
39723
40536
40784
41638
41100
38181
37641
40856
39717
40836
38011
40009
41008
38130
37951
41744
38727
38263
37597
41479
38003
39019
38414
38635
40210
38915
39967
39747
40495
41347
41336
40497
37844
40754
38916
40842
37685
41819
38207
39795
38675
41432
38501
40230
41723
37742
39859
39741
41033
38333
39575
39080
40981
41250
41564
40613
40222
40985
40554
41802
39261
41605
41749
37731
40714
41586
41075
40125
41877
40491
37694
40327
38969
38491
39187
40919
41391
38791
38542
41506
39209
41628
40894
41800
40912
37648
37527
38255
37792
38803
37680
40263
40326
37862
41641
37724
40570
41478
37795
38711
41560
40934
41763
39217
37602
39543
41447
39645
39347
37760
41596
40271
40558
38247
41775
40100
40015
38308
38439
38109
38369
38500
37782
41572
41867
38657
40857
38936
38338
38516
38179
40772
38450
39676
40361
41664
41537
37809
41223
40844
41881
39957
41238
37895
41717
39887
41650
38457
41689
41568
37842
40665
39879
37664
38588
37778
38169
39777
37872
37751
41106
40274
40066
37811
37810
38848
41259
39452
38334
39826
39860
40059
41725
41656
40811
40854
37560
38284
41541
41750
39381
38471
41643
39757
37795
41353
40670
40281
41656
41728
41688
41562
41666
38084
41195
41636
41846
41723
39048
37938
40633
38854
41591
39010
41743
39679
37800
38486
37742
37909
41202
38574
38415
41879
37937
41313
37837
38672
40654
37796
40947
40524
38608
39571
38732
38465
38897
37647
39032
40883
41507
40182
40325
38378
41079
38966
37722
40222
39286
40843
41881
41588
41743
39750
41350
41671
41523
40966
41603
41275
37923
38417
41474
40404
37748
41160
40795
41420
41441
41422
37953
40921
38197
39068
41469
41360
40439
40121
41612
41349
40834
41669
38384
39560
40668
41764
41273
40802
41289
37721
41664
37664
37697
39891
41758
38367
38320
41346
37763
39537
37981
41377
41413
41443
38476
39304
37727
38881
40911
39006
37583
40520
37720
41854
37592
40131
37887
38362
38426
38857
40367
38237
37849
39186
38082
40982
40005
38999
37983
38496
37923
38721
40901
41539
37850
41825
38389
37628
39324
41191
41801
38351
38707
37869
40696
37780
37976
38228
39521
39466
41559
39015
41118
38629
38433
40755
39949
38601
40189
37649
38908
38671
40148
37724
39170
41446
41576
38002
37826
41458
41943
41070
40902
40164
37707
41408
40533
38267
38266
37974
40571
41659
39926
41420
41736
41488
37998
41754
39267
41667
41698
40132
41681
41532
40137
41838
38101
38585
39008
41733
40331
37593
40408
41723
40981
38167
40566
38961
41143
39658
41700
38227
40928
41264
40398
41014
41698
41784
39778
41515
38119
40710
40875
39267
39372
41165
40804
41772
39746
40912
37679
40041
37930
41420
41078
37853
37590
40534
41699
37966
40608
41720
37883
38317
41763
38019
39034
41621
40638
40200
41538
38148
41808
37699
39855
41123
40736
37913
37610
38244
37647
39767
38216
38209
40385
40248
41877
39170
41750
38092
40437
41172
40566
41973
38910
37835
37730
40177
41476
41595
41019
41184
39580
40624
40624
40358
38077
39719
41718
41259
38572
40312
41158
37559
39562
41631
39748
38149
40726
37686
39774
38542
40581
39056
37789
39653
41669
37814
41254
39031
39385
38521
41120
41350
41141
38944
41106
40283
41415
38281
40283
38464
40680
37776
41861
38908
40880
39776
39148
39409
39284
37807
41394
39359
37673
37903
41369
40069
37823
39358
41748
41483
41403
39888
38153
37862
38462
41606
37921
37689
40608
37963
40344
40431
39339
37730
40655
37734
37934
40658
37982
41318
40495
38868
41657
39670
38600
41933
39002
41083
37837
38388
39174
41458
37891
38132
39542
41030
40578
41698
41744
41560
37970
41132
38659
39613
37947
40742
38691
39282
41581
38175
38859
40101
39341
41704
40980
40460
41549
41279
38575
37791
39028
37977
40209
41458
39158
41897
39455
38983
40354
37731
41775
40721
38614
39810
40549
39244
40989
37634
41661
41579
41706
37976
41341
37746
37810
38925
38165
40878
39671
37767
39197
38428
41450
37808
39305
41289
37857
41634
38023
41746
41757
41911
38365
41542
39637
37569
41613
41432
37756
38251
41442
38456
38203
39236
41251
41686
40245
40918
38042
41989
40476
37671
38189
41768
41672
40687
38011
38518
41637
39257
39699
37669
38522
40959
39869
40487
39375
39321
40963
37659
39625
40818
40103
38324
37908
39310
40950
37822
37691
41720
38471
38120
38457
40652
41398
37843
37566
41173
41350
40576
41103
37825
41801
37779
38411
38026
37811
38705
38651
37870
38071
38739
40805
38466
39109
37836
38796
39235
38788
41074
39389
39775
40623
39357
41156
41401
37753
41587
37866
38496
40820
38091
40352
38817
41109
40193
41152
41179
40706
41845
39368
41705
38246
41651
40743
41273
38573
40814
37593
40160
38940
37795
40515
41676
40746
40572
41348
41852
40057
39661
39140
41504
41449
40641
40803
37745
41336
39441
41226
39551
39206
40874
41580
40268
38297
40985
41455
40737
37669
38119
38341
41000
41020
41650
37821
41154
38898
40152
39610
38100
40606
39762
41000
41454
41872
39073
41933
40835
37954
40680
38184
39812
40050
38952
38917
39667
41093
41163
39155
37965
38611
37713
40672
37900
39445
38390
37701
41650
41467
40845
40914
41232
38341
40097
40691
41369
40141
38174
38779
40986
40666
41732
38769
40984
38556
41346
40146
41729
41482
41194
41580
37990
37809
41820
37603
37672
37967
38092
41567
40519
41572
39956
41658
41144
41672
38883
40646
38383
38432
41621
39553
40704
40809
40131
41683
37827
37801
41588
40258
41095
41803
41502
38144
38582
41647
41441
37755
41186
38079
37926
41324
40440
37761
41681
40729
37745
37784
38968
37849
41271
41677
41726
39029
41481
39416
38347
39659
40313
41645
39316
37734
38093
37674
41685
40840
37709
41488
40968
38483
38885
41254
38525
38758
40577
41666
38876
41418
39130
41828
37798
40399
37859
39405
37702
41408
37607
39359
37701
41128
38969
37741
38651
39368
38849
40018
39936
40654
39259
38996
41355
41868
41023
39212
41744
38236
38713
41816
38884
41604
40109
41547
40578
39828
41552
40304
39705
38299
38408
41608
38659
41752
38705
41482
38381
40384
38835
38435
38295
38975
38095
37968
37760
41249
38031
41459
40806
37763
41150
40469
41153
40449
37848
41679
37724
39441
37720
39601
39575
40124
38132
37763
39104
39736
38261
39574
39294
39928
37966
38596
39985
40197
41344
41782
41612
37775
38392
38735
38562
41807
41456
39158
38598
39606
38790
38987
40929
38876
38017
38513
40702
39756
40180
39371
40639
41646
41626
37957
38021
38216
37715
37652
40827
41143
38443
40429
41096
41522
38465
38046
39612
41798
39120
38547
39713
38328
40121
41847
38445
41816
37814
37612
38356
37729
37784
41406
38268
40779
41635
37704
37774
41456
41135
38396
41044
39161
37733
40648
37606
38789
41556
39680
39027
38698
41664
41632
41827
38503
37728
38279
41706
40556
38495
38128
41238
40010
41710
40706
41242
37839
37689
37732
40562
39230
38669
37711
40858
41736
39801
37588
41670
39346
38092
40941
39883
37731
38634
38113
41063
37803
41131
41694
39583
40934
38387
38971
39291
37832
40495
38716
38408
39537
39701
38080
39153
41480
39647
41600
38727
39183
37778
40717
39898
41662
38006
40485
40864
38454
41103
40980
39914
38804
38028
37716
41449
38418
41028
39404
37747
37733
40038
38818
38014
39496
38410
37736
40116
41361
39513
38312
38663
41693
41490
39926
37736
38558
40010
38192
41690
37980
41508
39496
39942
37773
39631
40035
41511
41511
39752
40245
38047
38087
39113
39441
41133
41588
41564
38340
39705
41206
37721
40310
41964
38528
40580
40644
40409
40149
39506
38837
41675
40355
38230
39670
41848
38016
40678
38657
37997
39053
37802
37903
39765
40249
40417
41717
40779
40835
39379
41728
37717
37828
41347
37833
41738
37827
40678
38559
41813
38327
39364
37919
41795
38391
37695
38617
40378
41633
39758
37786
41560
38130
39366
38622
40972
40052
37718
41636
41660
37690
41032
41512
39720
41287
37788
37907
41762
39083
38885
41714
37699
38508
37951
37706
41499
38725
37606
37730
39128
41003
38529
41683
38778
39950
37970
37703
39312
40887
38635
41370
40739
40629
37707
40600
40549
39459
39939
39755
37869
39525
41793
40195
41492
37690
38699
41628
37733
38139
41552
39562
40090
39524
40018
40344
40846
38866
38723
39620
39867
38417
41532
38908
39951
40037
41584
37804
41607
39455
37727
40352
38356
39368
40155
38183
37854
41662
39883
38866
41434
38857
38697
41437
41539
39745
40723
38840
39215
38356
38260
38148
41605
40951
38012
41609
40369
39225
37880
37642
38007
39059
40503
38133
40541
39821
41631
37748
41383
41141
38066
41278
39633
37841
38385
37566
39619
41864
39372
41383
41353
39948
39882
39242
40436
41316
41676
40597
37582
40280
41030
40583
41508
41188
40007
41897
40487
41206
39302
40952
40244
41875
38745
38487
38239
40341
38147
41640
40142
37716
37604
40066
37963
40562
39416
41894
37914
39609
39709
38380
37814
41264
37742
37691
40913
40334
37733
40196
39263
38446
41672
41484
40691
38599
40582
38215
40999
41007
41665
41398
39869
38652
41393
41049
41331
41655
38991
41546
39735
39443
38631
39322
41671
37693
40075
38145
37799
41820
41386
38773
41347
37881
40799
41502
37823
37863
40158
38912
39855
41346
37978
41008
40429
38424
39176
40500
40554
37738
38187
39422
41022
41575
41907
39251
39244
38889
41701
38535
39709
38464
39053
41629
39350
40982
38647
37931
38738
39647
40066
39272
38748
41104
41858
39561
41519
38313
38462
39828
40895
37731
37805
38810
41412
39700
39217
41223
37939
40211
37694
37624
38513
39355
38201
41837
37749
38225
41574
37650
39685
41751
41127
37934
37650
41182
41457
37884
38364
41652
38827
38209
40559
41699
39259
39825
37935
37847
41756
39981
37687
37685
40641
41803
39927
41745
41786
37965
37791
41696
40242
40292
37830
40273
39252
39563
38390
41231
40728
41541
37814
37989
38358
38500
38297
40809
39237
38781
41633
40290
39465
39966
39528
37759
40698
41735
37552
39150
39477
40112
40974
40291
40620
40868
38490
40459
40779
37999
40109
40085
41637
40408
40831
37955
38302
39069
41350
41597
38779
37785
39666
38662
41464
40257
41400
38575
39098
38598
38532
41555
38282
39880
39192
40739
38160
39657
41653
41265
38408
41454
39273
41439
41174
38056
39565
40331
41052
38816
37835
38225
41100
41666
40500
41176
41631
39949
37717
41513
37848
41895
38896
41351
38118
39060
37647
39114
37738
41526
39956
40306
38870
38865
37876
39451
40757
41537
41360
39174
40803
37723
40527
41814
41162
38140
41076
37908
41292
41652
37588
38195
37846
40504
38926
41452
41381
37640
39110
40840
41856
41279
40801
40317
37677
37733
40106
41319
41772
38397
39443
38685
41427
39515
41342
39579
37906
37794
38305
40314
40996
41808
37659
40935
38903
41556
41602
41725
41709
39764
41476
38001
41195
41492
39898
39295
40262
37927
38390
39239
41734
40605
38215
39143
40279
40461
38205
41169
38211
38791
40029
41800
41557
41278
41351
39700
39501
38556
41739
38889
40538
39014
37848
41091
38974
39409
41577
37776
38043
41482
39667
41812
40320
37651
41679
37809
41836
39108
40506
38119
38436
41613
40259
40860
40052
39625
37818
40184
38159
41659
39791
40442
37730
37801
37721
39408
37682
39241
41523
38756
41134
39745
39362
38888
38681
37783
38390
40791
39182
40584
38050
37841
40526
39260
37759
37558
39817
40504
38223
37649
41163
38338
38080
41659
39380
39473
37792
38503
40362
39878
40549
40339
39695
40567
38221
38081
40595
37921
41624
39707
41680
41126
38607
41328
37919
41740
37852
38320
38007
41401
41663
41798
38334
41382
40601
37822
41720
41046
41065
41180
37717
41763
37940
41506
41705
40509
37788
40808
41462
41635
40904
39384
39062
40264
40973
38398
40119
39741
37709
41392
39721
41515
40026
39897
37851
41726
38871
40045
37928
38385
37738
39574
40724
41264
41372
41371
41669
41211
41565
38895
41591
40023
37799
37725
38202
37922
37766
41219
40677
38735
41436
41986
38042
39517
40831
41052
40325
37801
37742
39245
41300
41319
41546
41705
37821
40613
41083
41632
39108
38125
41512
41836
38208
37935
37949
41674
37623
41875
41534
38759
41120
40189
41458
37791
41540
38609
38079
40640
37847
40683
39031
39392
41325
37840
37655
39401
40146
41855
40439
38681
41655
41701
38162
41106
37757
41249
38745
40658
40913
37715
41699
41741
38084
38327
39566
41383
39204
38008
39899
41811
41339
39826
38229
37827
38566
39858
39596
41440
39568
39903
38412
37695
38265
39619
38815
41417
41646
41421
38211
39387
37872
39917
41025
41346
39820
40729
39872
41808
39139
39745
41116
41224
40427
40434
40513
37768
40266
39941
41713
39647
37738
38881
41550
38401
38027
39729
40422
38252
38544
40660
40542
39741
38743
38959
39633
38084
39401
41597
37747
40341
38380
40407
40597
38489
41835
41201
41704
40994
41764
32331
32331
32331
32331
32331
32331
32331
32331
32331
32331
32331
32331
32331
32331
32331
32331
32331
32331
32331
32331
32331
32331
32331
32331
32331
