9948
37650
37437
36497
36890
36229
37406
36904
37037
37553
36558
36429
36434
36889
37474
36359
37592
37453
36545
37546
36512
37945
36331
37260
36352
36188
36880
36576
37502
37351
36989
36224
36453
36268
36444
36398
36538
37834
37411
37448
36770
36607
36828
37022
37510
36338
36363
36682
36712
36799
36324
36784
36454
36262
36212
37643
37551
36616
36861
36414
37352
36625
37959
37512
37698
37774
36722
37585
37330
36813
36861
37855
36510
37221
37122
37922
36855
37553
36321
36776
37047
37245
36817
37598
36224
36443
37699
37534
36838
36966
37272
36685
37628
36808
36397
37333
36950
37507
36288
36264
36169
37854
37416
37611
36316
37069
36187
37318
36608
37926
37001
36939
36552
37458
36950
36315
37479
36208
36127
36931
36307
36328
36836
36858
36503
37204
37219
37198
36519
36404
36266
36507
36957
36382
36627
37480
37442
36458
37467
36519
36315
37593
36512
36694
36169
37422
36494
36292
36341
36295
36319
37591
36744
36592
36338
37453
36722
37334
36138
36749
36259
37247
37584
36239
37738
37551
36631
36939
36873
36294
37331
37707
36999
36365
37126
36355
36427
37627
37359
36404
36650
36516
36592
37143
36246
36710
36991
37190
37393
37147
36461
37095
36387
36192
37572
36226
36993
36434
37861
37185
37044
36434
36556
36613
36652
36724
37574
36432
37769
36551
36656
36291
37349
37532
36379
37533
36794
36608
36154
37535
36150
36240
37438
36638
37500
37261
36591
37570
36379
37512
37562
36247
36726
36323
36250
37197
36755
37483
36413
36719
37730
36837
36479
36887
37009
36447
37348
36450
37562
36910
36476
36418
37880
36198
36534
36658
37410
36379
36743
37627
37769
36242
37433
37700
37502
36443
36616
36455
36629
36548
36595
36598
36135
36415
36925
37717
36446
37368
36331
37353
36381
36851
36134
37525
36977
37740
36821
36746
36363
37450
36915
37229
37649
37535
36397
36589
36748
36466
36675
37235
37101
37735
36364
36327
37756
36763
37221
36448
37707
36361
37223
36220
37075
37270
36377
36942
36817
36960
37855
37849
37862
37178
37024
37356
36174
37352
36145
36922
36948
36540
36592
37827
37479
36669
37719
37199
37743
36371
36771
36643
36412
37629
37331
37757
36286
37691
36316
37158
36759
37474
36875
36528
36824
37450
37704
37522
36694
36683
36747
36388
36991
36835
36345
37129
37415
36201
37569
36444
36980
37486
37670
37443
37106
36404
37752
36707
37099
36161
37153
37712
36429
36728
36800
36287
36725
37570
36470
36240
37324
37485
36388
37580
36509
37304
37691
37577
37355
36417
36762
37915
36216
36426
36182
36527
37611
37038
36350
36679
37020
36392
36458
36409
37528
36932
37668
36708
37640
36381
37649
37294
36967
37058
36446
37774
36819
36185
36913
37729
37766
36558
36717
37579
36348
37201
37763
37197
37674
37189
36192
36320
37026
36310
36974
36594
37528
36452
37694
36625
37551
37681
37630
37410
36529
37086
37791
37609
37599
37059
37695
36822
37683
36808
37026
36600
37912
36391
36849
36392
36860
36165
36163
37014
36912
36349
37475
37817
36738
36440
37626
37118
37794
36654
37833
36271
36377
37145
36588
37802
36775
37578
36707
37669
36188
36337
37619
37336
36455
36473
37556
36608
37250
37134
36973
37092
36402
37803
36867
36664
36444
36802
37646
36776
37344
36615
36262
36642
37614
36092
37378
37609
36716
37795
36517
36355
37391
36870
36488
36479
36434
37660
36154
37259
37519
36725
37862
36248
36198
36414
36732
36580
36598
37612
36312
37000
37825
37807
36726
36877
36357
36240
37771
36339
36394
36310
37688
37464
37490
37181
36471
36618
36256
36819
37507
36267
37626
37655
36355
36536
36245
37392
36166
36664
37544
37433
37507
36570
37121
37206
36509
36171
37462
36841
37394
36818
37672
36360
37266
37485
36553
36666
37646
36165
36566
36872
36425
36450
37011
36856
37725
37124
37820
37253
36909
36623
36162
37024
36560
37129
37297
37479
36742
36403
37174
37717
37580
37102
37400
36880
37752
37602
36812
36403
36464
36630
37650
36296
37158
36602
36860
36198
37660
37557
37579
36817
36823
36249
37752
36898
36954
36520
37886
36511
37812
36475
37375
37910
37265
36824
37477
36350
36401
37714
37358
37782
36950
36148
36346
37681
37633
36377
36392
37640
36464
36851
37550
37719
36540
36256
37651
36738
36846
36391
37786
36486
36708
36383
36775
36682
37771
36376
36779
36300
36943
36235
36616
37206
37549
37645
36969
37592
37814
37128
37539
37607
36681
36831
37250
36534
36764
36427
37236
37034
37597
36401
37929
37701
36438
37746
36541
36353
37550
37458
37328
36463
36202
37227
36921
37533
36817
37246
37536
37173
37756
36466
37405
37471
37390
37353
36898
36155
36481
36833
36102
37602
37573
37470
37762
36416
37040
37654
37679
36396
37168
37134
36333
37492
37307
36186
37587
36538
36804
37866
37244
37656
36508
36368
36400
36212
36493
37121
37457
36597
36417
36899
37495
37202
36702
36449
36988
37005
36054
37355
36494
36848
37500
36250
37196
37519
36494
36655
37085
37638
36637
36661
37492
37458
36486
37148
36849
37716
37608
37185
37684
36517
36736
37258
37613
36918
36284
37200
37552
36508
37759
36793
37676
37800
37422
37867
36557
36601
36205
37459
37010
36271
36962
36848
36650
37624
36882
37641
37708
37514
37231
37599
37583
36340
36501
36823
37813
37857
37995
36666
36773
37342
37560
36530
36458
36707
37658
36691
36956
37645
36368
36548
37573
36587
36328
36788
37664
37330
36958
36756
36912
36322
36935
37796
36514
36423
36430
36062
36806
37372
36925
37403
36215
37111
37807
36426
36698
36289
36299
36654
36660
36300
37633
37163
37178
36513
37097
36990
37720
36807
36224
37543
37793
36698
36408
37483
37272
36616
37017
37174
37541
36841
37667
37288
37269
36462
37733
37696
37664
37390
37599
37694
36380
37609
37604
36786
36998
37178
36421
36314
36963
36392
37172
37068
37575
36428
36885
36254
37348
37358
36318
37620
36902
37504
36971
37461
37036
36256
37054
37633
37366
36860
37267
36902
37619
37456
36257
36982
37688
36373
36883
36475
36358
36251
36228
36587
36184
37218
37730
36922
36501
36334
36380
36221
36118
36862
36496
37716
36735
36500
37459
37776
36360
37507
36508
36873
36330
36305
36991
36285
36654
37503
36349
37246
36377
37650
36175
36790
36965
37612
37046
36882
36862
36886
36245
37498
37616
36973
37190
36094
36333
36406
37308
36317
36297
37016
37658
37073
36270
37906
36272
36653
36758
37696
37563
36642
36620
37759
37230
37731
37214
37654
37787
36783
37874
36430
36746
36966
37238
37521
37514
36784
37144
37702
37138
36186
37599
36233
36261
37203
36329
37443
36552
37242
36500
36340
36933
36752
36303
36313
37385
37402
36340
37286
37856
37278
37183
37160
37586
36380
36346
36514
36615
36488
37154
37329
37913
36665
37604
36523
37171
36311
37469
36604
36890
37527
37277
36307
37253
37736
37148
36795
36562
36524
36411
37360
37637
36575
36429
36498
37346
36838
37388
36865
36440
36250
36930
36635
36799
36772
37645
37179
37336
36391
37456
36262
36344
37599
37767
37684
36554
36353
36503
37458
37714
36268
37154
37743
36785
36821
36717
36898
37914
36706
36275
37500
36492
37902
36541
36746
36424
37612
37216
36743
36408
37777
37468
37081
37472
36264
36980
37256
37386
37592
36295
36552
36317
37412
36811
37102
37268
36391
37507
37480
37394
36355
37734
37290
37651
36182
36707
37779
36341
37742
36129
36505
37235
36270
36262
36917
37170
37610
36776
37470
37823
36864
36694
37966
36298
36403
37480
37235
37498
36768
36555
37580
37126
37868
36878
36950
37731
37614
37403
36985
37113
37590
36530
36553
36344
37404
36409
36760
37349
36210
36743
36751
37536
37585
36902
36185
36995
36343
36760
36410
37362
36923
36544
37013
36593
37158
37746
36201
36813
36990
36297
36652
37281
36588
37843
36615
37571
36547
36787
37291
36206
36444
36266
36220
37642
36748
36219
36473
36626
36483
36200
36246
37664
36581
37582
36573
37694
37296
37644
36460
36417
37511
36251
36996
37488
37441
36828
36504
37439
37261
37499
37667
36574
37487
37207
36953
36481
36144
36192
37519
36734
37084
36334
36366
37611
37684
36268
37392
36963
37743
36426
37524
36363
36274
37299
37479
36713
36370
35977
36383
37348
37174
36305
36535
37675
36850
36403
37668
37456
37899
36695
36084
36351
37209
37227
37043
36691
36802
36250
37416
37589
36417
37760
36678
37658
36605
36863
36897
37723
36568
37886
37087
37327
37006
36594
36204
36699
36816
37693
36802
37707
36490
37653
37469
37569
37559
37525
36736
36397
36808
36780
37704
37500
36577
36506
36358
37332
37369
36403
37365
37351
36434
36366
37679
37026
37563
37620
36480
36376
36998
37246
37413
37193
36321
36971
36781
36996
37599
37543
37623
36582
37697
36335
36482
37868
36435
37426
36279
37451
36867
36487
37695
36206
37403
36870
36773
37086
37675
37865
36620
36466
37014
36749
36530
37053
37560
37751
36054
36357
36600
37607
36119
35947
36416
36243
36435
36538
36996
36409
37946
36291
36142
37464
36654
36960
36711
36984
36292
36280
37581
37619
37328
36378
37036
36392
37602
36343
37037
36225
36295
37594
37212
36632
37590
36941
37628
36801
37540
37468
37402
37475
36157
36104
36770
36755
36093
36336
36379
36670
37699
37269
36213
37660
36386
36780
37447
36363
36850
37054
36999
37628
37272
37684
36349
36448
37640
37630
36449
37835
36647
37112
36911
36545
36589
36630
37658
36480
37077
36481
37315
36133
36401
37563
36571
36549
37120
37115
36913
37215
36200
37636
36403
36328
37112
36592
36835
36729
37363
36653
37630
37276
37386
37730
37811
36743
37279
37357
37760
37585
37091
36767
36915
36135
36283
37712
36613
37698
37330
36837
37448
37452
36828
36186
36881
37434
36886
36418
36475
37448
37138
37680
37308
37499
36307
36836
37158
37766
36754
36602
36425
36896
37847
37206
37486
37186
36815
37695
37238
36447
37435
37806
36410
36370
37250
37528
37557
37721
36383
37238
37766
36934
36581
36292
36328
37140
36395
36328
37377
37413
37386
38037
36311
37643
36344
37086
36239
37414
36574
37675
36324
37774
36311
36536
36638
36829
37152
36772
37678
36283
37811
37535
36326
36549
36694
37270
37706
37636
37740
37302
36934
37777
37034
37603
36560
37567
36413
36185
36334
36845
36482
37421
36400
36680
37471
36257
37338
37773
36939
36764
36337
36828
37621
37511
36592
36300
36430
37084
36265
37616
36668
36598
36392
36980
36596
36817
36495
36758
36592
36197
37461
37886
37004
36851
36321
36477
36560
36807
36552
36486
37571
37551
36070
36253
37611
37226
37054
37708
36401
37265
37522
37461
36824
36604
36552
36321
36227
37475
37436
37469
36969
37245
37465
36226
36465
37772
37811
36630
37211
36429
37144
37531
37726
37086
37623
37579
37365
37085
36547
37607
36627
36445
36387
37848
37231
36742
36383
36591
36894
36344
36185
36391
37695
36568
36647
36124
36720
36818
37301
37614
36996
37892
37068
36453
36723
36420
37766
37246
36476
36664
37457
37617
37435
36360
37470
36275
36430
37255
36349
36612
36808
37176
36623
37713
37284
37852
37602
36405
36527
37611
36453
36316
36603
37741
36541
36580
37025
37723
37405
36244
37541
37516
37133
36607
36214
36152
36712
36592
36495
36659
37461
37321
36851
37172
37423
36813
36314
37779
36736
37214
37525
37019
36340
37578
37486
36253
37474
36451
36986
36628
37803
37695
36999
37533
37664
37748
37699
36818
37600
37410
36149
36202
36776
36980
36217
36752
36650
36758
37417
36368
37003
37134
37650
37238
36267
37471
37667
36885
37756
36717
37258
36622
36568
37365
36338
36464
36154
37522
37573
36201
37492
37653
37785
37328
37123
37563
36825
36386
36571
37205
37756
37311
37509
37042
36867
36305
36328
37553
37673
37151
37448
37125
36293
36508
37727
37596
37270
36393
37917
37610
36783
36565
36486
36657
36576
37434
37185
37893
36967
36542
36598
36249
37825
36738
36601
36385
36541
36963
36241
37374
37604
37425
37620
37697
36447
36597
37492
36635
36923
37027
37092
37397
36597
36830
37497
37351
36903
37111
36834
36647
37559
36493
37477
37771
36292
37211
37153
37519
37377
36617
37385
36689
36476
36267
36379
37721
36436
36891
37494
37690
36237
37706
37824
37230
36466
36238
36605
37246
37654
36362
37246
37336
37650
37351
36947
37720
36465
37028
36428
37230
36458
36505
36311
36709
36352
36310
36505
36805
37183
37748
36629
36470
36829
37776
36384
37612
36822
37777
37149
36888
36539
36968
37523
36260
36531
37577
36531
37076
37503
36411
36975
37486
36738
37695
36362
37128
36294
36527
37827
36491
37667
37499
37182
36537
36248
37859
36356
36448
36826
36571
36244
37187
36824
36850
36532
36396
36380
37825
36210
36665
36132
36157
36397
36436
37462
37293
36365
37458
37260
36759
36818
36650
37610
36363
37534
36491
36945
36846
37069
36903
37680
37325
37515
37275
36312
36303
37622
37163
36572
36471
36153
36691
37615
36584
37300
37600
37030
37096
37752
37017
36430
36722
37676
37619
36689
36258
36341
37194
36785
37661
37623
37268
37429
37139
37228
36468
36788
36643
37788
37046
36381
36274
37869
36996
37573
36496
36347
36941
37077
37779
36684
37173
37125
36843
36531
36857
37528
36667
37218
36708
37379
37778
36361
37155
37093
37727
36496
37089
37521
37524
37686
36707
37016
37093
37611
37124
37034
36616
37562
36851
37388
37419
36638
36994
37774
36572
38047
36588
36386
37692
36435
36330
37043
37429
37249
36169
37573
36692
37567
36916
37218
36552
37359
36353
36534
37105
36646
37126
37748
37178
36431
37591
37382
37545
37457
37287
36458
37108
36629
36792
36360
37324
37662
37616
37376
36412
37069
36744
37754
36367
37195
37115
37210
37390
36546
36648
36585
36496
36915
36990
37606
36459
37778
36282
36995
37239
37393
37236
37654
36307
37567
36395
36292
36499
37103
36851
36202
36600
36473
37241
36471
37586
37087
37721
37437
37494
36310
36849
36296
36375
37354
37585
37148
36478
36879
37805
37167
36302
37216
37706
36408
36267
37497
36288
36495
37437
36326
37370
37114
37191
37569
36772
36521
36843
36327
36341
36824
36962
36904
36527
37479
36559
36364
37296
37587
37730
36954
37696
36340
37716
37749
37416
37631
36268
37501
36809
37579
37073
37004
37152
37855
37569
37853
37667
36091
36290
36309
36264
37313
37821
37331
37646
37302
37639
36881
37488
36344
36858
36850
37659
37324
36568
37250
37735
37639
36503
37608
37544
37091
37368
36343
36709
37494
36676
36759
37619
36620
36464
36755
36392
36130
36630
37303
37052
36879
37489
36424
37809
37213
36789
36359
37130
37401
36495
37779
36321
36703
36820
37466
36444
36463
36446
37765
36639
37719
37705
36348
37013
37317
36225
37287
37239
37354
37183
36831
37278
36746
36300
37337
36406
36964
36545
36574
36159
36677
37393
36398
36437
37238
37621
37869
37288
36756
36113
36570
36596
37606
37008
37491
37002
36877
37508
36601
37653
37327
36522
36471
36632
37491
37123
37712
37471
37237
37343
36166
37524
36769
37103
36677
37406
37092
36920
37883
36843
37479
36243
36182
37610
37250
37530
37643
36344
37699
36856
37717
37699
36327
36335
37146
36545
37169
37553
37202
36281
36683
37177
37781
36310
36304
37562
36547
37808
37827
37633
36961
36494
36937
37506
36466
36288
36340
36478
37085
36481
36511
37306
36506
37263
36300
36444
37042
36283
36735
37795
36291
37525
37876
37130
36165
37599
37016
37779
36491
36568
37144
37042
37590
36788
37038
36304
37635
36116
37358
36436
36502
36768
37367
36195
37665
37785
36798
36610
36420
36620
36784
36349
36400
36561
37233
37674
37592
37566
37171
37581
36759
36693
36578
37505
36802
37307
37303
37618
37507
37312
37204
37690
36391
36938
36178
37786
36796
36725
37076
36198
36492
37758
37625
37621
36998
36353
36823
36356
37134
36943
37769
37399
37688
36370
36863
37687
37375
37682
36788
37097
36566
37528
36179
36329
37815
37498
37736
37401
37631
37667
36731
37473
36395
37667
37510
36761
37291
37030
37143
36165
37662
36769
36342
36869
36463
36353
36745
36323
36904
36694
37555
36900
37726
37396
37077
37695
37170
37129
37389
36338
37683
37139
36578
36797
37772
36790
37337
37617
36961
36710
37409
37137
37546
37671
36583
36236
36236
37492
36463
37079
37684
36331
36333
36991
36711
36322
36609
37658
37639
36663
37778
36352
37518
37439
36298
36298
36281
37272
36369
36408
37376
36933
36489
37523
37447
36532
36365
36672
36739
37383
37772
36455
37168
37038
37126
37358
36756
37716
37301
37767
37092
36283
36251
37482
36406
36543
36527
37799
37068
37881
37531
37692
37483
36319
36547
37717
37660
37786
36535
36287
36477
36879
36589
36626
36511
36892
37640
37618
37094
37569
37274
36331
36883
37668
37772
36774
36444
36880
36726
37129
36156
36643
37257
36799
37772
36759
36201
36325
37289
36664
36460
37581
36678
36330
37014
36324
36339
37727
36615
37581
36521
37545
37321
37729
37881
37395
37677
36138
36342
36715
37211
36464
37058
36247
36510
37643
37526
37193
36969
37649
37176
37340
37638
36346
36792
37356
36319
37058
36351
36257
37440
37288
36391
37070
36478
37663
36436
37641
36526
36084
36262
36548
36393
36665
36734
37519
37843
37346
36360
36639
36240
36517
36935
37385
36727
36280
36383
37534
37172
37504
37717
36628
37825
36785
37338
36345
37580
36901
37472
36847
37570
37697
36871
37337
37663
36431
36660
37429
36084
37030
37694
37188
37469
36596
37554
37802
36453
37607
36649
37543
37262
36678
36434
37465
37833
37388
36924
36355
36713
37124
37750
37406
37315
36203
36778
37731
36751
37497
36402
37578
37490
36477
37603
36612
36482
36824
37698
36148
37392
36310
37021
37759
36418
36655
37250
37328
36437
36350
36150
37169
36743
37421
36777
36398
37673
36416
37746
37514
36295
37092
36492
37057
36456
36506
36895
37314
37469
37486
37801
36594
37455
37527
37549
37687
37615
36951
36552
37004
37436
37715
36968
37736
36855
37346
37375
36883
37822
36527
37661
36371
36251
36690
36569
36463
36286
36567
37528
36248
37369
36458
36668
37571
36614
37498
37541
37676
37743
36388
37548
36630
36745
36763
36431
37544
37132
36177
36533
36342
37928
36589
36515
36628
37250
36688
36979
36318
36124
36530
36955
36423
37735
37441
37773
37370
37480
37205
36680
36555
36216
37393
37464
37759
37402
37306
36805
36234
36293
37028
37406
37653
36747
36788
36781
36603
36398
36408
37641
36510
36566
36354
37639
36580
36771
36256
36489
37575
37306
37065
37081
36412
37622
37094
37112
36658
37483
36426
36481
36620
36982
36648
37595
36226
36323
36281
36778
37088
37061
36537
36218
37687
36490
36505
37686
36787
36447
37260
37285
37666
37103
37435
36357
36647
36539
36989
37290
36187
36915
37578
37243
36383
37695
36324
36882
36695
37611
36390
37746
37813
37454
37400
36534
36349
37751
37026
36333
36344
36397
37390
37086
37008
37512
36385
36719
36803
37708
37182
36504
36502
37254
36464
36820
37554
37147
36916
36871
37568
36194
36412
36857
36611
37682
36281
37024
36119
37656
36453
37732
36175
36674
37735
37633
37031
36191
36721
37221
36215
37541
36298
37017
37242
37763
36467
37676
36909
37821
37543
36690
37086
36813
37022
37696
36879
36096
37407
36304
37820
36736
37746
36645
37727
36889
37587
36979
37843
36611
36391
37770
36939
37145
37566
37643
37307
37548
36479
37568
37577
37317
37795
36562
37514
37427
37779
37699
37321
37577
37012
36236
37798
36418
37247
36316
36740
36752
37363
37708
36476
37347
37711
36388
37065
37367
37119
37601
36347
37006
36628
36500
36332
37069
36344
36802
37162
37558
36863
37504
36786
37218
37628
36994
36093
36472
36417
36443
37091
37491
37599
37496
36177
37119
36347
37732
36623
37733
37206
36980
36441
37766
37603
36972
36567
36455
36365
36947
37205
37553
37251
36829
36986
36249
37107
37511
37005
37644
36840
36234
36765
37553
36552
36599
37777
36805
37503
37503
37721
36800
36163
36228
36186
37322
37459
37594
37050
36182
37629
37452
36283
37472
36360
37128
37098
36532
37049
37667
36398
36590
37024
37817
36221
36756
37167
37906
36606
37300
37622
36792
36970
36619
36270
36475
36648
37463
37586
37611
37184
36320
36275
37070
37419
36672
37608
36983
37305
37546
36671
36272
37599
37546
36241
37750
37004
37614
37858
37867
36288
37723
36463
37466
37598
36436
36692
36275
37591
37877
37153
37722
37333
37774
36765
36708
36241
37233
36550
36512
37652
37433
37119
37509
36664
36456
36313
37605
36848
37654
37175
36424
37709
37777
36776
36679
36362
36427
37172
37620
37343
37335
37654
36572
36431
36549
37555
37029
37674
37340
37933
36363
36937
36364
36396
37520
36264
36570
37254
36864
37019
37674
37566
37567
37624
36395
36499
36795
36733
37641
37074
37353
37459
37161
37534
36170
36527
37451
37479
37110
37416
36651
37150
36733
36476
37341
37223
37727
37072
37141
36525
36444
36538
36673
36401
37631
36558
36450
37160
37196
37786
37242
37795
37616
37479
37314
36932
36553
37313
36378
36483
36592
36846
36402
36808
36430
36346
37694
37668
37659
37350
36956
37836
37671
37654
37138
36224
37689
36221
37520
36878
36789
37637
36376
36347
37340
36883
36909
36351
37776
37150
36825
37752
37699
37395
37785
37049
36760
37798
37492
36806
36751
36483
37458
36942
36388
36864
37389
36213
36652
36740
36290
37539
37554
37341
36870
37578
37587
36432
36956
36346
36448
36548
36557
36416
37275
37047
36637
36876
37340
37225
36317
37347
36232
36846
37616
36978
37756
36446
37824
37362
36870
37552
37307
37527
37150
36125
37639
36521
36917
37045
37743
36670
36497
36287
36271
36523
36700
37570
37113
36398
37904
37566
36889
36746
37244
37385
36914
37155
36693
37722
37787
36542
36998
37342
36786
36374
37562
36934
37236
36926
36300
37725
37120
37502
36642
36291
36429
37014
37640
37691
36200
36159
37720
36744
37498
36511
36359
36674
36256
36866
37395
37629
36544
36690
36438
37418
36296
37006
37152
37077
36371
37501
37352
37435
36475
36926
37629
37312
37393
36293
36611
37100
36764
37533
36912
37835
36799
37414
36947
37449
37730
37337
36649
36717
36524
37180
37360
37859
37715
37423
37487
37316
37559
37092
37674
36306
36514
36440
36727
36381
36233
37725
36229
36597
36859
36402
37681
36465
37378
37370
37109
36341
37445
36737
36670
37127
36338
37782
37623
36135
36962
37310
37367
36215
37564
37619
36314
36880
36538
36069
37270
37490
36638
36478
37766
37176
36999
37778
36296
36287
37474
36525
36589
36869
37731
37724
37468
37113
36464
36268
37560
36348
36358
36855
36515
36895
37055
37691
36976
37109
37156
36666
36915
36416
37363
36483
37303
37569
37305
36597
37240
37673
37203
37434
37100
37429
36577
36695
37326
37803
36434
36232
37707
37461
36048
37363
36277
36265
37295
37534
36555
36383
36565
37113
37629
36229
36610
36272
37447
37209
37050
37659
37197
37879
36308
37005
36357
37563
36420
36779
36302
37287
37422
37729
36538
36970
37140
37690
36830
37663
37669
36731
36445
37537
37641
37168
37176
37206
37101
37234
36387
36269
37409
36457
37616
37614
36527
36297
37696
37241
36817
37177
36626
37488
36810
37644
37592
37646
36837
36420
37147
36209
37221
37661
37773
37575
37776
37490
37279
36634
36985
37374
36188
37373
37108
37909
36097
36625
37493
37170
37493
37304
37302
37011
36609
37142
37077
36308
36476
36940
36782
36431
37707
36689
36472
36667
36229
37491
36346
37064
37748
37137
36822
36719
37557
37451
36136
36231
36778
36379
37457
37683
36857
36736
36835
36359
37160
37475
36597
36949
37025
37214
36749
36499
36374
37624
37574
36567
37092
37014
37705
36578
37444
36500
37705
36796
37605
36431
36790
36693
37482
36910
36911
36476
36439
36322
37293
36407
36691
36900
36445
36136
36345
36249
37116
36459
36346
36338
37775
37597
37286
37645
36320
37276
37847
37383
37195
36742
36303
36208
37073
36043
36888
36678
37458
37583
36721
36440
37746
36628
37695
37432
37359
37634
36703
36172
36599
36642
37550
36222
37274
37002
37452
36575
36560
36485
37406
37791
37586
37266
36422
36360
36807
37280
37692
37543
37025
36984
37718
37614
36827
36401
36497
36347
36325
37616
37406
36619
36596
36280
37390
36446
36383
37593
36216
36903
36679
36515
37449
36740
37210
37052
37376
36900
37108
37194
36301
36430
36921
37553
37526
37486
37304
36369
37018
36357
37446
37277
37819
36394
36204
37215
36504
36485
37798
36606
36197
37079
37475
36835
37646
36630
36803
36945
36520
36463
37134
37396
36363
36341
37555
36817
36729
36955
36520
37738
36457
36326
37319
37588
37072
37356
37481
37054
37523
37714
36756
37321
37427
37208
37081
37033
37859
37121
37050
36672
37508
37243
37485
37648
37638
37312
37365
37698
36911
37424
37154
37663
36612
37267
36376
37309
36371
37714
36076
37593
36297
36555
37504
37763
36430
37650
36412
36131
36660
37658
37039
37561
36485
37911
37144
36442
37266
37576
36159
36449
37461
37427
36295
36380
36883
36265
37654
36400
37387
37312
36402
36559
36545
36571
37482
36937
36413
36675
36385
37568
36672
37306
37776
37050
37629
37602
36403
36298
37445
37519
37174
36947
37809
37484
37391
36892
36456
37501
36880
36376
37196
36520
36615
37306
37757
36273
36232
37610
37142
36438
36563
37218
37650
37695
36074
36948
37348
36738
37248
37885
36602
36601
36731
37180
36249
37182
37302
36388
36914
36978
36368
36627
36331
36312
37093
37615
36354
36269
36462
37742
36982
37372
36944
36785
37012
37580
36180
37432
36360
36419
37739
37228
37770
36401
37091
36111
37295
37216
37599
36589
36222
37468
36404
36781
37695
36812
37302
37862
37418
37781
36275
36240
36414
37606
36148
37586
36485
37652
37493
36596
36614
37843
36742
36428
36289
36324
36603
36625
37479
37546
37409
37185
37326
36584
37658
37148
36355
36431
36434
36939
36708
37570
36681
37534
37534
36260
37199
37616
36250
37518
37826
36682
36731
37636
36403
36566
37071
36945
37707
37022
36870
37214
37503
36680
37699
37277
37466
37171
36303
37261
36671
37582
36277
36886
36484
37723
36782
37650
37225
37379
37164
37680
36540
36924
36682
36747
37129
36250
36910
36231
37401
36250
36945
37724
36449
37359
37248
37430
36106
36427
36481
37831
36719
37209
37207
37396
37202
37487
37625
37631
36420
36686
36396
37086
37389
36320
36357
36514
36681
36371
37659
37579
36497
36229
36334
37206
36556
36486
37222
36301
36242
36262
36816
36910
37559
36923
37000
36566
36472
36950
37211
37556
37502
36871
36533
36321
36427
37240
37352
36300
36117
36547
37244
37088
37061
36492
36467
37614
36323
36998
36412
36659
37523
36365
36554
36530
37616
37579
37143
37013
36495
37040
37257
37716
37203
36604
36407
36544
37506
36387
36818
37661
36798
37520
36890
37592
37616
37795
36437
37274
36798
37835
37575
37193
37698
37420
37267
36536
36573
37605
36341
36468
36763
36798
36915
37494
36733
36317
36409
37681
37598
36848
36341
37373
36341
36503
36358
37651
37653
37720
36935
36615
37271
37609
36927
36517
37505
37763
36349
36600
37153
37022
36311
37474
36982
36458
36296
36267
37549
36344
37433
37848
37513
36205
37431
37410
37053
37818
37633
37166
36705
36458
36921
37110
36513
36527
37425
37665
36516
37503
36491
36517
36536
37036
36617
37635
37217
36902
36542
36136
37801
36906
37070
37191
37503
37843
36294
37055
36708
36861
36212
36508
36549
37710
37788
36682
36304
36279
37367
36210
36193
37615
36948
36856
37374
37109
36654
37313
36517
37205
37371
37634
36998
36987
36285
37652
36330
37299
37540
37683
36349
37595
36351
37519
37038
37489
36193
36885
36532
37727
36375
37307
37550
36792
36156
37402
36330
37494
36608
37789
36909
36312
36370
36551
36546
36394
36766
36749
36277
36347
36427
37367
37070
36653
36643
37850
36854
36312
36454
36578
37629
36915
36497
36336
37000
36235
37598
36982
37371
37607
37434
37619
37812
37185
37013
36063
36215
36610
37694
36943
36169
36309
37259
37187
37546
36963
36695
37087
36934
37291
37745
36772
37617
36880
36804
36147
37591
36377
36421
37715
36542
36944
36933
37431
36201
36561
36483
36248
36854
37913
37544
37453
37775
36815
37670
37125
37426
36446
37774
37365
37779
36211
37674
36837
37699
37201
36642
36570
37764
36660
36402
37122
37040
37558
36906
37487
37537
36800
37393
36829
36409
37515
37343
36523
36284
37743
37793
36377
37700
37624
36474
37255
36298
37502
37578
37315
36820
37659
37216
37595
37244
36429
36414
36404
37749
37469
36802
36508
37434
36433
37739
36308
37595
36484
36449
36312
36172
37025
36442
37147
36438
36885
37538
37726
36857
36502
36800
37407
36475
36460
36269
37018
36647
36411
37699
37691
36656
36503
36938
36391
36253
37279
36445
37676
37208
37248
37212
36723
36743
37361
36480
37332
37722
36924
37472
37057
36943
36463
37778
36437
36446
36335
36514
37105
36408
36926
36565
36307
37011
37663
36401
36497
36874
36481
37923
36315
37366
36362
37687
37701
37773
37497
36960
37591
36413
37090
36830
37330
36623
37153
36173
36726
36443
36407
37130
36768
37134
36389
36409
36595
36762
36676
36465
37589
36740
36424
36516
36581
36920
36277
37547
37623
37620
37070
36673
36402
36326
36286
37138
36590
37830
37299
37692
36593
37753
37479
36700
37411
37379
37678
37540
37884
36136
37339
36401
36695
36392
36632
37702
36334
37016
36756
37106
37173
36725
37400
36647
36416
36513
36831
37070
37712
36731
37268
36794
36490
37415
37135
37239
36345
36584
37476
37431
37062
37413
36993
36773
37787
37648
37424
36086
36334
36551
37351
36371
36309
36181
36345
36585
36163
37542
37844
36411
36536
37171
36625
36948
37181
37741
37612
36305
36983
37262
36401
36384
37045
37116
36997
37606
37360
36362
37697
36287
37266
36383
37045
36696
36603
36804
37796
37714
36908
36918
37412
36176
36349
37679
37160
37466
37576
36975
37391
36881
37698
36904
36292
37356
37308
36640
36504
37237
37609
36502
37055
36346
37514
37530
37640
37570
36371
36602
37741
37630
37369
36283
36391
37648
37741
37117
37765
37558
37252
37749
37622
36368
37482
37874
37616
36252
35972
37497
37543
37284
37538
37776
37762
36637
37129
36557
36749
36678
36411
36372
37143
36258
36124
37324
36405
36278
36648
36954
37690
36606
36202
36108
36648
37645
37035
37334
37741
36284
36656
36344
36563
37135
37673
37526
37318
37141
37521
37672
37602
36564
36696
36649
37052
36183
37081
37349
37322
36775
36717
38102
37310
36780
36690
37772
36834
36896
36435
36283
37475
36995
36784
36418
36592
36235
37630
36920
37305
37795
37019
36820
36535
37675
37088
36691
37566
37774
37570
36402
36744
36268
37304
37527
37145
36691
37284
36509
36217
36507
36263
37678
37744
36675
36844
36874
36236
37001
36289
37843
37681
36564
36106
37079
37159
37400
37134
37286
37238
37260
37698
37785
37571
37258
37566
36863
36789
37108
37043
37483
37337
37124
37862
36733
36566
37635
36679
36242
36448
37910
37757
36340
36302
37220
36415
36266
36547
37149
36180
37619
36954
36351
37344
37494
36857
37686
37148
37237
37647
37610
37703
36300
37664
37000
37955
37539
37120
37133
37883
37116
36578
37447
36609
37110
36556
36450
37323
36392
37050
37369
36320
37261
36448
37684
36801
36333
37099
36594
36474
37721
36550
37041
37723
36318
36444
37291
37586
36235
36184
36676
36519
37583
37545
37812
36940
36868
37677
36249
36458
36076
36468
37750
36264
36671
36311
36894
37546
37873
36378
36636
36331
36405
37595
36408
37115
36228
37786
36384
37046
37773
36304
37214
36718
37537
36691
37611
36664
36803
37230
37049
37171
36525
36373
36767
37322
36823
37506
36772
37767
37118
36246
37319
36228
36851
37139
37381
36500
36449
36751
36334
36810
36285
36204
36394
36394
36653
36234
37245
37728
37283
37716
37459
37653
36302
37564
37304
36368
37106
36406
36662
37244
37338
36329
37639
37449
37633
37538
37671
36540
36140
36492
36457
36481
36600
36435
37643
37532
36571
36365
37471
37649
37474
36767
36810
36677
36660
36527
37549
37586
36370
36793
37293
36688
36402
36462
36573
37786
36566
37713
37518
36621
36609
37114
37489
37637
37789
36583
37791
36972
36915
36673
37605
37518
36927
36348
37820
37265
36262
36241
37084
37811
36845
37326
37495
37196
37574
36416
36806
37481
36462
36647
37144
36285
36823
37726
37506
36467
37104
37709
37374
36953
37618
37690
36465
36674
37694
36560
36223
36904
36883
37725
37560
37504
36854
37431
36700
36609
36374
36314
37364
36622
36253
36520
37258
37429
36321
37506
37548
37860
37685
37711
37914
37490
37399
37059
37806
36601
37215
36541
37709
37804
37618
37859
37650
36565
36483
36830
36507
36504
36713
37793
36290
37583
36700
36477
36770
37891
37498
37129
37367
37485
37090
36570
37466
37312
36698
36153
36247
36655
37614
36592
36250
36891
37760
37311
37682
37731
36793
37543
37287
36763
36408
37123
37186
37362
37530
37617
37437
36688
36838
37075
36705
36369
37593
37226
37520
37345
37301
36196
36327
37344
36262
36869
37199
36280
36306
37568
36436
37187
37688
36848
37627
37169
36766
37515
37388
36673
37128
36742
37465
36741
37473
37124
37721
36251
36850
37418
37623
37443
36334
36476
36277
36512
36444
37247
36474
37625
36612
36229
37359
37465
36979
36696
37845
36194
36353
37561
37632
36815
36797
36367
36674
36259
36210
36208
37168
36175
36573
36268
37616
36337
37513
37573
36744
36519
37761
37760
37543
36313
37627
36881
37514
37483
36352
37672
37776
37590
36524
36653
37157
37791
37707
36662
36295
36324
36983
37717
36463
37524
37746
37383
36324
37022
36307
36426
36599
37645
37247
37713
37377
37654
37532
36532
36326
37606
37617
37856
36742
36036
37643
36373
37739
36417
37720
37710
36792
37286
37257
36566
37355
37806
36421
36012
37202
37104
37471
36885
37645
36985
37185
36324
37499
36682
37309
37755
37406
37724
36500
36875
36606
36547
36453
37856
36513
36656
37526
37592
36660
36834
37623
36434
37617
36331
37840
37492
37551
36326
37299
37601
36769
37342
37453
37382
36195
36234
36468
36535
37141
36954
36538
37737
37208
36301
36240
36171
36316
37756
37593
36891
36191
37819
36532
37403
37532
36280
37487
36809
37069
37146
36312
37122
37526
37337
36656
37855
36385
36348
36658
36294
36421
36944
37418
37437
37669
37414
36246
36583
37756
37494
36738
36607
36936
37256
37587
36648
37773
36506
36374
37398
36751
36660
36628
36901
37088
37413
37700
36742
36270
37767
36439
37442
37104
36448
37449
36314
37129
36414
36696
37756
37072
36200
36292
37216
37661
37654
37239
37521
37041
36296
37218
36758
36325
36593
37437
36244
37303
36777
36236
36341
37596
36478
36650
37630
37073
37341
37465
37833
36435
37330
36605
36775
37648
36468
36264
37716
37686
36805
36657
36909
36500
36433
37235
36500
36595
36974
37688
37539
37671
37172
37094
36500
37607
37307
36709
37781
37517
36755
36827
37579
37129
36219
36828
37161
37592
37777
36786
37747
36280
37663
36260
36778
37645
36572
37155
37765
37825
36203
37301
36523
37896
37138
37100
37661
37778
36464
37865
37525
36705
37586
37588
37596
36284
36902
36540
36971
36890
37351
37617
36139
36395
36930
37033
37516
36534
37644
37700
37621
37498
37237
37642
37623
37383
37648
37171
37290
37811
37342
36969
37146
36635
37132
36450
36561
37381
37430
36351
36335
37032
36372
37558
36977
37106
36727
37635
37564
37702
37781
36437
36426
36524
36546
37318
36668
36779
36380
36996
37524
37155
37260
37621
36526
37332
37183
37677
36484
36550
37575
36467
37279
37316
36360
36584
37693
36449
36869
36620
36563
36344
36380
36598
37656
36449
37751
36223
37563
37621
37105
37101
37800
37504
36590
37542
36771
36754
37525
36296
36420
36865
37358
37028
37880
37166
37799
36587
37166
36333
37027
37651
37702
36507
36397
37757
36427
36158
37304
36769
37545
37283
36725
37777
37543
37382
37319
36673
36523
36819
36477
37581
37012
36942
36222
36310
37663
37761
36572
37729
36393
37639
37830
36963
37189
36929
37747
37533
37299
37635
37406
36484
36919
37641
37128
36214
37877
36925
37788
36306
36521
36792
37474
37626
37835
36925
37499
37511
37779
37422
37020
37309
37089
36845
37314
36535
36377
37571
37511
37006
36221
37036
36926
37402
37607
36548
36771
37875
37579
36388
36645
36243
37504
37398
36452
37446
37088
36908
36840
36429
37415
37725
37094
37397
37562
36329
36686
37506
36579
37554
36276
37756
36676
37308
36900
36329
36497
37187
36440
36970
37752
37164
36262
37536
36314
36277
37052
37400
37966
36972
37599
36478
37124
37698
37322
37650
36539
37679
36805
37480
37094
36950
37461
37247
37225
37781
37249
37760
36524
36395
37505
37410
37247
36123
36696
36848
37331
36292
37745
37277
37529
37563
37466
37399
37212
36898
36487
37839
36363
36407
36712
36669
36796
37007
37592
37779
37525
36877
36250
36386
37943
36469
37741
37229
36715
37000
36508
36712
37728
36378
37416
37201
37584
36777
37629
37558
37725
36804
37591
36602
37278
36819
37231
37449
37041
36443
36646
36813
37311
37783
37750
37175
37774
36435
36518
36816
37770
37229
37526
36549
36793
36274
36930
36511
37611
36014
37207
37738
36243
37464
37515
36486
37586
37746
36378
37881
37334
37496
36316
37530
36875
37159
36368
36435
37829
36300
37365
36703
37149
37043
36966
37703
37240
37663
37170
36645
36341
36769
36952
36519
36786
36093
36186
37270
36916
36124
36333
36428
37078
36920
37640
36434
37584
36465
37013
37529
37493
36798
37615
37485
37617
37668
36895
37181
37619
36641
36485
37438
36640
36598
37515
36792
37226
37739
36504
37644
37159
37375
36718
37396
37679
36852
36500
36376
36092
37615
37425
36354
37575
37727
36370
37295
36887
37489
36461
37016
37565
37066
37147
36900
36943
37054
37594
36247
36251
36428
36381
36289
37166
36856
37767
36659
37125
36470
36907
36556
36499
36138
37097
36363
36486
36204
36148
36544
37756
37014
36367
36752
36653
36988
37718
37491
37449
37730
36707
37647
37576
37625
37418
36449
37157
37594
37708
37654
36440
36345
37596
36466
36954
37807
37684
36679
36044
37212
37287
37171
36307
37579
37397
37580
37481
36336
37749
36423
37189
36336
36510
37659
37653
37710
37070
36632
37583
36557
36559
36533
36300
36518
37856
37516
37354
36918
36357
36427
37673
36614
37453
37026
37132
36368
37336
37709
36488
36560
36751
36234
36990
37662
37075
36330
36425
36214
36579
37100
37712
36402
36832
37521
37618
36362
37687
37034
37138
37690
37202
37391
36359
37799
37181
36616
37560
37669
37356
36552
36297
37711
36984
37815
36543
37561
36584
36998
37738
37306
36805
37436
37345
37775
36304
36592
37686
37450
36670
37601
37511
37667
37803
36249
37776
37854
37020
36596
36391
36480
37248
36452
37586
37134
37001
37047
37376
36718
37583
37115
36242
37549
36400
36595
36636
36779
36264
36556
36735
36389
36483
37472
37028
36659
37541
37490
36321
37640
36856
36379
37210
36352
37641
36630
36698
37422
37403
36632
37234
36356
37380
37690
37384
36726
36022
36266
36862
37179
37842
36539
36971
37369
37596
37655
37182
37594
37579
37051
36696
37460
37542
37282
37487
36180
37045
37279
37619
37613
37559
36857
36204
36973
36465
36196
37274
37857
36393
36667
36919
36617
37671
36627
36225
37516
36616
36299
36293
36648
37326
37455
37817
36615
36680
36408
36638
37235
37723
37783
36464
36445
36362
36587
37396
37773
37093
37378
37656
37097
37313
36514
36354
36678
37258
37136
37246
37736
37688
37278
36651
36961
37803
37824
37428
37499
36340
37665
37596
37755
37358
36564
37789
36772
37370
37646
37491
37296
36561
37620
36778
37565
36626
36191
37547
37362
37461
36964
37099
36949
37854
37826
37033
36356
37804
36886
36504
36791
37577
37589
37815
36547
37026
37453
36504
36224
37413
36698
37617
37097
36559
36453
37471
36941
36336
36407
36795
36943
36210
37682
36411
36405
37275
36347
36505
37399
36455
36334
36358
36916
36828
36481
36479
37681
37775
37173
36480
37819
37615
37408
37647
37264
37179
37589
36280
36759
36488
36412
37652
36177
36570
36534
37234
37365
37226
37022
37259
37265
36547
36719
37574
37224
36378
36718
37896
37764
37737
36327
37145
37819
37852
36627
37766
36884
37476
36488
36971
36310
36445
36896
37710
36805
36399
36183
37721
36915
37113
37813
36356
37692
36836
36383
36640
36840
36991
36940
36796
37740
36994
36526
37752
36430
37336
37282
36854
36544
36852
37180
37759
37606
37651
36366
36751
37529
37266
37626
36911
36355
37700
36519
37825
37629
37208
37147
37441
36518
37364
37146
36045
37090
36930
37450
37634
36739
37161
37733
37402
37549
36414
36267
36906
36606
36565
36507
37544
37565
36479
37632
37565
36481
36970
36815
36314
36689
36379
36468
37104
36363
36591
36390
36156
37594
36551
36414
36325
36324
36903
37290
36220
36231
37425
36300
36482
36845
36311
37084
36359
37735
37551
36376
36401
37103
37515
36411
36256
37133
37445
36810
37634
36500
36541
36486
37052
37189
36801
36587
37596
37107
37357
37425
36649
36870
37283
37381
36285
36603
36861
36821
36271
36969
36236
36477
37208
37345
37512
37320
37847
37070
36366
36248
36823
37025
36924
36825
36300
36150
36263
36576
36921
36286
36799
37536
36635
36331
36908
37402
37787
37358
36322
36394
37113
37322
37168
36247
37308
37493
37572
37774
37461
37635
36544
37643
36400
37631
37611
36962
37070
36022
36370
36863
36160
37542
37724
36937
37624
36652
36392
36300
37426
37188
36489
37014
37873
36996
36438
37411
37058
36163
36310
37085
37800
36808
37430
36514
36803
37550
36371
36881
36397
36412
37364
37451
37025
37136
37288
36446
37723
37511
36822
37279
37796
37162
36832
36584
36360
36565
36466
36652
36501
36173
37030
37565
37735
36455
37306
36912
36813
36257
36453
37742
36369
36872
37667
37024
36268
37383
37642
36544
36663
37088
37535
37651
37522
37093
37616
36434
36610
37029
37347
37421
36534
36194
36868
36899
36710
37828
37707
36335
36832
36574
37517
36314
37379
36561
37530
37673
36828
37654
36962
37006
36399
37642
36579
36525
36217
36374
36615
36514
37898
36443
36761
36979
36370
36462
37178
37051
37281
37507
36848
36328
36369
37736
36800
37277
37921
36401
36482
37703
37452
36395
37844
36641
37222
36657
37863
37112
36476
37349
37418
36468
36999
36640
36920
37027
37459
36251
36600
37572
36437
37779
36627
37837
37273
37799
36288
36158
36378
37272
37494
36132
37812
36577
36367
37467
37333
37050
36848
37314
36396
36398
37121
37247
37690
37068
36773
36632
36894
36848
37725
37823
37725
36258
37371
37739
36243
36485
37474
37198
36895
36641
36320
37529
36571
36602
37011
37342
37245
37052
37665
37497
37783
36614
37414
37275
37344
37138
36686
37452
37437
36970
37041
37519
37721
36616
36912
37502
37382
36360
37749
36431
36483
37073
36360
37189
36379
37496
37738
36896
36588
37174
36423
36395
36631
37754
36345
37083
36894
36838
36517
37870
37554
37719
36952
36271
37357
36453
37488
37458
36941
37845
37479
36782
36890
36974
37574
37684
37749
37281
37525
37445
36382
37818
37008
37813
37747
37621
36349
36320
36655
37125
37875
36116
36496
36269
36849
37554
37278
36117
36219
37461
37290
37764
36400
37455
36910
37346
37443
37641
36212
36935
36504
36352
37106
37491
36518
37222
36912
36860
37363
36729
37786
37731
37388
37645
36043
36392
37545
36249
36442
36645
37359
37734
36705
36293
37052
37708
37475
36685
37404
36329
37011
37205
37142
37311
37653
36862
37791
37294
36256
37411
36833
36900
37117
37857
37183
36699
37129
37551
36355
37006
36588
36341
37123
37372
37531
37397
37585
37071
37842
36200
37533
37657
36784
37258
37565
36765
37084
37489
37330
37800
37675
37174
37444
36762
36543
37255
36393
36326
36943
36405
37456
37176
36500
37278
37535
37418
37501
37480
36452
37915
36422
37230
37538
36483
36691
37628
37394
37739
37663
36797
36641
37363
36368
37613
37730
36425
37451
36342
37843
37071
36579
36368
37533
36736
37142
36334
37576
37319
37929
36546
37718
36694
37104
36864
37663
36369
37535
37681
36879
37529
37472
36299
36281
36480
37659
37486
37083
36307
36591
37025
36225
37331
36957
37479
37051
37718
37779
37689
36457
36317
36911
37596
37358
36698
36507
36817
36981
36547
37601
36957
36476
37747
37007
37472
36275
36688
36461
37592
36297
37785
36777
36737
37003
36578
36275
36248
37465
37782
36399
37401
37045
36678
37601
36783
37290
37117
37617
37569
36592
37589
37376
37224
37769
37057
37734
37549
36179
37507
37779
37369
36443
36449
36872
37901
37530
37657
36269
36668
37047
37206
37426
37465
37229
36263
36321
36654
37286
37241
36624
36420
36823
37739
37701
37094
36640
36528
37745
36278
36623
37523
37621
37491
37368
36526
37648
36948
37177
37575
36721
37729
37746
37131
37275
37609
36503
36941
36377
37422
37873
36284
36643
37293
37149
36698
37197
37748
36753
37438
37687
36834
36553
36467
37392
37591
36507
37497
36370
36424
36700
37508
37277
37787
37475
37393
36687
36295
37843
36271
37427
36528
37298
36588
37553
37479
37465
36432
36463
36623
36239
37726
36511
37155
36300
36437
36240
37405
36575
36783
36607
36770
36338
37496
37003
37629
36962
36851
36743
37596
37417
36981
37665
37234
37337
37624
36588
36399
36385
36904
36841
36637
36460
36311
36626
36800
37532
37510
37857
37633
36638
37595
37337
36377
37346
36789
37246
37771
37201
37292
37690
36420
37780
37834
36397
37253
36238
37598
36922
37603
36851
36617
36360
37589
37740
36471
36767
36804
37752
36691
37393
36242
36265
36539
37638
37299
36787
37142
37274
36383
36585
36321
37387
37340
37372
37490
36640
36381
36777
37580
36930
36738
36768
37447
37838
37448
36360
36299
37127
37008
36281
37795
37137
37129
37863
37795
36292
37757
37611
36978
37060
36563
36459
36676
36753
36870
37557
37829
36986
37181
37896
37548
36223
36524
36591
37270
36579
37802
37703
36919
36840
36425
36968
37388
36423
36708
37476
36577
36931
37594
37259
37590
37505
37334
37502
36608
36491
36648
37562
37255
37441
37286
36506
36966
37279
36961
37855
36282
37601
36285
36315
36391
36260
36491
37658
37194
36945
37333
36483
36738
36402
37488
37654
36396
37151
36669
37454
36552
37012
37038
37228
37777
36332
36600
37244
37050
37546
37623
36495
37177
36259
36858
36807
36279
36311
37194
36463
37451
36728
37150
36380
36282
36839
36998
37771
36916
36752
36447
36643
37553
37094
36851
36556
37479
37149
37295
37286
36605
37679
37622
37519
37377
36325
37478
36109
36329
37155
36466
36422
37005
37431
36718
36454
37318
36323
37632
37010
37049
36214
36740
36652
36447
36906
37248
37470
36199
37583
37223
37399
36319
37238
36685
36932
37054
36643
37214
36638
36260
36326
37386
37718
36494
36226
37780
37380
37702
36470
37353
36331
36639
37556
36629
36459
36480
36518
37230
36324
36370
37413
36885
36290
36441
36415
36328
36456
36145
37458
36417
36778
37090
36828
36388
36993
37509
37024
36543
37634
36273
37692
36209
37216
36386
36447
36302
37403
37615
36754
37723
37862
36287
37357
37102
37574
37183
36340
37300
37612
36370
36697
37571
36660
36579
37033
37249
37419
37758
36762
37206
36787
36917
37813
36532
37010
37068
36375
36660
37579
37701
36580
36755
36273
36889
37659
36137
36630
37631
37441
37483
36764
37784
37382
36336
37009
36327
37174
37228
36794
36429
37738
36367
36290
37539
37448
37200
37492
36362
36526
36413
37513
36669
36619
36859
36444
36382
36282
37448
36144
36796
36599
37733
37862
36418
37558
37249
36608
36420
36470
37468
37391
37199
37714
37217
37498
36360
37571
36954
37182
37708
36950
37416
36564
36990
37157
36894
37534
37211
37502
36551
36810
36650
36403
37518
36566
37759
37542
37415
37270
36872
36428
37037
37145
36679
36688
37568
37421
37537
37507
36354
37176
37336
37315
37493
36860
37638
36118
37775
37506
37379
37410
36382
37354
37316
36767
36406
37126
36595
37017
37745
36713
36542
36245
36408
37037
36657
36691
37517
37076
37618
37422
37522
37640
36505
37689
37486
36529
37497
37340
36476
37306
37746
36694
37615
37420
37048
37269
37500
37729
37732
36742
36287
37506
37024
37748
36886
37719
37799
37073
36398
36068
36402
36394
37498
36966
36584
36420
36229
37691
36860
37681
36472
37626
37778
37307
37300
36852
37493
36454
36699
36067
36860
36736
37207
36628
37417
36754
37593
36318
36514
37215
37579
36718
36258
36394
37369
37460
36436
36498
37791
37043
36642
36574
36404
36181
36762
37383
36346
37117
37782
37690
36954
37212
36466
36944
37697
36878
37409
37759
36536
36896
37366
36322
36181
37341
37683
36459
36621
36496
37345
37764
37500
36471
36778
37788
37597
37735
37587
37386
37192
37604
37670
36771
37571
36328
37456
37681
37552
37835
37124
36399
36674
36303
37677
37663
36259
37067
37457
36487
37485
36822
37932
36732
37401
37630
36518
37578
37699
36834
36768
36148
37773
36294
37018
36467
37289
37539
37346
36479
37054
37378
36573
37788
36317
36379
36666
37490
37048
37093
36152
36622
36355
37323
36173
36615
37166
37669
36452
36315
36691
37534
36556
37235
37475
37693
36260
36918
37636
36828
37569
36306
36516
37703
36318
37659
37581
36511
36264
36534
36376
37751
36472
37404
36990
36311
36922
36600
36788
37798
37741
36850
36191
36760
37275
37673
37276
37657
36413
36635
36604
37538
36414
37502
37567
36524
36217
37177
36181
37564
37763
37515
36522
37528
37705
36335
37487
36619
37473
36643
36599
37381
37174
36560
36697
37369
37644
36383
37599
36503
37731
37668
37260
36232
37434
36640
36546
37742
37667
36820
37843
36371
36486
37402
36849
36160
37530
37116
37325
36929
37493
37797
37190
36425
36853
37520
37252
37544
37495
36745
36890
37591
37823
36821
37094
37599
36397
36602
37363
36580
37051
37742
36971
37075
37499
37623
36983
37640
37141
37471
37394
36177
36284
36741
36453
36743
36485
37025
37488
36561
36669
36585
37239
36908
37219
36733
36743
37102
37793
36372
36249
36766
36324
36432
36856
36453
36532
37601
37493
36695
37741
36455
37623
37529
36442
36361
36521
36403
37556
37339
37778
37314
37686
36605
37462
37130
37469
37823
36495
36307
36215
36803
36752
37379
36353
37527
36768
36320
37190
36917
37068
37213
37754
36787
36570
37543
37271
36360
36696
36315
37626
36392
36229
37187
37834
37831
37710
37215
37457
37127
36887
37770
36193
36884
36627
36421
35996
37069
37248
36270
37586
36757
36140
37060
36717
36285
37608
36252
37002
36625
36668
37881
37235
37507
36922
37127
36205
36434
37710
37543
37286
36175
37657
37596
37466
37518
37286
36501
36351
36587
37021
36360
36708
37197
36442
36497
36619
36979
37266
36665
37246
37702
37280
37095
37092
36200
37823
36127
36386
36577
37300
36599
37102
36843
37343
37653
36344
36511
37762
37719
37707
37300
36503
36298
36453
36660
37219
37218
37846
37111
37418
36608
37182
37580
37162
37178
36246
36695
37512
36831
36938
36793
37061
36014
36347
37782
37836
36569
37154
37788
37252
36772
37192
37528
36834
37325
37395
36456
36146
36990
37865
36489
37612
37501
36422
37781
37693
36726
36766
36373
37027
36556
37609
36924
37442
36525
37451
36190
37522
37366
36639
37649
36684
37217
37381
37857
37803
36493
37420
36754
36258
36226
37541
37588
36922
37647
37621
37430
36632
36488
37220
37292
37810
36809
37272
36344
36331
36272
36280
36621
36271
37361
37574
37099
37707
37631
37639
37582
36640
37445
37917
37419
37759
36550
36151
36736
36638
36925
36400
37203
36256
37182
37214
36913
37358
37043
37324
37528
37468
37791
37151
37528
36666
37542
37117
37432
36924
36901
36862
37124
37502
36975
37042
37608
36721
36448
37114
37241
37218
37839
37621
36895
37220
36596
37553
37626
37779
36715
37797
36714
36332
36313
36627
37634
37431
37317
36848
36596
36326
37561
36335
37132
36692
36951
37533
36433
37555
37242
36203
36422
36714
37290
36850
37854
36541
37173
37362
37718
36982
37603
36490
36598
37685
37263
36847
37425
37077
37198
36420
36402
37651
36714
37055
36420
37784
36964
36749
37290
36724
37758
37715
37708
37438
36912
36647
36282
36487
36204
36622
37131
37622
37600
37468
37547
36477
36961
37029
36230
37279
37589
37202
36461
37190
37817
37114
36366
37461
36353
37259
36240
36284
37736
36579
36492
36906
37293
36812
36543
37035
36369
37216
37361
36460
37722
36813
37500
37061
37766
36777
36509
36418
37436
37286
37085
36730
37681
36567
36311
37716
36403
36689
37563
37630
36588
36557
36639
36351
36800
36554
37411
36339
37383
36567
36645
36457
36228
37712
36294
37579
36891
37703
37661
36440
37592
37604
37699
37742
37267
36329
37207
37286
37215
37666
36665
37738
36783
37345
36849
37094
36354
37461
37243
37175
37720
37860
36779
36858
36758
37011
36863
36366
36545
36220
37621
36326
36572
36285
36485
37454
37662
36457
37029
36590
36900
36577
37460
36435
37391
36845
37638
36263
36457
36917
36641
37612
36314
36538
36323
36842
36680
36348
36857
36420
37575
36420
36554
37574
36856
37203
36893
37232
37735
36914
36476
36399
37254
37756
36203
36457
37460
37492
36378
36552
36413
36615
36233
37504
36389
36445
37367
36503
36383
36229
36614
37663
36420
37266
37735
37722
36606
37758
36210
37808
36829
36352
37500
36472
36568
37662
37841
36363
36280
37719
37570
36644
36843
37583
37596
37065
37363
37710
36471
36730
36851
36655
36911
36440
36686
36205
37073
37364
36732
36364
37551
36443
36311
37037
36938
37682
36589
37334
37039
36290
36797
37365
36346
36644
36454
37456
36480
36672
37226
36622
36671
36668
37612
37701
36296
36914
37100
36281
37649
37557
36910
37439
36287
37319
37195
37712
36801
36788
37105
36976
36687
36597
37637
37648
36529
36405
36651
36683
37586
36357
37486
37007
36521
36680
36605
36243
37623
36450
37204
37536
36367
37557
37322
37669
37666
37651
37338
36747
37829
37599
37654
37397
37468
37274
37531
36707
37765
37570
37694
36636
36500
36432
36919
36680
36714
37578
37686
36981
37699
36381
37359
36568
36676
37724
36877
37912
36616
36607
36635
37129
37554
36493
37736
37285
36577
36582
37749
37850
37467
36487
36624
36349
36862
37691
37328
37247
37777
36901
36591
36848
37620
36829
37767
36508
37530
37822
37200
37789
37048
36787
37729
37646
37700
37453
37165
36416
36530
36304
36138
36326
37166
37582
36620
36290
36195
37330
37683
36480
37280
37783
37603
37782
37630
37593
36341
37119
37026
36286
37619
37236
37050
36410
36987
37679
36213
36249
37642
37738
37565
37113
37558
37390
36863
36921
37651
36303
36535
36423
37351
36488
36316
37406
37767
37396
36033
37758
37190
37507
37722
36336
37081
37263
37678
37855
36332
37587
36749
38036
37581
36412
37189
36511
37807
36425
36937
36681
36736
37810
37064
36847
36640
37612
37782
36726
37353
37372
36262
36194
36945
37465
37671
36643
36354
36217
37277
36412
36305
36680
37575
36817
36519
37747
36257
36689
36436
36285
36237
37501
37610
37079
36938
36364
37778
37649
36257
37081
37594
36668
36301
36620
37610
36504
36375
37229
37236
37675
36423
36258
36539
36889
36390
37151
37215
37094
37268
37622
36724
37841
36783
36802
36988
37551
37844
36346
37688
37506
36703
36990
37695
36156
37395
37072
36382
37689
36479
36892
36753
37678
36020
36077
36885
37440
36644
37188
37026
36698
36553
37421
37198
36305
37391
37647
38037
36590
36345
36319
36522
36615
36849
37417
37819
36379
37573
36303
37372
36965
36952
36441
36258
36396
37669
36331
37037
36296
36286
36524
37200
36208
36209
36426
37590
37548
37779
36378
37754
36200
37262
37249
36136
37265
36433
36300
36316
37398
37267
37658
37633
36221
37582
36448
37544
37326
37633
37687
37316
37201
37417
37729
37023
37816
37411
36148
36813
36217
36383
36095
37603
37688
36375
36326
36428
37373
37335
37532
36711
37136
37447
36405
36591
37710
36438
36321
37345
37456
37653
36404
37777
37715
36881
36423
36439
36297
37409
37760
36760
37644
36496
37723
37634
36723
36693
37583
37206
36337
37639
37451
36871
36260
36657
36512
37226
36758
36517
36836
36647
37241
36449
36703
36930
36159
36328
37497
36276
36685
36430
36860
37633
37558
36275
36396
37896
37232
36633
37398
36297
36475
36185
36486
36370
36675
36254
37680
36225
36903
37423
37305
37710
37097
36706
36426
37736
36311
37574
37493
36363
36535
37729
36219
36189
36140
37629
37678
37695
36626
37711
36275
37733
36336
36406
36187
36394
37558
37373
37804
37799
36354
36471
36639
36582
37187
37095
37689
37036
36339
36634
37656
36284
36448
37337
36753
37519
36519
36539
36191
36320
37653
37180
37715
36103
36734
37518
37608
36842
36882
36733
37128
36502
37686
36484
37043
37740
36601
36877
37468
36355
36581
36971
37772
36409
36336
36169
37176
37419
37239
37422
37599
36983
36173
37250
37400
37195
37218
36299
36487
37007
36378
36583
36254
37069
37073
37665
37699
37064
37776
36347
37457
36610
36448
37539
37616
36376
36212
36552
37571
37010
37696
37742
37074
36641
37169
36516
36366
36456
37515
37433
36407
37553
37060
37095
37476
36224
37549
36789
36720
36790
36478
36596
36825
36529
37475
36314
37486
36709
37134
37431
37110
36561
36700
36191
36534
37795
37242
36317
37624
36215
37900
37709
37740
36885
36761
37820
37345
36198
37026
37505
36591
37348
36566
36499
36849
37612
37683
36913
36287
36589
36317
37663
36564
37721
36244
37379
36799
36603
36299
36608
36491
37219
36264
37330
37176
37157
37297
36531
36715
37060
37171
36923
37200
37765
36993
36443
36483
36169
36798
36334
36588
36883
37626
36834
36337
37509
37522
36399
37704
36338
37105
37337
36952
37553
36365
36621
36424
36988
36599
36792
36242
37025
37466
36482
36420
36971
37531
37207
36236
37022
37607
36352
36374
36536
36930
36623
37893
36848
37543
37601
37187
36623
37069
36573
37102
37811
36784
36487
36240
36495
36993
36438
36966
36390
36180
37718
37652
37413
37761
37169
36847
36425
36357
36965
37711
36462
37514
37610
37433
37287
37598
37856
37625
37464
37021
36251
36470
37191
37744
37402
37442
36340
37433
37758
37433
37440
37491
36626
37157
37063
37458
36459
37359
36250
37687
36288
36794
37702
37791
36232
37577
37055
36362
37118
36284
37502
37114
36328
36684
37348
36394
36390
37019
37265
37624
36580
36241
36957
36617
36949
37646
37006
36801
36808
37418
37730
36657
36268
36559
37261
36376
36546
37749
36325
37415
37163
36486
36966
37689
36721
37595
36427
37751
37604
36354
36301
36263
36938
37378
37614
36173
37410
37377
37419
37324
36641
37683
37169
37759
37626
37272
37625
37379
37499
37681
36223
36884
36547
37416
36242
36604
36276
36333
37324
37088
36583
36881
37477
36561
37670
36718
37687
37071
36411
37917
37232
37646
36748
37460
36741
37650
37111
37345
36911
37785
37705
36513
36345
36791
37461
36668
36309
36471
36568
36517
37249
37532
36509
36372
36161
37187
37197
36737
37022
37376
37554
36463
36756
37016
37245
36501
37258
36593
37461
36369
36935
37472
37589
37620
36647
36761
37595
37527
37365
36653
36939
37434
37208
37492
37117
36129
36584
36338
37471
37532
37261
37117
36399
36301
37442
36409
36353
36739
37726
36098
36166
36419
37743
36272
36934
37514
37160
36184
37382
37394
36353
36441
37292
36976
36658
36929
37867
36021
37357
37929
36884
36760
36820
36224
36767
36265
37150
36797
37540
36497
36098
36544
37561
37158
37302
36518
36548
36378
37058
37670
37021
37224
36636
36641
37595
37462
36303
36549
36645
37615
36212
37187
37356
36334
37391
36630
37642
36971
36873
36083
36893
36515
36888
36371
37693
37631
37159
36492
37634
37632
36848
36537
37644
37593
36391
37851
36599
37774
37264
37927
36610
37438
37847
37729
37378
37663
37601
37800
37075
37688
37333
36632
36290
37449
36273
37137
37660
37140
37285
36216
36325
37040
36388
36784
37821
37520
36368
36207
37310
36336
36958
36535
37651
36565
36993
37430
37421
37404
37683
37122
37255
37695
37301
37333
37682
37690
37619
36334
37506
36337
37416
37571
37376
37165
37039
37516
37104
37775
37158
36872
36937
37451
37613
36359
37184
37221
36893
36495
36884
36281
36413
37241
37461
36223
37120
37437
37491
36590
36729
37131
36894
37219
36401
36922
36705
36468
36707
36825
36784
37448
36215
37196
36390
36236
36412
37370
36356
37607
36962
37156
36640
37090
37308
37493
37620
36474
36610
37645
36468
37040
37142
37987
36906
36625
37505
37092
37640
37673
36146
37553
37480
37787
36684
36646
36699
37722
37542
37241
37377
36965
36721
36356
36928
37675
36647
36870
36695
37569
36943
36385
37603
36424
37508
36738
36624
37797
37413
37613
36300
37352
37693
37557
37815
37610
37495
37902
36579
37573
37691
37051
36851
36849
36940
37706
36740
36199
37623
37759
36357
37439
36247
37211
36956
36687
36726
37369
36551
37539
37148
37607
37504
36334
37252
37062
36382
37663
37602
37446
37418
37067
36335
37606
37077
36514
37037
37637
37443
36350
36371
37089
37766
37542
36391
36931
37600
37518
37467
37470
37344
36519
37375
36698
37230
37074
36891
37104
36594
37258
37388
37216
36530
36545
37407
36453
37673
37093
36261
37565
36638
37741
36600
36227
36427
36711
36833
37357
37657
36549
37425
36338
36893
37522
37331
37482
37679
36955
37084
36942
37509
36614
36469
36559
37393
36478
37014
36749
36802
37327
37028
36238
36567
37267
36506
37847
36339
37741
36473
36305
36543
36416
37198
36672
37156
37746
36908
37806
37322
36304
36551
36351
36823
37660
36521
37634
37472
37348
36671
36682
36544
36456
36679
36394
36962
36774
37731
36805
36926
37701
37165
36599
37714
37882
37429
37589
36406
36397
36348
37500
36539
37270
36797
36280
36471
36434
36614
36325
37133
37726
36828
37042
36796
36432
36544
37322
36397
37420
36772
36899
37629
37705
36848
37604
37329
37264
36773
37058
37809
36819
36537
37302
37706
37333
36503
36427
36595
37387
36699
37564
36284
36933
36553
37798
36151
37266
37636
36332
37017
37797
37311
36604
36251
37466
37221
37758
37444
37868
36520
36935
36615
37025
37279
37041
37305
37536
36195
36453
37064
36690
37020
36661
37542
36498
37763
37753
36733
36895
37373
36528
36466
36555
37131
36316
37472
36515
36875
36292
37892
36400
37406
36995
36414
36441
37355
37656
36748
36481
36462
36742
37416
36440
36918
36357
36338
37527
37614
36881
36353
37272
36700
37262
37649
36938
37139
37191
37771
36804
37502
36494
36451
37688
36538
36314
37629
37384
36146
36610
36998
36406
36980
36307
36381
36224
36445
36474
37500
37106
36840
37873
37301
36752
36702
36324
37046
36760
36920
37471
37861
36727
37108
36954
36911
37734
37606
37369
37740
36113
37422
37722
36978
36920
36362
36571
36922
36256
37248
36967
37701
37731
37531
37570
37747
37754
36953
37255
37719
36472
36415
37463
37856
36514
36293
36556
36977
37546
37499
36607
37897
37240
37514
37466
37623
37479
37450
37285
37594
37650
37255
37239
36487
37581
37720
37788
36171
37065
36827
36444
37927
37573
36794
37114
36371
36352
36394
37527
37625
37791
37579
36401
37293
37202
37904
36276
37459
37628
36492
37886
36715
37397
36359
36322
36796
37318
37513
37707
36999
37402
36131
36245
37715
36682
36350
37802
37514
37009
37068
37760
36510
37186
36855
37543
37634
36539
37430
36818
36070
37210
37654
37031
37735
36663
36277
36658
36508
37746
36427
37666
37500
36444
32533
32533
32533
32533
32533
32533
32533
32533
32533
32533
32533
32533
32533
32533
32533
32533
32533
32533
32533
32533
32533
32533
32533
32533
32533
