9884
40334
37819
39315
39429
41269
38210
41583
38825
41355
39561
39025
41174
38128
41263
37567
40442
40952
40931
38098
38311
38527
41707
40532
41007
37852
38246
39720
40561
40420
39474
38117
41335
39180
41130
38456
38717
38807
38954
38525
37502
41908
41566
39840
37799
37990
37902
41743
41585
40534
41655
38591
39476
41221
38363
38190
39583
38175
41010
40268
41463
40879
40918
41483
41592
41068
40125
37857
41019
39339
41196
39205
41102
38662
37882
41138
41335
37802
38042
41562
41651
38270
40452
40868
41736
40751
39004
38491
41729
38901
40819
40499
40567
39361
39379
40854
40815
41138
40218
40525
37861
41487
38587
41726
40955
41548
38406
38703
40947
40352
38144
37675
39322
37796
39060
37615
41740
38815
37712
41423
40779
40361
39299
37674
39669
39906
41506
41505
41257
40608
38455
38522
40963
40241
40283
38416
37806
38976
37617
37867
37710
40583
38500
41464
41023
41299
41122
41379
41309
39788
37807
38359
39822
41230
39761
39112
38903
41081
41475
38293
38366
41677
41818
39259
39752
40940
41664
38227
40571
39854
38364
40856
41789
38423
41228
41034
38411
41349
40939
40586
37670
41848
38067
39845
38238
37919
37738
40073
41481
41638
40945
39949
41321
41772
40808
38190
39055
39058
38093
38053
37895
40973
37830
39859
41405
40956
41255
37601
40579
38090
39005
40419
41868
41724
40962
40634
38264
38738
37838
41783
40196
41468
41012
38086
37751
39752
41037
37641
40802
41664
37705
38630
37774
38144
38043
39039
41213
40704
40794
41667
37693
41376
40052
37743
37768
37730
39826
41677
39767
41626
41763
41053
38415
37749
39788
38339
40537
37705
40718
39814
39327
37806
39433
38076
38375
39511
38076
40705
39690
38021
41440
40984
37826
41492
41513
37952
38568
39759
39312
37970
39017
39232
41739
38458
39557
41307
38351
37968
37634
40565
41332
41075
38009
40488
38022
38812
37718
39148
38786
41082
40888
37605
41178
37659
37585
38120
38270
39138
40999
41637
40707
39420
41718
38235
37680
37692
41428
37746
38354
39174
39034
38988
39190
41882
39464
40593
38841
38894
40084
41791
41542
38647
38928
41728
37654
40270
39410
41604
38149
39126
41142
40760
40029
40103
41784
38097
39696
37887
39577
41375
39635
38005
39110
41192
39757
41726
40533
39345
37920
38728
37729
37827
40838
40633
40596
41664
37749
38592
39383
38607
37897
39841
39444
40010
40202
41807
40015
41837
37912
41784
37685
40635
41763
40196
41129
39995
38674
40579
38714
41558
39448
38786
38513
41604
40825
41508
41664
40875
39824
39353
37889
40572
39296
37734
41408
41512
40443
41447
37641
40527
38167
41552
40791
40173
40020
41629
39666
40515
39543
37784
37923
41720
38295
38299
38267
37612
39950
38600
40033
40474
38603
40826
40477
41394
38134
38753
37467
40004
37644
41511
39399
41093
40189
41039
40668
37881
38436
41032
37679
41026
41286
37629
41431
40928
41400
38412
41804
41733
38425
37659
41827
41090
38242
38558
39959
38000
41820
40496
39701
38074
39499
38315
37679
39440
38107
38175
38704
41118
37865
41330
37923
41524
41705
38712
37953
39709
39392
41499
38868
40613
38632
37688
40920
38605
41653
38202
39713
39045
40422
41801
37711
40993
38085
37882
41875
39014
39938
41524
41384
41330
37762
38803
40611
41608
38343
41394
41718
39968
41055
41271
40975
41687
38101
39250
37951
37684
41739
37932
38479
38168
41464
39150
40304
41704
38023
37833
39708
39887
40703
39231
41568
40104
38795
39222
40426
41469
40890
41701
40236
37673
39137
37721
41846
39951
40126
38052
38480
40464
41841
41536
39055
37760
38864
41417
40980
41176
41634
39840
39934
39781
39773
40502
40090
37895
38078
37735
40585
37961
38670
40481
38739
39394
40406
41026
41521
40131
38387
41683
39008
41629
39809
37733
40861
41615
37759
39405
41459
37679
40589
38078
37719
37961
41866
37807
41690
37750
41049
37781
38293
38755
41316
41723
41307
41701
41715
41650
38763
41753
39118
38688
38134
40863
37786
41768
39689
37774
37799
40313
37887
38693
39250
38744
38063
39731
40885
38739
38743
39010
41893
38707
41209
37912
41516
38130
40042
38359
41200
40695
40630
41349
37814
39329
38358
40397
38009
40203
37630
39417
39379
41775
40378
38110
38099
39253
41458
41018
41070
40403
37671
41527
41580
38882
40450
38136
37699
37717
40223
38680
37760
41537
38083
41912
38126
38460
38002
41475
38933
39013
40370
41433
37777
38156
37843
39801
38197
40032
39767
40481
41696
37746
41000
40436
39741
37738
41113
40986
37748
39058
37638
40501
38676
40501
41765
40841
39074
38096
39896
39735
38989
38755
40751
40882
40858
41241
37642
39196
37609
41078
41260
37809
38692
41443
38797
37762
41075
41802
41732
40721
38371
37735
41325
40136
40698
38750
40673
41768
41681
38299
39064
37903
38834
41186
37732
37867
41470
37834
38521
41513
40778
40847
41732
38844
41702
40409
41322
38586
37606
39229
41314
40592
40795
41330
39679
41536
41040
41449
39779
38068
39927
39825
37892
38178
40346
38063
37770
41745
41515
41565
38925
41686
40615
37917
37510
40102
41373
41343
40798
41492
40211
37735
39873
41368
37784
40871
40767
39536
41692
41175
38023
39202
41380
41647
40170
40071
39692
38070
37876
38278
37683
37654
41186
38831
41637
41306
40737
39193
38883
38816
41472
38199
37709
37828
41234
39061
41794
37797
38646
37943
40210
41645
40047
41377
41481
39085
39345
37869
40685
39857
41440
37921
40883
38123
37847
40110
39409
39202
38681
39596
40596
41505
41447
37814
41495
40750
40668
39176
40057
40525
41035
40577
40130
38956
37633
38969
37829
41509
40421
39416
40402
40692
40989
37776
39202
41086
41545
38391
41590
40707
40877
41657
41537
40171
41884
41560
40152
39595
39032
38320
39796
37810
41673
39302
38014
38518
41700
41109
39980
37792
39860
41021
38623
39239
38396
39034
37834
40425
37630
39277
41426
38003
40310
41814
40368
41446
40165
40159
41719
41399
41507
41167
37544
37764
40141
39282
37912
41424
39692
38522
38291
41329
41188
40697
38597
40364
38548
38414
37955
38665
37827
38075
41513
41606
40915
41857
41416
38135
41204
37725
39182
37685
38128
38819
41341
40241
41724
39438
39056
40140
39316
41619
38094
37548
40770
39495
37676
41198
41547
39530
38408
41689
39282
41475
41654
40809
37647
40512
41659
39962
38547
41548
38298
40024
37726
38924
39976
37719
41641
40703
40984
39505
38888
41016
41586
41578
40718
40497
40904
38143
38035
41227
37936
40597
41676
39299
41431
39090
37951
41626
40949
40695
41424
41485
41469
41131
38348
40803
39717
41679
39640
39521
38089
37696
38025
41773
38609
40490
37945
39635
38264
41055
40176
41539
39803
38033
39299
40828
38212
40713
38440
39102
41272
40932
38735
41351
41614
41246
39901
40867
41687
39160
39862
39722
41649
40868
41397
38710
37716
41619
40607
37817
38232
40264
41622
41206
40125
39477
41639
41700
41519
38846
41624
38191
37691
39751
37890
40124
38945
39520
41431
37921
37665
40923
40953
38042
37626
37954
41531
41455
41772
37886
40747
41835
38722
39112
37843
37755
41716
41537
41756
41318
39803
41724
37935
37818
40951
37928
39450
40428
38285
37941
41240
39060
41623
41277
41891
37635
40923
37623
38619
38792
41572
40177
39710
41619
39402
40589
37931
40522
41746
40937
40811
37697
41862
37740
37846
41329
37723
41736
40474
39266
41805
40294
41607
39257
37976
38720
41367
40795
40927
37755
41313
37738
40712
38485
41614
37788
37905
38101
38762
40630
38212
40307
37691
41246
39986
39584
40928
41711
37687
40026
41241
37764
40338
41627
40963
41760
41581
40637
39297
40935
41317
40046
37745
41265
41525
41714
38726
38048
38196
41344
38125
40855
38070
39856
38019
39009
39720
39961
39137
39850
40533
41548
39703
40255
38710
41653
41398
38940
40343
41450
40340
38568
41046
38083
41744
41642
40198
40976
40984
40457
38200
40840
37884
41279
41595
40193
39021
38801
38627
41666
41104
40496
38002
37729
37785
41083
39058
41470
39470
41594
41374
41483
37789
41597
39241
40353
39863
41750
39953
38692
41539
38548
41729
38663
39237
41003
37880
41726
41581
38500
41554
37767
41576
38562
39938
38505
41324
38391
41393
40884
37749
39226
41741
38365
38711
40294
41503
41347
37999
40808
38314
41500
41570
38257
39757
39166
37742
37673
40187
40746
38023
41213
40927
40246
41739
40873
39017
41010
41081
40215
39329
38663
39788
38719
41627
37743
41169
41749
39280
40990
41589
37776
39977
37858
40666
41699
40672
40998
41480
41342
37670
38129
40856
39560
41585
41560
41344
41712
39661
41540
39944
37687
38155
41724
39239
37805
40952
39022
39307
40921
37740
40961
41694
37752
37775
41187
41039
40713
37910
39911
38610
37661
39730
41391
41039
37767
37841
40997
40270
38257
38136
38087
39213
37918
38179
39207
41430
38221
41028
40303
38270
39298
41530
38034
37779
38500
38115
37775
37737
40036
41162
38337
41486
37810
40006
38913
40741
41676
41643
38452
41486
39457
39296
41720
37767
39832
41908
41579
41200
37994
41747
37631
41634
41022
41589
41900
38827
41553
37637
37998
38591
38009
41478
38255
41856
39428
40816
39680
41534
40020
37696
38305
38510
40020
37745
38805
38159
40817
37857
39844
37839
37592
37889
39215
38366
41560
37658
39271
39268
37761
40419
38038
38418
38038
37634
37630
39051
38406
40173
39043
39097
38765
37745
40922
38368
41592
39096
40930
38157
41172
38921
37755
37755
38267
40355
41728
39835
38452
41170
41524
40950
41259
39343
41796
38953
41488
41493
39694
41171
38453
40443
41644
38191
37906
37691
41756
38951
40734
41708
41134
38241
37566
40568
37794
37729
37853
37645
41325
37726
40264
40344
41313
41747
41768
41932
37624
41316
37889
41789
38031
40958
41738
38463
41098
41526
37732
40973
41119
37948
41091
40624
38876
41537
37772
41130
41601
41004
38411
38878
41044
38260
41735
38006
40342
40075
37856
38293
37828
37777
38408
39037
39771
38719
41614
38758
39061
41667
38093
38200
39620
41601
41772
37882
37763
38209
37811
41065
37720
41594
39514
37957
40675
38182
37975
40972
39927
41668
37671
37759
38628
39528
37868
38176
37695
38280
38240
41548
38573
39218
38290
39487
39424
41271
41092
40383
40320
40944
41856
39974
40701
37986
41473
38634
38288
39917
41785
38697
37667
41745
37834
41535
41642
38188
41648
37721
40558
38634
39587
40052
39169
39079
41774
40455
40064
40830
41739
41666
41053
41719
41524
38988
38282
41757
37700
38035
38666
41056
38244
39714
37723
41335
39918
39536
41772
37984
40862
39467
39348
37938
38581
37691
40313
40337
37777
38358
37960
38868
37964
41812
41654
39309
40449
37769
39728
38596
40926
41756
40244
41183
39277
41674
38006
39307
38246
37847
37646
37855
40708
39234
38097
37926
37995
37542
39326
38819
39690
37930
41789
41566
41487
39410
37723
41584
39884
39951
41850
40405
40311
38184
38312
38129
38343
37866
37827
40794
37664
40400
38985
37598
39052
41293
41143
41159
41287
41456
39007
38751
41717
41531
41320
40060
38629
41444
37976
40457
40443
40842
41252
39504
39570
38877
38605
41521
38548
41526
40977
41275
39568
40309
38515
38888
38301
38871
39324
37842
39219
40442
40748
37720
39281
39250
37756
40225
38812
38338
39934
40657
38650
37634
37864
39745
38847
37779
41393
37929
40493
39998
41670
41304
41104
40544
37703
38733
38903
39513
38176
40478
37831
39988
41670
41624
41413
41767
38372
37928
37998
40124
38159
41526
40917
41864
38840
37716
38267
40494
41266
39324
40650
38824
41230
41791
38874
41060
39228
38346
39532
38000
38902
38779
41268
38490
38630
38636
40165
40519
37812
39363
41890
41344
37868
41732
38901
41777
39606
40398
39979
41711
37936
37701
38371
41554
37865
39483
37968
38051
41624
40841
41656
37620
38129
38149
37726
41171
38124
39734
40829
39799
39003
37958
40779
41088
38899
37941
37775
40137
41822
38315
39993
38467
41701
41581
41491
38905
37702
38952
38412
37880
38422
41599
37714
37723
38258
41594
37971
41319
37895
39983
41621
38084
37943
39474
41626
41487
41640
40090
39710
38423
37982
41662
38011
37676
40081
40490
39778
40866
38409
38970
37971
40876
40932
41067
38292
40660
41587
39152
37795
37803
37888
41011
40491
40705
38349
40112
39578
37808
40523
41571
38822
39209
39685
37989
41657
41439
38477
41551
41602
41718
41207
38621
38172
41640
40860
38155
39076
41411
39516
38396
41729
38521
38639
38271
41551
41467
39121
37923
38994
37909
41529
37567
39538
41664
41651
40174
38167
39523
40888
40846
39069
38296
40527
40822
38490
39574
40345
41354
38943
37745
41505
39596
41531
41739
37782
41297
39383
41659
39998
41194
38110
40359
39540
38092
38122
41081
37845
41592
37648
38908
38424
37772
41173
40115
38061
39982
38031
39359
37677
40061
40070
38319
40035
40545
40244
39158
38157
40179
41109
38807
41520
41713
38329
40026
40108
41353
38829
40253
38518
39442
40463
41459
40373
37911
40726
41247
37851
41849
37917
41588
38772
41539
40682
38842
38343
40445
40620
41205
39182
41221
41456
38851
39627
41489
41859
39218
40950
39454
38014
41722
37694
39752
39331
41784
38861
37983
37943
40844
39214
38475
37700
40034
37648
38639
41146
40772
40296
39480
39238
40770
37671
38255
41488
39389
37868
38890
39173
38715
41062
37952
41794
40999
39602
37804
41666
40395
40477
38629
41800
41257
40247
37714
40390
41491
39814
37911
37796
37706
37753
41872
39381
40888
38212
41478
38407
41748
41013
41218
41458
37967
41170
40767
38204
40555
39835
40246
37712
41365
41011
41830
41592
40945
40367
38122
39833
39567
37819
41607
37677
41750
41819
40966
41639
39447
37944
40816
38085
37851
38356
41602
39343
40815
40791
41580
37803
40209
40967
40626
37773
40840
41853
40632
37883
41302
41745
38240
40169
37782
39384
41040
40426
41483
39311
38892
38262
38314
38297
38537
37903
39788
38872
40543
37758
40029
37818
38729
38157
41185
38860
40116
41143
39137
41127
41689
38107
37678
39708
38325
41739
41641
39471
38448
38218
41702
41750
38213
39168
41122
39152
38137
38584
39964
41419
39489
39980
40195
40087
40598
41607
37715
39914
41602
41290
41024
38812
40835
41384
41817
40586
38014
40287
37663
41587
37876
41416
41669
41502
38888
38088
39040
38040
41699
38799
37970
41466
41224
39103
39069
39923
38285
39979
37758
40793
40101
38703
38091
38458
37778
37876
37693
39286
38650
38962
38958
38170
37671
41180
40830
41772
38001
41114
41082
38228
37800
41777
38122
38138
39332
39509
37692
39335
38489
38389
41008
40182
41645
41762
41145
37718
39483
39327
38546
41756
38101
40763
41604
41172
41541
38889
40221
41380
37705
38641
37804
41057
39701
41601
40270
37834
41509
37908
38375
38162
39043
39873
38430
38336
41631
39122
39161
37772
38294
41555
41267
41810
38070
37662
40424
38509
40018
38656
41389
37979
40777
40117
39228
41197
41542
41474
41294
41764
37644
41060
38651
37785
41570
37858
40513
40114
41762
39412
40456
41051
38101
37733
41005
38009
37937
38255
41054
37752
41945
41637
39850
41499
38275
41150
38016
37867
41428
40604
40857
39012
38527
37885
41883
38292
41752
37980
41159
41196
37821
37747
37954
40411
37970
39471
37828
37644
39782
38787
39017
39686
41634
37654
38038
41913
37743
37664
38710
40487
37935
38028
40509
39193
37738
40812
41464
41532
41517
38320
38912
37629
39896
38311
40397
40566
38616
41579
37999
38260
40675
37713
41640
40355
38799
39937
37949
40391
38994
37702
41251
40427
41480
39835
40046
37679
38552
41533
40561
40862
39754
39211
38342
40582
37680
38250
41443
38390
39520
39036
41557
37859
38296
41743
38843
39716
40841
38772
38706
37952
38817
41806
37797
38189
38211
40400
39425
38886
39263
40505
39817
41724
38980
40947
38500
38621
41607
37913
39586
38718
41475
38223
41621
37883
41891
39431
40921
37665
38101
41037
41607
37786
40762
41568
40288
40083
37887
40287
41452
40684
38452
38771
41686
38121
41150
39920
41422
39452
39740
38037
41879
41787
39261
41079
37788
39809
38105
39054
40135
41459
37873
38967
41617
39271
41186
41443
38241
40270
41645
40237
39367
40454
39893
38695
37733
41220
38754
40880
41706
38037
41091
41109
40910
41647
41139
37899
39273
37690
38553
41126
41400
37845
38929
40635
40573
41593
40220
37875
41714
37988
41270
37789
39182
41291
41788
37839
37615
39118
37834
40544
37610
40092
37912
40837
37947
38823
37630
41226
39763
37670
37666
40801
40476
38835
40445
41291
39183
40366
41112
40945
40346
39984
40459
38084
38997
38574
38092
37981
38131
41777
39849
40793
41670
37798
37764
37676
37679
39373
39484
41138
41112
39726
40945
38904
37836
37845
41731
41213
41589
38584
37675
38391
39524
41124
40066
40604
37796
41671
38228
40877
39714
41310
39541
38235
37786
37955
41719
38126
39753
37894
41140
38829
38879
41643
37687
41480
41755
38171
39568
39887
41567
41494
40951
40343
37896
41072
41716
38189
38533
41389
41596
38622
37701
37885
38475
41441
37890
39776
37830
37675
41282
41661
40316
38914
41087
38392
39875
41695
37558
37842
37812
38412
41090
39083
41587
39702
37734
41027
39918
41613
39884
41818
38115
38570
38488
40173
40980
41088
39941
39646
41705
38956
41745
40090
37690
41686
38346
40236
41719
41640
41750
40984
37684
39416
40714
41328
37940
38306
40830
40769
37900
40731
41666
41132
38901
37984
41596
37792
37639
40036
38484
40369
40671
41485
37791
40088
41635
41299
40019
39360
41845
39545
39943
38113
38126
38158
38819
40852
40414
38686
41041
38964
37974
41599
38363
39606
41975
40667
38606
41073
41753
41688
38221
40537
41221
39170
37926
39485
40343
37727
38375
38955
37955
37685
39130
37841
41190
41725
39977
39964
40057
38151
39473
38384
41392
37864
41131
40306
41718
38897
38299
38217
40789
40610
38750
39769
38133
38713
41919
39175
38963
40572
41658
37802
37658
41637
38504
40282
37795
37912
38931
40260
41714
39441
39098
40614
38721
41665
38545
40278
37906
38861
37708
38743
39083
41244
38105
39135
41728
39889
40080
41142
37676
41667
37870
38109
39618
37657
39111
41595
41161
41579
39651
38937
37904
38289
40736
41607
38876
38954
41168
41663
39879
40233
37921
37755
41772
39568
38926
41205
39546
38324
40040
39837
37914
37647
40600
37990
37705
38140
38126
39287
38776
41696
41233
40663
37996
37659
40467
39898
41514
38486
39901
38044
38200
40438
41629
39816
38313
39136
41597
41102
41538
41006
38117
39592
38824
41230
39807
41302
41739
41721
41851
37954
39754
38985
38914
41566
38440
40114
39266
41500
41693
38611
40083
41004
39467
40911
38606
39343
40200
37826
38284
41472
38283
38056
38512
37770
41289
37930
41915
37787
37879
40226
39295
37696
40854
38491
40088
37690
40072
37837
41191
40534
37753
41872
40253
39184
41768
37745
41290
40935
39449
38663
39449
37623
38780
39254
38046
40522
38853
40726
41682
37664
37896
38494
38625
41508
40519
41708
39729
40888
41771
41576
39172
41558
41594
37844
38312
38439
41639
38709
41278
41827
41880
38915
40207
38239
37691
37666
41678
41611
41420
40055
40075
37777
40656
38533
39484
39685
39268
39874
41606
40267
37640
41381
37715
41506
37901
40395
41549
41110
38239
39790
39395
41811
40637
41764
38190
41643
40085
40662
38930
41738
41445
38326
38065
40759
38031
40798
39774
40994
39796
41106
37928
41629
38883
41735
40876
39826
41247
39880
38315
37911
37979
37594
38641
41453
38401
37793
39289
41866
38120
41581
40930
37734
40980
38312
38560
40945
40830
38506
39769
39912
41338
40343
37686
41047
40662
37682
39669
38363
40735
37704
37595
37806
38745
37987
38428
39428
37733
39809
41477
39983
41588
38697
38705
38649
41723
38566
37948
39766
38163
39805
40927
39097
38785
41680
37870
37655
41014
38853
41474
40873
37903
39424
41802
39762
40192
41437
40413
38282
40484
40831
41678
41793
41949
40152
41308
39598
40954
41052
40622
37852
37961
39897
37963
37936
41944
38369
37884
40028
41773
37778
41757
38564
41831
41161
40803
41344
39855
41180
37872
41692
41835
40924
40578
38315
37765
39517
39921
40592
41663
41262
38158
41719
41700
37685
41915
37933
38819
39293
38628
39892
40805
37847
39214
38758
41859
40993
40048
38056
40281
41769
39509
39934
38110
41224
41676
39900
41237
40946
41613
39646
38882
40584
41731
41787
40620
39509
41403
41845
40162
38807
41561
40696
38981
41047
40222
41811
40520
40707
41674
37750
39029
37656
40710
40476
37713
40136
41499
41468
39000
37612
41101
37706
40648
37634
41555
38409
38934
38488
38116
40509
37977
38155
40163
41400
40078
39442
40848
41952
40110
39225
39065
40853
40510
41311
37710
41157
39631
40164
40881
41769
41379
39585
38581
37901
38335
37710
38627
37811
37639
38399
39700
40591
40478
41495
38100
37909
41464
38806
41197
38241
38197
37738
41412
37711
41169
37684
38364
40973
41164
37684
39912
40988
41767
41470
38905
39268
38980
41308
41603
40222
38772
37927
38425
39564
37674
39076
41136
38920
40978
41526
40906
38598
40023
38376
41614
38172
39541
37639
38557
41637
40032
39529
38709
41149
40062
40967
39363
37787
41595
37934
41482
37690
39781
41767
41210
37958
38516
40163
39300
41748
41301
37589
38149
41353
37654
41556
38584
40879
38637
41768
41375
39859
38435
37782
39208
38073
40245
41372
38645
37684
41558
38333
41600
41317
38837
39889
41631
37618
40909
38042
37722
39309
40971
37690
41222
37937
38528
41612
37850
40329
41620
38691
40291
39553
40951
39457
41125
41338
40403
41576
41682
41468
38021
38733
38015
41459
39401
39236
37828
38747
40857
40239
37701
39341
40524
37855
41251
40843
38181
41603
37675
37686
41700
41316
40821
38173
40797
41675
41653
41166
41718
40025
38267
39728
38800
38582
41591
41193
38987
38879
41604
38782
38531
40620
40229
39425
38140
40121
38990
40707
37757
38875
40344
40246
40810
40429
41707
39367
40114
37845
37699
37726
39105
41019
39942
38818
37873
38818
41580
37874
41710
41763
41235
37673
37848
41892
40227
41424
40147
37832
38079
41570
40736
41548
39725
39277
37886
41053
39280
38097
37777
37609
38481
37838
41393
38969
39183
40985
37851
40667
38717
37730
39159
41440
37676
37775
41716
37828
38584
37912
39729
38995
38778
41707
41393
40315
38144
38684
38886
38704
41554
37940
41606
39317
38344
41251
41720
38573
37672
38670
39878
39599
38771
41447
41537
40489
40580
40023
37671
41203
39674
41170
40629
38089
37604
40920
37976
41716
41800
41645
38682
41838
41027
41547
39929
40365
41800
39320
40814
41488
41902
39589
40705
38471
38844
38071
41651
41532
41344
37820
38020
41663
40796
40924
37791
40908
41176
37783
41667
41693
39995
41931
37792
41321
37642
41829
39546
39678
41046
41288
41397
37790
37766
37756
38162
40418
39947
41475
41637
39410
37877
38257
41059
41000
40393
39066
38031
41574
39101
38246
39023
41536
37772
39376
41025
39163
38260
40265
39462
37918
41818
41436
38512
41311
39720
41588
37627
37815
41042
38069
37663
40530
40831
39014
38018
41703
38015
40993
40834
39310
41687
40551
38031
40687
38342
37855
39383
38462
41274
40525
41691
41729
38255
39248
41255
38141
39100
41712
41100
40266
41647
40092
41171
38634
38921
38190
38074
39122
37923
39639
37798
38671
41737
40912
39575
41750
41781
37883
41721
41560
40278
37814
39134
39906
39913
37725
38878
38246
40426
38751
41369
41566
40816
41357
38238
38578
39263
37669
39830
40807
40970
37721
38849
41649
38839
38736
38784
39977
41492
37812
41521
37828
41649
37917
41716
37801
41637
38816
37708
40640
37714
38750
37952
40364
41531
41672
41726
40200
38261
39692
41560
40368
39326
38394
39803
39625
39427
41700
41277
41062
37886
37718
37648
39197
37704
40180
39940
39396
37915
38771
40952
41645
38708
37782
37693
41667
41697
38338
41301
37988
40798
40104
40705
38898
40892
41034
41274
41125
37797
41731
41761
40676
39861
41745
38746
40037
41531
41657
37909
38846
38055
40162
38624
39456
41581
37915
39857
38144
39731
38547
37870
40606
40571
41360
40732
39596
39918
38423
37623
40357
39196
38230
38789
39970
40458
40018
37982
41610
41596
39491
38152
41577
38371
40686
38737
41567
39582
41273
39898
38710
40330
41397
38882
37707
38002
37767
41759
40380
39751
41665
37721
38852
39888
38130
37669
40090
40898
37839
38226
37763
39910
38441
41532
41789
40116
41788
40956
38813
39761
41836
37606
37946
41006
41576
38909
38791
41443
41168
41557
41404
41836
38865
40128
41913
39525
40695
38851
39040
41557
40376
40295
40612
38972
38155
37922
38139
37606
41913
37987
37961
40395
37989
39650
39966
40338
40319
38063
37667
41769
37745
40908
41789
41751
37933
39827
37977
40101
40056
37597
39080
40896
37623
40753
40130
41508
38560
38639
40030
41755
41754
37945
38878
39917
41552
40739
40878
40241
39769
41808
39881
39541
39869
41486
39375
41726
40890
41843
38029
41679
41047
39276
40134
39814
37858
41380
41773
39636
37643
37819
39698
41320
37897
37745
41738
38963
39514
39044
40677
41720
41105
41088
38959
39316
38332
38754
39855
37771
41057
39610
39280
40652
41499
39998
41645
38695
37703
39759
39475
41094
40500
38455
39621
38143
37793
39612
37639
41805
40037
37725
40441
38054
39156
41688
40900
41730
41593
39297
37724
39609
38110
38909
38053
37753
38400
38989
40565
39963
38750
39851
39270
41557
40213
38549
41105
39236
39374
40966
37906
41766
38424
39321
40793
41143
38071
37963
40309
37576
40515
40262
38792
38705
40749
40682
41696
40226
41081
38817
41171
38552
40689
39556
40175
41231
38445
39055
38241
37820
41626
39073
40683
39022
41082
38895
39803
38158
38773
37649
41057
38818
38081
41613
38315
39439
41159
37613
41226
38013
38433
41428
37674
39213
41250
41032
41281
40811
41682
40305
37691
40346
37854
38520
38026
39049
41795
39496
38412
37932
38495
39351
40254
40028
41654
37842
41465
41677
41983
37674
38631
40689
39130
38174
41332
40972
37786
39201
41388
41774
41701
38387
37719
39690
41102
41398
37810
41171
37818
41648
41295
37565
41672
39952
37679
41592
41483
37771
38219
38415
37698
37887
41499
40916
40067
41452
40839
39925
39204
37749
38275
38062
37929
40522
41439
37805
38176
38668
38556
39152
40272
37640
41335
40829
41549
38631
40078
37932
41802
38681
40086
41651
41824
40587
40070
41776
39600
39021
41146
39382
39950
37669
40384
41499
38375
37690
38623
40810
38095
41641
41167
38021
41226
41810
41651
37726
41738
38243
37789
37818
39184
37704
41085
41612
37852
38281
40257
37780
40853
38197
41424
37825
41563
39388
38047
40318
38733
37737
40472
40161
37773
38022
38917
41645
38721
41135
40792
38781
41516
41913
37714
40892
38428
38305
40433
37864
39285
38085
41602
41624
37913
40685
37785
40413
37754
41647
41854
37777
39775
41014
38587
37947
38236
40575
40142
38156
39140
40912
40069
37736
37598
39090
39379
37904
41342
41721
41118
38396
40815
37986
41704
39838
41212
39959
41703
40330
41374
37715
39745
38948
37827
40129
40865
38376
41821
37693
37985
37603
41013
39643
38379
38755
40900
38291
40923
37939
38884
41288
39192
40832
38717
39910
38635
40535
41481
41350
40714
37623
38142
38226
40302
41832
37655
41460
37595
41371
37834
37771
41613
39340
37712
41459
39047
39789
39266
41696
41476
38279
41525
38867
37959
41466
38285
38066
38398
37894
37847
37925
41735
39387
39761
41742
40354
38546
39558
39235
40371
37561
38065
41003
41108
37616
38678
41134
38996
41588
38260
41596
39998
38306
38312
40143
37690
41711
39210
39426
38856
39873
40040
41602
38216
41778
37775
41602
39374
38574
38195
37851
39112
40884
38759
38740
38646
40057
37869
37708
37773
41255
38038
37738
39918
40924
41675
40378
38492
39039
41464
41283
37863
39200
40952
38229
41712
39231
39130
38223
41136
40356
37739
41091
41547
37765
41099
41371
38235
39211
41297
38295
40709
39637
38796
37830
38152
40721
41829
37877
38266
38101
41739
37919
41346
39330
39927
41344
39705
38841
38012
37672
40069
40563
41608
39899
40929
41231
39629
39435
41220
41528
40460
39151
40478
40421
41687
37777
38137
41195
41467
41541
38827
37889
41044
41086
38519
41332
38190
40839
41712
38102
39853
39053
40160
41174
37569
41717
40401
39337
41875
41526
39844
40625
37989
37853
40734
39158
38900
37681
37922
37800
39467
39150
40265
41516
40049
38363
41489
40293
39009
41327
38364
39646
41488
41755
38207
38439
38205
38265
40642
37718
37838
41159
41673
39121
38503
38242
39124
40949
40640
38163
40919
38307
41590
41161
38984
41687
38433
40879
38891
41611
41744
41336
38874
37843
38940
41215
38818
40451
41634
40925
41237
37890
40647
38611
41410
39253
41138
41855
41252
38355
38053
38191
37794
41700
37737
38895
40145
41152
40893
37586
39374
41786
41738
41672
41675
41093
41308
41796
37632
41648
41656
37818
41076
40523
41033
38591
40694
37783
41603
38033
37803
37731
40505
39563
41431
39895
40116
40506
40505
39838
38684
38182
40738
38629
40761
40870
39293
37796
41354
37801
37604
39560
38440
37933
41270
38425
39621
38217
40092
39297
39752
40304
41557
41257
37934
40973
39621
37712
40592
39688
40426
40302
39365
41659
37705
40951
41743
41831
38264
37616
37666
37761
41156
40674
37763
41249
40275
41860
37941
39345
38494
37833
37796
41394
40003
40534
40015
41725
39381
38687
37604
39725
37912
38160
40902
37675
37761
39527
40937
38361
40448
39779
41396
41275
38586
37767
37690
39620
41916
41628
37894
37875
41599
37734
39485
38549
37823
39280
38356
37816
40841
40685
41819
38342
41586
40514
41607
40214
37747
39029
40141
38876
40084
39500
40418
37728
40924
37850
40577
41288
39026
38269
41198
39145
41590
40917
39938
41887
41411
38776
40449
40964
37897
37989
37881
40854
39484
39464
38765
41401
37838
40558
38069
38303
41515
41756
40138
41212
41408
41472
37814
38399
38230
40951
41820
38802
40672
41268
37663
37677
40283
41663
40120
41152
39227
38548
41537
40341
37955
40104
37799
38550
40365
41605
38027
37840
41267
41400
37672
37952
37903
38220
37748
38151
40776
41337
37827
39210
40922
38502
40047
41152
37743
40430
40728
40166
40702
38109
38115
41776
38122
39623
40414
39924
40650
37659
39333
40947
41047
39178
37728
40006
40971
41302
37990
39425
41707
38332
37886
40793
41394
41524
38095
38657
39606
40957
37803
38104
41107
37866
37726
39188
39597
39179
40014
38196
41091
37737
41816
41807
38667
40980
41280
38424
40721
37908
38794
40064
40118
40720
39784
41793
40797
39086
38466
39509
37690
37905
41725
38231
41495
40165
41243
39012
39590
39296
41299
41647
41860
40255
41555
38334
39937
39892
37826
40834
40491
37803
37677
39317
41833
39343
40454
38484
37944
38218
38422
40199
37820
37808
38292
38253
38194
40773
39204
41308
38818
38107
37694
37773
40512
38612
38667
41316
40999
39311
39467
39949
41675
41659
41588
41714
37909
37716
39026
39518
37910
38218
41514
39203
38686
40281
39940
38297
38631
41758
40857
37997
41031
40869
41428
40675
40749
39249
38403
37814
39402
38659
37808
38795
37966
40499
40744
37992
37926
40492
41760
37651
38602
39740
38635
41165
38329
37776
37737
38168
40844
38093
38310
37893
37637
37783
39542
37882
41547
41351
37959
41761
37598
37965
37622
41530
40905
40430
40686
40096
37730
40989
41753
37657
41284
39243
39277
39827
37659
41476
41742
39247
37729
37752
40066
41692
37942
39314
38265
38507
41232
38003
38943
41896
41380
41567
39492
41363
39563
37808
39556
39201
41598
38581
38109
41638
38234
41649
39754
41250
40908
38780
39446
41514
37676
40924
40904
40075
39037
39972
40324
41725
41651
40560
37671
39035
41363
38240
40292
41087
39723
38946
38405
38317
37629
37741
38364
39470
38409
41502
37604
41549
39217
39336
39067
40283
38056
40274
37896
40883
41538
41213
40747
37783
41361
41725
40246
41502
41257
37893
37737
38976
37947
39218
37790
41723
38464
37879
41609
41535
37815
40327
39341
39910
38969
38191
41456
37818
37655
39278
41675
40298
37844
39220
38011
38126
41065
40160
41615
40971
37964
40247
37690
41391
37734
38734
40365
37914
37790
37768
40197
41302
39930
41259
38695
38274
40777
39953
41686
38026
40847
40895
38162
41599
37866
39253
41105
37594
40145
39757
37936
37726
38357
37940
41812
39453
37710
39035
38836
38597
40457
41489
38044
41803
39937
38519
39941
41405
40143
41677
41437
41659
37881
41516
37920
41699
39539
37675
41318
38952
41478
37938
38074
41243
40443
40445
38097
38263
41291
40611
41151
40959
38819
37666
41663
37755
41655
40439
40969
38427
39262
41693
39853
39988
37554
41451
39068
37696
38662
37815
38681
41021
38103
41239
41625
37896
40455
39650
37826
38977
39313
37658
38378
41674
37763
38699
37812
40343
38147
38208
41855
38525
37981
39858
37599
37793
37839
38934
41665
37721
41037
41712
38251
39187
37996
39987
38282
40998
37775
41118
38346
40304
41551
37741
41856
41827
37701
40126
41228
40914
39003
40320
41593
38238
40066
38107
38067
41769
37880
40908
40715
40903
40579
41451
39075
39046
37857
38481
41559
41646
37678
40618
39893
37678
39161
40938
41395
37802
41591
38184
41019
40411
40660
40311
37955
37717
39469
38616
37896
40126
40109
39969
37924
38950
41612
41453
41492
39092
37760
37761
40942
41807
40050
41646
38755
37747
38804
37671
39512
37837
38725
38348
40684
40361
41355
38701
38155
41604
41589
41845
38671
39152
38334
39048
41316
41552
40285
38228
38515
40901
39269
38732
40020
40705
37778
41548
38057
38731
37721
38301
41764
39974
41289
37652
41174
41661
38180
41271
37759
37812
41358
39275
37690
39364
38446
41689
37733
41614
38463
37666
40919
37926
37812
39310
38065
39417
39697
37767
41425
39775
41521
38920
41509
40531
41697
39954
41413
41689
41525
41554
40683
41919
37854
41694
37606
40962
40636
41705
38506
37850
39064
39200
38401
39875
38073
41714
40937
37975
41707
40563
40588
37782
40732
41326
40493
38469
41358
40570
41280
38615
37675
41559
39166
37815
39222
40491
37801
41747
41605
41718
37865
40245
38861
41537
37793
37645
40483
37711
38094
39988
39530
37776
41000
39776
40092
38028
37643
38734
40268
37695
41128
38327
39463
37746
37951
40033
41629
41589
37783
41036
38575
37758
40501
39373
40753
38998
39589
40790
37933
41066
41792
39159
39647
38944
41189
39062
37695
40612
39368
39739
37673
37792
40206
38387
37682
37674
38053
38638
39642
40805
40453
41707
37520
39684
38218
37659
41456
37628
41658
41632
38778
41681
37920
40617
37717
40858
41435
39509
39673
40694
40508
40512
38639
38773
38931
41345
37725
40317
41871
39745
40372
38660
37691
38051
37716
41225
40178
38435
40933
38074
41186
41606
38920
38959
40498
39305
41451
41882
40761
38231
41469
41462
37678
39385
39922
41313
38067
37798
37648
39860
39421
41585
40771
40997
37730
38895
39502
39770
37959
41599
39926
40928
41022
38106
37682
39057
41437
37756
38006
41508
37916
39803
41703
37704
40917
39798
37778
41778
41009
41149
41753
38456
38279
39037
37833
41780
41452
38592
40134
40498
41659
38121
41696
41672
39492
38206
38317
39883
39893
40398
41778
39282
41782
41624
41346
38216
38812
41580
37779
41779
37702
41026
40454
37937
38171
40408
40350
39787
41528
41849
37627
41084
41378
41680
41421
40486
38121
40554
39443
38375
40675
37750
38847
41633
37676
40738
41639
38876
37703
40507
41607
41172
37844
37834
39058
39223
38105
41631
40557
39814
38925
41738
41312
40022
37703
41964
37935
37707
41250
38048
37953
40324
37839
41083
41456
40399
38290
40421
41147
41240
39087
40828
40231
37781
37881
39152
37783
40803
41000
41482
38578
37769
41372
39494
40807
39065
37842
39231
41567
38280
39863
37617
41689
38691
41791
40619
37884
37711
39207
39825
39645
39893
40273
37763
39935
41375
38285
41788
38974
41604
38165
41274
38040
39111
40831
41502
39598
38382
41776
37695
39504
37673
38789
37569
39779
40015
41695
41145
40703
39306
38972
37897
41657
40466
40687
41511
39699
38323
41590
41198
40395
41681
41692
41519
41512
40747
40941
40336
39723
38350
38181
41559
40531
39598
39233
38166
37702
39717
39410
38325
39261
40737
37700
40810
38951
40688
40081
39569
39169
37893
37663
41092
40976
41542
39264
40950
40283
41487
37745
37522
38969
41616
41331
38161
39526
37792
39227
40510
41808
37631
37934
40782
41621
38477
41252
40601
39249
41817
37990
38019
40472
38795
41844
39746
37983
37800
37702
41567
39467
37628
41576
37806
40174
41791
41476
37710
38650
41084
41511
40000
37855
37728
38499
39526
41504
37781
40552
39910
38931
40175
40655
40289
41635
39409
38006
40910
38097
41521
37930
40442
41477
39648
41920
38986
40737
40035
37897
39344
40134
37962
39525
38203
41776
37999
41188
38669
37702
37995
40336
41086
40398
41657
38592
38024
39863
41661
41570
38287
37786
41783
37887
41730
37588
40974
37955
39541
41130
39307
41675
41579
37621
37689
37630
37776
41532
41303
39738
37896
41546
41871
40065
37615
41556
37734
41373
41417
38917
41344
40977
39128
37673
38911
37709
39043
38414
40176
40187
40111
39789
41483
41530
37904
40181
37782
38907
40120
40738
39880
38664
40911
37871
41483
39503
41757
41353
41594
37859
41275
39639
38020
39873
37750
40612
38549
40937
41752
39073
41653
41324
37866
38613
41192
38326
41441
41627
39916
41628
41580
40431
41075
41521
37752
41625
41826
40430
41482
37810
40713
37902
40789
41362
37591
39510
41832
37546
37889
38445
39294
41636
41847
39693
41673
39673
39521
38867
38313
37672
41760
37815
41515
38191
40945
40521
41006
39476
38036
38757
38019
40918
37659
41391
40500
41137
37911
37680
41348
40704
39553
40999
40884
40578
40801
38444
40682
39502
37865
41490
39158
41772
38753
40682
39356
38025
38752
37719
41764
41776
41730
37922
40774
37795
40803
39126
40398
41537
37750
40034
40836
41607
38007
41820
41379
40032
41785
39239
37943
38110
40955
38045
38187
41669
40869
39473
41866
39855
39770
41654
38894
37711
41935
37806
38831
39229
41607
41431
41631
39266
37678
38192
37900
38300
41793
37707
37914
39971
38721
37758
38434
37704
41420
38806
41503
41249
39930
38053
41250
40702
37774
41681
40544
40211
41734
40466
40401
41594
38708
38004
40144
41507
38783
39115
37944
40867
39838
40224
41355
38524
40462
40963
40736
39189
40046
37720
40033
41355
38338
37713
38069
37957
39789
41358
39079
41844
41626
38410
40095
38121
40060
41527
40841
40899
37780
40470
40181
41673
41815
38035
38828
41279
41573
37883
38573
40686
37660
41889
37698
38702
38727
39699
41250
40783
41649
41524
37845
37696
37726
39345
40276
37921
40178
41674
37830
41540
41650
41405
40777
41307
38652
41239
39277
38162
38244
37680
41744
41535
39257
38390
37790
41204
37662
39734
37754
37627
38700
39293
40012
38620
41119
40583
39926
41404
41840
41272
41035
39576
37931
38907
40500
37952
41775
37878
39344
41288
41806
37780
40731
38904
39795
41408
41604
41272
38862
40440
39346
39833
41788
37827
38052
40299
41825
38999
37866
37607
41857
40638
40285
41763
41752
41557
38013
41011
40921
41723
38762
41468
41563
39597
39183
40450
38622
37877
40455
38543
37707
41150
40138
38095
38453
38855
39291
38732
39910
38608
37716
39068
41352
38030
41637
38145
37790
40397
37805
39587
41231
38021
37723
39041
41041
41463
39841
40351
41516
41208
40934
41235
37746
37965
41479
40029
37869
37796
38701
41378
37934
38202
39507
39124
39184
38149
41111
40725
41472
40804
38025
41506
40363
37819
40973
40244
41018
39088
37723
39898
38083
39039
39992
37793
40070
38070
38394
39201
38076
37754
41672
40919
38625
41416
37679
39393
37886
40424
37661
41720
37704
40782
41188
41580
40797
40860
40446
38300
39297
39807
39683
41620
41381
37895
40381
38131
41464
40034
37786
37760
41181
41825
41676
41745
39169
40497
40225
41655
37740
41685
40734
38385
41586
41463
38172
39086
41753
40973
41539
39085
39876
37608
40768
41209
40832
38378
38190
37755
41688
38138
40217
40279
40867
40552
40512
40059
40606
40442
39781
39738
39436
40189
37636
38125
41363
41608
40199
38447
38561
39211
37748
41381
38823
41893
40901
40563
39353
40086
38912
40931
41557
37650
38499
41543
38050
39569
41727
40371
38526
41696
41309
38013
38332
38373
37897
39174
37635
38932
38626
38444
41817
40980
39560
41642
37814
41805
39891
38642
40543
39959
41796
38450
40173
38265
37637
40412
40635
37698
41617
39774
39416
41707
41404
38980
37939
41708
37931
37633
38863
40695
37542
38552
39000
38475
40783
39912
37762
37910
39599
41895
38276
41654
38313
41658
41375
41277
38335
41699
41664
40921
39016
37931
37652
41655
38359
41686
40846
37677
37709
38625
37670
37971
41327
40950
41344
41813
41730
38429
39118
39976
38753
40303
41611
40768
37856
38667
41951
40749
38372
39792
41118
41918
41781
40825
37793
38235
41396
38586
37643
41769
41684
40418
41335
38445
41143
38629
39512
37991
39933
38617
39979
39454
38430
41137
41886
37804
41060
40258
41689
37951
37593
40045
39863
41758
41548
41027
38526
40281
39550
39129
41285
37722
37695
41435
37627
41185
38053
41118
41713
40440
41336
40595
39075
40294
41455
40498
40944
39492
38438
38271
38452
38704
41369
40282
37576
40993
40505
41804
38200
41104
38842
41300
41189
38251
37646
39235
41784
41744
40128
37654
41611
38075
39420
38051
39168
37858
40697
38358
37809
40164
40622
41646
38275
41308
37783
41668
38383
37911
40845
38035
38813
37767
37701
38740
37790
37823
40753
38744
41447
38516
41514
41187
41404
38358
41145
38610
39205
41583
40345
41861
39701
37692
37974
38787
37688
38231
37663
37655
40592
40465
39285
37830
40024
39940
38082
41817
41675
40516
40175
39456
41651
41740
38616
41608
41571
41487
40601
41461
40420
39269
40511
41163
38114
40780
38167
40588
38601
39530
37808
39105
37759
39679
40105
39846
40157
39565
38829
37847
37667
41162
39615
41560
41848
40776
40586
40936
41502
37793
41292
39144
41623
40206
39892
40387
41770
41078
41465
40045
41516
37733
38492
38514
37910
38188
40654
38085
41532
37883
37813
37730
39947
37952
39360
40173
37883
38018
37893
41706
37941
41033
39881
37880
37667
39026
39632
37905
38717
37826
40987
40525
39252
37803
41588
40041
37816
40661
40944
41076
40022
41748
37641
40121
37787
40554
38467
40125
40949
37851
39682
38845
40991
40369
38791
37688
40525
41347
39906
39587
37745
39815
38163
40430
39244
41773
39047
38054
40504
39480
41054
40146
41651
39197
37708
39379
40443
40393
38887
38183
39361
41448
37907
40599
41663
39845
40857
41504
39175
41769
39341
37679
38223
40760
41512
37633
38637
38442
37935
41264
37703
41525
40949
39644
37696
39085
37687
41677
40202
37640
41364
41238
41748
38243
41390
38611
37796
39063
37597
39839
41132
40498
40810
41325
41701
38061
41814
41739
40462
37769
39458
39093
41405
38933
39752
40943
38915
40298
40682
40777
37834
38197
40968
38767
37866
41710
41404
40029
37892
38440
41791
38474
41550
39484
37971
40297
38764
39052
41098
40537
41303
40936
40948
41251
41049
41463
40146
39989
40233
41133
40133
41455
37839
40834
41666
40912
41845
38017
40555
41495
41797
39903
38389
38270
37706
41716
41642
39786
38616
37951
41654
39737
38848
40768
37732
38050
38760
40843
40759
38059
38744
38986
39985
39639
37696
41585
41706
38429
37619
37642
41616
39969
37711
38214
40055
40209
41837
39141
38544
41036
39886
38604
38450
41856
38217
38174
41220
40317
37810
41548
38695
41724
38980
40348
39570
37716
37949
41606
38222
38316
41724
41345
37923
41532
40470
39709
40668
41572
41572
40711
37884
41585
39084
37821
41779
41427
40654
38772
38290
41200
41168
41819
39903
37751
39366
39223
39341
37817
41235
39196
40294
40203
41316
41419
38844
41524
41828
38821
40669
39753
41570
41109
40594
41714
39307
39634
41610
38380
41814
38584
39157
41838
38251
37699
37674
41225
41387
39754
41733
37991
39362
41694
41901
39835
38355
40659
39508
40291
41487
41778
37880
38454
41602
41269
38302
41874
39187
39160
39208
38135
41249
41783
41731
38484
37735
38552
39371
37838
41733
38916
38347
37626
38790
37610
37995
41208
40478
41724
37639
41533
37857
41570
37749
41541
39836
41885
37784
39225
39062
38065
38707
38839
40941
41720
38767
37785
40690
40816
40927
41558
40683
41215
40264
39611
40334
40212
41754
41116
40662
38896
40494
39989
40700
37717
38579
37738
38130
41670
39394
39119
38066
41362
38765
38168
41543
37830
41728
39873
40299
37591
37844
37745
38624
38689
40335
37717
39759
40298
41354
37940
38476
41523
39474
39778
41630
40547
41608
38147
41262
40137
41656
39571
37873
41170
38944
38644
40982
40997
38763
41771
40330
38658
39370
40653
40831
37746
40399
39305
41457
39506
40275
39150
37722
37965
39367
41868
41701
39816
41590
39611
37652
40413
37952
38875
40166
37884
37640
40831
40531
40154
38254
39526
40765
37671
37745
41796
41479
41715
38533
38298
38133
41237
41567
41241
39965
38378
38414
38128
41630
41804
38674
39251
38190
39431
37640
39159
40185
37606
38745
40506
41800
39237
37788
41312
40364
38003
41066
39726
40888
39138
41842
41580
41736
37951
38109
40509
37704
41285
37696
39481
41099
37704
38352
41431
39070
39952
41407
37843
38249
41575
39250
41030
41375
38324
39769
40626
40788
37990
40046
38790
41155
37974
38679
37660
40604
41635
41641
37964
41250
41348
40214
38585
39780
41045
39610
40539
38740
39509
40702
41795
40140
40953
39464
37854
37811
41379
41137
37735
37615
41361
41690
39765
41867
37968
38515
39072
37609
41373
37734
38402
41393
41186
41779
37880
41748
37694
38031
41648
40286
38481
40809
41608
38967
41698
40477
40320
37789
39873
39876
40846
41373
40871
41655
41719
41021
41829
41856
41507
41512
41668
38935
39386
40630
39099
37918
41491
41108
41082
38190
41456
40561
40482
41680
39394
38754
41161
41550
37673
40377
37987
40022
40587
38150
41497
38150
41923
38134
40062
40595
39798
38319
41783
40523
37855
39985
38367
41891
38968
38449
41377
38598
40264
40616
41910
40024
41264
38656
39199
41763
37762
41580
40719
40345
39452
37782
41313
38823
38064
41420
41644
38542
40204
38083
38801
37922
38892
37900
38552
39187
40349
38336
41200
41121
37685
38027
39831
41619
38698
40830
41476
41800
37844
39145
41212
41657
41796
37749
38062
37883
38864
41863
38039
38390
40828
41544
37907
37915
41807
40691
37707
37669
38754
37969
38859
41669
40184
41754
41657
37880
39101
40300
40901
37795
38619
38550
38559
38038
38738
38449
37757
37756
37711
40086
40465
38392
40573
40441
38049
39910
39184
38507
41103
41721
40247
41439
41737
38823
39990
37890
39047
40600
40331
39799
41705
41812
41756
38643
40273
38608
38814
40402
38045
41690
38107
41133
38314
37747
39301
41506
41390
39834
41293
38084
40354
38466
38415
40222
39559
41022
41768
40114
40511
38543
40421
41640
41686
37774
40913
37863
37752
38405
41547
41458
37663
41782
38438
39959
41399
39749
41746
41319
39845
39043
39710
37785
40684
41193
38562
40984
41747
39950
41075
39064
39833
38385
39780
38523
39672
38980
41836
38597
38121
39999
38485
39854
38563
39339
41879
37702
39525
41721
37927
41046
41398
37759
40869
37833
39701
40538
41801
41493
39209
40420
41720
41716
38192
38876
39638
37635
40530
39427
38362
40396
41880
39442
38703
38605
38766
40782
41563
40973
40436
37864
37718
37908
40554
41383
41266
41432
39719
41620
40456
41407
41553
37814
38207
40358
38056
37734
40880
39430
39489
41704
41439
37709
39850
38652
39802
41358
37704
41145
38899
41632
39415
39101
39348
40084
41553
39417
41959
37952
41595
37555
39456
38186
40772
40854
38051
39292
40093
41456
40202
41495
40613
41694
38608
41366
37819
39952
38019
40422
39557
40620
41289
37969
37584
39439
38308
41753
39519
41759
38658
39557
40700
39950
41212
40644
38269
39511
37899
38268
41724
38566
39133
37911
40340
38669
38701
41482
38190
39526
37722
38162
39217
37703
41892
41046
40441
38844
38228
38999
38732
40585
37577
38515
39157
38058
41780
41456
37659
41649
41764
41591
41816
40660
41082
37632
37687
41753
39749
40609
38220
37755
38272
41718
39534
38549
41310
37958
39343
38308
39507
39763
39765
41271
38353
37816
39706
38727
38484
41328
41329
37730
41721
39603
38257
41455
37644
37648
40624
41375
38706
39373
37697
37875
41698
37852
40694
39353
37862
38349
40072
41402
38616
41761
41665
37924
41677
38512
37673
38169
40783
41434
39656
38870
37674
41153
37709
37959
41840
41781
39494
40966
38146
41646
41710
41531
40025
39033
40663
38054
38980
41752
38482
41283
41304
37653
38396
40526
40169
40697
41274
41757
41525
39517
41683
39028
37790
38317
39932
37690
41013
40060
38289
37996
37761
37743
39320
37932
37907
41224
38262
37727
40978
38422
38409
41596
40461
38682
38256
38024
38406
39550
38427
38651
39910
39344
40234
41702
40244
41144
39467
37941
40898
38142
41325
38520
41739
41976
41467
39376
37975
38938
39019
39719
39689
37746
38560
38103
41274
38063
38976
41406
41588
39808
40445
40536
41503
40549
37918
40583
38255
38909
37756
41835
38216
38299
38341
37704
37939
39642
38545
41259
37930
39001
38916
40453
40987
39563
37803
37758
39025
41657
38747
41930
40024
39365
41669
38920
40324
41151
39951
38369
38651
39540
41577
39691
41288
38752
37865
39888
37700
40174
41225
41265
39854
39015
41674
39200
40372
40114
38579
38645
38714
37638
41520
41682
38452
40767
38916
40857
41960
39895
39142
40201
38979
41571
40496
40603
40909
37805
37727
41449
40976
41261
39942
41170
41141
41184
41028
41280
38953
39074
40675
41242
38267
41515
40854
37712
37841
37827
37941
38276
41710
40862
40485
41502
37869
37819
41622
41059
40643
41430
41132
38335
41467
38308
37734
37722
40371
38032
41766
37799
41634
38824
38133
40360
40446
41332
41495
40691
41222
41621
39197
41747
41273
37727
38583
37658
38652
38026
41551
41649
39992
40634
38276
40874
39625
40242
41283
38374
41480
40626
41694
41610
37794
37730
38127
37785
37830
39099
37894
41779
40696
41522
38606
37739
37944
40896
37564
39627
41881
37921
38521
41783
37775
40903
41849
41733
39656
40194
41825
38094
39385
41752
41492
39108
40442
40652
39588
41106
38156
39943
39542
41071
38210
41634
38523
37962
38244
40270
39872
40658
39482
37772
41728
38094
40265
41298
39593
38461
41788
39811
41169
38038
39129
41693
39747
38138
40559
38897
40495
40916
41622
41263
38265
40184
37831
37742
38767
38986
41627
40197
41698
38208
41688
41688
40029
40190
40661
37703
41676
41629
37760
41670
40870
39749
38719
39316
38663
41463
38000
41269
37810
39599
38203
41419
40784
37666
37899
39292
41460
41456
37895
40701
39806
41497
40425
41152
39472
38396
38547
37883
40226
38367
41355
41114
38932
39346
38059
39912
41460
41243
41675
40898
41652
41709
39895
40664
39670
41418
38375
37593
41737
40758
41452
39039
40276
40584
41538
39225
40113
39363
39083
39237
39871
37747
37817
39755
41163
41657
38024
40427
40352
41538
38315
38413
40337
38091
40419
41799
40103
41080
41831
41886
38234
40292
39767
41863
39753
41763
40771
40265
39802
38326
41722
40158
38700
38101
41729
41058
41278
40784
41737
41714
37715
39399
41539
39997
41871
39264
41420
38856
38226
40385
39927
38693
37906
37624
37681
39142
39907
40851
40710
41531
41746
41114
38104
39676
41428
39055
40364
39700
41078
40603
38077
37811
39498
41930
38796
38963
38123
41355
38804
37968
38336
40315
38118
37616
41409
39809
39705
40551
38411
39326
37665
39372
38460
41481
41539
38150
39706
41586
41201
41074
40432
39650
39047
41337
41057
37666
40340
38923
39156
40949
39909
39153
39473
37794
39214
40550
38971
40241
41793
40340
39122
38199
38476
38570
39127
39812
38001
39389
39592
40625
38391
41762
40453
38361
37814
40282
37672
41727
39953
37652
38049
37743
41734
37822
38768
38013
39288
40400
41457
41719
39333
37927
41302
37826
40757
40139
38315
38261
40161
40606
38594
38558
39949
41455
40042
41265
38992
39204
40792
37722
41815
37694
40821
37820
38106
39269
38873
40911
37943
37706
38354
39109
40700
38724
38185
41606
40402
37859
37729
38035
41467
40536
40167
39024
39184
40197
39543
41734
40567
40787
37878
39523
41661
41550
41850
37655
38934
41376
37925
37714
39653
39242
41344
41700
41572
41721
41615
40401
41721
40767
41763
37791
39640
39773
40126
40726
38531
41411
41436
38420
40957
38389
40960
38796
37712
41749
39853
40352
41767
40766
39458
41488
38687
37811
37880
39342
41439
39641
38377
38429
37779
41647
37778
39306
40778
37814
37891
37702
38478
37818
39222
38413
38326
39961
39140
41671
40769
39236
39671
41680
41718
37695
40578
39505
37726
38731
37859
41151
38147
41795
41731
41816
39164
37844
38566
40694
41767
38069
39436
39400
37745
39734
41692
40920
40719
37991
38703
40089
39684
40784
40717
39717
41483
38579
38951
41756
41627
39598
37681
37833
41265
40168
38108
38078
38172
41716
38412
41756
38359
40469
38218
38792
38923
41176
40281
41276
39000
41935
40062
39934
39205
41239
37682
40652
40872
39305
38101
38039
40610
39711
38511
41595
38420
38039
39872
40937
41493
40852
38312
37717
41458
37830
41526
38248
38049
38995
39866
41697
39091
41903
41853
37822
37812
39677
39426
39077
39925
41324
37789
41120
40440
41611
41351
41594
41739
40663
41574
41579
38254
40378
41485
39192
40400
40425
38502
37834
41469
37605
39400
41136
41551
37711
41681
39242
41112
41397
38245
38740
37870
39873
41873
38377
38854
38944
41879
41603
37933
40175
38713
37909
39088
38711
38820
39130
39568
41406
38448
41747
39885
37859
40389
40504
37682
39956
38308
37755
39138
41468
40478
37796
39119
40188
39273
41029
39685
38104
41770
37881
37760
39082
40912
38300
37662
37842
39561
37631
41375
38506
37707
39270
40109
41172
40064
41412
41660
39872
41398
38233
41153
41818
38017
40124
38206
40311
41554
39449
41170
37713
38135
40591
40041
40698
39339
40771
40322
41601
38001
39031
41564
37747
37681
38748
41080
37923
41883
37889
39243
41844
37793
37789
39863
41037
39255
39311
37975
41709
37778
41304
40022
37788
40050
37729
40118
38637
39998
39204
40022
41737
39956
37724
40595
38507
41743
41746
41518
41670
41225
39287
41811
39232
39163
37764
41055
41666
41812
39344
37710
39229
41769
41781
37708
41504
41009
39779
38076
39765
41723
37961
40849
37830
37674
41015
40830
37844
40779
41402
38455
41495
40902
41384
38099
41639
38210
37904
37893
41106
37785
40727
39231
38549
38957
41723
41604
40259
39231
41181
39880
41510
41768
39389
39385
40858
38047
39472
41371
39801
40197
37748
39781
40880
41280
40966
37813
40295
41627
37649
41303
37595
41453
38067
39684
37714
41464
41638
39561
40071
40438
41580
38961
40791
40548
37874
37959
40128
37762
37820
38647
39793
40634
38504
39690
38236
41562
39289
41589
37743
40931
39352
41166
41773
41176
40658
41210
41347
40422
39347
39154
40360
40956
41519
41031
39523
40985
37959
37687
37799
39547
38111
38686
39578
41331
40823
41199
40387
38295
40053
41518
38752
41070
41037
40893
41388
41637
39729
39725
41044
37666
41046
37973
37812
37920
39366
37794
37520
38687
38964
39351
38264
41711
38276
41643
38240
41735
39313
39750
37771
41397
38045
41609
41664
37662
38385
39159
38048
40458
41760
37971
41371
38116
40980
39569
37747
40034
37834
38445
41414
37837
41838
41789
39445
40830
40712
41805
38584
37803
40459
39117
38011
38802
41367
40249
41860
39951
41505
41435
38617
41467
38390
37834
41038
39245
38536
41689
38130
41881
38571
37743
41652
40068
39204
41646
38933
40774
38924
41148
40617
38338
38067
38395
40084
40196
37715
39444
41686
37908
39281
40669
41705
39814
39024
40507
40565
38422
39021
41581
41621
40729
39758
40794
39237
38648
38129
37897
39616
40915
40134
38673
41469
37803
38548
39383
39299
41614
37841
38288
41646
37648
40943
41125
38285
38412
41383
39954
40980
38005
39906
38683
39555
38335
41533
41472
41589
39630
41392
41775
38742
41572
38064
41237
38605
37633
38053
41764
38136
39150
39509
37689
41593
41776
37683
39803
37847
39393
38629
38958
41884
40410
41616
39309
38735
40387
38398
37792
39231
39299
38051
37927
38164
37612
40149
37986
40028
39352
40422
37652
40529
40061
40034
41236
41492
41641
39741
38488
41398
39853
41622
38716
39264
40747
41796
41175
41115
40412
37929
40542
41746
41688
38335
41456
37870
40644
37759
40614
37738
41654
39751
41409
38795
37765
37569
41832
39849
38178
40907
38320
40163
41715
41356
38236
40815
40244
39349
38209
39244
40136
37883
38403
40654
41624
41245
40894
40366
40959
38011
37703
38490
38651
38362
38520
40418
38503
39868
41080
38689
39124
38068
41568
41723
40232
38775
38487
39055
41102
40606
37808
38068
37994
38353
38503
37814
37791
39579
40066
41683
37745
39079
39147
37865
39833
41170
39568
39431
38727
38202
38141
41010
41374
38248
37639
39271
39033
41396
39246
38229
41513
37871
39583
41130
41219
41706
38996
41088
38342
38484
38107
39337
40357
37704
40824
39198
41571
40618
41353
41672
37972
39465
39523
39409
40847
41632
37782
37584
40112
38320
38707
41906
38562
41295
40925
41617
39810
40128
38212
38423
39623
40065
40739
41309
40105
37952
41450
41277
37679
39206
37745
41250
39568
41488
38627
38167
39978
40880
38835
38468
38105
37712
37736
37931
37805
41090
41522
38003
40468
40280
38958
38093
40143
41386
39979
38985
39613
41654
40918
38047
41092
40656
41745
39098
39896
40265
40349
41382
40090
41495
39409
38131
37990
41784
41264
41663
41659
38012
39050
40816
38898
38586
38999
41723
40034
40938
40762
40849
37936
37702
37890
40779
37836
37770
39827
38670
40728
41438
37749
41945
37810
38908
40418
38539
38815
37800
40133
40609
39841
41779
41632
37722
41030
41630
40911
39786
40053
37832
41578
40413
37760
41307
37977
39887
38422
40459
41732
39883
40517
40718
41259
41609
39552
41699
37711
41634
41687
37795
37918
37855
41720
41492
38449
41181
41714
41713
39617
38166
37779
38754
40277
40386
40676
40625
41429
41061
39840
41557
41871
39428
38310
38621
38544
39577
41636
40333
41778
40634
38586
39949
37972
38039
38663
39463
40148
41138
41482
41441
41590
39299
38953
39930
39282
41619
40960
41280
41431
41251
38630
40513
41340
39571
40823
39280
41239
40937
38791
40017
41781
38123
41193
37924
40179
39521
41746
37920
38945
41651
41304
40485
40287
38531
40590
38517
38438
38499
38460
41745
40716
39038
40467
37685
41179
37702
40954
37572
40084
40108
41616
41842
39471
38639
38422
41480
41504
37860
38828
39283
38488
38185
40849
41702
40915
37644
38844
40983
38538
38443
41750
40202
39564
41531
40130
40795
38161
41529
40569
39930
38392
40044
41188
38148
37738
38108
41101
40576
37930
41027
41493
41365
40636
41866
40587
37683
37836
41191
37893
38548
37786
39317
41639
41704
40989
41201
38358
38586
38669
41422
39337
37784
39148
41356
38630
38563
41188
41702
37772
40093
39036
39451
40056
38080
40681
38191
41439
41582
41247
37667
41507
38191
40525
38301
41163
38009
38937
39622
39910
41218
41515
41353
37879
40282
37984
38407
37658
37739
38408
40025
40459
39033
37747
41090
40895
41135
39869
38299
38071
39486
41565
41599
39944
37925
41572
38694
38735
41752
40049
38100
41571
41281
41297
38286
39026
38352
37840
41425
41801
37844
38452
37750
41095
41261
41335
40502
40912
41543
41185
41719
38573
38876
37682
41223
41001
41474
41540
37836
38616
41226
39890
37776
40033
37890
38290
38448
41482
41268
41351
38249
41527
41745
41639
37886
40442
40653
41179
37746
37745
38576
38657
41844
38979
41868
39790
38110
41379
41038
41944
37854
39609
40417
37751
37879
38327
41465
40822
41797
41751
38940
38889
41433
40808
40303
41780
38292
41450
39558
41013
39477
37633
37984
38084
39489
40698
41277
38082
41345
40699
39245
38381
40681
38615
41767
40120
39524
39437
37738
37991
38146
41697
40727
41338
40334
41734
39409
38459
41356
41676
40953
41484
39529
41378
39815
38884
37982
38190
37741
37891
41470
38867
41458
38030
38587
41661
38532
41612
41449
38157
37737
39103
38035
39097
40859
39697
38171
40465
37674
39196
40490
40026
39684
38451
41791
38008
37920
41754
40560
40268
41355
37699
39534
40943
38084
37857
41709
37714
38443
40952
38560
39183
39834
40762
38020
39836
39201
41550
40228
41724
41141
37830
38065
39193
39236
41589
38620
40756
37714
41460
39503
39494
40762
40845
41514
39561
40728
41447
41751
37779
38977
38007
38189
38668
38672
40012
39028
40239
38093
37766
37723
41714
39870
39074
40265
37772
40577
41079
41082
40977
38322
38251
41114
37839
41775
41629
40916
41569
40835
41743
39000
41833
40990
41474
39008
37938
41101
39468
39905
37969
41123
37985
37914
38676
41447
39692
37870
41030
40549
41508
38183
40239
41506
40565
40868
38053
38615
38448
41619
37897
39232
41744
40828
40756
41613
40840
37823
41737
39744
41815
41035
38113
37867
40866
41524
40296
40217
38059
40908
40661
40224
40661
40309
39391
39259
37603
41752
39330
40819
41666
40562
38203
37817
41590
41857
41030
40993
39063
40249
41418
39099
41237
40354
39541
38876
40646
41380
39501
40825
38194
38201
39129
41748
38421
39760
37975
39296
38756
41060
41708
40487
38012
41061
39001
38289
37759
41412
41698
39091
41326
40990
38999
41678
38748
37771
41535
39528
39986
41546
38459
40271
37745
38033
41182
37739
38198
39768
41491
40218
38727
41274
39872
37938
41615
41560
41627
41425
37704
41734
37885
40508
41312
41480
37772
40695
38962
41292
37929
37868
39138
37734
41222
41410
37810
39313
38445
40721
37840
37711
38417
37943
39938
39869
40968
38661
37554
37927
38322
40408
38895
40877
40012
40502
39249
37763
38108
37867
38238
40426
40101
39536
41420
41148
41047
41069
37844
38568
38893
40865
37915
39865
41455
40652
39637
40947
41384
41141
40127
41161
40205
38309
41908
41181
41717
41876
37872
39429
39026
38777
38797
40415
40651
38033
38848
41075
40331
40613
40278
40465
37903
39033
38052
40249
40470
39714
38222
38322
40586
39273
37616
38830
40997
39680
41788
41698
37771
40339
40195
38533
40898
39529
38467
39259
40414
38053
37632
37840
37825
38723
39500
39286
40985
40756
39151
38095
41769
38321
40835
40886
37890
37931
38779
38205
41240
41273
41696
39048
41506
38094
38287
38048
41387
38790
39864
38051
41381
41543
39949
41488
38647
41547
41200
39515
41158
39762
40069
40611
41355
41731
39518
38658
37839
40821
38223
41171
37736
41335
39434
40414
37679
39795
41346
40792
41807
40481
41512
39323
41323
41267
40240
38734
37812
37709
41762
41754
37757
38519
39117
41679
40059
37856
41702
41479
39218
40438
40909
41532
38918
38305
37969
41605
37983
39965
37719
39347
40232
39804
39353
37833
38913
41686
37682
41171
40504
37811
41145
41580
41828
39295
39850
41764
41307
37660
40185
38770
37906
40906
37917
38821
38765
32390
32390
32390
32390
32390
32390
32390
32390
32390
32390
32390
32390
32390
32390
32390
32390
32390
32390
32390
32390
32390
32390
32390
32390
32390
