9884
37952
38875
39783
37797
37785
37758
38359
37846
38808
38804
39549
38357
39571
38608
38014
38958
37835
39766
39750
37906
38520
38145
39298
38250
38904
37878
38051
39563
38235
38749
39867
37901
39514
38433
38594
37791
37839
39081
37977
39468
37991
39396
39256
38300
39040
39168
37993
39577
38928
38856
38647
39542
38740
39734
39144
39180
38290
38486
38962
37794
38852
38175
39243
39866
39625
38959
38558
39447
39717
37995
39609
38212
37779
38899
38120
39357
38335
39198
39811
39355
38887
38175
39544
39024
38018
37823
39137
38892
38239
39774
39212
39791
38322
38392
39505
38127
39630
38151
37826
38839
37913
37787
39141
39516
38634
39324
38019
38768
37831
37882
38200
38245
39784
39404
39386
38068
38195
39830
38246
39571
38433
38155
39134
37850
39811
38368
39827
38002
39205
39527
38141
39508
39187
39253
37822
37967
39407
39614
37943
38524
37894
39192
38961
38439
37986
39681
37690
38026
37907
38297
39881
39665
39873
38574
38643
37893
37845
39818
39420
39287
39210
39252
37841
38206
38644
39534
38390
39556
37854
37816
38810
39295
39150
39615
37961
39132
38824
39126
37882
39706
39477
38726
39237
39713
38928
39741
39913
37850
38956
39220
37932
38274
39184
39051
39773
37874
39579
39333
38453
39466
39539
37973
38904
39063
39388
39244
39785
37673
38160
39225
39586
37845
38200
39756
38056
37897
39081
37897
37953
38229
38155
39572
39017
39795
37976
39452
39252
39270
37938
38192
39620
38628
38264
39666
38771
39605
38622
39798
37838
38129
39180
38089
37836
37993
39897
39859
39289
39912
39637
38956
39793
38261
39435
38320
39097
38461
38389
38937
39653
37957
38415
39231
39421
39601
39473
39669
38372
39717
37909
39814
38689
38503
39226
39787
39833
39047
38030
38887
38530
38186
39695
38108
39565
39708
39253
39160
39772
38498
39678
39218
38443
38192
38517
38749
39609
38229
37934
39340
39053
39425
39353
38783
39356
37940
39044
37865
38167
37960
38738
38507
39722
38503
38249
37835
39559
38508
38808
39873
38987
38712
39814
39424
39075
39917
37933
38252
39777
38872
38291
38623
38061
39491
39695
39828
39563
38399
39520
38836
38865
39019
39500
39378
38904
38943
39011
37898
39717
37851
37957
37637
37887
39589
38811
38153
38233
37892
38144
37994
39493
38800
39041
38420
39617
37785
39535
39118
39758
38317
38116
37872
39599
39369
39719
37865
39733
39557
39256
38671
38792
38959
38314
38953
39150
37887
39789
39911
38120
39802
37908
38426
38351
39118
38481
38290
37903
39425
38357
38684
38163
38282
39596
38263
39481
39661
39473
37897
38080
39029
39636
39480
38051
39789
38788
38039
38393
39760
38862
39016
38154
37889
40042
37737
38415
39280
37943
39466
39246
37915
37790
39159
38917
37887
39760
38352
37867
39787
39695
39583
39583
39416
38131
37886
38581
38176
39217
37770
39535
38706
39505
39740
39479
38418
39968
37861
38086
39108
37841
39371
39720
39132
39285
39376
38319
37900
39669
38011
39015
38489
38786
37875
37807
39849
37973
37863
39270
39705
39611
37805
37978
38996
38657
38214
39772
39888
39813
39469
39562
38933
38106
38900
39212
39561
39632
38417
38404
37815
39154
38353
38163
39564
39121
38755
39552
39194
39746
38083
38837
39079
39649
39417
38169
37887
37780
39186
37958
39750
38747
39880
39113
38827
39454
38741
39269
37895
37960
39295
39414
38191
39696
37909
38654
38818
38008
39151
39783
38166
39781
38559
38098
38822
39634
37862
37790
37947
39796
38656
38042
38044
38078
37962
39508
39267
39589
37846
39501
38188
39395
39213
39101
39310
38196
39834
38351
39096
37893
39399
39697
38596
39800
38304
38016
39837
38943
37975
38782
38262
39145
39425
38692
37918
37825
39291
39037
39784
39048
39020
39890
37672
37835
38656
37788
38941
39217
38862
38355
37783
38710
39119
38893
39296
39793
38755
39196
38526
39733
39655
38053
39714
38881
38683
38722
38717
38795
38832
39566
39852
39877
39732
37908
37794
38324
38911
38744
39636
39440
39417
39798
38904
39581
37748
38099
39744
39933
37822
38080
38988
37857
39343
38612
38396
37914
39276
39487
38365
39658
37863
38715
39705
39870
39794
38626
37696
38039
39658
37828
39754
37991
38542
38658
38341
39015
39892
39731
37949
38356
39612
39654
37897
38470
39234
39661
38333
38163
39914
39845
39816
39924
38883
38099
38149
39767
38856
38536
38007
38917
37767
38630
39028
39622
39377
38652
38026
38180
38312
38075
37866
39350
39307
37970
39533
38195
38067
39108
39408
39623
38818
38805
39693
37864
38752
38560
39142
38096
38578
39728
38062
38966
39520
37795
38075
39650
38007
37741
38483
37861
38031
37790
39181
39739
38493
39251
37977
37752
37975
37906
37895
39304
39555
38060
38480
38323
38398
39729
38654
37753
39763
37888
39222
39190
39569
37821
38572
39256
37774
39292
39155
38824
37810
38116
39825
39691
38129
38951
37797
38335
39261
39020
39782
39656
38644
38082
37875
37910
38635
39525
39780
39486
37814
38725
38252
37839
38363
39673
39181
39284
39245
39553
37986
38468
39333
38812
38508
37738
38438
39654
39836
39176
39607
37959
38135
37841
38909
39212
39217
38620
39695
38429
39610
39651
39675
39032
38277
39266
39137
39462
38287
38899
38728
38323
38784
39865
39918
39133
39119
38771
39280
39544
37834
37735
38772
38287
39594
37974
39334
38354
38776
38348
38740
38985
38722
39530
39260
37938
38666
39063
38136
37863
38616
38108
39184
37924
39776
39328
38936
39751
38336
38958
39657
38451
39754
38978
39760
38479
39754
39799
39898
38025
39744
39837
39873
39682
39677
39789
39775
37956
39404
37939
39251
37947
38617
39600
38825
38458
39390
37766
37956
39713
38611
39504
38562
38625
38421
38617
39760
37992
38276
39556
39474
38993
39747
38964
38435
39575
38000
39310
38355
39551
39816
37779
39460
38084
37950
39430
38951
37787
39722
39885
39131
38260
39321
39030
39953
39802
39853
39782
39752
39813
38111
39783
39706
39352
38751
38043
38965
37751
39498
39843
39724
37862
39764
39455
37918
39785
38303
38535
39274
38702
39186
39412
37725
38423
38355
38416
39911
37893
38688
38978
38428
39201
39153
39514
39717
39507
38337
39160
39502
39854
37911
38136
39400
39164
39163
38572
39064
39035
39477
38903
37814
38947
38730
38985
39669
38722
39893
37985
38154
38125
38555
38513
38898
39670
39479
39741
37763
39156
37894
38702
39423
39068
39409
39855
40003
39225
39484
38138
39884
38090
38717
39212
39901
39131
39117
39722
38008
38242
39515
38298
38235
39654
39509
38981
38768
39959
38042
39484
38663
38539
37633
39795
38708
39617
37819
39720
37929
39257
37709
37839
39381
38188
39677
38230
38687
39892
39316
38321
39177
39068
37861
39277
38762
39389
38110
39284
39072
38774
39498
38733
38576
38816
38496
39648
38436
38823
39428
39446
38801
39741
37852
37863
38126
38374
37797
38419
39465
37890
39824
39307
39689
39678
37816
39552
38161
39656
38398
38300
40023
39285
38621
37753
39835
37887
39624
38005
37765
38001
38019
38892
38174
39627
39530
38789
39256
39573
39769
38596
39105
38634
38324
38924
37888
39634
38395
37889
38597
37987
39146
38690
39793
39063
39232
38919
38720
38240
37865
37966
39017
39599
38376
39761
38375
38201
37818
39217
38522
39724
39304
38173
37742
37834
38021
38295
38044
39742
39907
37852
37743
39894
39879
38286
38278
37906
39737
39477
38194
39036
39036
39794
38431
39522
39754
38522
39040
38102
39595
39771
39538
37978
38053
38896
38055
38837
38145
37994
38863
39108
39110
38350
37924
37795
38347
37913
37748
38411
37963
37872
37807
38807
38301
37764
39701
39797
38549
38486
39381
39698
39688
37895
37739
39753
39158
38527
39013
39349
39646
38443
38183
39282
38470
39062
38522
38804
38760
39446
38619
37977
39583
37963
38679
38880
39160
38777
39404
37759
37967
37776
38510
39503
37930
39713
39630
39243
39035
39108
37896
39326
39726
37738
38769
39837
38477
38060
39757
39755
37902
39438
37724
38865
39511
38790
39850
38637
37843
39318
39083
39350
39334
38303
38763
39716
38594
37829
39750
38276
38937
38529
37986
38344
37839
37983
38532
39696
38611
38507
38771
38788
39524
37907
38065
38864
38441
39518
38898
37979
39315
37698
39786
38675
37882
37906
37940
39697
39790
39627
38589
38440
39179
39037
37985
37895
39139
37739
38207
38626
38855
39757
39332
39128
39484
38609
39717
38234
39664
38659
38454
38362
37851
38985
38955
38783
39431
39491
38902
38902
37843
37853
38955
39351
39429
38956
39549
38577
39549
38220
38301
37989
39498
39718
38661
39456
39574
39083
39266
39668
38541
37911
38377
39432
37819
38689
38515
40022
38826
39294
39596
38211
39234
39717
37982
39674
37922
39594
39768
39692
39781
38034
38191
39225
38905
39731
39577
38161
38513
39757
39379
38991
39775
39155
39079
39597
38881
39238
37773
37907
39227
37916
39246
38686
38876
39416
38039
39608
38693
38730
38071
38845
39783
39838
38646
38090
39774
39734
38767
39710
38048
37659
37843
39597
38416
39565
37970
39558
39469
39257
39723
38522
37934
39170
38872
38598
39897
39408
39801
38169
38217
37861
38598
38658
39087
38933
39648
39737
39392
39253
38322
38500
39421
37873
38356
39681
39704
38528
39497
38870
38483
38094
37989
38917
37906
39656
39368
37811
38356
37884
38183
38784
39932
38471
38323
38878
38322
38513
39204
39202
38175
38633
37814
38207
39497
39345
39539
39527
39837
39878
38223
38600
39742
38626
38275
39430
37998
39722
37799
38207
39461
39292
38676
38170
37886
39252
37807
38936
39788
38269
39552
38033
37885
38553
39166
38228
38389
38085
37926
38805
39764
37725
39310
38589
39860
38377
39419
38636
39825
37969
38668
38117
39268
39550
39413
38198
38417
39258
37913
39802
37866
39491
39362
38212
39753
38023
37848
38278
39542
39763
39278
38689
39744
39822
39506
38719
39188
37934
39746
39679
39150
39541
38458
38703
37737
37777
38621
38389
38378
37843
37786
38183
38194
38027
38649
38973
39127
38030
38214
38707
37859
38175
38861
39917
39388
39578
39373
39701
39845
38406
39541
38174
39651
39333
38964
39665
38693
37893
37685
38235
39282
38490
38777
39601
38660
39159
39309
39295
38174
38411
38562
38382
38049
37919
37847
37866
38677
39563
37866
38115
37804
39493
38093
37876
38048
38636
38044
39148
39006
38301
39390
39627
39469
37783
39485
37858
38158
38564
39746
38002
38236
37756
39126
37843
39637
38783
39118
37884
37700
38270
39648
38257
39066
38213
37783
38203
37773
38694
38331
39761
37925
39088
38848
38843
37655
38966
39751
37771
39522
39817
39249
38925
38233
38279
39471
38050
39758
38104
39429
37795
39770
39016
39620
38144
37760
39734
38390
39561
39849
39848
38027
38609
38313
37886
38197
39610
37962
37761
38563
37753
39931
38379
38931
38830
39179
38843
39789
39774
37895
39159
39607
38580
38674
37958
38176
39107
39364
38816
38495
38809
38210
38233
38580
38126
39845
37686
38336
38322
39508
38207
39735
38109
38060
38069
37761
39269
38050
38266
37810
38062
39528
38136
38974
38251
38788
39703
39873
38499
38175
37767
38719
38461
39604
37718
39011
39660
39279
37740
38965
38657
38553
38426
38964
39339
38745
38697
37922
38321
38833
37839
39187
38752
37932
38685
37919
37872
39645
38135
37765
37810
39796
38518
37813
39948
39396
37731
39460
38944
39011
38552
37981
39013
37978
37924
38326
38435
39325
37843
38616
37720
39307
39716
38665
38375
37979
39098
38758
37760
39775
39441
39805
39104
39859
38337
38666
38386
38513
39229
39732
38109
37742
38823
37827
37829
39556
38325
38511
39532
39385
37820
39213
39816
38540
39493
38260
37729
37895
39692
37859
37997
39340
37729
39469
38048
37873
38446
39393
39540
39523
38575
39767
38047
38217
37974
39072
38045
39627
39078
38135
39194
39400
39596
39480
37948
39481
37841
38576
38314
39727
37913
37948
38502
37893
39414
39720
38097
37857
39067
38560
39494
39796
37974
39382
38076
38790
39732
38600
39417
39526
37845
39805
38448
39290
39683
37929
38517
38146
38055
38856
38285
37846
39147
38769
38317
39596
39116
38853
38149
38684
38418
38361
38655
37945
38178
37776
37817
37896
39160
37931
39842
37747
38200
38146
38396
39711
38038
39710
40073
37791
39850
39376
37830
39615
38253
37966
39038
39857
39590
37934
39560
37898
39626
39663
38802
38196
39059
37832
37786
37968
39734
39247
39137
37940
38283
38444
39386
38368
39159
39770
39286
39837
37860
37802
38352
39078
37792
37748
39148
38179
38828
39201
38255
38565
37969
38297
38083
37850
37924
37862
37996
37976
38543
39713
38574
37961
39960
38024
38786
37956
37761
38264
37927
39130
39787
39894
38694
39468
39249
39380
37975
39330
39078
39196
39000
38039
39553
39828
38640
37801
38810
39738
39313
38073
39190
38165
38980
38830
39055
38762
39547
38206
38396
38153
39389
39686
37683
37769
38364
37851
39453
39314
39589
39674
38000
39763
38555
39773
37670
38339
39929
38735
39270
39051
38321
37713
39212
38637
39851
39251
37744
37836
38435
38079
39620
39050
39616
39852
38345
39722
37879
38575
37904
37835
39376
38544
39692
38697
39815
38213
39157
38798
39447
37906
38365
37942
39334
39435
39817
37919
37788
38576
39908
39425
39263
39199
37860
39824
38098
39306
38984
38826
39493
39847
38023
37780
39697
39112
38735
38878
38204
38160
37799
37982
38651
39632
38021
39729
38637
38098
39846
38014
39841
38211
37884
38398
37971
38342
38262
38385
37832
39723
38058
39637
39440
39884
39516
38977
38664
38421
38911
38759
38125
39853
38041
39085
39826
39880
39421
39819
38589
38547
37959
38034
39864
38202
39554
37873
38398
39369
39186
37928
38317
39321
38316
38730
38370
39574
38087
38916
38084
38506
39612
39700
39787
39594
39697
39023
39828
37933
38891
37835
37761
39508
38633
39690
37854
39797
38328
39014
39138
39386
38815
37972
39295
39591
37755
38820
39860
39696
39690
39348
38835
39161
39143
37818
38580
39315
38368
37884
38009
39717
37841
37950
37844
39610
39798
39871
39298
39200
38865
38407
38625
39713
39426
37944
38198
38098
38152
37813
38891
37865
39051
39874
38609
39236
39637
38268
39572
39394
38535
37836
39203
39132
39624
37833
39429
39305
39558
39180
39900
38503
39689
38470
37893
39027
38800
38067
38847
37996
38427
38428
39877
38066
37757
37877
39744
38485
39786
38799
39483
39192
38901
38080
39086
38071
38319
37975
39762
39205
38701
38486
38087
39154
37825
37957
38571
38364
39518
39125
37729
39576
39391
38142
39524
38385
39273
39283
39751
38927
38173
39882
39346
37698
37920
37751
37819
39059
39464
39671
37760
39442
39480
39828
38409
38078
37727
37905
37819
39315
38413
39225
39886
37970
37979
38471
39567
39808
39612
37908
39710
39797
38026
37828
37807
38233
39608
39319
38620
39678
38811
37797
38407
39659
38481
37779
39811
38256
38753
39818
37840
37883
39881
37895
38491
38192
39606
37760
38162
39598
39442
39720
39781
38177
39274
37907
39757
37877
37859
37711
38813
38837
38485
39305
38118
39518
39743
39723
38925
38623
38261
39481
37695
38603
39708
38695
39753
38203
37856
39467
39494
39700
38975
38309
39397
39086
38162
38677
38348
37752
38792
38350
38582
38441
37986
38010
37924
39688
38958
38918
38681
39149
38999
39763
38901
38594
38660
39080
38769
39689
39395
37961
39558
37850
38639
38554
37903
37942
37613
39832
39157
39598
39794
38078
39528
39499
38443
39466
39448
38367
38377
38614
38958
39724
39147
39516
39135
39826
39587
37751
39541
39705
38244
37767
38878
38351
39976
37978
37891
39605
39744
38080
38147
38982
39576
38537
37846
39569
39477
38118
39460
39932
39752
39423
37929
37854
39349
38857
38176
39748
39651
39499
38359
39703
37794
37888
39473
38661
37808
38237
39662
37759
39463
39042
37815
39137
39806
39041
38534
38319
38525
39145
38696
37879
37821
38750
37982
38350
38945
37967
39696
39716
39108
39791
38100
39677
38647
37819
39480
39770
39823
39042
37855
38398
39553
39290
39130
38697
38771
39253
38660
38843
38871
38604
38583
38241
39823
38419
39497
39826
39008
38372
39724
38897
38239
37845
38941
39739
39567
37884
37867
37781
38493
38712
39450
39461
39781
37773
37836
39798
37991
38603
39406
39002
37749
39801
39303
37813
38258
39055
37901
38978
37799
38464
37995
39224
39613
38023
37821
38625
38660
39752
39840
38041
38010
38854
39817
37926
39518
37894
37725
39134
38172
39757
39781
39241
39461
38109
39124
38312
38311
39247
38762
38060
39378
39580
38611
38410
39617
37815
38970
39835
38441
39475
39826
39633
39014
39593
38006
39701
37919
38262
38573
38008
37754
37847
39228
38153
39289
37852
39317
39707
37894
39797
38763
39562
37799
39805
38054
38050
39357
38331
39350
38599
38419
39718
39084
39657
39575
38137
38855
37633
39665
38386
39838
38633
39374
38481
37724
39797
38006
39306
39856
37731
37837
37845
39880
38249
37910
38555
39614
38879
37943
37857
38063
37983
37697
38908
38138
39601
37851
38388
38077
39876
38916
38154
38297
39101
39664
37924
38037
38628
39784
38301
37841
38420
38383
37804
39799
38390
37911
39275
37847
37858
39712
37934
39312
37788
39234
39672
39018
37741
37911
39508
39813
39828
39481
37678
39444
38540
38750
38107
37796
37801
39221
38372
38166
38285
39746
37885
39585
38024
39795
39631
38781
38634
39474
39507
38832
39761
39781
37822
38016
39523
37954
38140
39073
39663
37862
38508
37855
39351
39466
38350
39110
39515
38654
38716
38461
38708
38773
38035
39184
38788
39319
38773
38441
39688
38626
37777
39317
39862
38917
39704
38150
39143
37788
39780
39711
38122
39501
39425
37635
39726
38642
37781
37823
38885
38586
38249
39677
37922
39538
37853
39714
39388
37761
38127
39787
39753
39692
39350
39093
38555
39845
39473
38051
39786
39749
38395
38957
39448
39411
38019
39517
40021
38867
39923
39185
38130
38992
39911
37821
38086
37932
38628
39303
37863
38494
38319
38238
39278
39876
39411
37707
39715
39753
39760
38698
39654
38418
38989
38106
38181
38788
39603
38081
39248
39593
38821
37973
39678
39258
39611
39515
38528
37834
38216
39658
39280
39446
39786
38655
39480
37827
38612
39085
39193
39409
39786
37861
38486
39418
37896
39589
37877
37778
39100
39673
37855
39861
38033
38030
39635
38780
38130
38914
39535
38083
39233
38680
38617
39784
38887
37802
38209
38099
38601
37799
38970
39397
39052
39810
39170
39523
37907
39225
38205
38396
39790
37932
38105
38443
39556
38667
39609
38040
39860
37803
37832
37796
38295
37711
39643
38955
39724
39758
39052
39277
38023
39201
39039
37750
38105
38327
38629
39256
39341
37893
38847
39838
38968
39823
39759
39599
39601
37888
39189
37793
39804
37851
39599
39017
38796
37966
38214
37987
39148
39596
39006
38013
38769
37645
37918
37892
39151
37948
39200
39499
38578
39812
38505
38119
37921
38135
39785
39340
37816
37762
39741
38140
38499
39708
39424
38782
39499
38796
39691
38945
38912
39411
39749
39473
37786
38005
38477
39678
39519
39746
39351
38909
37965
39449
39804
37817
38072
38108
38826
39940
38863
38040
38503
39191
39318
38194
39601
38806
39769
38203
38014
37925
39617
38449
38639
38078
38929
39171
38962
39836
39613
38699
37948
37865
38764
39793
38281
39937
39584
38016
39370
39918
37908
37891
38077
37957
38284
38226
38398
37869
37776
38105
39766
38921
37697
38860
39543
39418
37775
39417
38964
37816
38611
37963
38765
39556
38991
38594
37860
39203
39224
39699
38492
39817
39267
37716
39676
38108
39187
39166
38035
39601
38204
39584
39035
39018
39828
39779
39666
38322
38581
39314
39504
39432
37797
38418
39489
39540
39624
37899
39472
38827
38299
37995
37685
39615
38213
37746
39055
38536
38417
37740
39784
39479
39593
38029
39531
38793
37755
39059
38954
38766
39886
38335
38817
38078
38917
38517
39644
38185
39227
39457
39715
38692
39655
39701
39345
38372
39216
39268
39127
39581
39379
39741
38244
38071
38960
38465
39782
39668
37892
39721
38699
38082
39761
37818
38904
38862
39838
39453
39194
39058
39521
39707
39791
38707
39101
38478
38307
38045
39678
39764
39509
39545
39608
38000
38957
38279
38920
39553
39858
38950
39068
37715
37935
38555
37787
39320
39468
38810
38967
39887
39784
39710
39803
37948
38864
39760
38819
39104
39498
38026
38575
39635
38329
39555
39647
38767
39725
38898
39745
38935
39791
39608
39549
38136
38014
38157
39343
39811
39649
37859
37837
38369
39568
38347
39788
39677
37871
39494
37725
38066
39928
38574
37946
39587
39205
38359
39869
38206
37944
39407
37863
39274
39694
38779
37916
38479
39474
39412
39720
38065
37842
38783
38398
39766
39689
38032
39113
38253
39166
38635
38956
39324
37624
38391
39348
39872
37863
38017
39629
38457
38573
38691
39731
39656
38286
39773
39280
39865
39772
37941
38391
39190
38728
39771
39770
37950
37929
38404
38502
39072
39255
38862
37995
38884
39789
39599
39898
39012
39108
38386
38357
39579
38479
38202
38512
39302
38657
37959
38611
38016
39337
37901
39552
39696
39577
37706
38330
39756
39427
38029
37870
39601
39792
39515
39289
38880
38867
38596
37879
37706
37966
39803
38021
39081
39325
39318
38406
39647
39211
39553
38990
37662
38779
38539
37932
39784
38150
39386
39774
39858
38011
38732
38315
38851
39732
39333
39634
38003
38198
37946
39460
37962
39106
39133
37804
38563
39523
39085
39249
39307
38478
39340
38010
38126
38130
37793
39781
38399
39188
38654
39557
38734
39317
39653
38369
38589
37877
39756
39517
39176
39822
39761
38024
38704
39786
38522
39586
39741
38107
39607
39716
39620
38109
37904
39426
39582
38819
39688
39421
39662
38299
37959
37751
39282
39531
39050
37867
39014
38115
39724
39794
39547
39900
39775
38850
39017
38217
38907
37938
39816
39492
38301
38308
39830
37968
38900
38662
38168
37717
38009
37924
37829
39637
39653
38246
38499
38488
39393
39357
39191
38049
37774
37828
39564
37813
39933
39093
37806
38450
37892
38026
39696
38211
37817
37824
37999
39696
38197
38129
37764
39777
37677
39893
39777
39457
37869
38727
39562
38344
39726
38011
37941
38112
39219
39404
38044
37985
39479
38942
38463
39159
38453
38149
39821
39713
38864
37919
39484
38366
37863
38159
38928
39069
38418
38348
39020
37870
37941
37798
37798
39408
38522
39455
39799
39091
39660
37832
38068
38950
39363
38580
37806
37875
38006
37744
38908
38737
39266
38951
39670
39692
38120
38520
38090
37824
37893
39637
38575
39709
37927
39693
37895
38963
39356
39629
39792
39608
39908
38521
39698
38193
37857
39635
39154
39120
38388
39812
39662
39633
39754
39577
37868
38251
37892
39376
38100
38560
37993
38797
39605
38170
38448
37833
39765
39725
39519
39911
38819
39778
37940
37855
39462
37909
38044
37963
38551
39098
39749
39415
38471
38562
37972
38976
38008
39477
38210
39259
38245
39870
38137
39022
39362
39480
39182
38391
38804
38068
39790
37997
39629
37958
39447
37841
38684
38897
37963
37771
37877
38035
39721
38254
38440
39386
38004
37951
39289
39637
39743
38157
38439
37919
39280
38746
39184
39803
37827
39840
39819
38164
38209
38366
39744
38826
38574
38006
39908
38761
39682
38067
39576
37945
39770
38350
38158
39082
37821
39122
37923
39814
38278
39497
38731
39289
39201
39337
37912
38404
39372
39753
37871
39280
38690
37823
39568
38321
39148
39192
37913
39687
39560
37724
39752
38902
39100
37766
38388
37761
38297
39206
38699
37827
38463
37881
37619
39105
38067
38853
39386
39665
39122
38500
37829
38361
39830
39682
37734
38123
38156
39240
37779
37845
39102
37850
37966
39888
38278
37840
38827
38341
39292
39046
39976
37872
39823
37892
39714
38311
39724
37839
39428
39915
39448
39825
37876
39546
39345
38610
39649
37716
39546
37939
39288
37978
39834
39615
39764
39696
39705
39351
37705
39151
38131
37823
38411
39031
38313
38353
39755
37906
39686
39712
39805
38873
38393
39367
38647
38505
38715
38299
39896
38044
39855
39194
39118
38985
39954
37953
38346
38941
39200
38084
38111
38168
39460
38369
38456
38087
38840
39940
38919
37877
39721
39918
39251
37920
37962
39175
39343
39785
39699
37735
39802
39752
37913
39910
38580
37806
38101
38098
38036
37960
37981
39511
39654
39846
39567
38066
38458
39838
37885
38632
37965
39603
39435
39488
39149
38822
38248
39302
39891
37807
38754
38931
38933
37904
38791
38348
37813
38100
38163
38911
39709
39588
39156
39736
38567
39689
38395
37807
39313
37813
39092
37702
38949
39601
39804
37948
38768
38176
39622
38423
39743
38786
39811
39769
37906
39823
38826
37846
38723
39150
39366
37901
38409
39011
38592
38281
39652
39161
38381
37735
38349
38703
38208
39725
39009
39081
37911
37842
38265
39612
39462
38565
39551
38079
39231
39486
38395
38929
39854
39931
37730
39329
37913
39689
37913
38590
37739
37760
39565
39041
39009
39114
39267
38094
38782
39589
37850
39083
38275
38128
39593
37906
37974
39404
38963
37732
38270
39668
38324
38154
38915
39082
38745
39708
39497
38620
39808
39075
38480
38573
37765
39725
39507
38013
39511
37909
38154
37849
39469
37721
39493
38722
39201
39546
38134
38212
39473
39051
39162
37775
38075
39693
39397
38293
37885
39266
37979
39723
39505
37754
37999
39445
39755
39218
37959
37859
39613
38676
38376
39329
38017
38388
37804
39534
38603
39913
39816
38145
39698
37773
38304
38439
39195
37778
37966
39805
38840
37858
38404
39247
38774
39354
39410
38239
39849
38285
39915
39496
39837
38869
38206
39874
39945
39801
37900
39047
39740
39712
39795
39525
39825
38577
38770
38222
38323
39409
39220
37865
37859
38127
38978
38873
39366
38521
38463
37742
39805
38455
39547
37942
38629
38905
38338
39879
39490
37897
38224
38180
38102
39084
39613
38706
39773
37953
37792
38134
38887
38393
39653
39450
38586
39485
39279
38446
38644
37878
39706
37818
39648
38911
38595
39680
38118
38161
37861
37951
39604
38993
39442
39736
39398
37837
39817
38810
39862
38427
39598
37981
38153
37969
37929
39526
37877
39289
39413
38796
38622
38681
38945
38712
37857
38643
39733
38767
38201
39249
39277
37988
38255
39482
38624
38671
39606
38847
37767
38436
38324
39471
38156
38298
38878
38900
37976
39766
38172
39627
37878
38209
38106
38758
39834
39471
37783
38140
39896
37827
39279
39689
38291
38255
38680
39740
37790
39467
39848
38226
38519
39351
38558
39479
39653
38304
39902
38509
39165
39738
39120
38135
37875
38053
38431
38576
38874
38011
38732
37848
39701
38058
39771
38689
39707
38647
38740
39643
39215
39746
38398
39005
39443
37885
37920
38531
39223
37908
39870
38504
38719
39705
39535
39861
39125
38227
38771
39164
39829
38072
37899
39700
39420
39673
39043
39593
39023
39786
39136
39128
38341
39417
38085
38711
38086
38111
39969
39017
39455
38166
37900
39435
39759
39231
39923
37958
37915
37879
37905
38838
38618
38629
38792
39709
38030
37962
37963
39806
38020
39647
39685
38252
38319
38857
38194
39503
37758
39346
39853
39483
39720
38390
39529
38900
38263
38845
37918
38376
37988
39558
38038
37983
38432
38351
38401
39629
39260
37890
37798
38330
39700
38556
39756
39563
37875
39721
39176
38958
38873
38942
39489
38394
38146
39053
39055
39203
38744
39244
37891
39198
38106
39930
39334
38773
39555
38706
37838
39786
38044
39211
37841
38164
37897
38093
37946
39168
39809
38861
39164
38944
39611
39840
38211
38042
39606
37986
39852
38836
39145
39299
38084
39150
39300
39277
39913
37734
39710
37761
38428
38722
39312
37765
39401
37880
39406
37978
38980
38741
39127
37948
37814
38029
39849
38080
39588
39540
38125
38370
39882
39139
39555
38363
39168
38865
37865
39810
37769
37836
37649
39155
39272
39275
37927
38798
38822
37953
38007
38967
38940
39338
37928
37879
38561
38186
39707
39842
39323
38027
38550
39699
38405
37943
39877
39412
39810
37886
39742
37895
37757
38955
39835
39804
39468
38314
39221
37922
38140
38012
39242
39880
38599
39623
38529
38110
39101
39102
39198
37775
38075
39341
37974
37878
38138
39641
37805
39091
38303
37679
37997
37904
38654
38236
38500
37788
38133
37884
38200
39129
38697
39577
39707
38919
37907
39565
38697
37815
39777
38033
39590
39553
38404
39870
38161
39279
37969
39881
38569
39476
39005
38801
37808
37949
38435
37971
39888
38743
37970
39688
37793
39518
39464
39021
39795
39219
38858
38205
38372
37852
39311
38050
39482
38010
38976
39839
38111
38909
37840
39819
38095
38500
38042
38187
37660
39153
39698
38004
39644
38910
38010
38228
37903
38092
38856
37963
37858
39931
39536
39536
39448
39804
37980
39534
38831
39781
39082
39032
38313
39491
39039
39663
38336
39738
39428
37823
39779
38364
39125
39294
39744
38410
38613
39767
37868
39890
38871
38224
38664
39637
39063
39079
38059
39182
39780
39853
39432
39818
39149
39593
39479
39563
38086
38653
37831
38231
39346
39389
39855
39166
38507
37834
39300
39583
38968
37755
37757
39249
37736
39562
38956
39021
37959
38599
37875
38077
39507
37978
39238
39784
37790
38012
38139
37845
39402
38098
39769
39701
38874
38800
39076
39802
38368
39677
38235
37823
38530
39771
39355
38712
38724
38913
38551
39119
39405
38906
37888
39171
38404
37843
37929
39570
39386
38431
37707
39297
39558
38703
38186
39584
37878
38638
38554
38008
38414
38636
38410
37819
39204
39777
38778
37921
39070
37870
37986
39621
39253
39453
39611
39513
39543
39851
38384
37765
39228
38798
38018
37752
37905
39593
39629
39381
38007
39803
38327
39391
38766
37759
38787
39226
38076
39160
39352
38249
38239
39073
37814
38021
39700
37887
37896
38331
37739
39536
38095
37831
38200
37759
39300
37847
38391
38691
39807
39701
39539
38207
39700
39531
37918
39859
38725
38651
38049
38293
38940
38236
38173
39705
39103
38519
38885
39739
37892
37730
37891
38994
38562
37879
39183
38676
38487
38815
37867
38103
37842
38390
38855
39821
38469
39854
39518
37948
38097
39753
39543
38288
38174
38249
39761
38398
39873
37833
38237
38063
39213
39449
39481
38930
38759
39461
39100
38812
39397
38402
38195
39438
39706
37932
38475
38860
39562
38843
38304
37790
37922
37997
39464
39368
39336
38759
38828
38023
39813
38552
39697
37933
38080
39376
38392
38818
39521
39661
39601
37887
39015
38696
38869
39404
37956
39537
38422
38415
39851
37843
37855
39565
39570
38606
37669
38489
39454
38637
39571
39601
39699
37904
37713
39236
38278
39833
38764
37798
39322
37752
39349
38999
37733
38476
39502
39939
38369
39296
39334
38252
37818
38095
37859
38162
39121
39367
39259
37883
38259
39712
37817
39507
38752
38670
38696
38368
39546
39613
38876
39657
38960
37706
38621
38442
39506
39396
39434
38701
38338
39412
39622
38186
39580
39455
39470
38723
39307
37875
37752
38589
38456
37845
38017
39479
39608
38887
39200
37839
39903
37909
38108
39742
38996
37825
37791
39704
37885
37934
38559
39754
39702
37795
38555
37893
39772
39751
39241
37915
38992
38088
37755
37759
39096
38763
38563
38912
37770
39445
38977
38800
37810
38420
38732
38726
39549
39585
39090
37871
38845
37933
38115
39388
38144
38233
39418
37773
39148
39365
39328
37886
38175
38221
38681
38828
39773
38447
38018
38242
39752
37854
38826
39590
38965
38160
38019
38978
39431
37803
39694
38072
37951
39580
38561
38215
37806
39313
39818
39882
38213
39745
39771
39714
37926
37808
39620
38240
37914
39431
39570
37977
39775
39254
38723
38411
39704
38716
37793
37741
38852
38276
39064
38088
39343
38520
37919
38363
39709
39666
37952
38329
39865
39114
39671
39591
38758
38396
37965
39737
37741
39403
39486
39593
39234
38053
37887
39636
39010
38378
39110
38203
39818
39079
39762
38854
39442
38774
39517
37806
38592
38059
37815
38046
38792
38054
39178
39655
39802
39759
38087
38177
38374
39929
38389
38729
38750
38064
39300
37805
38092
39377
37818
38919
38974
38814
38754
38654
39862
39831
37898
39456
37755
39637
39268
39534
39413
38492
39545
39421
38162
37997
38002
38575
39347
39917
39116
38921
38734
38743
39796
39809
39532
38153
38908
37920
38156
39072
38875
39034
38163
39772
38535
38878
39621
38741
38786
39351
39717
39254
37975
39299
37970
39124
37857
38463
37931
38048
39492
39083
39474
37905
39704
39490
39682
39420
37675
39485
39861
39594
37930
37777
39237
39674
39013
39777
37803
39313
39767
39677
39172
39448
37862
39663
38475
39526
37878
37974
39429
37632
37992
37798
38765
38750
39802
39655
38137
39764
38893
37982
39732
38517
38217
39371
39630
39649
39575
39587
39448
37974
38261
37705
39295
39700
37785
39714
39845
38200
37826
37887
38316
39315
39688
37923
38148
39295
37914
39464
37725
39494
39580
38210
38034
39103
39683
39276
39144
37817
39721
38099
37800
39068
37990
39436
39261
38661
38676
38593
38277
39313
38994
37928
38216
38031
39319
38084
38441
38813
39229
38773
39368
38320
38274
39054
38961
38467
38159
37924
37926
39812
37794
38951
38130
37778
39354
39200
38113
38941
39637
39681
38118
39708
39219
37934
39860
39810
38396
38671
39922
39779
37871
38397
37999
39573
39836
37789
39753
39440
39435
38395
38706
37935
38037
37873
39041
37896
38047
38569
39858
39329
39180
39712
39533
39546
38220
38430
39425
37800
39648
39762
39623
37875
39460
37938
39677
38500
39949
39604
39344
39365
38133
39209
38167
39610
39801
37926
39472
39602
39088
39234
39503
38224
38699
39099
37967
37866
38535
37912
38539
39810
39679
39619
37925
38616
38930
38004
38433
39854
38417
37928
38283
38611
38550
39623
39237
38241
39941
37925
38614
38968
38062
38268
37921
39651
37915
38012
39049
38033
39641
39791
39513
38063
39898
39989
39484
39436
38478
39750
37714
37969
39489
39354
39036
38435
39863
39110
37846
37978
39936
38290
38546
38249
38034
38772
37920
39507
38966
37875
39864
38226
38325
38394
39109
38738
39129
39124
38474
39591
38311
39453
39702
37886
38705
39514
39783
37822
37914
37825
37969
38130
39067
38162
39750
38297
38584
38752
38872
38207
37737
37907
39697
39411
39266
38783
39668
39359
39641
39060
38812
38470
39849
37927
37765
39503
38063
38806
39406
39615
38896
39117
37831
38504
39785
38667
39700
38652
37747
38421
39737
38866
39628
38350
38748
39586
38037
37946
39319
39766
38513
38414
37821
38058
38843
39838
39861
39298
39173
38406
39514
38632
38167
38391
37929
39207
38160
39312
38029
37982
37844
39602
39137
38417
39754
39569
39157
38874
37791
39790
38857
39602
38764
39712
39482
39763
39729
38347
38911
38299
37852
37950
39720
38339
38153
38077
37844
37814
38087
38396
38344
38182
39466
37976
38813
39750
38367
39701
38483
39022
39690
39158
37893
39725
38786
38661
38394
39701
38020
38106
39728
39773
39499
38043
37906
38505
38238
37806
39180
38222
39205
39780
39563
38665
37741
37884
39872
38258
38232
39388
37942
38054
37935
38758
38503
37791
39434
38198
38291
38039
38494
39722
38294
39534
39662
39461
37855
38098
39625
39205
38070
39676
39163
37804
39572
39824
37955
38090
37805
38344
39918
39432
38484
38823
37761
38036
37874
39830
39690
38293
38936
39379
37954
39252
38169
38804
39621
38842
37821
38359
39025
39988
39282
39910
38245
38761
39155
39495
38976
39751
38182
39568
38103
38574
37761
38662
38984
37839
39768
39609
39579
37893
39323
38370
38890
38679
39418
39176
39724
38476
39210
38760
38598
37855
39725
39585
37883
39768
38720
37844
39792
39163
39304
38882
37810
38394
39474
38789
39366
39536
37804
38344
37775
38293
38181
39954
38105
39465
39400
39564
39001
38063
39245
39775
39810
38916
39064
39102
38920
39763
39072
37772
38651
37918
39649
37930
38679
39689
38815
37896
39513
39818
39825
38020
39647
39658
39895
37762
38155
37781
38706
37872
38053
39878
39814
39300
39756
39794
38708
38003
38756
37871
39001
38391
38183
39788
37731
39679
38836
38074
38176
38177
39900
39404
39070
37922
39569
38139
39647
38979
39470
39350
38202
37760
39616
39357
37900
38780
38196
38024
38340
39744
37761
37839
38352
38499
39442
39521
38528
37855
39623
39702
39793
39389
37964
38295
39376
37909
38909
37985
39199
39628
39730
39704
39449
37816
39981
39238
38818
39604
39606
37974
38777
37798
38331
38252
39675
38289
37930
39268
39073
39439
39689
38331
37905
39402
39459
38307
38487
38031
39850
37989
38787
39461
37922
39617
37897
37868
39353
39825
39254
38605
37976
38770
39052
39825
39148
39444
39680
39229
39791
39003
39698
38392
38522
39862
37959
38736
38433
38180
39537
37756
38095
39373
39216
39773
39077
37889
39598
38369
39474
39459
39302
38098
38830
38930
37841
39687
39513
37936
37991
39640
39610
39229
39004
38084
38083
39697
39863
39572
38724
37852
39139
37798
38069
39117
38819
38674
39653
38838
38023
38075
38233
38846
38175
38932
38025
39943
38390
39573
38123
37994
39244
39657
39405
39828
39628
39842
38050
39676
38183
38196
39914
38098
39069
37851
39933
39706
38175
38778
37993
39741
39309
39674
38152
39668
39315
39407
38414
39662
38004
38194
37829
37977
38015
38185
39037
39757
38278
39270
39777
38924
39854
39930
39466
38287
38456
39493
38872
38884
38431
39638
38469
39709
38828
39357
39664
39832
37954
39245
39379
39690
39313
39647
38208
37918
38030
37978
37789
39461
38014
37844
38703
37707
37893
39524
38900
39810
39358
38415
38096
38459
38974
39750
38162
39309
39445
37891
39528
38170
39727
38481
38639
38576
39501
39340
37892
39635
39234
39772
38043
39868
38557
38894
37767
37653
38076
39381
37920
39649
37887
39869
39528
39693
37858
39254
37797
38536
38064
39943
39950
37956
38100
39769
37877
37815
38564
38017
38148
37787
37969
39595
38588
39650
38509
39482
39617
38049
38175
37763
37840
39869
37938
37738
38401
37919
39357
38324
38493
39009
39357
38500
37962
39764
37961
38358
38548
38867
38829
38209
38236
39787
38058
38717
38911
39342
37887
39153
39397
38052
39624
39057
39874
37811
38178
39018
39578
38873
39836
38525
38068
39808
39062
39766
38167
39738
37556
39499
39416
38976
37862
38801
38070
39767
39633
39657
39065
39828
38654
38153
37969
39532
39692
39194
37823
39671
38248
38359
37875
38572
39429
39339
39267
39459
39582
38379
39867
38870
39817
39687
39798
38375
39746
37751
37982
37857
39764
37734
38587
38059
38881
39733
38057
37917
37995
37914
39681
39454
39462
38204
39181
38319
38886
37952
37881
39633
38058
38014
38885
38199
38715
39030
38737
39747
37987
37858
38364
38536
37889
39381
39513
38050
38375
38136
39728
38258
39183
39739
38585
38356
38980
37865
38673
39521
39773
39745
39482
37875
39579
37954
37892
39530
37846
39666
39091
38211
38751
39650
39271
37877
38811
37797
39587
39630
38921
38139
37787
39773
37896
38047
39638
39448
39148
38642
39732
39394
38086
38870
38779
39279
38693
39624
39776
38106
39851
37969
38600
38393
38239
37947
39778
39330
39598
38878
37854
39562
39190
39508
38291
37815
39868
39767
39977
39091
39821
39726
39521
38088
39703
37942
37834
39912
37857
37785
38108
38721
39592
38436
38036
38072
39862
39577
39230
37894
39440
37963
38129
37991
38927
37969
39391
39472
38861
39856
39811
38292
39583
37940
38640
39511
39609
37866
37943
37856
38167
38412
39221
38328
38975
39028
39470
38359
39230
39673
37999
39481
39841
38657
39989
39812
38083
37933
39405
38859
39580
37831
39645
39167
38922
38240
39864
37885
39805
39359
37919
39355
37883
39780
39771
37871
38207
38372
37991
39620
39748
38408
38015
39298
38715
39384
39698
39707
38635
37903
38525
38426
37905
37700
38650
38009
39164
37984
38827
38124
39432
37973
38756
39100
39838
38029
39277
38000
39029
38568
39479
39688
39822
37905
38038
39667
39853
39057
38315
37783
39395
38956
37753
38054
39615
37915
39195
39817
38657
38061
38762
39405
38885
37744
38181
39966
39822
38176
38853
37964
39574
38764
38096
39552
38293
38800
37823
38852
38585
39146
39093
38476
37949
38181
37666
38167
37987
39313
38123
38971
39700
38559
38630
39536
39468
39548
39403
39933
39252
39753
37861
39167
39110
39880
37944
39124
39082
39726
38401
38357
39663
38777
39489
38799
37886
37737
39526
38092
39787
39336
38588
37938
38402
38699
39600
39773
39155
38081
39622
38002
37898
38861
37978
39788
38062
39765
37833
37857
39696
38359
38692
39383
39470
39151
38706
39681
39997
39188
38082
38087
39656
38907
38087
38522
38202
37985
38118
39368
37905
37679
38871
38205
39590
39277
38698
39525
39670
38964
38695
39801
37848
39252
37856
37737
39418
39760
37933
39803
38491
38478
37760
38414
38508
39465
39487
38263
38912
37907
39823
39223
38373
39424
38486
39708
38857
39291
37902
38988
39485
39875
39137
38630
39571
39811
38144
38495
39660
39779
39691
37721
38625
39079
39117
37863
38092
37920
38103
39434
37797
37705
39930
38887
39638
39934
38492
39184
37904
39752
38794
38187
39867
37787
37794
38704
37840
38055
39558
39401
38035
39681
39704
37816
39758
37958
38341
39724
37839
39833
37759
37887
38004
39557
37856
39493
38876
39088
37896
38497
39739
39772
39779
39339
38160
39416
39769
39171
37907
38960
39577
37979
37859
39025
39369
38060
39490
38689
38431
38827
39465
39564
38484
38710
37810
37818
38118
39714
38536
39557
38249
38388
39257
39911
37920
38132
39709
37881
37934
37690
37863
38564
37924
39102
39109
39774
40062
39815
37993
38268
39489
39409
39471
37987
39336
38122
39801
38549
37879
39439
38004
38934
37829
37653
39867
39608
38907
39575
38036
38227
39786
37838
38977
38821
38821
38808
39709
37862
39707
38891
37830
38270
38402
39281
38753
38121
38315
39617
39121
39272
37784
39565
38777
39772
38191
39760
38240
39589
38086
39616
38462
39075
38765
39669
38726
39457
39538
39305
39099
39322
39420
38065
38635
37799
37993
38636
39464
38629
38418
39532
37622
37751
39734
39160
38786
37825
38576
39670
38808
39239
37973
39127
39871
38644
37883
39212
38781
39873
37935
38614
39832
37891
39702
39056
38193
37821
39744
37904
37848
39496
38293
39305
39043
39932
39539
39827
38803
39426
39331
39418
38371
39771
39431
38128
39155
38870
39284
39235
39179
37935
38852
39091
39727
39737
37934
37781
37867
38781
38196
38757
39242
38219
39464
37941
39878
38135
38360
39704
38904
39292
39251
37922
39558
39768
39928
39311
37857
39717
38898
37962
39596
38015
39118
38214
37921
38429
38560
39743
38104
38279
38072
37911
39630
39418
39662
38442
38317
39862
38213
37950
37772
38694
39461
39729
39827
37842
38865
38464
39675
38028
39793
38923
39123
38664
39624
37835
37701
37797
39804
38749
37928
38235
38469
38836
37979
38518
39098
39696
39729
39665
39123
38124
39077
38697
37907
37887
38162
39841
38335
37803
39747
39163
38407
39290
39904
39734
37796
39367
37755
39277
37951
37968
39484
38145
38921
38032
38173
38874
39629
39485
39160
37858
38147
37992
38136
38035
38809
39755
37973
38931
39249
38885
38200
39604
39875
38671
39367
38620
38603
39657
38327
39736
38234
37910
39119
38419
37857
39430
37956
38155
39811
37731
38875
38699
37795
37793
39504
39636
37860
38663
38703
39423
37805
38060
38325
39643
39275
39258
39820
38413
37978
37824
39578
39331
37923
38075
38051
38003
39734
39724
39713
38044
39709
39193
39494
39538
38626
37746
38274
39212
38313
38048
38417
38257
39157
39754
39447
39642
39090
39206
38372
39791
39445
38516
38298
37801
37691
38468
38099
38807
38206
39771
38664
39172
39477
37943
39190
38697
37678
39290
38630
38580
37793
37978
38405
39581
37919
38944
38979
39018
38907
37846
38771
37779
39602
37818
37834
38114
37891
37932
38171
37810
38300
38676
39761
39684
38001
38708
39796
39738
37942
39035
39456
39718
39873
39611
37684
38971
38243
37962
39051
37857
37744
38901
38063
39794
37928
38201
37811
39763
38125
39840
38268
39821
39555
38073
38214
37861
37733
39636
38782
39915
38101
38553
38387
39390
38054
38242
38278
39220
37978
39520
39180
39531
38063
38018
39797
38862
39700
38333
38037
39335
37820
38800
39013
37851
39284
38197
39860
39851
38073
39679
39849
39103
39711
38159
39182
39155
38311
40068
38022
38732
39760
39542
38989
37817
38374
37756
38748
39255
38280
37907
38840
39735
38000
38475
39727
37762
37966
39702
37751
37727
38310
39382
38021
38795
38870
39509
39629
39434
38997
38110
38003
39850
39158
38860
37874
39726
37859
39694
38397
37917
38932
39802
39688
38270
38685
38905
38526
39541
37759
38772
39747
38489
38589
37947
38896
39128
39212
37921
39934
38736
39799
39735
38937
38304
39664
38380
39689
39716
39101
39669
39027
39542
38780
37974
39831
39696
38834
39670
38690
39558
38091
39585
37690
38681
38924
38090
37959
39401
39215
39661
39514
38168
39922
38279
39774
39637
39524
39196
38535
37903
38189
39196
38558
37916
38010
39197
39792
39592
38332
39724
39484
38706
38008
38887
39903
38663
39085
37866
38417
38187
38171
37858
38968
37783
39432
38520
39283
39849
39577
37818
37761
39724
38252
39406
37738
38355
37881
39529
39457
38425
39628
39584
38489
38477
39668
38616
39706
38250
38746
37802
38716
38192
39690
39349
39375
38863
39749
39312
38139
39693
39154
39411
39920
39838
38743
38479
39714
38872
38874
38209
38063
37780
38271
39236
37865
38323
38744
38933
38525
37873
39356
39348
38231
37988
38464
39606
39098
37692
39802
38064
38389
38761
39054
39717
39409
38283
38419
38310
37860
38388
39546
39228
39801
38728
37881
39017
39538
38883
38392
39169
39006
38334
39687
37891
39274
39693
38416
38265
38235
38941
39837
37978
38968
39288
39741
39715
38091
39834
38105
39695
39874
39302
39731
39411
38848
38139
39452
38401
39055
38366
39422
38608
37765
39652
38580
38065
37817
37759
39552
38719
39629
38867
38889
37924
38972
39772
38675
37948
38983
39404
38319
38344
38559
37677
38801
38738
37820
39431
38227
37907
37952
38169
37990
37920
38334
39640
39740
37768
38884
39343
39117
39372
38236
39455
38123
39797
39288
38279
38343
37738
38308
39766
39621
38344
38166
38856
38795
38496
37741
38386
39581
38192
39734
39614
37944
39030
38881
38113
38891
39279
39902
37890
37862
37940
39488
39593
37848
38362
38460
38130
38171
38355
39871
39827
37971
37742
39478
38625
39825
39182
38155
38456
37860
39583
39695
39823
38371
38942
39185
39348
38284
39718
39315
38893
39730
38086
39830
37817
39601
39971
37899
39816
38552
37870
39112
38314
38514
38451
38971
38367
39161
39218
39695
38808
39585
38852
39623
38386
39777
39130
38339
39151
38590
39443
39805
37779
38023
39680
38571
39354
38831
38739
37819
37747
38415
39791
39382
37797
37854
39078
38094
39185
37875
39769
38160
37797
39343
37707
38600
38032
38353
37817
39650
39266
38937
38228
38481
39485
39700
39792
37764
39307
37978
39034
39202
38050
39736
38571
37985
39751
39798
39892
37878
38507
39462
37894
37858
38040
39805
40009
38278
39682
39282
38199
38895
39510
39442
38468
37950
37952
38172
39663
39046
39745
39308
38767
39560
38550
37952
39044
38116
38047
37821
39694
39383
38576
38017
37811
38203
39088
37778
37959
39649
39593
39111
39825
38482
39320
39940
39781
39124
39440
38154
38534
38344
38350
37761
37888
37842
39039
38005
37851
39542
38056
38497
38043
39848
39310
37906
39685
37916
38575
39010
38916
38015
39317
39622
39094
38830
39498
37807
38194
39560
37965
38642
38408
38281
39770
39739
38117
39226
39867
39052
38661
37774
38121
38496
38595
39362
38527
39715
37939
39328
39204
38697
39911
39468
39628
39582
39325
39232
38593
39952
38065
39734
38173
39360
39240
38823
39771
37744
38094
39348
38600
38024
38699
37873
37890
39656
38437
38006
37879
38542
39529
38926
39693
37979
37983
39105
39799
37913
37811
38874
38224
37850
38430
37915
38300
37911
38266
39842
38096
39482
39589
39763
38406
39269
37899
39731
39445
39692
37813
39220
39707
39047
39304
38066
38038
38410
39240
39176
38679
38140
38261
39636
38500
38791
39438
37931
37787
38730
39703
38012
38010
38307
39820
38727
38352
38097
39718
38326
38162
39802
38249
39683
39568
39383
38545
39789
38025
39177
39742
38206
39714
37907
39131
38618
37900
38350
39862
39454
38082
38526
39695
38312
37800
37852
38855
38212
38728
39579
39804
38828
39699
37822
39103
38985
38551
39364
39774
38571
38222
39201
39499
37862
38813
39207
39895
39297
39451
38292
39892
39568
37914
37922
37861
37668
39338
38630
37804
39784
37848
39154
37830
38013
39790
39874
38786
39160
38080
38750
39239
39170
37708
39753
38762
38490
39616
37764
38906
38552
39527
38776
38307
39320
39044
39205
37767
37983
39715
39254
39487
38045
39144
39118
38992
39810
39500
37970
39793
38348
37966
39887
39057
37903
37899
37786
39785
38328
38906
38768
39642
39518
39939
39660
39857
37967
39562
37878
38423
38098
38425
37859
38305
38553
38779
39028
37750
39313
39857
38282
38210
39065
37867
39203
39205
38780
39447
39665
39604
37909
37982
39790
39679
39373
38046
38438
39048
39525
38631
39647
37798
37922
37794
39813
38003
39818
37911
39107
38085
39417
37758
37995
38529
39698
37966
39922
39398
39991
39203
38804
39138
39717
39938
39483
39790
37858
37725
38032
38598
38888
39125
37929
39676
38945
39246
39580
39428
39718
39712
38326
38871
39808
39764
39881
37884
37989
39707
38635
39493
39524
38008
37827
38177
39428
39574
39672
38555
38948
38984
39695
38526
39169
39219
39452
38416
39806
37828
38886
39667
39730
38135
39778
39296
39518
37930
38690
38238
39918
37826
37948
38617
38559
38474
39858
39855
39424
37883
39489
39679
39689
38069
38463
38161
39602
38133
39391
38867
37778
38183
39642
37793
37894
38339
38409
38147
39037
39663
38398
39724
38748
37992
39774
39013
38109
38401
39491
38849
37771
37970
39691
37869
39670
38049
38752
38837
38382
38441
37881
37823
39561
38064
39235
37861
39117
38085
39736
38239
38405
38807
38140
38971
38480
37902
38940
39706
38080
39625
37823
38750
38859
39051
39391
38128
38554
38351
37742
39864
37943
38638
38998
39318
38157
39754
39534
39139
38805
38372
38316
38206
38415
38030
39333
38394
39520
37909
39178
39645
39014
38511
38031
38665
39674
37921
38022
39698
38171
39440
39847
37905
39699
39811
38077
37781
39309
39809
38277
39619
39911
38700
37903
38437
39001
39508
39647
39044
39446
38762
38924
37799
37964
37944
38848
39000
38283
39813
38111
38023
39861
38255
38840
38028
39741
38198
38056
37964
37824
39461
38214
37839
39446
39301
39676
39408
38052
39690
39420
37819
38932
39666
39845
39884
39587
38163
37842
37747
39662
39509
39479
39928
37889
37812
39145
39648
38632
37982
39688
38475
38247
38759
39198
37756
37879
39345
39944
39114
38158
39612
38891
37683
37887
38566
39670
38814
39648
39577
39590
39519
39695
39085
37845
39931
38773
37756
38916
39114
38067
38791
39815
39963
37789
39008
37813
39633
38272
39091
37818
39779
37944
39749
38307
37973
37822
39244
39357
37865
37837
38321
38928
38968
37944
38016
37894
39826
39141
39741
38124
39077
39211
37932
37870
38091
39377
37924
39676
38000
37871
39897
38010
39418
39508
39231
38018
38805
38876
39584
38439
37822
38688
38455
37987
39701
39750
39226
39480
37927
38452
37871
38294
37770
39568
38379
40011
39689
38601
37913
38560
39678
39512
38087
37800
39763
37901
38418
38382
39752
38374
38089
39031
38683
37999
37947
38212
39484
38368
37914
38862
38012
39250
38706
38423
38680
37953
39149
37774
39794
38802
39103
38614
38618
38230
37889
37938
39108
39781
39970
39783
37820
38344
39707
39232
38561
38630
39790
39882
38491
37867
39512
38282
39107
38340
38446
38581
38927
39840
38208
39623
39350
38916
38454
39862
39365
39696
39592
39223
38326
39411
38665
38766
39514
39099
38055
39376
39830
39979
38184
39052
39316
38094
39027
39592
37763
37819
38168
39714
38792
39025
39659
38160
37999
38888
38744
38458
39710
37965
38491
39203
38438
37983
38548
39590
39150
39803
38981
39846
37897
39619
38108
39792
38119
37926
37672
39519
39683
39225
39311
39796
38019
39332
39418
39354
37997
37875
39292
37984
37765
39817
38986
38357
37736
38516
39509
37961
39276
39447
39848
39424
38352
39668
39771
39297
39787
37893
40021
39103
38332
39729
37907
38845
39048
38699
39005
38761
37791
38965
39681
39347
39382
37998
38259
38008
38260
39429
38211
37844
39864
38797
37783
39137
38667
38054
38552
39588
38287
38574
37960
39132
37954
39074
38747
37978
38476
39116
38674
37799
37936
37989
38627
38582
37856
38199
39771
39161
38920
39319
38100
39653
39808
39656
38259
39232
38736
38797
39254
38734
38173
38315
37881
39324
38582
39361
37986
38886
39830
38098
37880
38230
37885
38748
38264
38372
39610
39807
38057
37917
39667
39440
39793
39468
38374
39291
39415
37868
39294
39322
39826
37986
39128
39664
39715
38011
38588
38422
38264
38138
39373
39570
39097
38057
38850
38288
38852
39487
37952
38154
38482
38179
38021
38085
38918
39733
39003
39646
39909
39469
38897
38246
37851
37804
38080
37935
38403
39700
38085
39719
38708
39733
38425
37981
39366
39667
39309
39732
39930
38639
39448
38616
39724
39010
39311
39655
39334
39787
38975
39019
39896
39257
38825
38173
38987
38822
39848
38490
39321
38945
39661
38433
38022
37841
39485
39209
38037
39433
37976
39448
39186
39368
37978
37828
37847
39347
39405
38058
38424
38925
38992
38830
38155
38784
38355
39487
38470
39786
37859
37777
39682
38147
37826
38574
39731
37873
39375
39872
39403
38656
37838
37866
39526
39805
39946
39104
37977
39884
39132
39441
38911
39694
37966
39872
38457
39719
38395
38724
38684
39753
38026
39458
38051
38562
39831
39675
37980
37912
38366
39847
38074
37734
37803
38793
37863
39161
38364
37843
37846
38655
38787
37990
38151
39606
38834
38807
38039
39170
38121
38915
37766
39320
39041
38561
37750
38799
39743
38656
38233
39375
39774
37872
39744
38487
38759
38991
39109
39622
39996
38278
39116
39225
39216
37978
39003
38362
37959
38499
39625
38826
39707
39844
38338
39854
38251
38748
37879
38788
37794
39761
38312
38328
38219
39690
39802
39737
39128
38471
38400
37856
38469
39787
38150
38617
37824
38918
38927
37842
38463
38848
37855
38031
39185
37854
39296
39152
37778
37905
39729
37687
38790
39574
38611
38152
37926
39497
37651
38417
39504
37815
39674
39164
39083
39222
37890
38917
39311
38448
37813
39696
38613
38971
39314
39035
39893
38671
37759
38453
39129
39199
39123
39383
38181
39804
39618
38392
39312
37715
39146
39856
37963
38101
38184
39789
38129
39867
39618
38797
39655
38796
37777
39618
39622
39698
38649
38522
38420
37870
39379
39602
39097
38452
37864
38707
38967
37940
37902
38752
38616
39873
39682
39035
39224
39187
38084
38652
39677
39200
39341
39302
39847
38291
37788
37646
39604
38130
37845
38014
38095
39817
37752
38410
37849
38968
37893
38041
38622
39501
39249
38727
38007
38240
38244
39369
39513
39069
37943
37787
39581
39148
37824
39454
39186
38029
39720
39749
39512
37815
39237
38183
39107
38436
39704
38634
37692
37929
39699
39059
39949
39262
39279
37804
39511
38252
38785
38051
38334
37851
39828
38842
38974
39763
39755
39703
39834
38460
38583
38070
39267
37771
39011
39498
37799
39802
38532
38577
39782
38043
39359
38469
38928
37733
38037
37865
39336
37904
39404
38840
38401
39543
38402
37945
38302
39090
37796
39309
38391
38334
37816
39108
38258
38307
38175
38198
39181
38911
38216
39478
39328
39417
38061
38025
38306
38922
38388
38464
39725
39037
37934
39658
38027
38224
39356
39139
38189
38809
39576
38936
39796
38129
37971
38776
37901
37871
38392
39788
38876
37810
39326
39391
38098
39402
39502
39280
38321
39592
38002
39786
38014
39478
37847
38233
39483
38171
39793
39828
39649
39850
38491
38863
37820
39305
38709
39228
39446
38395
39412
39036
39731
39566
38653
38402
39798
38352
38726
38759
38117
37942
39817
37783
38205
38722
38878
39745
39557
39227
39870
38335
37726
39136
39194
37960
37972
38851
39561
37931
39873
37963
38435
39433
38935
37751
39836
38093
39573
37997
39917
39084
37718
38019
37831
39484
38327
38005
38876
37803
39736
37881
39541
38771
38597
39301
39701
38958
38669
37846
38281
39088
37869
37807
39578
37934
39708
38960
37769
39255
39832
39336
38375
38791
38047
38273
38952
39569
38003
37869
39506
38272
39809
39725
38093
39953
39873
37759
39222
38640
38278
38879
39434
39914
39626
39075
39303
38299
38853
39552
38378
39501
37833
38778
38197
37768
37742
39513
38080
37947
39625
38942
39200
39217
38862
39142
37800
39283
39082
38283
39793
39602
39110
38168
38011
39481
39798
37858
39262
39329
39129
39164
39527
39549
37742
39051
38528
39168
38022
39595
39290
38930
37845
38188
38973
39660
39673
38330
39210
39824
38457
39727
38758
39569
38016
39626
39884
37927
38214
39548
39082
39339
37874
38390
39452
38815
38970
39841
38928
38903
38403
37965
39936
39836
38024
37907
39785
37928
39568
38007
37933
38730
39499
38853
38063
37799
37723
38033
39901
39915
38315
38468
37958
38266
38641
38608
38499
39946
38053
38366
39256
39065
37833
39833
38136
39034
39423
38017
39724
39748
39688
38484
39386
39561
37859
38017
39847
37896
39650
39328
37918
39315
37940
38186
38792
38979
39518
39763
38902
39174
38173
39735
38402
38196
38022
38957
39483
39408
37936
39567
38618
37834
38222
39298
37901
38727
38762
39332
39574
39465
37769
39180
38012
38097
37825
37953
39673
37929
38232
37759
39366
39624
39742
38107
37842
37924
37926
39440
39764
38507
38014
39542
38186
39342
39670
39307
39591
39223
38507
39006
37805
38368
39610
38255
39706
39573
37971
38124
37879
38972
37961
39649
38089
39512
38972
38423
37821
38072
38069
38619
38065
38431
39319
38260
39175
38703
39018
39747
39841
39001
39113
39002
39076
38871
39706
39320
39176
39521
39378
37630
38442
37868
39649
39110
38282
38474
39290
39645
38224
39742
39688
39770
38712
39568
39574
37926
39757
39007
38236
39263
39238
38101
38723
38912
38257
37620
39286
38647
38627
37986
38909
37988
37904
38646
37966
37803
37917
39711
39677
39370
37920
38256
39099
39865
37904
39756
39713
39346
39721
38912
37823
37863
38625
39745
37912
39092
38544
39630
39848
39696
39846
38744
37779
37959
39223
39796
39474
37887
39665
37908
38759
39234
38851
38127
39336
38162
37969
39725
39566
39725
38976
38511
38087
38459
37994
38821
39722
38065
38004
39153
38368
39280
38918
39154
38688
39550
38644
37788
38640
37932
37832
38738
38256
38640
39573
39005
39476
38285
39088
38852
37942
38822
38897
37738
38942
38948
37889
39052
39748
38875
38385
39690
38961
38129
39501
39650
37764
38249
39681
39247
38203
37825
38069
39674
39631
39006
38494
39293
37806
38995
39488
38038
38231
39771
39562
38344
39763
37967
39238
39019
38318
38703
38006
39072
39410
39497
39737
39618
39811
37932
37727
37835
37839
39546
38738
39790
39809
37760
38008
38061
39442
38903
39324
38524
38287
38088
39233
38900
38910
37829
37679
38206
38758
39100
37914
39665
38192
38164
38389
39562
39804
39834
39929
39564
39782
37839
39317
39090
39152
38319
38648
38360
38186
38246
39586
38225
39105
38265
39650
38278
39712
37757
38222
37908
39793
39693
39819
38524
39083
37760
38271
37905
38760
39799
39826
39934
37921
38617
39564
37855
39329
37702
38067
39257
37726
39779
37834
38736
38895
39817
37711
38220
38881
39160
38661
37795
39002
39693
37891
39032
37913
39361
39591
38687
38103
38172
38265
39713
38648
39234
37897
39170
38979
39586
38424
39301
39814
38119
39864
38801
38062
38001
39099
39257
38267
39075
39741
38035
39569
39761
39604
39404
39131
39806
39853
39580
39604
37848
37765
37942
39758
37886
37937
39688
39329
37730
39672
38310
38989
39654
37693
37845
39738
39355
39742
39233
38094
38098
39884
38289
38558
37823
38596
38104
37915
38405
39867
37921
38390
39752
37878
38203
38637
39113
39248
38950
39385
38867
39043
39257
37867
38424
39738
39073
39002
39470
38907
39006
38954
37978
38574
39782
39833
37852
38199
39888
39673
37823
39254
37882
39091
38497
38574
37811
39276
39152
38117
37879
38751
38212
39150
38152
38700
38284
39466
38338
37877
39160
38197
38428
39785
38584
38108
37827
39872
38541
39724
38388
37633
38469
39647
38753
39448
38567
38167
39655
37902
39797
37892
39676
37970
39576
38142
39695
38444
39493
39482
39910
39172
39744
38548
39896
39725
39838
39502
38870
39651
38539
39672
38380
39042
38905
38121
39789
39736
38745
38242
39701
39705
39587
39749
38844
37667
39477
39229
39328
38665
38079
38680
38604
38177
39351
38388
39766
37980
38162
38792
38951
38500
38431
39736
39926
39485
39605
38453
38021
39550
38936
37677
39396
38223
39457
39805
38083
38554
39234
38716
39155
39829
39650
39780
39939
37900
39892
37833
39134
37876
38107
38126
39169
38674
37802
37890
39806
39164
37718
37786
38215
38812
38292
39137
38341
39694
38423
37842
38120
38090
38219
39793
39036
38963
39770
39257
37974
39852
38471
37876
39589
38586
39570
39262
37806
38981
37854
39262
37905
39870
39599
39290
38429
39694
39440
38742
39646
39654
39025
37877
39612
37892
38469
39697
39848
39601
39505
38437
38703
39412
39764
37956
38989
37973
38307
39734
39513
38212
39555
38167
39357
39979
39629
38887
38047
38052
38040
39350
38552
38844
38430
38166
39606
38815
38274
38931
39832
39595
37984
37948
39855
39134
38810
38736
38309
39610
37819
39766
37768
39272
39668
38124
38498
39345
38455
38973
37727
37979
37873
39627
38100
39842
39774
38221
38660
39288
39074
39705
37709
39718
37999
39056
39428
38797
37997
38508
39055
39463
37769
39086
39327
37969
38656
39585
37813
39904
39505
39596
39245
39067
38131
39097
39472
39527
38782
38205
38756
39732
37932
37865
38057
38088
39745
38059
38094
38133
39276
39220
38719
38187
39417
38214
37873
39409
38554
39531
39774
38112
38293
38360
38045
39055
38773
39841
39026
37937
38076
37927
39276
39709
39652
38051
38385
38788
37952
38225
37878
37906
39286
39680
37935
38294
38976
37735
39499
38113
39853
38653
39432
38779
37764
39508
38716
38258
38060
39029
38290
39057
39060
39140
38360
37774
37988
38752
38715
39616
37994
38671
38366
38315
38846
37906
39673
39309
37975
37766
39668
39385
38191
39816
38650
38029
37886
37855
39700
39317
39398
37796
37781
39007
39605
39673
38064
39485
39726
39406
38190
38029
38809
38232
39511
37748
38244
39767
39469
39679
38657
37801
38315
39812
39342
38549
38389
39913
39165
39932
37759
39222
38294
37978
39580
39211
39714
37964
39291
39168
37855
39217
39891
39767
39820
38394
39023
39322
39741
38223
39738
39533
39486
38729
38561
39766
39062
37798
38057
37801
39300
38886
37884
38733
38842
37967
39786
37847
39450
38526
39118
39521
39698
38107
39125
38068
39005
38189
39005
38778
38276
38105
39751
39590
38967
39037
39702
37830
39529
38049
37667
39561
39164
38947
37824
37805
38788
39814
38193
37829
39771
38702
38295
32456
32456
32456
32456
32456
32456
32456
32456
32456
32456
32456
32456
32456
32456
32456
32456
32456
32456
32456
32456
32456
32456
32456
32456
32456
