9948
35668
35675
35744
35706
35710
35673
35647
35649
35685
35722
35647
35654
35642
35674
35714
35648
35619
35705
35696
35685
35698
35681
35654
35690
35594
35665
35701
35727
35711
35713
35663
35642
35598
35749
35711
35682
35631
35684
35716
35654
35726
35657
35672
35580
35607
35598
35671
35719
35668
35745
35700
35688
35673
35664
35710
35731
35671
35692
35756
35665
35629
35695
35662
35715
35627
35739
35726
35667
35609
35614
35732
35650
35730
35750
35739
35709
35612
35706
35663
35694
35628
35680
35777
35621
35641
35706
35621
35679
35690
35724
35676
35583
35643
35724
35675
35701
35613
35707
35645
35715
35676
35606
35660
35758
35622
35748
35646
35737
35650
35601
35701
35677
35729
35645
35734
35712
35651
35690
35656
35662
35702
35680
35700
35661
35597
35743
35668
35745
35644
35683
35626
35678
35651
35613
35739
35702
35632
35703
35727
35669
35664
35592
35640
35634
35723
35738
35645
35727
35615
35724
35628
35658
35730
35703
35635
35730
35653
35683
35683
35749
35627
35689
35565
35617
35656
35731
35589
35686
35703
35670
35702
35674
35674
35747
35682
35713
35730
35712
35595
35673
35676
35673
35686
35717
35697
35663
35651
35606
35690
35711
35671
35670
35691
35716
35662
35694
35611
35691
35735
35687
35707
35672
35735
35639
35629
35662
35773
35767
35706
35655
35739
35672
35663
35653
35693
35631
35658
35612
35704
35731
35678
35655
35679
35690
35641
35719
35715
35647
35552
35670
35617
35717
35612
35711
35689
35749
35716
35645
35722
35650
35686
35726
35691
35615
35746
35708
35710
35736
35724
35772
35721
35724
35745
35717
35726
35712
35686
35651
35686
35730
35718
35685
35724
35729
35705
35721
35711
35698
35698
35718
35694
35712
35682
35758
35695
35703
35691
35691
35684
35668
35751
35658
35705
35673
35698
35679
35658
35749
35655
35644
35712
35682
35702
35665
35673
35639
35687
35668
35709
35718
35659
35660
35692
35677
35706
35658
35676
35652
35670
35682
35643
35685
35667
35582
35617
35710
35652
35629
35635
35710
35715
35692
35699
35757
35736
35746
35723
35716
35660
35757
35668
35682
35747
35715
35768
35715
35711
35713
35704
35756
35739
35702
35715
35682
35667
35610
35694
35722
35651
35656
35659
35683
35768
35668
35782
35664
35730
35689
35692
35754
35700
35719
35721
35668
35673
35746
35708
35701
35668
35753
35733
35720
35695
35690
35702
35655
35705
35715
35677
35747
35672
35691
35701
35709
35689
35681
35743
35687
35705
35724
35645
35653
35604
35684
35753
35638
35755
35658
35632
35657
35715
35753
35712
35709
35692
35724
35713
35749
35708
35740
35626
35658
35755
35683
35661
35718
35668
35627
35630
35593
35608
35666
35673
35641
35693
35641
35649
35738
35692
35690
35693
35668
35670
35691
35680
35689
35665
35604
35611
35633
35617
35654
35644
35747
35660
35621
35696
35642
35651
35704
35686
35715
35681
35681
35758
35615
35713
35685
35664
35662
35689
35709
35767
35752
35727
35767
35744
35704
35639
35664
35687
35699
35615
35732
35771
35726
35711
35739
35780
35715
35675
35683
35738
35687
35703
35748
35697
35674
35764
35740
35716
35675
35685
35684
35650
35755
35623
35711
35733
35744
35717
35712
35711
35703
35740
35701
35749
35769
35750
35704
35655
35664
35724
35708
35687
35745
35743
35764
35699
35764
35726
35719
35824
35691
35687
35694
35724
35716
35752
35710
35582
35733
35767
35709
35708
35709
35718
35716
35730
35682
35662
35692
35744
35731
35714
35763
35711
35722
35773
35712
35719
35726
35703
35717
35698
35774
35752
35703
35734
35607
35713
35727
35638
35671
35679
35705
35790
35734
35601
35659
35785
35671
35627
35647
35601
35757
35691
35719
35782
35706
35732
35760
35730
35740
35746
35719
35747
35715
35681
35735
35666
35720
35708
35771
35676
35683
35611
35727
35717
35717
35702
35751
35731
35738
35696
35698
35739
35712
35726
35711
35698
35712
35718
35692
35721
35725
35711
35762
35709
35721
35745
35782
35681
35729
35719
35718
35691
35751
35713
35718
35730
35733
35676
35741
35751
35725
35702
35723
35733
35763
35742
35755
35742
35755
35710
35707
35739
35677
35688
35695
35704
35697
35726
35771
35706
35754
35736
35751
35692
35746
35727
35699
35767
35695
35716
35713
35683
35615
35692
35735
35683
35650
35772
35603
35681
35687
35641
35706
35660
35627
35667
35660
35666
35744
35687
35654
35699
35606
35653
35650
35741
35639
35736
35704
35714
35682
35674
35711
35701
35617
35691
35765
35756
35734
35686
35685
35646
35686
35639
35698
35735
35736
35725
35681
35681
35749
35754
35689
35722
35729
35688
35744
35738
35674
35727
35769
35694
35696
35684
35690
35753
35713
35706
35679
35680
35698
35738
35692
35770
35668
35695
35731
35702
35688
35699
35701
35766
35680
35733
35763
35702
35755
35724
35691
35655
35771
35689
35707
35629
35741
35736
35697
35720
35706
35708
35747
35738
35726
35672
35754
35674
35705
35699
35674
35735
35655
35718
35684
35701
35747
35712
35722
35741
35722
35675
35724
35693
35716
35742
35769
35731
35753
35745
35750
35724
35739
35753
35726
35695
35730
35713
35734
35647
35702
35713
35729
35694
35735
35744
35675
35749
35709
35738
35726
35673
35673
35709
35687
35695
35673
35636
35671
35662
35693
35666
35672
35699
35702
35732
35679
35677
35618
35696
35684
35636
35655
35668
35673
35760
35724
35735
35682
35639
35673
35712
35730
35775
35764
35780
35690
35709
35729
35682
35653
35691
35770
35677
35708
35710
35726
35702
35729
35729
35704
35650
35593
35657
35724
35669
35733
35766
35717
35698
35707
35676
35718
35689
35747
35724
35665
35768
35679
35746
35695
35747
35766
35698
35755
35726
35771
35785
35743
35728
35698
35667
35708
35661
35702
35626
35625
35663
35688
35685
35692
35632
35679
35727
35744
35675
35688
35691
35730
35723
35627
35626
35679
35679
35654
35675
35753
35731
35767
35692
35749
35752
35694
35721
35680
35718
35705
35731
35712
35648
35725
35714
35710
35735
35732
35679
35692
35711
35735
35726
35733
35760
35746
35731
35746
35686
35713
35703
35716
35699
35714
35752
35720
35727
35705
35734
35632
35672
35709
35690
35667
35758
35653
35693
35747
35676
35594
35763
35756
35724
35732
35686
35704
35716
35727
35697
35689
35707
35684
35710
35694
35742
35656
35670
35683
35691
35572
35677
35686
35685
35698
35667
35560
35667
35746
35675
35657
35660
35651
35664
35693
35657
35687
35696
35685
35774
35747
35728
35783
35701
35732
35700
35717
35721
35750
35741
35677
35689
35662
35700
35724
35707
35760
35725
35668
35743
35755
35719
35749
35734
35687
35691
35677
35679
35705
35701
35779
35669
35710
35690
35701
35642
35742
35715
35712
35702
35679
35704
35725
35570
35699
35755
35664
35759
35691
35624
35664
35684
35697
35774
35753
35759
35739
35719
35724
35736
35638
35610
35774
35619
35650
35733
35635
35748
35681
35713
35766
35693
35747
35757
35681
35740
35714
35731
35734
35731
35743
35743
35730
35757
35738
35707
35746
35764
35674
35680
35702
35612
35678
35703
35586
35703
35689
35640
35788
35703
35735
35713
35719
35723
35703
35631
35677
35690
35714
35718
35727
35704
35777
35702
35714
35725
35651
35670
35730
35719
35756
35729
35720
35827
35745
35780
35693
35698
35759
35711
35717
35737
35738
35775
35654
35695
35688
35661
35716
35768
35713
35725
35661
35684
35660
35604
35688
35634
35672
35712
35775
35769
35773
35731
35733
35674
35694
35734
35681
35701
35750
35722
35695
35741
35718
35696
35697
35695
35735
35751
35701
35687
35655
35664
35684
35748
35753
35733
35728
35712
35724
35717
35750
35717
35722
35794
35734
35722
35691
35781
35684
35723
35699
35667
35729
35669
35706
35718
35749
35682
35701
35712
35667
35653
35705
35693
35643
35704
35707
35679
35627
35725
35570
35670
35695
35757
35705
35745
35715
35747
35758
35694
35698
35731
35679
35719
35714
35636
35620
35679
35663
35702
35692
35747
35665
35716
35725
35694
35695
35739
35717
35697
35656
35685
35688
35739
35743
35760
35752
35682
35717
35685
35683
35733
35712
35750
35708
35760
35661
35725
35715
35660
35721
35736
35712
35662
35733
35717
35696
35691
35763
35751
35705
35725
35733
35717
35601
35683
35736
35638
35692
35663
35668
35626
35631
35650
35631
35581
35706
35693
35683
35668
35657
35717
35621
35749
35729
35617
35707
35574
35636
35762
35756
35733
35731
35677
35698
35639
35684
35683
35715
35716
35697
35715
35712
35720
35732
35719
35672
35747
35664
35769
35696
35685
35712
35695
35727
35733
35749
35740
35734
35746
35741
35760
35718
35642
35743
35678
35716
35727
35723
35717
35742
35713
35659
35705
35607
35655
35682
35719
35650
35669
35673
35711
35726
35665
35705
35673
35702
35701
35679
35734
35707
35674
35717
35725
35709
35675
35715
35724
35811
35715
35709
35741
35698
35699
35703
35675
35727
35680
35700
35685
35735
35706
35717
35720
35725
35781
35661
35723
35675
35718
35711
35757
35783
35714
35692
35676
35749
35710
35695
35749
35703
35670
35745
35711
35734
35708
35716
35711
35685
35726
35750
35691
35741
35676
35704
35679
35703
35711
35704
35678
35668
35690
35679
35611
35710
35663
35618
35651
35751
35710
35662
35687
35696
35748
35690
35733
35752
35759
35687
35737
35706
35694
35724
35738
35750
35720
35708
35726
35757
35642
35685
35697
35821
35715
35681
35728
35657
35636
35705
35743
35607
35739
35732
35622
35734
35676
35685
35691
35631
35614
35730
35636
35621
35714
35731
35732
35687
35591
35666
35707
35749
35732
35700
35702
35708
35694
35717
35751
35767
35740
35707
35702
35704
35770
35757
35756
35698
35750
35703
35750
35743
35710
35763
35766
35799
35750
35760
35765
35661
35723
35713
35751
35727
35686
35701
35714
35716
35663
35738
35769
35685
35612
35710
35753
35701
35663
35664
35771
35720
35757
35722
35788
35692
35607
35678
35601
35647
35712
35717
35700
35689
35693
35770
35725
35717
35699
35724
35668
35685
35725
35719
35687
35768
35696
35688
35745
35808
35725
35714
35719
35756
35762
35728
35745
35709
35735
35676
35700
35755
35751
35704
35732
35723
35737
35714
35679
35630
35716
35703
35738
35623
35726
35725
35717
35702
35673
35749
35734
35705
35734
35668
35724
35689
35623
35729
35762
35750
35756
35758
35697
35677
35764
35704
35714
35723
35763
35730
35692
35694
35760
35718
35762
35695
35693
35744
35736
35737
35746
35705
35732
35707
35695
35710
35783
35756
35725
35750
35726
35809
35752
35757
35681
35677
35704
35723
35728
35614
35733
35642
35661
35807
35620
35627
35653
35722
35671
35707
35642
35646
35727
35721
35738
35680
35756
35699
35706
35742
35703
35813
35718
35718
35730
35711
35646
35728
35652
35737
35751
35730
35747
35761
35760
35734
35716
35615
35658
35723
35709
35708
35640
35727
35654
35714
35683
35694
35621
35682
35760
35685
35745
35788
35691
35677
35609
35571
35565
35758
35761
35705
35741
35769
35687
35797
35673
35611
35618
35677
35699
35649
35603
35721
35663
35717
35721
35700
35719
35687
35732
35745
35701
35772
35725
35664
35714
35742
35697
35698
35682
35600
35646
35707
35735
35675
35678
35636
35670
35716
35747
35684
35635
35738
35679
35716
35727
35721
35727
35658
35643
35645
35603
35725
35685
35702
35742
35681
35664
35701
35732
35796
35766
35687
35698
35785
35749
35731
35683
35739
35746
35645
35600
35728
35687
35731
35622
35672
35596
35665
35626
35679
35686
35653
35634
35707
35751
35721
35786
35725
35704
35752
35791
35725
35676
35723
35715
35703
35751
35747
35616
35780
35776
35755
35756
35734
35641
35664
35623
35659
35606
35734
35597
35721
35683
35674
35668
35693
35708
35708
35783
35717
35772
35775
35748
35687
35747
35732
35706
35783
35749
35729
35779
35678
35728
35653
35675
35746
35730
35698
35783
35711
35693
35665
35660
35596
35634
35604
35678
35680
35705
35719
35723
35718
35745
35783
35708
35755
35729
35710
35745
35744
35694
35724
35671
35701
35713
35741
35643
35759
35611
35704
35731
35698
35777
35744
35765
35744
35717
35725
35750
35711
35742
35709
35701
35740
35736
35706
35745
35803
35738
35715
35782
35706
35695
35598
35784
35727
35686
35571
35680
35774
35677
35645
35682
35666
35627
35757
35668
35748
35632
35622
35608
35720
35651
35640
35771
35672
35605
35670
35651
35679
35652
35621
35674
35654
35712
35645
35637
35678
35726
35701
35641
35656
35668
35684
35712
35708
35702
35733
35739
35727
35663
35696
35704
35720
35698
35731
35706
35747
35721
35684
35779
35748
35739
35800
35755
35726
35707
35715
35730
35700
35685
35721
35718
35700
35673
35656
35681
35709
35680
35721
35702
35666
35664
35715
35722
35769
35736
35746
35667
35696
35727
35649
35669
35775
35748
35752
35723
35728
35749
35667
35686
35691
35681
35683
35687
35691
35708
35595
35699
35717
35736
35714
35767
35699
35721
35727
35711
35681
35744
35781
35746
35748
35709
35727
35735
35700
35739
35740
35685
35678
35653
35766
35666
35773
35775
35689
35702
35646
35722
35735
35684
35718
35749
35724
35753
35751
35756
35668
35708
35612
35663
35693
35739
35712
35684
35651
35641
35666
35697
35700
35730
35713
35687
35706
35762
35742
35730
35740
35740
35721
35751
35736
35715
35728
35734
35723
35688
35730
35650
35611
35676
35637
35654
35739
35561
35610
35661
35642
35725
35601
35692
35718
35742
35677
35741
35735
35757
35669
35729
35701
35761
35677
35698
35735
35727
35764
35708
35723
35724
35771
35716
35710
35758
35733
35712
35751
35757
35679
35721
35745
35739
35763
35751
35700
35704
35680
35739
35655
35647
35711
35669
35661
35641
35617
35602
35722
35723
35742
35656
35712
35722
35595
35661
35690
35695
35703
35718
35789
35739
35680
35791
35760
35734
35732
35698
35724
35682
35753
35681
35694
35707
35710
35775
35728
35664
35724
35689
35668
35747
35692
35777
35747
35688
35700
35757
35747
35696
35667
35712
35762
35675
35744
35751
35763
35737
35759
35725
35716
35704
35715
35712
35777
35728
35738
35683
35731
35709
35668
35676
35736
35718
35734
35704
35646
35548
35691
35707
35727
35714
35708
35644
35738
35739
35691
35690
35733
35785
35695
35745
35705
35717
35745
35709
35684
35716
35745
35795
35703
35715
35692
35696
35720
35719
35693
35777
35700
35738
35743
35669
35745
35745
35691
35687
35627
35705
35742
35696
35726
35673
35705
35716
35728
35707
35715
35741
35778
35733
35791
35696
35751
35768
35692
35706
35699
35737
35742
35669
35685
35679
35704
35717
35764
35763
35720
35722
35791
35743
35712
35723
35672
35740
35712
35671
35777
35703
35741
35716
35725
35775
35714
35699
35654
35674
35724
35726
35766
35748
35684
35690
35685
35641
35608
35701
35704
35716
35756
35752
35722
35710
35670
35738
35754
35715
35736
35788
35740
35694
35743
35731
35768
35749
35714
35728
35705
35727
35716
35684
35699
35711
35711
35745
35699
35674
35692
35655
35677
35745
35710
35747
35714
35689
35650
35612
35678
35688
35763
35657
35656
35776
35645
35707
35696
35752
35613
35639
35701
35748
35604
35704
35730
35627
35742
35731
35661
35702
35642
35763
35717
35602
35628
35728
35709
35693
35706
35685
35699
35738
35712
35718
35603
35650
35683
35745
35611
35658
35647
35748
35734
35747
35721
35729
35658
35734
35714
35683
35691
35703
35721
35760
35698
35662
35751
35724
35704
35701
35771
35659
35679
35707
35730
35754
35631
35741
35726
35708
35656
35678
35747
35723
35743
35696
35699
35698
35763
35760
35751
35751
35760
35765
35698
35712
35767
35719
35711
35699
35719
35620
35707
35699
35721
35688
35723
35689
35710
35724
35678
35653
35753
35725
35748
35768
35729
35665
35697
35737
35729
35759
35693
35697
35713
35682
35673
35578
35656
35600
35726
35706
35669
35627
35772
35756
35686
35671
35601
35707
35647
35652
35669
35686
35675
35669
35700
35726
35675
35690
35753
35673
35602
35642
35634
35699
35650
35701
35698
35718
35728
35680
35727
35676
35664
35617
35648
35744
35705
35665
35717
35727
35677
35724
35769
35716
35744
35727
35712
35688
35633
35688
35668
35737
35648
35675
35609
35660
35672
35676
35636
35741
35606
35638
35659
35720
35672
35708
35647
35653
35688
35603
35795
35679
35649
35552
35677
35618
35677
35610
35592
35732
35711
35668
35738
35673
35589
35671
35728
35684
35691
35701
35732
35647
35718
35705
35623
35762
35660
35714
35736
35690
35673
35691
35701
35665
35678
35628
35586
35702
35720
35689
35734
35746
35710
35713
35737
35756
35708
35676
35708
35718
35741
35709
35705
35705
35719
35697
35650
35706
35712
35728
35730
35749
35701
35720
35765
35658
35759
35704
35701
35702
35720
35744
35726
35731
35719
35715
35732
35739
35716
35712
35721
35747
35719
35707
35719
35760
35788
35695
35755
35678
35765
35722
35697
35664
35710
35717
35756
35696
35700
35706
35792
35735
35684
35664
35667
35584
35649
35713
35767
35725
35708
35691
35730
35683
35728
35689
35735
35679
35782
35694
35693
35677
35705
35723
35700
35696
35758
35722
35757
35799
35751
35723
35738
35754
35729
35722
35733
35689
35760
35742
35771
35667
35718
35709
35730
35658
35713
35727
35696
35703
35763
35744
35724
35664
35754
35738
35755
35681
35723
35718
35737
35703
35716
35720
35744
35729
35720
35689
35597
35713
35665
35713
35721
35650
35739
35711
35728
35702
35704
35724
35646
35679
35656
35683
35649
35691
35640
35696
35688
35597
35628
35730
35687
35675
35637
35642
35732
35758
35754
35687
35721
35747
35688
35727
35709
35745
35712
35729
35666
35711
35752
35772
35708
35749
35714
35762
35738
35747
35670
35762
35734
35729
35655
35671
35678
35721
35595
35604
35713
35696
35722
35694
35664
35664
35663
35675
35623
35717
35592
35767
35659
35597
35738
35689
35708
35728
35716
35741
35705
35718
35718
35658
35755
35696
35735
35736
35733
35812
35726
35695
35743
35789
35720
35696
35674
35715
35695
35708
35719
35718
35735
35719
35702
35715
35693
35703
35675
35689
35739
35685
35646
35691
35712
35699
35617
35621
35677
35664
35743
35698
35726
35746
35703
35742
35749
35679
35783
35681
35697
35769
35721
35634
35695
35704
35733
35723
35753
35775
35743
35698
35678
35682
35662
35635
35672
35752
35593
35646
35624
35786
35684
35681
35787
35720
35672
35727
35740
35686
35710
35672
35690
35695
35731
35686
35639
35627
35635
35600
35701
35688
35677
35672
35688
35722
35768
35764
35734
35570
35663
35664
35596
35629
35662
35751
35705
35673
35727
35732
35769
35723
35739
35739
35736
35714
35752
35743
35747
35659
35685
35704
35691
35732
35755
35709
35717
35666
35762
35694
35731
35727
35733
35729
35726
35742
35710
35731
35708
35724
35726
35754
35685
35733
35709
35747
35693
35685
35672
35703
35603
35664
35707
35665
35639
35600
35774
35659
35705
35708
35704
35656
35737
35727
35781
35700
35747
35713
35779
35690
35699
35721
35726
35726
35709
35711
35775
35738
35760
35706
35737
35751
35779
35755
35733
35701
35747
35727
35704
35772
35686
35729
35727
35692
35801
35743
35723
35717
35739
35770
35764
35729
35739
35738
35746
35761
35730
35759
35685
35670
35711
35731
35728
35694
35755
35748
35739
35720
35811
35710
35755
35679
35682
35682
35648
35625
35706
35651
35601
35654
35696
35777
35676
35750
35731
35747
35704
35691
35688
35682
35704
35734
35745
35636
35618
35651
35716
35753
35708
35714
35750
35692
35728
35693
35689
35707
35675
35692
35691
35753
35669
35679
35666
35611
35632
35713
35729
35664
35695
35634
35708
35672
35637
35718
35753
35646
35705
35589
35559
35738
35732
35699
35724
35693
35669
35720
35679
35654
35655
35733
35641
35647
35748
35757
35759
35737
35721
35714
35671
35727
35743
35717
35733
35793
35733
35741
35702
35643
35606
35637
35800
35687
35705
35734
35724
35627
35694
35710
35776
35757
35702
35756
35709
35724
35746
35743
35685
35673
35710
35790
35759
35749
35731
35744
35720
35704
35682
35715
35723
35731
35771
35708
35678
35762
35648
35704
35770
35744
35706
35740
35744
35737
35683
35775
35655
35786
35745
35674
35728
35681
35762
35706
35721
35755
35730
35684
35764
35746
35764
35708
35685
35661
35772
35764
35696
35734
35692
35695
35505
35757
35719
35749
35697
35743
35730
35703
35702
35771
35763
35703
35704
35699
35706
35727
35765
35733
35698
35759
35725
35679
35770
35678
35760
35701
35718
35717
35718
35723
35778
35704
35791
35737
35706
35776
35709
35723
35658
35706
35649
35745
35694
35727
35669
35643
35659
35718
35740
35684
35751
35699
35695
35711
35717
35692
35672
35709
35712
35706
35740
35711
35664
35691
35716
35665
35645
35742
35759
35642
35757
35733
35733
35731
35716
35753
35699
35677
35740
35723
35733
35679
35761
35799
35710
35770
35671
35640
35641
35736
35704
35705
35712
35699
35790
35712
35694
35741
35700
35713
35737
35725
35732
35735
35768
35706
35743
35744
35663
35676
35720
35682
35739
35763
35706
35770
35784
35790
35752
35735
35689
35719
35759
35703
35717
35709
35706
35786
35740
35715
35747
35728
35778
35713
35713
35707
35746
35756
35722
35746
35579
35623
35742
35760
35720
35730
35694
35679
35700
35697
35663
35753
35712
35683
35634
35680
35720
35751
35679
35731
35683
35764
35734
35680
35703
35708
35719
35753
35728
35673
35721
35691
35654
35697
35690
35675
35703
35650
35627
35710
35712
35765
35729
35700
35760
35750
35704
35722
35672
35751
35675
35672
35747
35716
35729
35701
35700
35751
35701
35684
35728
35708
35675
35672
35732
35630
35674
35703
35694
35674
35672
35755
35689
35795
35667
35741
35715
35699
35764
35698
35665
35749
35767
35655
35689
35672
35679
35680
35696
35695
35643
35599
35617
35649
35627
35749
35755
35723
35720
35697
35617
35601
35642
35738
35717
35705
35657
35642
35696
35584
35628
35721
35717
35694
35692
35654
35671
35734
35737
35656
35725
35718
35730
35728
35783
35772
35766
35708
35670
35714
35753
35704
35666
35732
35699
35721
35752
35751
35687
35708
35718
35771
35706
35755
35702
35719
35691
35710
35713
35790
35705
35745
35724
35767
35792
35739
35706
35736
35707
35726
35770
35643
35681
35739
35652
35689
35712
35632
35699
35744
35659
35724
35724
35787
35707
35716
35767
35732
35732
35716
35734
35744
35684
35745
35667
35763
35720
35738
35666
35741
35745
35728
35743
35763
35751
35724
35669
35776
35642
35667
35637
35677
35611
35734
35727
35712
35738
35723
35700
35652
35755
35671
35753
35715
35769
35683
35727
35713
35759
35754
35761
35738
35708
35674
35725
35722
35672
35703
35692
35732
35713
35727
35714
35734
35720
35705
35697
35728
35766
35705
35631
35695
35697
35659
35718
35745
35548
35719
35728
35755
35758
35735
35727
35693
35648
35698
35785
35723
35765
35720
35706
35703
35711
35660
35701
35740
35726
35713
35712
35747
35776
35748
35702
35760
35684
35684
35726
35751
35659
35621
35631
35719
35617
35587
35618
35633
35653
35665
35681
35672
35731
35727
35707
35733
35764
35664
35689
35768
35712
35734
35731
35788
35707
35690
35726
35704
35743
35734
35690
35732
35722
35713
35734
35727
35709
35762
35703
35705
35711
35713
35753
35706
35757
35738
35706
35702
35740
35749
35737
35641
35707
35686
35783
35719
35731
35738
35732
35671
35687
35669
35763
35750
35748
35731
35721
35699
35754
35737
35705
35735
35719
35707
35731
35729
35696
35687
35691
35704
35728
35727
35693
35746
35703
35759
35746
35740
35695
35618
35712
35717
35723
35683
35773
35667
35705
35616
35577
35671
35741
35625
35700
35674
35722
35740
35775
35727
35760
35706
35771
35698
35717
35689
35737
35748
35739
35765
35694
35750
35735
35699
35716
35692
35725
35738
35752
35731
35705
35680
35740
35687
35698
35665
35754
35744
35676
35705
35674
35712
35699
35728
35755
35730
35712
35755
35728
35764
35744
35698
35718
35720
35767
35686
35737
35749
35719
35750
35709
35726
35734
35777
35735
35665
35751
35661
35682
35728
35708
35704
35754
35760
35786
35743
35648
35702
35713
35694
35687
35720
35687
35693
35735
35757
35706
35743
35745
35740
35727
35722
35721
35779
35732
35714
35747
35740
35650
35754
35712
35723
35736
35718
35750
35697
35681
35749
35770
35767
35723
35772
35738
35762
35721
35695
35629
35643
35658
35676
35755
35715
35678
35731
35752
35747
35750
35773
35785
35718
35710
35742
35714
35734
35692
35749
35696
35777
35697
35706
35716
35711
35615
35634
35655
35640
35652
35662
35669
35671
35622
35712
35727
35747
35717
35767
35750
35682
35723
35718
35771
35677
35643
35779
35707
35612
35701
35687
35585
35648
35580
35751
35679
35739
35729
35752
35721
35719
35675
35821
35810
35730
35721
35746
35755
35672
35669
35660
35757
35718
35771
35746
35751
35701
35744
35715
35731
35739
35730
35708
35758
35669
35781
35771
35710
35751
35692
35745
35746
35720
35826
35755
35728
35733
35721
35708
35680
35700
35722
35722
35749
35704
35772
35669
35704
35756
35754
35735
35743
35718
35743
35705
35730
35738
35737
35651
35747
35701
35709
35754
35661
35747
35698
35716
35678
35710
35692
35707
35696
35692
35809
35742
35733
35771
35763
35768
35757
35714
35714
35767
35739
35743
35779
35650
35761
35638
35733
35705
35583
35714
35739
35571
35721
35682
35641
35658
35681
35749
35784
35719
35739
35811
35751
35715
35717
35748
35749
35736
35712
35822
35678
35656
35761
35730
35708
35682
35757
35709
35669
35724
35731
35686
35687
35707
35685
35651
35695
35719
35611
35740
35646
35706
35692
35587
35588
35750
35711
35782
35754
35699
35721
35673
35693
35722
35697
35679
35696
35774
35663
35717
35741
35684
35690
35707
35717
35713
35655
35727
35715
35682
35753
35761
35579
35632
35652
35682
35689
35631
35709
35683
35693
35732
35676
35761
35778
35741
35772
35720
35697
35756
35743
35708
35703
35685
35646
35723
35766
35735
35712
35700
35745
35694
35684
35714
35569
35652
35638
35685
35655
35672
35733
35741
35758
35721
35762
35711
35751
35683
35730
35751
35775
35721
35666
35732
35759
35708
35713
35687
35683
35771
35722
35718
35766
35679
35637
35658
35645
35639
35732
35725
35706
35728
35745
35702
35691
35716
35767
35712
35687
35755
35682
35713
35760
35718
35747
35779
35736
35613
35703
35657
35679
35690
35718
35698
35729
35733
35796
35788
35777
35685
35758
35734
35759
35747
35716
35737
35703
35717
35699
35695
35718
35768
35691
35690
35688
35731
35736
35773
35669
35679
35746
35723
35674
35644
35679
35650
35686
35669
35657
35727
35629
35661
35688
35617
35680
35643
35666
35594
35658
35738
35706
35732
35773
35687
35766
35711
35816
35610
35635
35647
35752
35767
35707
35727
35663
35715
35742
35765
35647
35705
35703
35708
35749
35687
35628
35740
35650
35625
35665
35647
35627
35648
35705
35704
35748
35730
35662
35703
35668
35683
35716
35599
35566
35677
35688
35679
35748
35659
35648
35698
35587
35691
35685
35705
35661
35633
35613
35763
35672
35692
35686
35678
35779
35643
35733
35755
35779
35717
35722
35756
35759
35694
35749
35798
35692
35705
35767
35687
35731
35703
35752
35651
35733
35735
35760
35688
35689
35748
35769
35749
35738
35689
35738
35725
35715
35699
35697
35697
35647
35720
35738
35727
35676
35759
35725
35708
35654
35707
35687
35715
35737
35738
35680
35673
35740
35707
35722
35698
35727
35703
35784
35585
35657
35568
35711
35623
35588
35676
35771
35635
35692
35672
35681
35739
35680
35711
35754
35658
35618
35867
35704
35581
35675
35718
35697
35798
35752
35721
35739
35712
35701
35732
35706
35719
35732
35673
35724
35790
35691
35829
35655
35697
35739
35685
35674
35763
35769
35744
35696
35762
35691
35657
35763
35761
35640
35726
35704
35759
35702
35774
35760
35729
35709
35735
35725
35709
35665
35631
35604
35623
35698
35702
35719
35577
35638
35643
35726
35713
35679
35720
35688
35713
35733
35712
35685
35713
35689
35687
35705
35716
35696
35705
35753
35813
35755
35690
35709
35681
35705
35714
35797
35734
35743
35712
35684
35688
35689
35631
35715
35739
35712
35721
35717
35733
35693
35706
35680
35753
35680
35740
35784
35814
35717
35711
35753
35688
35689
35710
35703
35800
35756
35691
35633
35650
35736
35699
35742
35664
35686
35751
35751
35718
35751
35705
35729
35732
35647
35722
35718
35635
35730
35617
35723
35786
35698
35683
35696
35781
35713
35684
35663
35730
35670
35725
35677
35708
35727
35601
35576
35681
35696
35629
35778
35751
35726
35726
35790
35733
35641
35695
35752
35712
35697
35650
35727
35750
35729
35658
35711
35726
35871
35640
35612
35801
35782
35734
35740
35729
35716
35710
35713
35789
35720
35724
35661
35621
35692
35670
35651
35690
35703
35698
35769
35684
35743
35668
35747
35757
35713
35717
35699
35722
35755
35708
35690
35766
35689
35743
35783
35734
35750
35775
35744
35753
35764
35707
35730
35759
35754
35726
35693
35704
35688
35715
35658
35742
35669
35688
35737
35698
35700
35699
35709
35694
35720
35725
35731
35735
35702
35731
35706
35707
35686
35732
35715
35741
35699
35791
35752
35671
35711
35720
35749
35756
35731
35740
35689
35778
35698
35750
35737
35681
35753
35707
35748
35645
35699
35722
35662
35637
35667
35746
35629
35680
35658
35707
35608
35763
35645
35699
35716
35625
35687
35713
35676
35613
35731
35687
35648
35806
35667
35699
35582
35684
35619
35782
35713
35653
35641
35640
35697
35697
35565
35714
35648
35647
35729
35621
35726
35746
35559
35642
35691
35744
35641
35678
35654
35691
35652
35714
35709
35698
35602
35632
35620
35758
35588
35660
35698
35722
35723
35702
35756
35571
35691
35717
35711
35735
35702
35671
35696
35714
35689
35723
35726
35707
35731
35744
35713
35756
35743
35698
35689
35702
35751
35738
35736
35763
35747
35690
35686
35692
35715
35728
35721
35674
35734
35638
35705
35724
35665
35685
35702
35684
35685
35691
35699
35746
35784
35632
35630
35702
35675
35742
35619
35689
35710
35691
35761
35766
35790
35748
35678
35744
35739
35733
35679
35727
35769
35784
35746
35704
35770
35706
35720
35748
35703
35715
35694
35772
35735
35692
35743
35742
35687
35733
35723
35704
35670
35733
35708
35736
35762
35754
35698
35702
35642
35669
35685
35723
35625
35618
35659
35599
35697
35758
35683
35718
35733
35727
35602
35622
35601
35663
35715
35635
35709
35657
35673
35719
35730
35686
35713
35715
35702
35726
35717
35763
35790
35699
35698
35701
35704
35711
35756
35689
35739
35728
35738
35741
35719
35742
35736
35703
35752
35699
35751
35818
35724
35695
35724
35718
35701
35671
35685
35666
35742
35753
35725
35703
35750
35791
35708
35701
35772
35708
35743
35741
35683
35721
35665
35672
35751
35698
35676
35678
35658
35604
35554
35581
35692
35640
35747
35698
35678
35674
35666
35705
35721
35776
35738
35732
35732
35736
35739
35698
35715
35711
35712
35709
35733
35722
35708
35792
35689
35697
35704
35732
35738
35696
35744
35759
35713
35739
35722
35770
35670
35703
35664
35746
35711
35724
35707
35758
35607
35618
35631
35674
35676
35598
35635
35729
35657
35588
35720
35615
35654
35691
35713
35708
35710
35673
35591
35665
35691
35731
35742
35731
35659
35663
35698
35643
35717
35685
35755
35758
35762
35675
35642
35688
35604
35731
35667
35675
35729
35651
35745
35734
35715
35690
35732
35709
35731
35697
35681
35710
35725
35700
35706
35666
35721
35716
35749
35756
35703
35752
35751
35705
35658
35683
35705
35697
35741
35698
35768
35747
35707
35729
35709
35724
35720
35710
35824
35667
35739
35696
35704
35673
35702
35667
35714
35688
35712
35703
35715
35653
35726
35677
35694
35753
35695
35725
35729
35738
35769
35680
35673
35680
35616
35648
35664
35533
35673
35671
35638
35749
35753
35675
35694
35687
35697
35703
35631
35751
35607
35730
35641
35646
35727
35673
35741
35742
35745
35695
35652
35660
35732
35709
35708
35685
35711
35694
35697
35680
35716
35731
35788
35766
35714
35711
35675
35738
35707
35688
35708
35727
35754
35772
35691
35716
35746
35673
35701
35725
35751
35706
35698
35715
35709
35727
35670
35629
35714
35664
35676
35750
35695
35691
35611
35680
35726
35744
35675
35793
35723
35719
35709
35713
35742
35758
35704
35706
35701
35721
35741
35761
35781
35719
35663
35669
35642
35712
35676
35657
35633
35551
35629
35686
35676
35689
35688
35664
35695
35602
35739
35705
35655
35774
35683
35687
35615
35691
35689
35688
35680
35713
35622
35725
35714
35723
35705
35658
35713
35683
35771
35719
35714
35676
35708
35726
35695
35673
35632
35700
35600
35637
35668
35653
35724
35733
35695
35697
35738
35722
35620
35731
35696
35744
35725
35713
35717
35729
35703
35726
35743
35720
35704
35757
35745
35736
35715
35711
35758
35669
35712
35710
35745
35736
35724
35749
35739
35765
35735
35735
35657
35754
35695
35728
35670
35671
35607
35630
35725
35778
35682
35650
35660
35709
35778
35670
35699
35674
35709
35706
35779
35698
35708
35723
35751
35617
35662
35731
35614
35642
35690
35751
35672
35692
35685
35640
35686
35686
35714
35705
35697
35724
35724
35750
35735
35709
35776
35706
35703
35733
35664
35626
35667
35743
35753
35707
35718
35696
35719
35768
35726
35733
35723
35710
35691
35680
35638
35697
35675
35662
35708
35627
35682
35672
35700
35625
35674
35667
35735
35685
35629
35709
35712
35649
35703
35573
35688
35638
35598
35762
35691
35710
35731
35702
35749
35690
35671
35695
35727
35633
35690
35731
35700
35763
35635
35715
35791
35663
35724
35667
35725
35669
35659
35719
35686
35649
35725
35691
35609
35690
35680
35711
35618
35660
35607
35703
35606
35680
35671
35706
35580
35647
35590
35683
35646
35723
35742
35658
35667
35609
35712
35683
35596
35705
35714
35674
35676
35651
35722
35608
35697
35743
35767
35667
35618
35688
35691
35623
35625
35661
35707
35633
35667
35546
35652
35641
35678
35763
35710
35748
35690
35710
35740
35684
35675
35751
35708
35760
35732
35717
35760
35699
35821
35647
35576
35648
35602
35629
35716
35686
35742
35756
35752
35763
35668
35711
35708
35751
35682
35709
35742
35670
35649
35727
35652
35697
35680
35694
35623
35777
35638
35664
35667
35692
35702
35671
35720
35765
35710
35826
35753
35699
35670
35737
35718
35703
35677
35716
35691
35687
35723
35761
35691
35706
35716
35676
35719
35630
35641
35642
35633
35725
35654
35662
35686
35684
35621
35617
35667
35722
35726
35729
35694
35703
35612
35688
35617
35710
35643
35747
35627
35665
35732
35648
35763
35628
35604
35706
35729
35736
35746
35684
35651
35666
35659
35710
35744
35696
35706
35702
35751
35683
35726
35762
35722
35759
35742
35713
35663
35757
35675
35634
35719
35717
35704
35733
35727
35725
35550
35629
35693
35623
35701
35651
35598
35711
35638
35642
35708
35597
35638
35617
35677
35566
35751
35670
35621
35682
35718
35707
35722
35685
35711
35657
35703
35738
35724
35707
35711
35686
35709
35716
35710
35714
35726
35756
35709
35740
35726
35776
35782
35676
35749
35764
35741
35738
35715
35708
35636
35738
35667
35686
35695
35681
35596
35786
35710
35631
35633
35686
35638
35623
35715
35688
35731
35711
35705
35749
35768
35760
35714
35779
35710
35681
35663
35676
35721
35634
35698
35697
35714
35761
35707
35669
35725
35668
35746
35712
35778
35684
35695
35666
35660
35725
35731
35706
35750
35767
35632
35763
35632
35626
35654
35604
35728
35686
35720
35675
35733
35691
35641
35689
35666
35621
35686
35648
35682
35747
35746
35673
35703
35681
35747
35666
35688
35716
35687
35710
35733
35699
35736
35718
35776
35717
35685
35729
35652
35716
35690
35692
35702
35677
35738
35746
35582
35601
35621
35636
35634
35708
35682
35650
35784
35623
35628
35658
35622
35643
35568
35659
35708
35616
35648
35644
35690
35716
35738
35729
35699
35688
35748
35680
35718
35676
35674
35708
35714
35668
35667
35556
35700
35666
35644
35654
35677
35717
35734
35660
35692
35754
35668
35666
35713
35725
35732
35728
35689
35640
35793
35688
35696
35711
35740
35655
35716
35718
35718
35671
35747
35670
35707
35603
35616
35580
35743
35625
35634
35681
35700
35730
35744
35678
35674
35692
35583
35691
35678
35675
35700
35711
35706
35600
35754
35563
35752
35698
35752
35727
35707
35724
35713
35634
35607
35651
35637
35652
35692
35753
35685
35568
35710
35650
35634
35553
35666
35607
35675
35740
35607
35707
35648
35717
35686
35665
35698
35759
35663
35687
35642
35631
35696
35691
35648
35718
35696
35748
35707
35696
35703
35756
35721
35781
35736
35671
35726
35768
35755
35690
35702
35726
35732
35703
35687
35718
35725
35768
35689
35678
35779
35721
35713
35723
35743
35758
35636
35723
35718
35684
35708
35738
35741
35771
35711
35775
35711
35571
35692
35678
35685
35706
35747
35743
35723
35731
35712
35698
35635
35625
35672
35657
35559
35613
35712
35647
35645
35579
35693
35634
35602
35690
35656
35742
35749
35710
35738
35739
35699
35740
35710
35760
35773
35708
35703
35691
35781
35718
35720
35644
35769
35756
35681
35740
35751
35741
35695
35741
35710
35764
35706
35735
35715
35723
35674
35677
35768
35733
35719
35762
35705
35731
35694
35732
35685
35730
35746
35765
35629
35674
35679
35657
35608
35636
35649
35658
35677
35696
35639
35772
35686
35707
35691
35723
35719
35656
35705
35699
35739
35704
35679
35771
35753
35735
35713
35767
35740
35721
35706
35696
35621
35687
35725
35720
35705
35645
35724
35677
35684
35726
35772
35731
35688
35681
35779
35685
35714
35800
35750
35725
35708
35700
35731
35699
35642
35747
35701
35755
35735
35676
35724
35713
35717
35705
35731
35661
35703
35683
35723
35659
35682
35739
35662
35607
35634
35567
35654
35675
35668
35678
35669
35749
35738
35706
35585
35645
35785
35715
35570
35670
35665
35657
35706
35725
35714
35687
35686
35739
35771
35719
35777
35719
35650
35696
35712
35713
35752
35708
35655
35733
35725
35698
35726
35731
35746
35727
35775
35688
35669
35721
35717
35714
35639
35647
35691
35657
35662
35692
35642
35733
35712
35747
35683
35725
35677
35699
35750
35747
35729
35723
35736
35706
35762
35746
35691
35725
35717
35684
35726
35729
35733
35652
35668
35695
35688
35701
35667
35730
35663
35649
35775
35759
35691
35752
35693
35723
35706
35737
35736
35691
35688
35690
35672
35745
35687
35698
35714
35683
35670
35697
35668
35620
35711
35723
35704
35699
35701
35752
35698
35716
35675
35699
35753
35719
35710
35719
35687
35729
35759
35685
35698
35692
35681
35730
35666
35668
35679
35707
35787
35749
35718
35723
35658
35649
35668
35742
35637
35691
35677
35724
35694
35734
35711
35697
35665
35749
35660
35703
35746
35801
35695
35686
35696
35739
35715
35687
35691
35738
35748
35727
35723
35700
35714
35759
35650
35649
35671
35581
35705
35723
35636
35684
35704
35620
35582
35666
35636
35565
35716
35604
35618
35587
35668
35684
35661
35696
35689
35687
35665
35664
35752
35682
35665
35688
35706
35778
35735
35697
35688
35711
35688
35670
35708
35737
35745
35727
35707
35717
35716
35781
35697
35756
35698
35724
35714
35703
35749
35723
35704
35663
35727
35705
35689
35691
35753
35748
35694
35676
35667
35719
35743
35707
35739
35734
35675
35759
35761
35735
35706
35689
35775
35735
35690
35719
35699
35737
35699
35707
35736
35715
35735
35766
35687
35693
35740
35720
35630
35669
35685
35671
35639
35654
35646
35703
35663
35728
35676
35711
35674
35722
35695
35749
35689
35704
35746
35720
35689
35671
35650
35726
35626
35637
35738
35697
35666
35681
35637
35615
35612
35655
35711
35663
35662
35621
35674
35677
35707
35675
35629
35722
35723
35726
35734
35734
35705
35685
35686
35680
35733
35700
35730
35759
35735
35740
35705
35755
35676
35723
35650
35689
35676
35623
35714
35737
35667
35596
35617
35740
35733
35679
35671
35782
35584
35662
35609
35701
35703
35768
35636
35611
35599
35703
35742
35734
35763
35739
35727
35717
35712
35725
35736
35717
35757
35764
35736
35638
35756
35726
35709
35668
35708
35676
35746
35697
35693
35730
35700
35717
35707
35632
35770
35606
35603
35731
35707
35801
35700
35689
35716
35674
35612
35742
35649
35572
35691
35659
35689
35680
35761
35729
35690
35639
35688
35666
35616
35715
35695
35680
35669
35666
35668
35663
35673
35687
35680
35667
35606
35618
35715
35536
35705
35699
35707
35703
35712
35730
35716
35694
35743
35760
35694
35715
35719
35690
35758
35747
35669
35676
35728
35646
35687
35720
35664
35716
35674
35735
35727
35752
35711
35750
35719
35678
35748
35706
35726
35758
35779
35727
35750
35743
35747
35643
35716
35659
35668
35604
35647
35695
35587
35628
35727
35652
35685
35674
35721
35725
35663
35708
35740
35695
35704
35708
35627
35648
35638
35661
35682
35587
35634
35696
35807
35741
35688
35706
35704
35716
35699
35640
35613
35710
35701
35684
35694
35702
35715
35702
35720
35684
35697
35685
35601
35606
35702
35683
35737
35710
35696
35575
35651
35714
35747
35562
35778
35662
35669
35752
35670
35651
35676
35716
35666
35621
35603
35667
35571
35669
35732
35733
35639
35709
35637
35638
35748
35721
35695
35723
35747
35753
35709
35714
35746
35759
35716
35691
35685
35610
35596
35690
35596
35620
35679
35599
35677
35716
35746
35685
35713
35675
35678
35684
35723
35650
35615
35626
35689
35679
35782
35715
35729
35725
35736
35683
35668
35724
35767
35716
35704
35796
35705
35696
35758
35728
35689
35703
35717
35705
35665
35700
35711
35754
35670
35689
35619
35768
35657
35709
35698
35714
35668
35605
35711
35685
35721
35750
35736
35644
35639
35743
35636
35696
35636
35758
35681
35679
35689
35617
35637
35678
35689
35668
35654
35701
35728
35718
35607
35630
35597
35601
35664
35727
35719
35665
35689
35688
35716
35710
35728
35761
35748
35775
35681
35646
35667
35756
35748
35677
35730
35666
35729
35711
35713
35675
35666
35695
35763
35754
35710
35728
35764
35743
35716
35726
35729
35691
35687
35703
35656
35696
35758
35748
35690
35704
35730
35710
35744
35696
35713
35777
35671
35672
35663
35691
35683
35724
35704
35693
35714
35692
35662
35735
35731
35748
35719
35654
35725
35698
35710
35766
35703
35683
35758
35702
35706
35762
35777
35758
35702
35753
35759
35728
35713
35712
35714
35694
35753
35720
35706
35704
35659
35719
35680
35712
35722
35709
35703
35724
35597
35746
35720
35683
35695
35719
35741
35761
35802
35684
35715
35716
35695
35654
35721
35682
35782
35739
35718
35720
35723
35724
35724
35757
35732
35728
35670
35686
35723
35697
35635
35561
35641
35722
35669
35684
35620
35708
35670
35662
35719
35782
35676
35723
35719
35601
35751
35650
35688
35602
35661
35694
35683
35728
35720
35719
35708
35701
35648
35675
35697
35630
35655
35689
35582
35692
35698
35638
35680
35698
35690
35667
35675
35633
35750
35603
35598
35753
35699
35664
35715
35755
35695
35704
35722
35786
35732
35695
35683
35601
35650
35689
35708
35699
35798
35740
35783
35777
35711
35706
35714
35739
35745
35723
35693
35744
35666
35655
35648
35572
35676
35696
35784
35766
35739
35739
35777
35761
35738
35743
35698
35705
35738
35748
35713
35688
35692
35776
35726
35795
35673
35767
35694
35741
35681
35664
35773
35654
35717
35625
35688
35560
35632
35711
35678
35666
35672
35683
35679
35669
35714
35696
35748
35715
35705
35697
35734
35740
35723
35713
35740
35813
35744
35716
35737
35662
35750
35739
35715
35719
35736
35731
35682
35743
35698
35699
35720
35727
35718
35619
35742
35711
35718
35757
35695
35755
35759
35704
35747
35719
35630
35705
35707
35705
35661
35711
35653
35733
35633
35728
35681
35735
35695
35643
35738
35646
35583
35612
35595
35784
35737
35703
35710
35730
35732
35720
35690
35724
35679
35731
35746
35644
35640
35654
35757
35751
35667
35632
35649
35655
35714
35595
35627
35734
35728
35717
35722
35668
35671
35724
35693
35720
35790
35692
35721
35749
35742
35755
35786
35751
35747
35687
35691
35670
35643
35783
35670
35701
35652
35654
35707
35627
35622
35663
35720
35735
35762
35695
35737
35726
35702
35708
35734
35778
35772
35698
35765
35703
35715
35743
35748
35681
35738
35688
35754
35734
35715
35644
35697
35719
35684
35754
35757
35679
35718
35750
35660
35685
35653
35754
35722
35718
35747
35703
35660
35698
35696
35731
35755
35744
35720
35706
35684
35745
35697
35710
35658
35679
35727
35721
35768
35746
35727
35723
35692
35743
35760
35767
35719
35672
35711
35711
35767
35681
35695
35703
35706
35722
35760
35710
35736
35685
35671
35781
35714
35678
35729
35689
35735
35701
35706
35703
35703
35764
35747
35693
35726
35726
35675
35686
35745
35681
35702
35780
35774
35689
35593
35631
35721
35635
35688
35702
35591
35729
35743
35736
35785
35704
35750
35768
35688
35704
35718
35691
35780
35695
35672
35706
35679
35724
35719
35729
35769
35725
35768
35696
35722
35721
35752
35713
35727
35711
35688
35710
35735
35726
35706
35730
35660
35739
35759
35736
35690
35649
35761
35716
35732
35739
35732
35734
35744
35686
35765
35711
35724
35730
35733
35768
35695
35655
35809
35622
35661
35703
35700
35675
35722
35686
35733
35689
35727
35723
35627
35719
35658
35738
35655
35675
35745
35716
35734
35762
35754
35688
35714
35719
35710
35645
35733
35697
35622
35633
35701
35797
35729
35683
35733
35720
35679
35730
35704
35680
35700
35712
35708
35721
35750
35681
35759
35693
35714
35733
35709
35694
35728
35682
35733
35715
35786
35728
35702
35646
35691
35714
35657
35698
35713
35760
35702
35680
35669
35710
35714
35728
35747
35725
35741
35733
35770
35707
35712
35690
35680
35682
35738
35751
35725
35724
35714
35711
35705
35730
35697
35721
35742
35731
35723
35782
35754
35700
35728
35729
35674
35734
35696
35689
35741
35625
35629
35711
35667
35563
35660
35733
35632
35696
35694
35735
35696
35688
35699
35763
35690
35737
35734
35747
35699
35765
35696
35694
35708
35755
35721
35758
35704
35689
35687
35706
35755
35756
35648
35740
35725
35683
35778
35712
35706
35701
35721
35630
35691
35572
35675
35728
35675
35715
35740
35717
35712
35688
35728
35761
35751
35719
35699
35765
35692
35687
35716
35706
35731
35704
35720
35714
35707
35683
35704
35654
35614
35635
35876
35765
35696
35712
35719
35751
35748
35739
35672
35660
35738
35783
35739
35675
35735
35706
35745
35712
35692
35695
35672
35733
35703
35774
35689
35665
35643
35638
35680
35661
35679
35717
35752
35737
35709
35694
35744
35715
35652
35702
35708
35747
35723
35659
35743
35647
35718
35783
35695
35737
35733
35703
35670
35666
35683
35716
35711
35715
35728
35747
35712
35766
35670
35727
35742
35726
35752
35703
35689
35672
35695
35623
35704
35697
35717
35694
35728
35683
35739
35719
35693
35726
35776
35705
35685
35737
35706
35722
35688
35779
35750
35695
35701
35676
35716
35658
35692
35708
35654
35747
35720
35724
35708
35643
35715
35714
35684
35744
35742
35701
35729
35740
35679
35707
35699
35743
35654
35679
35731
35696
35665
35701
35704
35638
35605
35671
35587
35706
35710
35615
35689
35574
35707
35649
35645
35652
35665
35632
35634
35656
35695
35713
35597
35627
35719
35603
35728
35648
35706
35643
35715
35552
35694
35673
35610
35696
35666
35652
35672
35681
35681
35660
35675
35697
35607
35691
35672
35670
35668
35675
35654
35662
35643
35660
35658
35640
35648
35667
35697
35696
35642
35656
35702
35651
35755
35692
35768
35678
35719
35729
35684
35689
35752
35665
35685
35674
35752
35744
35716
35643
35689
35723
35751
35708
35743
35694
35713
35700
35735
35792
35696
35738
35698
35726
35680
35591
35615
35729
35655
35678
35778
35741
35714
35685
35688
35683
35684
35751
35703
35670
35627
35724
35684
35690
35724
35683
35697
35636
35733
35693
35805
35711
35553
35706
35731
35669
35667
35700
35682
35697
35708
35728
35748
35651
35697
35636
35704
35588
35700
35723
35708
35682
35747
35703
35769
35645
35629
35694
35704
35638
35662
35710
35667
35692
35700
35675
35747
35672
35615
35701
35710
35643
35672
35666
35574
35764
35662
35712
35635
35668
35664
35699
35661
35636
35732
35693
35757
35739
35707
35728
35735
35719
35640
35729
35749
35633
35703
35595
35721
35634
35675
35618
35668
35654
35593
35724
35612
35711
35698
35739
35721
35723
35735
35700
35685
35637
35661
35706
35634
35708
35699
35704
35768
35704
35732
35706
35653
35720
35687
35682
35692
35696
35694
35684
35687
35673
35744
35714
35738
35777
35721
35724
35665
35748
35716
35725
35671
35699
35750
35707
35767
35723
35766
35709
35690
35648
35640
35653
35813
35714
35690
35748
35713
35682
35720
35727
35688
35699
35707
35712
35734
35735
35718
35642
35597
35680
35749
35675
35716
35688
35576
35652
35703
35705
35758
35727
35682
35627
35760
35714
35731
35742
35640
35752
35670
35692
35737
35669
35675
35736
35806
35761
35700
35712
35661
35789
35724
35728
35717
35731
35675
35714
35725
35749
35756
35692
35704
35664
35719
35720
35707
35681
35734
35731
35687
35695
35734
35710
35746
35768
35690
35683
35731
35725
35731
35737
35702
35724
35725
35691
35695
35665
35699
35739
35731
35739
35730
35716
35696
35767
35757
35694
35719
35689
35692
35718
35738
35741
35720
35724
35755
35767
35721
35742
35733
35694
35700
35726
35704
35774
35746
35698
35715
35698
35710
35678
35740
35693
35605
35654
35684
35688
35670
35700
35654
35723
35695
35796
35745
35682
35744
35694
35689
35635
35700
35677
35668
35711
35728
35635
35740
35756
35698
35622
35670
35597
35631
35668
35696
35728
35694
35736
35702
35777
35724
35659
35767
35736
35728
35672
35727
35745
35679
35677
35688
35683
35674
35623
35643
35639
35717
35684
35703
35671
35630
35656
35698
35741
35704
35694
35688
35701
35713
35705
35727
35696
35705
35680
35677
35662
35678
35735
35715
35714
35704
35711
35691
35734
35693
35670
35680
35729
35707
35730
35691
35693
35713
35715
35736
35707
35718
35683
35743
35692
35710
35725
35707
35667
35699
35728
35737
35650
35700
35739
35674
35708
35731
35718
35782
35688
35706
35685
35664
35750
35695
35719
35730
35733
35733
35693
35668
35721
35720
35749
35751
35731
35723
35718
35728
35641
35686
35754
35739
35782
35735
35618
35727
35749
35725
35738
35706
35696
35731
35675
35719
35678
35775
35715
35769
35747
35773
35703
35687
35724
35731
35719
35676
35746
35748
35722
35672
35721
35751
35750
35727
35728
35762
35688
35699
35704
35749
35709
35687
35614
35611
35739
35676
35607
35688
35574
35652
35752
35689
35671
35698
35687
35674
35584
35638
35748
35722
35673
35699
35713
35737
35621
35748
35745
35692
35740
35707
35709
35711
35729
35692
35688
35730
35687
35654
35710
35723
35726
35700
35712
35720
35777
35774
35766
35670
35733
35715
35668
35698
35723
35714
35720
35610
35707
35639
35713
35697
35756
35684
35708
35715
35738
35730
35706
35731
35728
35730
35702
35682
35706
35730
35716
35683
35627
35738
35747
35734
35761
35698
35715
35684
35729
35713
35671
35732
35712
35675
35719
35712
35708
35709
35811
35693
35687
35672
35647
35702
35713
35683
35739
35645
35688
35712
35678
35676
35744
35721
35662
35741
35709
35720
35725
35722
35733
35708
35659
35646
35692
35825
35749
35744
35754
35720
35711
35696
35742
35718
35785
35744
35688
35714
35738
35691
35788
35716
35713
35723
35776
35678
35730
35644
35742
35702
35707
35747
35740
35733
35685
35748
35694
35739
35717
35733
35694
35715
35738
35684
35701
35704
35636
35668
35619
35728
35582
35588
35649
35604
35741
35663
35690
35690
35662
35663
35677
35658
35681
35663
35654
35654
35751
35639
35635
35651
35606
35694
35688
35643
35720
35734
35677
35704
35691
35679
35663
35742
35686
35712
35698
35771
35711
35718
35679
35698
35745
35751
35704
35699
35613
35685
35632
35660
35700
35750
35674
35716
35654
35620
35603
35538
35619
35712
35641
35721
35706
35707
35724
35735
35766
35722
35690
35713
35659
35684
35669
35671
35721
35751
35690
35677
35715
35705
35710
35725
35704
35794
35701
35694
35671
35646
35742
35727
35703
35740
35721
35746
35684
35740
35742
35706
35720
35676
35730
35632
35632
35692
35730
35714
35606
35668
35652
35721
35712
35725
35690
35714
35722
35727
35659
35749
35763
35669
35681
35713
35724
35708
35715
35688
35725
35763
35733
35750
35717
35704
35707
35751
35734
35722
35722
35724
35712
35755
35705
35690
35729
35672
35739
35711
35663
35689
35718
35767
35741
35707
35713
35745
35672
35619
35656
35762
35674
35727
35776
35707
35687
35719
35748
35696
35675
35730
35703
35693
35638
35634
35698
35620
35738
35679
35674
35681
35726
35727
35728
35666
35772
35721
35710
35733
35684
35678
35697
35666
35711
35710
35671
35694
35661
35751
35655
35747
35722
35689
35703
35688
35694
35643
35598
35740
35582
35747
35649
35725
35652
35722
35613
35540
35643
35730
35644
35732
35726
35715
35678
35693
35698
35731
35695
35700
35704
35713
35677
35755
35715
35732
35684
35712
35764
35779
35743
35726
35678
35670
35619
35675
35696
35679
35716
35691
35667
35706
35713
35622
35670
35591
35730
35721
35679
35700
35748
35619
35632
35680
35700
35605
35617
35693
35659
35768
35729
35696
35706
35732
35681
35715
35706
35729
35629
35730
35782
35724
35711
35696
35705
35723
35680
35737
35732
35721
35732
35778
35719
35752
35717
35675
35791
35670
35663
35625
35620
35715
35693
35622
35624
35609
35643
35697
35657
35668
35684
35712
35734
35676
35746
35702
35710
35714
35639
35708
35622
35687
35662
35776
35686
35743
35694
35697
35701
35731
35717
35757
35699
35705
35752
35727
35699
35677
35619
35675
35689
35711
35675
35604
35751
35713
35661
35710
35621
35704
35618
35743
35717
35697
35696
35662
35642
35694
35606
35754
35717
35612
35689
35547
35667
35725
35627
35702
35715
35727
35749
35698
35707
35703
35725
35704
35675
35632
35690
35695
35735
35676
35765
35688
35634
35720
35701
35617
35724
35665
35668
35644
35742
35753
35735
35717
35721
35731
35611
35795
35735
35750
35747
35738
35667
35731
35699
35693
35734
35712
35743
35749
35729
35701
35706
35723
35683
35631
35728
35682
35680
35719
35756
35752
35712
35693
35663
35727
35742
35655
35693
35708
35667
35698
35770
35713
35725
35671
35706
35744
35736
35692
35711
35714
35675
35729
35652
35678
35677
35729
35752
35717
35723
35705
35756
35654
35723
35675
35730
35704
35689
35768
35763
35705
35666
35711
35700
35699
35693
35718
35722
35704
35725
35701
35748
35711
35719
35689
35696
35731
35758
35728
35730
35746
35731
35709
35679
35682
35680
35667
35741
35753
35666
35662
35706
35644
35690
35699
35679
35644
35694
35633
35687
35685
35613
35728
35672
35626
35561
35661
35735
35646
35652
35744
35697
35744
35672
35683
35711
35700
35659
35775
35744
35686
35725
35706
35716
35746
35741
35677
35724
35693
35696
35702
35739
35714
35684
35740
35776
35699
35757
35721
35712
35707
35664
35809
35688
35690
35656
35691
35735
35728
35699
35711
35706
35684
35711
35727
35682
35720
35714
35674
35700
35746
35760
35723
35675
35746
35759
35722
35749
35773
35718
35739
35714
35715
35714
35730
35794
35712
35718
35703
35672
35687
35727
35749
35708
35768
35775
35714
35770
35798
35760
35768
35709
35741
35761
35724
35671
35747
35752
35665
35724
35687
35668
35658
35764
35738
35660
35681
35601
35657
35695
35669
35680
35682
35702
35704
35713
35705
35673
35760
35671
35712
35654
35719
35706
35760
35713
35727
35702
35738
35702
35754
35696
35700
35786
35712
35754
35713
35735
35733
35715
35743
35714
35688
35691
35680
35705
35690
35689
35740
35736
35746
35779
35730
35708
35696
35730
35691
35706
35708
35691
35693
35754
35732
35690
35724
35729
35734
35737
35685
35667
35728
35699
35714
35728
35734
35706
35711
35738
35695
35775
35790
35718
35739
35764
35706
35732
35729
35717
35679
35734
35697
35678
35758
35655
35699
35757
35690
35735
35732
35666
35692
35664
35663
35763
35743
35653
35655
35687
35715
35729
35754
35717
35733
35659
35679
35670
35713
35694
35728
35704
35705
35713
35693
35661
35704
35703
35703
35701
35707
35691
35686
35733
35698
35725
35717
35715
35755
35725
35699
35720
35674
35718
35763
35754
35718
35658
35704
35688
35741
35696
35729
35733
35670
35674
35716
35745
35689
35696
35720
35711
35739
35757
35731
35676
35720
35719
35681
35719
35718
35691
35707
35696
35593
35720
35613
35606
35605
35623
35727
35707
35611
35694
35690
35687
35626
35640
35633
35744
35709
35631
35655
35747
35679
35655
35664
35701
35719
35704
35744
35659
35686
35698
35728
35741
35714
35699
35738
35782
35740
35719
35730
35693
35734
35687
35714
35791
35726
35627
35693
35607
35618
35630
35717
35582
35716
35711
35722
35684
35664
35711
35675
35812
35551
35671
35643
35693
35628
35633
35696
35653
35725
35671
35718
35608
35794
35663
35701
35639
35690
35682
35728
35698
35694
35725
35671
35727
35678
35750
35666
35783
35620
35645
35604
35743
35719
35752
35691
35674
35707
35760
35676
35751
35735
35696
35697
35678
35727
35729
35721
35771
35739
35752
35744
35685
35696
35717
35784
35700
35666
35734
35691
35763
35690
35651
35711
35760
35672
35637
35711
35696
35734
35689
35615
35721
35656
35620
35630
35770
35653
35710
35654
35647
35604
35755
35695
35671
35780
35619
35792
35775
35738
35703
35747
35733
35731
35673
35668
35684
35695
35756
35718
35746
35695
35727
35717
35699
35676
35695
35641
35629
35635
35669
35627
35751
35663
35647
35575
35725
35715
35721
35629
35618
35658
35679
35633
35629
35609
35635
35644
35714
35679
35773
35691
35727
35759
35695
35751
35735
35675
35710
35729
35698
35740
35676
35655
35719
35695
35697
35734
35698
35754
35636
35664
35675
35708
35737
35722
35731
35759
35659
35714
35634
35668
35633
35580
35607
35689
35626
35742
35678
35646
35635
35699
35660
35655
35746
35727
35746
35654
35731
35724
35708
35699
35765
35746
35739
35750
35672
35683
35656
35685
35720
35654
35742
35695
35696
35735
35744
35674
35729
35683
35679
35689
35736
35713
35722
35747
35648
35730
35692
35731
35720
35716
35718
35718
35747
35731
35731
35671
35704
35689
35689
35688
35696
35713
35671
35703
35692
35594
35592
35735
35619
35645
35652
35690
35619
35785
35614
35622
35737
35692
35719
35712
35774
35654
35691
35692
35780
35688
35704
35675
35692
35724
35707
35683
35670
35590
35602
35635
35736
35760
35588
35672
35654
35730
35686
35582
35621
35708
35551
35685
35751
35697
35659
35684
35681
35704
35675
35674
35699
35753
35670
35670
35676
35686
35684
35659
35722
35720
35718
35729
35762
35678
35703
35794
35690
35751
35749
35688
35768
35707
35736
35752
35733
35773
35731
35737
35735
35747
35726
35700
35752
35718
35665
35758
35758
35765
35734
35745
35767
35658
35715
35728
35742
35754
35731
35615
35671
35745
35728
35732
35767
35724
35733
35760
35716
35751
35680
35699
35713
35712
35740
35681
35684
35717
35771
35665
35739
35736
35635
35723
35738
35730
35677
35705
35757
35755
35735
35704
35746
35752
35748
35714
35699
35706
35727
35711
35737
35778
35731
35730
35718
35740
35693
35743
35777
35698
35730
35688
35725
35703
35697
35677
35717
35717
35729
35720
35693
35713
35713
35705
35756
35743
35731
35718
35730
35701
35718
35772
35660
35713
35615
35677
35739
35672
35629
35696
35605
35773
35656
35715
35715
35635
35772
35698
35715
35651
35699
35745
35694
35712
35716
35738
35711
35748
35705
35751
35729
35748
35760
35741
35730
35763
35727
35687
35722
35720
35807
35745
35696
35674
35703
35687
35712
35679
35735
35718
35659
35643
35673
35719
35693
35703
35710
35721
35763
35741
35741
35736
35663
35689
35631
35687
35672
35629
35772
35744
35701
35698
35710
35717
35739
35730
35749
35743
35733
35797
35735
35744
35743
35699
35605
35665
35651
35691
35681
35742
35664
35686
35798
35684
35741
35680
35659
35583
35704
35605
35632
35671
35728
35652
35725
35755
35647
35623
35704
35767
35772
35732
35736
35674
35741
35672
35719
35770
35718
35706
35747
35731
35793
35706
35733
35772
35732
35727
35690
35730
35754
35810
35677
35732
35730
35714
35695
35728
35742
35689
35691
35722
35716
35684
35707
35744
35723
35731
35682
35758
35766
35696
35725
35709
35724
35692
35665
35660
35696
35739
35680
35753
35628
35717
35671
35677
35747
35687
35643
35691
35672
35685
35742
35731
35750
35696
35709
35663
35639
35750
35698
35699
35685
35705
35691
35724
35676
35730
35802
35733
35760
35730
35729
35708
35728
35769
35699
35715
35723
35688
35764
35715
35723
35779
35733
35730
35706
35676
35667
35786
35734
35715
35718
35749
35718
35706
35673
35685
35695
35667
35602
35692
35762
35664
35708
35773
35591
35600
35630
35675
35757
35666
35669
35681
35615
35773
35715
35711
35753
35691
35757
35703
35732
35646
35753
35791
35778
35732
35619
35640
35709
35671
35711
35686
35711
35683
35801
35684
35709
35666
35651
35667
35661
35713
35671
35740
35727
35730
35732
35776
35660
35639
35668
35620
35730
35676
35511
35656
35695
35704
35652
35700
35717
35773
35760
35704
35764
35706
35702
35751
35704
35670
35657
35687
35674
35717
35710
35756
35739
35674
35628
35698
35732
35714
35710
35685
35665
35746
35721
35771
35774
35745
35715
35715
35733
35687
35649
35690
35731
35733
35658
35632
35705
35667
35599
35639
35690
35732
35663
35709
35605
35711
35684
35586
35715
35675
35727
35673
35711
35720
35741
35639
35711
35675
35704
35738
35702
35736
35690
35645
35740
35694
35669
35720
35693
35797
35756
35750
35751
35706
35730
35664
35673
35739
35661
35744
35680
35727
35631
35640
35621
35712
35629
35699
35648
35593
35631
35659
35736
35579
35702
35618
35739
35771
35746
35767
35734
35792
35746
35735
35728
35688
35727
35708
35710
35647
35720
35700
35732
35724
35719
35746
35729
35743
35717
35739
35747
35739
35816
35743
35713
35729
35717
35730
35738
35712
35756
35800
35763
35699
35685
35683
35658
35681
35777
35714
35733
35721
35753
35705
35749
35655
35720
35707
35729
35700
35612
35725
35656
35636
35777
35709
35737
35702
35619
35674
35680
35678
35658
35816
35691
35673
35748
35749
35687
35741
35723
35740
35718
35748
35799
35736
35757
35730
35712
35734
35734
35718
35704
35730
35747
35679
35668
35718
35641
35753
35677
35703
35633
35687
35678
35642
35651
35682
35625
35680
35734
35740
35736
35704
35726
35724
35707
35718
35702
35725
35694
35622
35619
35713
35619
35615
35714
35711
35643
35654
35653
35697
35777
35769
35731
35739
35690
35676
35754
35729
35693
35718
35694
35731
35641
35659
35770
35745
35689
35704
35707
35650
35740
35761
35787
35723
35746
35671
35695
35709
35816
35764
35767
35759
35764
35746
35742
35670
35749
35697
35654
35768
35749
35759
35728
35752
35728
35723
35730
35715
35708
35678
35686
35737
35728
35687
35746
35706
35738
35768
35713
35716
35671
35709
35699
35739
35677
35717
35716
35690
35709
35724
35695
35837
35774
35689
35695
35702
35747
35713
35742
35729
35739
35740
35725
35506
35669
35667
35808
35615
35754
35697
35663
35673
35596
35657
35710
35677
35707
35710
35647
35739
35753
35737
35689
35735
35710
35724
35710
35744
35738
35701
35699
35596
35762
35686
35667
35686
35781
35672
35713
35626
35696
35710
35783
35770
35718
35697
35738
32442
32442
32442
32442
32442
32442
32442
32442
32442
32442
32442
32442
32442
32442
32442
32442
32442
32442
32442
32442
32442
32442
32442
32442
32442
