9884
36664
36889
37301
36804
37711
36983
36747
36336
36610
37589
37542
36180
37619
37607
37265
37076
37142
37381
36854
37555
37599
36575
36404
36952
37766
37749
36343
37101
37519
37443
37713
36805
36662
37652
37948
37718
37571
36758
37272
37711
37135
37035
36254
37273
36689
36233
37421
36735
36721
36182
36840
36608
37475
36340
37094
37057
37714
36672
37314
37510
37297
37156
36459
36187
36306
37285
37358
37537
37494
36723
36263
37782
37461
37646
36544
37029
36257
37160
37027
36873
36762
36307
36231
36298
36843
37663
36330
36210
36587
36918
36832
36436
37570
37566
37207
36131
37513
36344
36588
36375
37081
36842
36423
36392
37764
36812
37533
37556
36764
36607
37586
37250
37030
37526
37068
36390
36269
37014
37491
37379
36431
36944
37616
37240
36962
36258
37639
37434
36296
36429
37146
36841
36398
37704
36764
37215
36364
37598
36617
36220
37665
36952
36546
37747
37674
37614
36347
36924
37388
37634
36318
36396
36342
37640
36665
37160
36491
37542
36744
37661
36614
37156
37741
36239
36985
36995
36943
37226
37558
36311
37735
37605
36426
36371
37210
36314
37703
36182
37662
36984
36196
36197
37255
37662
36259
37228
37625
36298
36418
37540
37572
36970
36180
37631
37213
37377
37190
36218
36855
37225
36596
36604
37134
37282
36323
36562
36729
37596
37755
37120
36491
37428
36168
36445
36903
36412
37404
36680
37302
36312
36814
37005
36357
37762
37433
36373
36251
37763
37587
37254
37130
37508
36784
37224
36484
37670
36082
37611
37686
37742
36277
37315
37557
37525
36436
36233
36978
36485
37187
37216
37682
37848
36310
37078
37829
36363
37021
37486
36256
36264
37859
37659
36428
37173
37510
37186
37083
36980
37268
36412
37245
36713
37895
36316
35988
36794
37721
36387
36248
37304
36704
37196
36919
37439
36979
36576
36396
37772
36300
36880
37007
37525
37045
36780
37748
36453
37030
37469
36846
36719
36250
36730
37343
37863
37141
37691
37154
37283
36692
36582
37362
36788
37055
36175
37065
37800
36699
37408
37735
37855
37726
37379
36354
37516
37358
37196
37581
37532
36809
37402
36690
37579
37619
37132
37678
36628
37721
37326
36277
36741
36895
36473
36466
36174
36207
37875
37335
37633
37071
37226
37588
37353
36664
36667
37422
36380
37140
37767
36377
36689
36543
36702
37601
36367
36659
36016
37511
37778
36804
36548
37674
36913
36182
37679
36428
36125
36502
37514
37130
37129
36523
36664
36324
36794
37543
36349
37330
37666
37713
36885
37582
37188
36264
37837
36586
36264
36288
37695
36335
37452
36681
36504
36865
37128
37738
37723
36568
37338
37619
37609
37563
36239
37705
36260
36763
37710
36772
37635
36540
37204
37701
37639
37273
36775
37450
37259
37575
37516
37018
36717
36685
37182
36579
37445
36310
36416
37761
37734
37531
37110
36342
37451
37243
37519
37694
36350
37212
36795
36604
37075
37269
36263
37768
36330
37677
37524
37808
37805
37729
37309
37584
36463
37331
37717
36312
37536
36394
37760
36457
37567
36463
36454
36346
37620
37611
36689
37530
37672
36845
36735
37649
37404
37293
36864
36617
36880
37426
37661
36601
37817
36454
37286
37851
36473
36335
36745
36432
37193
37631
36774
37328
36436
37784
36285
36785
37645
36073
37550
36997
37635
36220
37105
37681
36258
36209
36591
37628
37379
36461
37123
37512
37816
36095
37576
36700
37651
36422
37724
37164
37700
36827
37497
37776
36571
37654
36207
37588
37602
36693
36300
36537
37567
37259
36500
36712
37613
37126
36436
37417
37410
37105
37859
37647
37697
36751
37700
36473
37309
37330
37355
36467
36625
37544
37136
37540
36789
36985
37236
36337
37483
36349
36336
36537
37720
37815
36448
36184
37768
37321
37354
37356
36562
36916
37526
36429
37534
37543
37606
36781
37145
37723
37523
37538
37545
37463
36460
36375
37548
37554
37070
37759
37088
36307
37117
37070
37735
37697
36303
36589
36437
36219
37314
36251
36450
37520
36544
37600
36736
36348
37483
37260
37145
36360
37299
37628
36359
37011
37333
37813
36891
37400
36636
37247
37437
37321
37153
37694
37586
36484
37614
37691
37366
37102
37089
37780
36292
36911
37047
37258
37426
36749
37487
37386
37258
36683
36848
36657
36318
36330
37493
36420
37558
36220
37130
36748
36897
37462
37241
36351
37258
37314
36443
37775
37732
36859
36441
36528
36435
37471
37675
36392
36625
37473
37163
37231
36448
36746
36180
36961
37374
36503
36428
37165
36822
37383
36638
36511
36271
37515
36767
36192
36303
36850
37628
36468
37707
36513
37579
37529
37596
37500
37824
36774
37579
36305
37194
37709
36864
36646
36593
37673
37462
37467
37151
37783
36443
37519
37542
37620
37469
36479
37739
37786
36686
36375
37262
37452
36341
36307
37154
37675
37467
37558
36328
36509
36711
37748
37004
37400
36486
37654
37314
36625
36551
36318
36876
36720
36154
36451
36941
37424
37045
36251
36299
36595
36607
36447
37694
37510
37047
37153
36780
37265
36869
37275
36986
36728
36290
36595
37635
36834
37497
36775
36457
36690
37594
37676
36562
37569
36893
36903
36533
36570
37683
36816
37597
37080
36806
37738
36411
37781
37198
36721
36755
36783
37673
37147
37718
37284
37142
36756
37093
36668
36668
37302
36272
36354
36883
37807
36802
36719
37695
36824
36186
36432
36399
36552
37553
36394
36979
36435
36924
37586
37802
36912
36723
36953
36823
36863
36488
36372
36225
36910
37434
36273
36445
37008
37289
36871
36515
37434
36690
37270
37875
37603
37609
36982
36843
36529
37613
37633
37614
37202
35995
37073
37741
37658
36360
36476
37401
36900
37100
37635
36688
36914
37805
36639
36913
36734
35955
36587
37535
37082
37379
37249
36667
36909
37351
37072
36662
36108
36804
37330
37580
37196
36491
36289
36688
36786
37218
37368
37592
37697
36924
37434
36517
37034
37041
36708
36596
36078
36779
36516
36500
37870
36582
36654
36963
37204
37339
36445
36428
37383
37683
37568
36169
37224
37415
37086
36130
37086
36686
36630
36202
36388
37588
37871
36699
37542
36621
37889
36235
36360
37628
36530
37734
37019
37603
36272
36798
37082
36898
37242
37702
36223
37533
37026
36524
37603
37241
37526
37537
36248
37293
36873
37613
36664
36645
36919
36937
37529
37629
37736
36968
36289
36479
36297
36542
36938
37646
37109
36796
37116
37451
37130
37249
36250
36819
36864
37846
36961
36613
37689
37154
36554
37129
36352
37620
36786
36141
37543
37590
36845
37165
36469
37202
37841
37779
37557
37678
36740
36977
36876
37116
37587
37410
37743
36794
36437
36219
36374
36527
37428
37883
36769
36552
36742
36600
37419
37269
36208
37397
37740
36593
37295
37753
36453
37824
36685
36426
37903
36224
37500
35991
36458
36386
37311
37327
37343
36356
36240
36161
36858
36682
36654
36248
37268
37466
37199
37779
37797
37702
37348
36838
36484
37176
36598
36680
36216
37594
36662
37781
37720
36871
36309
36593
36471
36786
36858
36615
37676
37875
36553
37649
36269
37605
37101
37508
37794
37755
36826
36169
36281
37866
37722
37175
36898
36859
37795
37219
36295
36518
36878
37580
37768
37724
37118
37550
36445
37310
37744
37513
36682
36997
36788
36294
37348
37727
37649
36769
37148
36307
36296
36420
36966
36321
37057
37854
37586
37257
37612
37213
37491
37139
36355
36436
36842
36920
36187
35971
36540
36946
37361
37557
36976
36915
37150
36746
37585
37308
36394
36959
37363
37141
36351
37494
37131
37719
36204
37713
36762
36801
36229
37639
37690
36768
36836
36959
37134
36266
36969
36502
36588
36734
37618
37517
36355
37522
36416
36458
36832
37389
37706
37416
37675
36455
37681
36630
37645
36583
37824
37171
37777
37645
36693
36554
36522
37653
36384
36626
37182
36427
36955
37720
36561
37812
37694
37612
36913
37438
37674
36508
37742
37098
36768
37457
37503
36433
37040
37143
37718
37055
36714
36683
37424
37326
37835
37635
36544
37273
36532
37560
37138
37477
37742
36299
36452
36341
37319
36352
37686
37201
36470
36400
36587
37081
36539
36693
36395
36431
36444
37599
36992
37586
37524
36557
37746
36850
37609
37607
37340
36445
36545
36509
37637
37419
36731
36993
36711
36235
37732
37774
36446
36934
36621
37455
37394
37321
36303
36111
37637
37016
36260
36975
37592
36280
37147
37615
36977
36410
36695
36535
37542
37391
37686
36731
36656
37237
37320
36549
37615
37904
36353
36787
37603
37164
37069
37143
37568
37563
37695
36373
37602
36783
36228
37665
37324
36391
36225
37238
36814
37379
37575
37440
37152
37615
36769
37477
37655
37658
36910
36644
37806
36947
36473
36635
36282
37538
36469
36834
36402
36182
37121
37644
37470
37350
36637
36918
36336
36281
36509
37152
37076
36280
37486
37660
36406
37558
37719
37404
37732
36933
36670
37686
37604
36803
37048
36851
36395
36487
36545
37695
36645
36896
36425
36725
36601
36487
36445
37162
37531
36381
36373
36987
37498
36816
36831
36359
37490
36474
36477
37696
36567
37799
37293
37749
36719
36724
36412
37504
37484
36266
37503
36318
37597
37650
36448
36924
36347
37196
36252
36315
37500
36833
37021
36306
36562
37835
36412
36392
36911
37460
36335
36386
36482
37731
36303
36261
36918
37592
37752
37971
36294
37107
36178
36251
37247
36917
36903
36271
36699
36362
37365
37582
37056
37639
37113
37143
37517
36460
37161
36442
36415
36906
37679
37670
36919
36342
36535
36210
37679
36489
37687
36427
37050
37708
36500
36587
36213
36721
36333
37105
36475
36408
37555
36412
36610
36728
37655
36417
36646
37314
37618
36582
37291
36578
37877
36974
36952
36483
36408
37032
37596
36299
36758
37764
37668
37481
37375
36834
36535
37254
36205
37679
37649
37519
36358
37230
37149
36614
37490
36304
37392
36249
37530
37133
37733
37736
36269
36302
37368
37725
36313
37137
36142
36306
36436
36922
36879
36523
36165
37076
37585
37585
36720
36536
37044
37603
37923
36410
36669
36179
37814
36273
37665
37175
37748
37205
37432
37657
37154
36682
37767
37049
37434
37490
37522
37622
37705
36623
37443
36960
36577
37047
37759
37727
37725
37591
36668
37433
36768
36608
36446
36594
36683
36369
37706
37385
37507
37192
36671
37797
37110
37767
36960
37694
37462
36927
36316
37742
36397
37343
37599
37883
37548
36417
37465
36357
36780
37763
37595
36982
36444
37596
37018
36294
37660
36729
36833
37004
36613
37642
37718
36256
37336
37051
37661
36468
36296
36299
37718
36957
37543
36374
36764
37301
36690
36209
37514
36839
37368
36896
37133
36946
36464
37174
37079
37039
37655
36203
37656
36551
36200
37864
36189
36592
37836
36117
37425
37726
36906
37833
37063
37561
37318
36431
37381
37349
37497
36519
37365
37423
36675
37196
36735
37410
36634
37011
36502
37256
37069
37175
37289
36610
37421
36557
37606
36292
37791
37162
36373
36446
37066
36687
37015
37297
37664
37680
36239
37169
37731
37686
37479
37508
37722
36179
37185
37474
36360
36708
36433
37480
36284
36342
36502
37668
37299
37350
37277
37168
36568
37507
36267
36819
37337
36986
36259
37486
36614
36710
36970
36668
36359
36407
37581
37479
37302
37487
37348
36737
36080
36542
37007
37419
37510
36054
37641
37350
37196
37505
37466
37674
36410
37642
37465
36264
36365
37667
36420
36378
37396
37263
37625
36457
37626
36867
37086
37753
37687
37519
36707
37313
37643
37084
36632
37183
37317
37457
37635
37042
36270
37043
36369
37185
37183
37487
37169
37664
36320
36995
37019
37698
37139
36463
37341
36307
36534
36409
36856
37558
36383
36614
37689
37201
37380
36965
36440
37663
36562
36497
36351
37582
37403
37493
36377
36676
36417
37169
37639
36321
36822
37086
36795
37405
37623
36685
37804
36407
37661
36344
37677
36334
37232
36400
37588
36529
37274
37222
36665
37789
36936
36655
37583
37023
37581
37510
37594
37938
36949
36492
36464
36702
36454
37708
37863
36704
37607
37170
36659
36392
36632
36577
36563
36335
37005
37652
37326
37516
36252
36642
37145
37279
36177
37791
36311
37674
37094
37098
37318
37326
36234
36477
37612
36236
37450
36492
36353
36760
36563
36821
37213
36278
36554
37260
36749
36324
37646
36528
36404
36212
37460
37014
36387
36362
37575
37712
36746
36374
36450
36886
37778
36321
36518
36203
36074
36392
36485
36381
37266
37714
36222
36265
36668
37750
36528
37644
37382
36421
37560
36816
37628
37103
36844
36290
36902
37609
36290
36259
37295
36091
36912
37207
37097
37315
37577
37494
37620
36579
36296
36599
36815
37502
36531
38083
37697
37449
36834
36906
37550
37354
37669
36686
36919
37582
36983
36161
37380
36477
37132
37687
37677
37499
36660
37783
37276
37674
37821
36980
36495
36428
37521
36624
37841
36329
37630
36823
36858
36804
36562
36465
37812
36166
36418
37290
37348
37373
37048
37532
37022
36887
36427
36243
37505
36360
36456
37650
36733
36341
37934
36215
37029
36895
37491
37282
37099
36959
37231
37624
36734
36581
36295
37081
37184
37672
37609
37574
36889
36669
36884
36965
36515
37313
37344
37715
36592
36311
36167
37719
36684
36891
37741
36381
37729
36507
36659
37395
37555
36660
36147
36562
36142
37544
36842
36408
37651
36501
37426
36857
37440
37754
36618
37493
37477
36265
37201
36821
36339
36290
37211
37784
37676
36842
37137
37153
36491
37558
37522
37311
37201
36282
37484
37623
36927
37371
37169
36588
36555
36281
37763
37671
37497
36327
37341
36126
36579
36363
37681
37679
37286
37443
36178
36442
37438
37787
36886
37149
37788
36355
36208
36410
37523
36888
36352
36225
37221
36330
37624
37274
36503
36469
37009
36611
37558
36249
36844
37699
36463
37712
37593
37731
37307
36407
36194
37656
37481
36188
37182
36997
37392
37190
36253
36352
37546
36844
37720
37360
37520
37069
36716
37242
36805
36932
37619
36936
37767
36280
36219
37751
36333
37665
37369
37115
36148
37787
36789
36614
36528
36134
36770
37124
37167
37383
36261
37818
36620
36614
37808
37342
37741
36265
36455
36392
37516
36492
36530
37557
36881
37471
37719
36316
36687
36471
37565
36507
36588
37676
37439
37105
37580
37379
36571
37175
37636
36159
37702
36682
36482
37685
37582
36265
37281
37176
36253
37559
36367
36480
36669
37634
37824
37307
37368
36752
36360
37789
36439
37361
37552
36962
36358
37697
36778
37515
36432
36753
36773
36170
36341
36193
36652
36945
37475
37484
36812
37135
36741
37335
36422
37638
37143
37209
36326
36616
36671
37646
37818
36958
37524
36897
36636
36474
36240
37527
37392
36242
36754
36670
37607
37784
36642
37678
36513
37428
37192
36344
37599
36246
36381
37393
36330
36369
36453
36510
36696
36233
36537
37127
37260
37584
36389
37812
36409
37449
36976
36113
36612
36293
37485
37405
37601
36592
36655
36481
36163
37643
36522
36432
36909
36217
37637
36926
36328
36560
36253
36776
37475
37083
37751
36706
37736
37382
36827
37228
36890
37838
36298
36664
37517
36880
36431
36605
36282
37433
37427
37483
37434
36721
36800
36655
37071
37789
37693
36490
36320
36401
36365
37571
36863
36464
37102
36609
36432
36301
36603
37558
36151
37258
36447
37701
36501
36604
36229
36833
37653
37524
37714
36179
36900
36547
36654
36748
36437
37195
36249
36474
36338
36229
37764
37707
36668
36404
37703
37290
37685
37283
37334
37773
36435
36658
37555
36375
36857
36600
37619
36372
37097
36213
36294
37210
36468
37105
37524
36506
37168
37562
36384
37150
36263
37233
37610
36408
37057
37621
36775
37323
37397
36669
36712
36556
37798
37634
36321
36664
37651
37610
37410
36725
37683
36514
36581
36815
36528
36240
37588
36906
36566
37798
36247
36605
37526
36496
36227
36432
37531
37747
37794
36216
37776
36396
37735
36759
36623
36718
37254
37697
37623
37775
37612
36630
37196
37374
37345
37744
37053
36472
36492
36349
36360
36699
37720
37580
36332
36476
37475
36258
37454
37600
37692
36406
36340
36752
37903
37677
36763
37695
37428
37334
37505
36370
37745
37371
36508
36325
37573
37168
37381
36177
36424
36551
37437
36832
37481
36312
36625
37365
36308
37699
37625
37098
36372
37699
37577
37475
36538
37130
37243
37341
37641
37639
36252
37322
37338
37546
37157
37102
36817
36689
37417
37189
37705
37648
37062
37497
37571
36897
36710
36694
37453
36959
36307
37662
37502
36923
36770
36757
37571
37444
37356
36420
37131
37750
36200
37529
37656
36691
37588
36575
37591
37566
36545
36655
36437
37018
36431
36839
36844
36762
37834
36713
36913
37354
37757
36156
36280
36885
36813
37702
37739
36487
36437
36365
37192
36284
37215
37658
36636
37173
36107
36962
36963
36999
36339
36260
36507
36625
37513
37666
36889
36877
37413
37689
37386
37494
37024
36412
36606
37721
36437
36211
37418
37016
36160
37035
37423
36606
36508
36299
37392
36492
37096
36447
37523
37170
37500
37679
37672
36689
37477
37682
37029
36529
36431
37567
37079
37391
37015
37700
37546
36845
37639
37611
36456
37171
37239
36897
36359
36806
37687
37582
37236
37776
36306
36334
37397
37671
37507
36893
37530
36648
37212
37680
36276
37418
36230
36765
36543
36350
37738
37038
36382
37598
37262
36342
37205
37463
35971
36346
36864
36480
37168
36811
37246
37338
37680
37805
37462
37174
37634
37107
36870
37451
36478
36815
37076
36800
36573
37002
37044
37540
36404
36348
36734
37349
36205
36376
37533
37467
37230
36289
37698
36841
37565
36273
36411
36590
36752
36803
36268
37051
37159
36598
37689
37642
37412
37290
37395
37347
37210
37490
37487
36976
36336
37477
37162
37487
36631
37413
37595
36743
37797
37217
37707
37076
36155
37334
36781
37216
36501
37308
36522
37677
37413
36570
36770
37409
36300
37293
37425
36429
37745
37621
37301
36424
36176
37494
37464
36935
37698
36868
36500
37120
37735
36524
36761
37753
36486
36245
36249
37700
36384
36571
37240
37427
37865
36361
37324
37492
36693
36511
37012
36767
37064
36415
36345
37672
37003
37037
36651
37728
37094
37654
36821
37066
37514
36921
36865
36246
36198
37186
36543
37874
37726
37781
36897
36271
37410
37198
37548
36877
36468
36561
36364
36295
36863
37621
37403
36902
36343
37532
36298
37793
37808
37701
37297
37666
37440
37606
36438
37103
37147
37310
37607
36727
37382
36167
37303
37671
37294
36186
36852
37265
37899
36255
37593
36712
37245
37191
37079
37223
36991
36268
37385
37538
37534
36662
36273
36449
37185
36697
36379
37308
36445
37494
37013
36702
36509
37322
36774
36418
37854
36713
37818
36784
37583
37614
37329
36447
37392
37714
36679
37331
37165
36422
36820
37680
36703
36191
36610
36801
36275
37756
36780
36491
37467
36319
36988
36328
36596
37543
36826
37603
36375
37328
37333
36202
36301
36420
36286
36981
36400
37217
37651
37451
37505
37118
37391
37196
36417
37330
36677
36737
36616
37341
37747
36854
36595
37686
37373
37572
37318
37683
36440
37673
36865
37131
36450
36191
37584
37484
37169
36424
36465
36789
36338
37741
37565
36754
36221
36615
37530
37597
37210
36605
37572
37615
37154
37118
37331
37698
36265
37057
37551
36892
36949
36847
36431
36701
37908
37334
37610
37806
37473
37743
37311
37188
36798
36278
37710
36853
37395
36534
36393
37579
37327
37480
37164
37802
36371
37698
36602
37380
37833
38049
36596
36225
37693
37654
37241
37474
37426
37676
37576
36530
36991
37691
36456
36859
37141
36306
36399
36890
36156
36563
36643
36514
37156
37007
36336
36440
36956
36847
37480
36990
36762
37926
36512
36328
36151
36558
37645
36818
37084
36582
36847
37147
36729
36268
36784
36331
37524
37671
36710
36973
36781
37554
36770
36473
36661
36940
37371
36498
37900
36222
36141
37518
36892
36223
36355
37564
37925
36421
36487
37625
36659
36908
37520
36988
37238
37766
36851
37809
36461
37680
37036
36927
36157
36527
36619
37635
36528
36745
36431
37503
36275
36940
36523
37154
37231
37657
36742
37422
36923
37599
36341
36745
36337
36469
37050
37713
36362
36458
37665
36925
36942
37267
36623
37303
36475
36507
37702
36630
36541
37725
36732
36905
36927
36148
36555
36355
37477
36370
37796
37707
36547
36839
36880
36960
36758
37469
36621
36279
37652
36341
36511
36555
36961
37362
37096
37029
37474
37459
37631
37602
36318
36321
37646
36372
36366
36699
36755
36620
37517
36653
37858
37344
36343
37477
37802
36499
37583
36249
36493
37259
36353
36702
36624
37678
36352
36978
36560
37596
37611
36987
36482
37020
37144
37591
37727
36360
37158
36508
36372
36904
37357
37333
37564
37824
37704
37450
37641
37040
36315
37728
36467
37559
36782
36932
37363
37726
36323
37380
37244
37147
36829
36465
37727
37114
37675
36529
37665
36548
36785
36302
37443
36661
37016
37148
36656
37010
36832
37647
36925
36482
36446
37374
36448
36538
37004
36819
37476
36334
36707
36797
37620
37311
36431
36756
36735
37237
36291
36301
37416
37687
36910
37004
36470
36849
37647
36584
37479
36957
37152
37528
37613
37573
36584
37420
36963
37344
36336
37435
37712
36901
36541
37102
36579
36820
36376
37176
36129
37781
36379
37517
36249
37724
36379
37139
37118
36856
37692
36692
36421
37596
37567
36549
37018
37688
36636
36677
36275
36426
36940
37697
36384
37502
36570
36525
37410
37714
37379
37192
36347
36230
36547
36267
37383
37361
37253
37577
37659
36535
37526
37684
37860
37719
37350
37236
37146
37040
36238
37102
37825
36520
37662
37238
37335
37251
37709
36748
36842
37422
36358
37102
37682
36822
36722
37437
36294
37019
36282
37556
37101
36206
37309
37634
36447
37749
37837
37719
36376
37578
36664
36624
37265
37438
36524
36882
37055
37431
37499
37445
37112
37464
37175
37162
36394
37643
37465
36534
36901
36906
37574
37446
36259
37324
37167
37224
37761
37712
37000
37706
36211
36804
36446
37216
37786
37329
37543
36305
36326
37319
36859
37410
37280
36803
36420
36468
36654
37566
37677
36188
37739
37756
37708
36238
37006
37708
36882
36520
36773
37332
37649
36475
37322
36712
37201
37315
37602
37750
36908
36738
36533
37747
36856
36200
37797
37234
37499
37520
37099
36348
37412
37605
36827
37743
37665
36655
37539
36443
36489
36454
36361
36555
37566
36525
37336
36833
37485
36650
36923
36812
37789
36472
36565
36320
37350
37236
36406
37312
37222
37811
36475
37395
36251
36579
36799
36758
36351
36739
36820
37440
37159
37280
36945
36418
37359
36596
37653
36310
36586
36469
37251
36858
36348
36394
36872
37490
37362
37683
36524
36931
36857
36853
36807
36364
37564
37003
37643
37278
37596
36418
36566
37310
37519
37143
36060
36454
37554
36237
36566
37330
37498
37523
36396
36494
36651
36167
37497
36520
37423
37508
36947
36545
36804
36751
37046
36434
37339
36343
37688
36318
36469
36594
36453
36839
36655
36362
37624
37484
37222
36163
36364
36213
36540
37574
37456
37159
36611
36431
36318
36624
36555
37495
37641
36381
36624
37659
36214
36850
37630
37492
36658
36866
37501
36564
37287
37041
36600
36265
37436
36746
37621
36314
36143
36576
36296
36315
37479
36507
36838
37540
36496
36460
37752
37391
37947
37001
36299
36876
36737
37086
36655
37202
37743
37716
36544
36818
37045
36246
36186
36449
37334
37440
36531
37356
37464
37023
36657
37615
37166
37568
36901
36453
36249
36716
36506
36894
37221
36589
36344
36311
36406
37165
36479
37100
36765
36329
36802
36138
37000
37684
36488
37146
36300
37190
37701
36581
36371
37297
37455
36787
37087
37785
37022
36745
36548
37827
36416
37650
37779
36347
37306
37814
37366
36186
36352
37262
37249
37691
36348
37679
36336
36329
36172
37434
37165
36971
36885
36290
37836
36649
37731
36802
37681
37818
36471
37503
37560
37222
36642
37322
37334
36553
37038
36570
36736
37353
37719
36872
36491
36900
36281
36153
37334
37483
37677
36288
36646
37661
37584
37054
37455
37959
36623
37145
36941
37157
37610
36453
37058
36931
37824
37065
37726
36265
36454
36671
37319
37070
37652
37610
36632
36383
37508
36849
36683
36478
36878
36279
37457
36468
36182
36731
36759
37405
36472
36216
37254
36439
37144
36204
37583
36440
37274
36594
36405
37600
36627
37307
37748
37066
37513
37678
37035
37175
37852
37264
37605
37274
37450
36558
37384
37723
37152
36282
36244
37551
36962
36616
36841
37267
37567
37332
36844
37368
36454
36399
36369
36817
36311
36710
36661
36274
37626
37179
36632
37095
36723
37875
36534
36968
36313
37732
37640
36338
36320
36831
37590
36662
37710
36868
36287
36592
37670
36200
36340
37159
37586
36479
37789
37276
37580
37057
36564
37861
36337
37779
36944
37509
36593
37317
36296
36207
36125
37737
36478
37327
37559
36348
37851
36359
36155
36816
36598
37865
36424
37686
36397
37306
37611
36322
37354
36998
36444
36749
37575
37540
37202
37167
36827
37812
36467
37651
36755
37082
37410
37569
36623
36375
37670
37594
37419
36395
37591
36438
36849
37458
36892
36288
37502
36501
37352
37237
37729
37530
36757
37425
37043
36630
36424
37367
37367
36522
36540
36371
36936
36619
36641
37471
36538
37483
37569
36879
37018
37226
37501
36415
36364
37400
37575
37282
36716
36277
37535
36572
37466
36585
36239
36703
37032
36271
37574
36394
37766
36846
36511
37702
36165
37148
37037
36533
36353
36198
36252
36829
37619
37541
37736
37593
37555
37503
36646
36535
37475
37809
37483
36995
37634
36106
37159
37487
36471
37113
36739
36650
37003
36530
36628
36752
36538
36644
37698
36101
36729
37039
36396
37767
36760
36369
37044
37630
36399
37258
36883
37907
36405
36367
36523
37544
37349
37276
36145
37841
37371
36912
37289
37326
37738
36506
36085
37820
37812
36422
37052
37657
37756
36113
37215
36239
36777
36250
36241
37239
37808
37325
37512
36349
36879
37472
37382
37060
37610
37727
37814
36742
36785
36705
36490
36291
37508
37200
36764
37803
37164
37538
37418
36316
36899
36578
36706
37274
36607
37495
36773
37191
37552
37560
36329
36449
36164
37046
37410
37053
36416
37328
37833
37702
36874
37853
36567
37491
37843
36534
37885
37142
36133
36691
36252
36773
36466
36657
36503
37390
37737
36371
37659
36798
37197
36676
36760
36676
37337
36786
37582
37673
37391
37468
36725
36404
37394
37508
37601
36451
36180
37131
36536
37780
36612
36438
36307
37277
37370
36938
36557
36451
36694
36878
36729
36288
37644
36177
36312
36158
36652
36657
36629
36355
37665
36774
37016
37627
37728
37763
36584
37410
37786
36638
37287
37187
37007
37650
37396
37880
37403
36565
37505
37720
37531
37137
36205
37539
37124
37323
37500
37487
37061
36721
36314
37375
36906
36469
37322
36407
36170
37216
36978
36336
36596
36303
36454
37183
37620
36742
37569
36382
37768
37417
37566
36419
37701
37771
36817
36101
36380
37510
37213
37630
37408
37135
36748
36821
37675
37553
36188
37102
36425
37334
37662
36502
37494
37311
37013
37095
36598
36550
37762
36910
37738
36660
37041
36515
37398
37695
36489
37199
36090
36546
36644
37730
36378
37684
36542
36870
36463
36405
36639
36698
36374
37454
36707
37419
36413
36287
37684
36165
36297
36554
36283
36324
36272
36264
36507
37614
37688
37487
36649
36266
36989
37840
36304
37213
37430
36254
36162
37488
36878
37881
36224
37679
37782
36708
37054
37799
36121
37866
36846
37334
37204
36094
36369
36834
37416
36422
37522
37737
36292
37401
37757
36226
36772
37113
37524
36350
37137
37435
36675
37491
36241
37370
36284
36743
36604
36869
36505
36955
37299
36982
37591
37347
36938
36336
37961
36478
37526
37404
36788
37471
37466
36923
37660
37102
37719
37142
36881
37093
36462
36379
36660
37601
36663
37455
37771
36482
36593
37720
37732
36328
36647
36325
37499
37030
36625
36232
37288
37714
37688
36481
36615
37843
37499
37479
36554
37691
36214
36982
36391
36483
36770
36475
36286
37288
36696
37748
36781
37532
37180
36812
36382
37167
37199
36964
37497
36508
36418
36989
36523
37556
36141
36707
36143
37055
36292
36993
37373
37626
36378
36445
37083
36325
36072
36481
36417
37475
36145
36967
36737
37534
36114
36274
37768
36480
36570
37959
36390
37052
36903
37004
37571
36500
36438
37362
37015
37279
37218
37511
36096
36353
36302
36609
37573
36782
36868
36187
36512
36463
36560
37708
36480
36524
36946
36421
36701
36218
36696
37202
36335
36902
37573
36171
37385
36889
37343
37113
36373
37071
36555
36416
36340
37155
36457
37196
36591
37282
36405
37844
36356
36967
37492
36585
36202
37549
36474
36516
37363
36268
37728
37109
37733
37162
36865
37686
36361
36327
37117
36303
36470
37654
36516
36479
37832
36841
37807
37178
37539
36583
37707
36399
37215
36356
37774
36500
36238
36823
36944
37635
36397
36635
36771
36892
36603
36444
36297
37074
36366
37670
37509
36757
37803
36522
36264
37012
37077
37434
36412
36641
37703
36528
36383
37682
37104
36410
37684
36507
36691
37901
37591
36401
37281
36467
36460
36942
37651
36784
37667
36783
37656
37612
37397
36185
36400
37494
36841
36448
36561
37863
36741
36953
36347
36680
36613
37512
36606
36836
36525
36500
37355
36303
36549
36698
36460
36695
36399
37282
37536
37272
36919
37294
36387
37712
36519
36523
37043
36771
37677
36492
36762
36506
36939
36549
37333
36248
37262
37488
36802
36444
36679
36889
36980
36625
37680
37707
37580
37159
37564
36725
37435
36389
37795
37783
36893
36649
36443
36484
36394
37737
36206
37516
37658
36641
37558
36224
37051
37633
37759
37025
36295
36131
36320
37329
37731
37875
37722
37684
37026
36578
37302
36482
37141
37028
37130
37656
36890
36392
36915
36913
36420
37839
37511
37457
36442
36842
37342
37543
37811
37834
36645
37276
37742
37282
36767
36317
36248
37704
37046
36900
36657
37632
36612
36385
37558
36849
37123
36239
36437
37845
36335
36452
36464
37819
36675
36661
36552
36529
37609
36842
37645
36373
36999
37697
37578
37611
37500
36805
37323
37164
36312
37530
37290
37616
36685
36370
36639
37417
37781
37319
36999
36838
36444
36657
37398
37689
37269
37580
37583
36393
36156
36708
36253
36497
37512
36312
37567
37441
36781
36339
36999
36417
37078
36578
37739
37448
36772
37186
36990
37842
36803
36335
36416
37737
36283
37747
36377
37170
36947
36374
36310
37660
36358
36607
37045
37543
36903
37727
36912
37791
37553
37291
37310
37780
36422
37281
36585
37520
37506
36271
36918
37666
37534
37566
37406
36340
36831
36407
36391
37653
37608
36290
36302
36665
36998
36957
36334
37285
36973
36644
37507
37289
37748
37442
37793
36222
36757
36435
37827
37558
37327
37552
37092
36630
37133
36917
37760
36310
36646
36312
37822
36311
36315
36404
37838
37436
37836
36199
37393
37350
37652
36668
37652
36296
36395
37242
37521
37350
37397
36618
37167
36196
36234
37369
36535
36406
37607
37068
36370
37503
37352
37131
37517
37067
36654
36588
37393
37684
37797
37244
36644
37424
37511
37183
37099
36926
37710
37478
36519
37343
37711
36873
36591
36217
36708
36536
36322
36586
36684
36291
37923
36443
36415
37250
36271
36702
38182
37713
36949
36560
36618
36325
37809
36301
37145
37463
36809
36041
37210
36456
36267
37571
36858
37177
36413
37205
36895
37584
37716
36367
37359
36828
36990
37221
36261
36605
37170
36595
37245
36306
37337
36592
36862
37805
36648
37750
36276
37583
37502
37240
36180
37546
37261
37753
36633
36274
36250
36626
36367
37648
36152
36644
37424
37625
37295
37700
36520
36498
36473
36522
37075
37674
36977
37239
37349
37427
36898
37545
36106
37462
37768
36286
36398
37666
37466
37582
36907
37295
36357
36834
37748
36803
36788
37692
37741
36473
37436
36377
37554
36956
37309
37080
36549
36503
37267
37561
37125
36597
36248
36740
37848
36797
36293
36740
37652
36349
36401
36339
37426
36919
37151
37809
37614
37125
36757
36076
37134
37817
36322
37548
36471
37408
36252
37285
36864
37466
37440
36736
37693
37889
37498
36240
37122
36268
37490
36541
37616
36822
37126
36541
36319
37423
37642
36349
37107
37687
36675
36280
36512
36344
36312
36285
37695
36672
36374
36381
37401
36402
36129
36578
36368
37599
37809
37592
36768
37314
36382
36187
37266
36524
37564
36163
37661
37525
36272
36572
37170
36284
36862
36989
37301
36408
36405
37540
36850
36259
37129
36256
36255
36389
36538
37448
37021
37233
37809
36883
37670
36953
37562
36329
36503
37147
36392
37699
36413
36705
37282
36536
37536
37139
36563
37208
36632
36742
37565
37352
36270
37078
36601
36931
37663
37493
36348
37422
36361
36788
36264
36911
36339
36516
36286
36494
37253
36619
37437
37635
37519
36930
36635
36600
37509
36613
37383
37497
36534
37534
37263
37437
37559
37356
36251
37011
37261
37361
37650
36576
36934
37695
36307
36494
37273
37303
37583
36462
36518
36875
37483
37151
37357
36538
36428
36781
36178
37484
36916
37578
36515
37713
36885
37508
37590
37211
36586
37638
36221
37534
37165
37672
36167
36506
36235
37747
36336
37547
36207
36577
36636
37668
36153
36333
37187
36363
37493
36393
36185
36794
36906
36819
36714
37690
37659
36271
37611
36791
36655
37397
36922
36406
37647
37399
37387
36886
37341
37089
37761
37473
37725
36260
36517
37906
37121
37631
37500
37613
37730
36313
37595
37811
37153
36532
37817
36635
36508
37158
37291
37641
36322
37303
36542
37593
37770
37448
36732
37633
36320
36836
36343
37002
36823
37086
37757
37324
37337
37572
37148
36383
37820
37658
37124
36667
37284
36499
37629
36768
37590
36553
36157
36240
36514
36695
37811
36280
37242
37691
37304
37367
37683
36394
36494
37503
36405
36910
37765
37520
36903
37350
36731
37755
37258
37763
37119
37721
36656
37090
36265
37787
37528
37458
36816
37495
37146
37620
37543
37339
37761
36480
36611
37465
36698
36821
37324
36611
36588
36186
37735
37037
36717
36560
37389
36352
37010
37520
36730
36611
36226
36937
37622
36450
37812
37612
36822
37310
37209
36895
37727
36436
37677
37224
36566
36979
36452
36293
36271
36512
36632
36858
37168
36773
37659
37397
37466
37601
37564
36378
36493
37122
36894
37158
37131
37776
37181
37054
37286
37727
36929
37419
37766
36450
36196
37146
37793
37666
37027
36226
36386
36155
36285
36212
37477
37402
36599
36492
36900
36184
37477
37655
37502
36849
37053
36682
36675
36457
36982
36271
36509
36310
37137
36946
36618
37562
37434
37228
37719
36411
37381
36435
37335
36488
37051
37312
37072
36693
37131
36567
36789
36971
37065
36246
36558
37073
36759
36612
37494
37670
36390
37156
36179
37537
36992
36894
36368
37371
36644
36600
37671
36429
37263
36639
36997
37074
36418
36259
37810
36992
36247
37844
36477
36543
36399
37712
36776
36602
36396
37163
37663
36740
37251
37771
37245
36611
37647
37773
36557
36268
36688
37806
36948
36486
37488
37095
36645
37633
36878
36562
36224
37682
37763
37270
36216
37333
36125
36468
36824
36368
37363
36572
37359
36584
37442
36803
36723
36779
37175
37282
37466
36553
37162
36225
36567
37358
36389
37139
36195
36253
36562
37516
37666
37387
36126
37495
37876
36408
36525
37247
37227
36334
37874
37309
37687
37532
36984
37225
37570
36795
36946
36356
36563
37095
36407
36285
36971
37578
36951
36311
36533
37750
36795
37360
36756
36543
37601
36721
36369
37340
36176
36653
37616
37282
37199
36894
37125
37720
36410
36711
37613
37053
37247
36708
36381
37537
37455
36903
37418
36523
37646
37756
37678
37209
37527
36956
37261
37690
36855
36670
36346
36591
36627
36791
37661
36475
37352
37856
37683
37545
37776
36938
37690
37624
37623
37202
36804
36187
37592
37351
36779
37750
36464
36422
36723
36148
36520
37593
36355
37119
36390
37872
36839
37770
36447
37524
37399
37732
37671
36327
37180
36561
36414
36759
36648
37139
37322
36196
36532
36597
37500
37772
37021
37887
36774
37435
36546
36464
36641
37645
36278
37054
37373
36933
37227
37698
36685
36518
36212
36916
36284
37237
37863
37241
37597
37640
36443
37466
36421
37685
36951
36355
37589
37676
37811
37146
36984
37383
37617
36540
36853
36682
37055
36421
36284
36981
37553
36686
37227
37933
36282
37142
37438
36417
36648
37415
36718
36464
37099
37672
37423
37785
37749
37653
36966
37139
37211
37771
36957
37121
37450
37030
36312
37469
36476
36968
37623
36428
37665
37405
36348
36470
36658
37656
36706
37480
36215
37212
37398
37541
36436
36336
37330
36898
37531
37763
37856
36795
36483
36640
36137
37709
37716
36520
36734
37179
36407
37787
37690
36160
37610
36634
37351
36862
36380
36440
36475
36822
36557
36780
36637
36374
37326
37578
36790
36357
36566
37504
36589
37073
36284
37535
37374
37093
36283
37333
36383
36624
36658
36469
36267
36309
36330
36510
36464
36395
37288
37662
36915
36729
36345
36992
36511
37698
36884
36448
36541
37542
37654
36235
36669
37571
37038
37352
36392
36430
37063
36682
37639
37366
37355
37479
37550
37011
37744
36933
37180
37068
36740
36666
36353
37046
36628
37524
37562
37876
37681
36127
37650
36249
37533
37512
37632
36510
36266
37528
36276
36250
37601
36546
37966
36707
36202
37117
37663
36479
37563
36552
37712
36799
36284
36296
37650
36874
36197
36330
37532
37625
37251
37607
36500
36178
36496
36475
36693
36406
37627
36305
37431
36242
36353
36213
37012
37274
37815
36809
36572
36404
36778
36333
37031
36871
36737
36710
36989
37488
36616
37319
37786
36795
36583
37486
36916
37230
37209
37517
36791
36518
36584
36405
37542
37489
36303
37608
36979
36276
37824
36295
36214
37076
36611
36154
36833
36916
36415
36565
36476
37764
36334
36456
36813
37606
36447
37188
37636
37722
37170
37407
37258
36702
36387
36392
37068
37742
36583
37741
36622
37644
37572
37492
37048
36897
36450
36263
36713
37905
37113
36992
36600
36709
36503
37623
37357
37229
37810
36997
37750
37785
36497
36690
37586
37349
37783
36942
36581
36497
36352
36698
36447
36474
37624
36821
37270
36433
37268
37593
37479
36452
36377
37328
37771
36669
36490
37209
37094
37483
36881
37565
36669
36945
36781
37379
37596
36848
36729
36977
36987
36569
37624
37550
37813
36371
37598
36486
37038
36507
37311
36677
36994
36486
37478
37563
37475
37687
37691
37521
36978
36950
37618
36239
36419
37588
37316
37345
36321
37511
37001
37019
36435
36708
36828
36636
37055
37046
37099
36258
37759
36672
37122
37300
37277
36564
37884
36677
36384
36373
36323
37103
37648
37616
36999
37644
37657
36708
37142
37293
37020
37321
36414
37599
36372
36813
37739
36423
37865
37871
37661
37595
37755
36956
36560
37289
37824
37086
37677
37350
37609
37210
36400
36376
37684
37387
36849
37466
36315
36368
36757
37021
37894
37590
37793
36735
36434
35944
36364
37701
37269
36305
36831
36588
36612
37435
37858
36752
36752
37466
37555
37420
37099
37553
37190
37560
36436
36731
36808
37397
36417
37727
37589
36545
37267
36487
36547
36987
37207
36910
36944
36361
36278
36506
37619
36419
36871
37053
37181
37398
37038
37907
37597
37690
37135
36493
37304
36168
36897
36326
36902
36844
36559
36296
36222
37252
36372
37654
36708
36851
36926
36391
37428
37395
37018
37089
37167
37560
37591
37296
36343
37125
37099
36768
36500
36903
36806
37474
36178
36683
37736
37548
36397
36560
37343
36335
37153
37578
36330
36496
36356
36291
36188
37325
36251
37503
37217
37111
37070
37421
37412
37538
36938
36715
37146
37425
36528
37644
36295
36334
37283
37190
37271
37173
37227
36778
37098
36532
37506
36096
37409
36368
37719
36174
37129
36997
37482
36147
37663
36973
37279
36249
37721
36892
36213
36329
37230
37086
37383
37625
36385
36761
37629
37323
36661
37537
37188
37189
37612
37800
37182
36378
36242
36474
36376
37664
36595
37488
36761
37246
36364
37721
37546
37022
37171
37473
37204
37631
36884
36473
37259
36491
37660
37621
37005
37434
36816
37222
36996
36797
37213
36703
36271
36746
37332
36574
37133
37710
36296
37333
37685
36432
37495
36435
37571
37726
36284
37671
36668
36449
36953
37400
36271
36204
36320
37740
36827
36792
36892
36440
36427
36778
36388
36578
36251
37737
36829
37632
37345
37493
37618
37608
37571
37439
37249
37619
37564
37717
36263
36629
37667
36383
36614
36254
36271
36804
37710
36624
37855
36885
36616
36558
36731
36420
37759
36357
37091
36642
37815
36569
36570
37658
37639
37223
36473
37097
36625
36921
36543
36218
37066
36932
37573
36308
36350
37090
36760
36590
37085
37649
36293
36563
36492
36359
36203
37322
37738
37099
37491
37823
36186
37148
37706
36499
37313
37556
36833
36319
36563
36385
36555
37631
37749
36306
36184
36319
37715
36292
36883
37400
36384
36332
36769
37578
37680
37783
37233
36611
37207
36897
37232
36239
36313
36268
37141
36417
36681
36315
37796
37197
37583
37377
37620
36654
36509
36734
36933
36852
36341
36768
37485
36519
36464
37607
36628
36313
36305
36484
37629
36557
37598
37675
36602
37735
37012
36791
36312
37611
36706
37674
37106
37337
36204
36756
37155
36646
36530
36400
36333
37362
36323
37873
37673
36492
36400
36438
36364
37548
36945
36996
37478
37327
37871
37538
37110
36141
37068
37470
37684
36380
37748
37459
37791
36613
37538
36801
37641
36963
36514
36527
36555
37495
36652
37170
36343
36549
36798
36499
37018
37778
36518
36645
37561
36941
36672
37086
37796
37817
36928
36967
36456
37256
37315
36898
37071
36912
36919
37592
37417
36372
37664
37432
37677
36517
36566
36899
37567
37902
37463
36498
37707
36531
37640
36406
37556
37427
37062
36704
36937
37699
37259
36165
36267
37039
36959
37548
36299
36543
36137
36449
36657
37776
36324
36342
36326
37599
36152
36978
37635
37266
36247
37013
37050
36546
36446
36348
37779
36096
36400
37523
36395
36461
37518
37001
36816
37043
37129
36538
36458
37132
36527
37692
37252
37579
37840
36975
36136
36807
36246
36966
37439
36480
36680
37326
37258
36918
37627
37018
36396
37593
37019
36497
36773
36243
37185
36977
37509
37545
37661
36911
37476
37596
36395
36696
37690
36848
37748
37643
37752
37412
36429
36343
37435
36926
36462
37563
36977
37237
37689
37630
36477
36368
36755
37074
36867
36316
37425
36323
36392
36496
37060
37563
37567
36910
36377
36454
36672
36512
36475
37476
36778
36450
37169
37432
37214
36366
37336
36601
37873
36313
37473
37450
37448
37394
37245
37350
37783
36461
37181
37020
37037
36767
37481
36595
36331
37230
37580
37365
36648
36457
36580
37360
37673
36099
36999
36491
37719
36476
37187
37844
37823
37653
36737
36959
36458
37086
36233
37261
37885
36148
37472
36332
36454
37710
36431
36473
36968
37729
37626
37579
36741
37613
37306
37539
37326
37309
37507
37096
37454
37352
37423
37693
36567
37241
36260
37506
37776
37098
37606
36550
37739
37786
37139
36609
37417
37232
37602
36681
36692
36448
37700
37030
36356
37509
37761
37564
36538
36815
37351
36223
37541
36921
36365
36230
36552
36286
36800
37313
37519
37774
36725
37509
36509
37057
37217
36350
36714
37492
36524
37019
36863
36955
36652
37733
36340
37100
36343
36209
36647
36359
36645
37095
37474
37456
37645
36445
36299
37788
36688
36464
36917
37382
36603
37402
36381
37842
37492
37493
37327
37541
37137
37785
36488
37234
36331
36387
36677
36838
37345
36999
36391
36767
37364
36628
38051
36476
37731
37126
36639
36774
37247
37404
36727
36336
36235
36701
37302
36873
37098
36394
37514
37522
37625
36496
36375
36205
37063
37577
36294
36474
36607
36589
36546
36700
36667
37143
36875
36866
36155
37859
37503
37210
36400
37663
37176
37145
37688
37194
37240
37674
37150
37298
37607
36498
37023
37308
36277
37684
37061
37218
37644
37475
37754
36747
36492
37726
36539
36561
37067
37022
37256
36362
36444
37069
37494
36389
36272
36330
37192
37141
37713
36989
37159
36555
37059
36305
37134
37478
36199
37853
36746
36431
37455
36639
37286
36787
36549
37617
36482
37408
36980
36286
37268
36324
37110
36537
37240
37401
37573
36744
36676
36892
36104
37415
37414
37608
37524
37138
36416
36796
36923
36275
37734
37419
37187
36848
36288
37754
36308
37600
37354
37384
36942
37885
37271
36728
37685
36845
37064
37017
37428
37567
36833
37161
36428
36444
36168
36319
37067
37577
37211
36267
37610
36849
37869
36281
37718
37454
37564
36512
36439
36282
36551
37430
37712
37686
37465
36866
36660
37829
37087
36300
37478
37622
36638
36342
36387
36186
36795
37798
36968
37766
37629
36618
37742
37412
37706
37126
36819
37745
37686
36362
37354
36310
37571
36273
37436
36229
37638
36263
37005
36419
37052
37546
37091
37276
37223
36202
37642
36910
37392
36526
35990
36611
36696
37312
36330
37579
37743
37189
36956
37590
36873
37704
37593
36681
36218
37742
37229
37718
37197
36528
37584
36770
36674
36250
36536
37651
37726
36327
37318
36568
37394
37899
36666
37275
37553
36921
36329
36337
36798
37750
37220
36307
37322
37102
36681
37523
36443
37617
37440
37781
36701
37789
37795
36287
37457
37663
36806
37331
37402
37294
37570
37136
36873
37261
37585
36323
36485
37498
37615
36258
37743
37536
37687
36966
37565
37697
37314
37513
37751
37913
37783
36515
37680
37438
36402
36216
36893
37490
36809
36753
37527
37663
37036
36938
37633
37081
37362
37683
37370
37403
36937
36730
36975
36397
36524
37856
36611
37763
36359
37470
37657
36888
36216
36380
37627
36514
36479
36244
37134
36755
37562
37281
37186
36765
37084
36145
36285
37742
36682
37633
36475
37644
36371
37600
36397
37850
37455
36739
37789
37037
37373
37568
36481
36467
37789
36639
37731
36733
36489
37760
37259
37589
36444
37274
37499
36755
37660
37805
37663
36445
37445
37215
37594
37094
36805
36715
36931
37757
36464
36536
37211
36797
37287
37085
37524
36474
36147
36952
36245
37702
36316
37645
36308
36835
37292
36587
37741
36595
36872
37530
37688
37643
36668
37322
36550
36259
37393
37791
37408
37275
36530
36313
37770
37746
37684
37393
36468
36935
37462
37727
37335
36093
37853
37412
37543
36176
37037
36774
36210
36155
37414
36225
36792
36518
36540
37697
37603
37375
37404
36650
37431
37376
36274
36944
36782
37601
37164
36480
36954
36406
36408
37090
37451
36796
36312
36247
37033
36800
36834
36940
36652
37420
36451
36217
36612
37662
37748
36275
36362
37035
37693
37538
37242
36109
37024
36619
37727
36931
36154
37511
37606
36738
37342
36906
36895
36397
37224
37232
36695
36991
37364
36428
37862
37330
36714
37576
37134
36506
37268
36870
37360
37695
37545
36721
36317
36641
37520
37024
37300
37550
36420
36448
37822
37622
36944
37542
36552
37458
36727
37719
36823
36728
37745
37490
36884
36820
37820
36642
36978
37572
36717
37010
36855
37595
36884
37589
36733
37604
37513
37588
37287
36600
36430
37575
36602
37238
37022
36859
37621
36874
36660
36301
37481
37548
36171
36813
37503
37639
36803
36396
36687
37053
37698
37518
37588
37388
37715
36139
37263
37759
36798
37268
37630
37686
37863
37206
37367
36708
37398
36700
37012
37143
37544
37649
36348
36665
36380
37525
36679
37520
36592
37755
37710
37778
37678
36252
36404
36205
37552
36893
37574
36913
36251
36520
36397
37727
36232
36722
37674
36729
36787
36313
36742
37538
36634
36754
37271
37559
37252
37591
37606
36852
36656
36445
37804
36524
37035
37440
36239
36779
37698
37622
37552
37818
37351
37180
37777
36504
37044
37065
36866
37523
36431
37228
36337
36719
37738
37180
36199
36566
36381
36304
37474
37663
36276
36385
37763
36352
36348
37350
37508
36214
36320
37418
37377
37613
36591
37741
36475
36763
36586
36529
36882
37470
37742
36692
36402
36587
37206
36896
36119
37184
36604
36800
36938
36857
37603
36925
36687
37173
37255
36673
37338
36403
36692
37562
37079
37576
36597
37713
36973
37516
36705
36580
37099
36261
36551
37442
37619
36730
37342
37290
36406
36591
36444
37250
37620
36415
37017
36270
36227
36857
37464
36377
37562
37315
36749
36159
36372
37095
36820
37672
36182
36922
36911
37070
36839
36347
36368
36959
36449
37266
36809
37608
36742
37058
37022
37411
36905
37203
36379
37744
37038
36747
37378
37743
36586
37437
36518
36255
37311
36680
37096
36335
36319
36475
36358
36852
37355
36691
36495
36744
37598
37755
37540
36530
36423
37239
37611
37769
37656
36849
36208
37811
36403
37695
36640
37815
36625
36952
36415
36559
36185
37626
36874
36454
37757
37596
36917
36423
36989
36604
37087
36506
36346
37622
37310
37498
37667
37829
36812
36430
36290
36553
36495
36594
36603
36176
37722
36480
36484
36633
36344
37896
37408
37876
37626
36238
36978
36498
37495
37833
36249
36975
37876
37644
37024
37830
37397
36861
36897
36214
36300
36994
37169
36995
36234
37029
36375
36622
37450
36130
37513
36403
36571
37621
36382
37418
37025
37607
36318
37006
37198
36546
37153
37619
36638
36344
36636
37554
36593
37764
37592
37123
36648
36295
36375
36412
37762
37337
37131
37160
37205
36386
37610
37619
36434
37060
36756
36399
36271
36349
37744
36867
36749
36886
37012
36350
36497
37646
37462
36994
36386
36479
37093
37336
36385
37267
37125
36380
36992
36809
36873
37731
37005
36428
36330
37611
36869
37421
37584
36712
36163
36203
37756
36961
37845
36602
36261
37580
36272
37727
36479
36448
36746
37448
37791
36920
37673
36210
36671
36354
36298
36790
36469
36909
37101
37183
37689
36415
36206
36590
37252
36329
36764
37692
36611
37757
36411
36705
37763
36375
37155
37082
36852
36338
37519
37378
37229
37417
37678
37759
36293
36916
37319
36477
36479
37427
36702
36913
36828
37711
36510
37238
37345
36770
37652
36659
37689
37518
37336
37856
37143
37393
37012
36866
37033
36416
37717
36573
37734
36150
36500
36556
37056
37637
37684
37693
36342
36331
36678
36944
36300
37030
37759
36899
36316
36647
36124
36692
37814
37423
36095
36366
36951
36822
36433
36893
36430
37410
37140
37144
36319
37625
36359
36302
37498
37663
37052
37462
36295
37589
37107
37273
36934
37588
36964
37332
37124
37266
36919
36703
36720
36281
36857
36307
37712
36890
36837
37410
36889
36853
36870
36131
37601
36327
37392
37775
37404
37012
37000
37167
37059
37088
36553
37449
37899
36101
36678
36549
37009
37726
37490
37261
37496
36494
36759
36801
37789
36916
36437
37255
36884
36544
37752
37528
37610
37677
37609
37771
37661
36992
37560
37472
37833
37347
37400
37851
37615
37578
36327
36553
37210
37598
36877
37184
37236
37066
37624
37234
37386
37162
36673
36536
36593
37713
37093
37627
36470
37674
36180
36565
36384
36899
37817
36280
36661
36279
37447
36164
36198
36679
37525
37053
36822
36794
37759
36963
36276
37475
37214
37168
36303
37321
36196
36697
37517
37535
37582
37346
36290
36187
37934
37465
37197
37375
37621
36966
37336
37260
36975
37763
36504
37085
37738
37786
37933
37667
37132
36380
37199
36850
36820
36497
36414
36684
37716
37244
37759
36239
36860
36915
37731
36765
36791
36456
37553
37713
37376
37564
37760
37470
37613
36592
36579
37246
37622
37418
36341
36518
36811
37316
37671
37820
36597
36854
36568
37749
36532
37417
36705
37431
36811
37765
36541
36437
37754
37339
36939
37838
36815
36817
37463
37082
37167
37702
37599
37597
36838
37479
37187
36999
37724
37331
36206
36676
37794
36721
37623
36430
36857
36428
36206
37146
37072
37445
36371
37465
36782
36544
36961
37499
36884
36520
36603
36297
36437
37526
36401
37497
36676
36630
36707
37570
36456
36309
36533
37217
37080
37699
37591
36643
36282
37800
37374
37276
36697
37683
37490
36848
36745
37262
37622
37575
37725
36312
36603
36226
37217
36707
37542
36575
36658
37531
36436
37544
37510
36241
37475
36750
37471
36600
37686
37453
37049
37122
36409
36325
37585
36392
36498
36268
36200
37029
36222
37675
37480
37750
37604
36506
37437
36586
36551
37646
36956
36660
36660
36362
37498
37782
36464
36442
37378
37138
36367
36260
37246
37279
37497
37593
36704
36737
36187
37174
36859
37048
37594
36340
36254
36805
37443
36307
37210
36827
37648
37592
36267
37429
36103
37563
36460
37580
37089
36682
37740
37786
37116
36637
36604
37325
37385
36764
36835
36384
37360
37731
36256
37557
37008
36530
37642
36347
37046
36475
37285
36358
37280
37329
37498
37420
36428
37184
37566
37781
36834
36318
36742
36632
37510
37459
37398
36910
36330
36354
37709
36676
37596
36740
36490
36629
36459
37487
37718
37644
37485
37003
37832
36476
37446
36763
36693
37675
37453
36927
36925
37540
37281
36800
37537
36859
37103
36377
36316
37395
37298
37219
37509
36890
36829
36276
37140
37715
37149
36967
36404
36550
36414
36333
37916
36637
37640
36539
37527
36527
37416
36414
37085
37593
37147
36866
37550
36993
37122
37115
36594
36398
36973
36418
37478
36896
36343
36300
36849
36930
36444
37265
36983
37115
37099
37328
36600
36856
36405
37543
37644
37715
37270
37745
37713
36637
36747
37644
36805
36869
37543
37101
37306
37623
37666
36736
37358
37243
36354
36461
37701
37004
36659
37124
37233
36815
36208
36332
37505
37567
37138
36416
36653
37570
37588
37318
37785
37903
37369
36450
36953
36780
37077
37628
36373
36620
37182
36304
36500
37631
37124
36931
36447
36232
37645
37675
37438
37424
37271
36257
37806
37387
36276
37602
36745
36342
36216
36346
37649
37070
37034
37629
36347
37771
36248
37272
37289
37468
36310
37521
36826
36504
36165
37530
36503
37330
37570
37723
36717
36365
37034
37672
36532
36711
36858
37550
36213
37741
36703
36822
36647
36758
37680
36451
37843
36330
37152
37166
37401
37576
36569
36422
37679
36611
36764
37826
36472
36460
37476
36500
37078
37947
37523
36943
36782
37194
37665
36533
36914
37719
36744
37562
37545
36693
36590
36182
36766
36981
37441
36683
37223
37479
36921
36798
36938
37778
37293
36871
37415
37208
37507
37276
37667
36622
37717
36267
36867
37712
37340
37315
36614
36926
36838
36861
36534
37617
37481
36942
36434
37106
36708
37260
37258
36419
36918
36694
37600
37715
37256
37475
36772
37578
36880
36563
36935
37294
36663
36273
36388
36384
37326
37230
36263
37058
37026
37131
37061
37171
36521
37011
37184
37169
37602
36179
36423
36895
36526
36580
37753
36480
36239
37380
37578
37074
36919
37891
36315
37098
36270
37309
36954
37016
37039
37277
37735
37001
36222
37262
37142
37711
37807
36368
36763
37468
36670
36740
37349
36312
36171
36970
37639
37104
37657
36482
36571
36667
37591
37451
37294
37650
37715
36795
36610
36645
37653
36778
36304
36452
36383
36777
36305
37630
37562
37279
36342
36423
36576
36674
37339
36368
37034
36433
37340
37682
36360
37628
36415
37582
36576
36471
37675
37738
36579
37771
37879
36478
36697
37249
36281
37358
37751
37553
37572
36496
37623
36258
37484
36731
37317
36694
37413
36400
36175
37277
37553
36142
37393
37538
36563
36926
37603
36237
36353
37949
36748
37186
36539
36688
37602
37125
36325
37459
37082
36342
36828
36433
37546
36843
37833
36667
37499
36371
36060
37246
37583
37442
37703
36225
36346
36351
36253
36807
37270
37354
36488
36460
36228
36465
36479
36367
36157
37318
37116
36739
36249
36511
37258
37308
36341
36751
36412
36986
36222
37498
36783
37586
36483
37554
37017
37005
36564
36519
36161
36300
36530
37581
36796
36443
36465
36978
37337
37492
36388
37365
36569
37507
37661
36352
36314
36709
36181
36566
37980
37332
37737
37776
37650
36958
36904
37975
37077
36971
37700
36550
37770
37314
37487
36558
37674
36863
37522
36220
37583
37766
37572
36534
36494
37130
37338
36654
37605
36153
37723
37787
36440
37639
36459
37614
37262
36287
37394
36772
37711
37377
37606
36312
37548
37178
36189
37546
36897
36651
36217
36516
36804
37533
37736
36565
36331
37727
36916
37185
36763
37631
37606
37704
37486
37134
37546
37674
36884
36938
36412
37553
36824
37505
37496
36772
37402
36211
37678
37745
36720
37278
36502
37529
37498
37200
37278
36471
36927
36364
37568
37178
37209
36410
36560
37711
36670
37374
36509
37720
37283
37701
37398
36391
36831
37545
37686
37818
36126
36998
36663
36971
36792
37858
37198
36367
36558
36630
37523
37953
37730
36380
37591
36974
36903
36808
37569
36609
36938
37665
37313
37467
37751
36201
37510
37715
37571
36192
37591
36275
37717
37819
36484
36479
36328
37616
36241
37421
36654
36153
36615
37367
36473
37654
36595
37301
37095
37595
37158
37533
36625
37090
36285
37905
37197
36396
36376
37496
37643
37793
36587
37098
36377
36320
37637
37311
36396
36247
37564
36415
36039
37072
37012
37379
36775
36568
36753
37005
37445
37813
37276
36989
37561
37132
36350
37221
36868
37761
36688
36760
36573
37006
36521
37892
36799
37835
36965
36508
37129
36391
36900
36726
37375
37587
37143
37370
37715
37765
36502
37321
36259
37640
37193
37172
36454
36166
37319
37506
37040
37056
36288
36704
37614
36667
37718
37122
37258
37840
36848
36296
37586
37637
36553
37241
36469
37523
37687
36378
36705
37749
37623
37791
36199
36948
36920
37227
36696
36512
36469
36414
37295
37680
37721
37421
36473
37664
36136
37780
37143
37095
36356
36507
36611
36805
36454
36436
37529
36945
36848
36334
36336
36558
37273
37713
36974
37697
37639
37383
36507
37752
36716
37664
37537
36476
37678
36468
36805
36505
36729
36898
37094
36529
36329
37234
36656
37130
37090
37326
37362
36395
37730
37647
36281
37659
36670
36429
36969
36462
36163
37364
37672
37181
36388
36350
36697
36769
37631
37598
37828
37646
37224
37108
36587
36355
36328
36610
37574
36212
37383
36412
37481
37713
36462
36059
37558
37392
36280
37077
37252
37718
37878
36973
37496
36833
36721
36484
36698
36240
37113
37693
36214
37360
36234
37701
36040
37699
37656
37063
37206
37390
36420
37923
37597
36811
37821
37003
37158
36510
37054
37858
37237
37576
37164
37564
36712
37169
36209
36696
37525
37097
37430
37739
37306
36358
36394
36241
36624
36652
37238
37445
36451
37685
37090
37116
37573
36402
37289
37402
37026
36182
36176
37389
37761
37783
36930
36632
37031
36543
36200
36162
37052
37467
37119
37355
36433
36294
36233
36186
36366
37395
36483
36497
37708
36969
37562
36467
36472
36345
36250
36855
36184
36764
37009
36031
36595
37537
36435
37640
37773
37637
37766
37545
36877
36270
36578
37060
36218
36868
37110
37290
36405
36418
36595
36158
37471
37611
36633
37384
37366
36521
37473
37713
37055
36658
37866
36380
37457
36238
37249
37556
37799
36775
36307
36836
37515
37209
36444
37032
36772
36926
36320
36468
37331
36568
36547
36415
37020
37136
36993
36911
37705
37646
36398
37120
36806
37118
36851
36438
37306
37039
37387
37103
37417
37691
36434
37009
36491
37790
37124
37262
37553
37239
37594
37703
36472
36951
37148
37203
37669
37391
37256
37696
36369
36599
37572
37028
36295
36405
36499
36356
37699
36860
37626
37758
36210
37188
36414
37550
36582
36414
37575
36725
36173
36290
37070
36417
37308
37605
36610
37958
36624
36363
36658
36274
36558
37151
36360
36891
36388
37655
37137
36397
36361
37012
36527
37502
36663
37645
37323
37432
36120
37632
37521
36982
37442
36548
37583
36955
36270
36292
37738
37085
36795
36804
36840
36186
37590
36239
36656
37670
36352
37821
36951
37449
37364
37531
36930
36536
36740
37489
37560
36691
37662
37612
36727
37379
37723
36815
37528
37536
36484
37564
37343
36453
36948
37150
37613
36666
37854
37553
36534
37769
37723
37769
37276
36920
36625
36576
36940
37714
37401
36536
36607
36067
36428
37210
36379
36853
37310
36581
37589
36391
36973
36636
37029
37059
37294
36134
37288
36823
37212
37015
36847
37785
36387
37706
36365
36318
37221
36767
36503
37500
37321
37287
37257
37726
37106
36809
36959
36201
36796
36708
37536
36673
36191
36559
36523
36841
37370
36920
36794
37463
36544
37666
36160
37510
37059
37576
37751
36709
36238
36855
36384
37274
36950
36519
36415
36824
36354
37597
36917
37511
37582
36367
37639
37492
36739
37437
36599
37503
36714
37276
37568
37639
37822
37393
37384
36940
36789
36988
36338
36430
36805
36408
36231
37607
37706
36857
36849
37176
36435
36563
36644
36179
37483
37494
37209
36572
37092
37030
37114
36730
37702
36611
37662
37000
36271
37805
37487
37347
36693
36492
37588
37645
37450
36994
37983
36467
37098
37292
37058
37554
36299
37018
36544
36585
37449
37847
37299
37337
37134
37904
36475
37764
36329
37057
37631
37640
36713
36574
36258
37522
36603
37873
36253
37733
36239
37033
36469
36243
36337
36861
36656
36490
37219
37090
36755
37398
36974
36996
37532
37519
37296
37682
37163
37174
36966
36905
36805
36202
36608
37535
36536
36534
37572
36559
37202
37535
36822
36470
37514
37334
36657
36673
36678
36665
37769
36946
37138
37712
36691
37182
36944
36342
37470
37611
36295
37046
37622
37079
37309
37487
37376
37152
37457
37373
37638
36283
37687
36525
36419
37381
36470
36838
37720
36784
37406
36327
36463
36999
37559
37748
36367
36906
36661
36215
36448
36302
37938
37638
36843
37559
36548
36368
37708
37458
36524
37859
36393
37358
36632
37434
36328
37698
36388
37214
37607
37698
36934
37521
37400
37711
36238
36982
37623
36682
36776
37401
36668
36894
37617
36251
36909
36383
36452
36442
37548
36459
37062
37329
36622
37717
36997
36670
37163
37678
36316
36194
36400
37644
37040
37410
37490
37623
36840
37743
37004
36341
37762
36636
37561
36563
36153
36663
36537
36635
37580
36694
36496
36279
36131
36724
37570
37396
37503
36653
37014
37068
36367
37309
36519
36720
36529
36373
36150
36912
36494
37471
37613
36417
36272
36187
37634
36910
37604
36183
37362
36396
37622
36262
37100
37772
37315
36131
36655
37137
37179
37601
37491
36487
37374
37274
36687
36412
36261
36587
37785
37205
36419
37676
36272
37271
37046
37619
37140
37299
36387
36954
36957
36400
36943
37489
37135
36562
36375
37172
37578
37673
37239
37164
36493
36296
37400
36805
36938
37794
36659
37241
37349
36227
36382
37638
37230
36538
36309
37471
36102
37673
36536
37692
36545
36495
36468
37487
37725
37195
36475
36647
36236
37696
37171
36880
37254
36174
37407
37082
36245
37396
36792
37788
37670
37447
36905
36601
37716
36396
36674
36462
37343
36877
36969
36796
36680
37101
37316
36496
37204
36876
37320
36655
37568
37615
36891
37738
37611
37085
37703
37427
36426
37604
37506
36404
37651
36443
37472
36951
37162
36728
37568
37065
37094
36798
36497
37728
36837
37500
37134
37250
36847
36828
37096
37176
36762
36184
36527
36232
37478
37493
36637
37044
36174
37422
36868
36740
37591
37778
36075
37418
37351
36326
37355
36861
37375
37441
36781
36435
37013
37612
36963
36872
36922
37305
37352
37442
37570
37667
36908
37654
36862
37867
37497
37763
36897
37158
37734
36474
36320
36415
36474
36383
36508
36449
36310
37564
36884
36453
37682
37411
37490
37115
36981
36825
36058
37759
36360
36814
36318
36271
37540
36842
37242
37835
37054
37517
36787
36174
37149
36902
37680
36233
37296
37107
37430
36305
36723
37710
37466
37725
36728
37598
36527
36689
37159
37558
37018
37638
36497
36431
36431
36154
37592
36373
37679
37763
37668
36531
37606
37369
37099
37334
37634
37671
36490
36730
37104
37447
36491
36167
36893
37311
37601
36489
37666
36643
36685
37364
37868
37214
36461
36138
36942
37115
37102
36309
37351
36650
37668
32541
32541
32541
32541
32541
32541
32541
32541
32541
32541
32541
32541
32541
32541
32541
32541
32541
32541
32541
32541
32541
32541
32541
32541
32541
