9948
29957
35828
35482
34140
34900
34268
36038
35872
28653
33285
35234
28571
28186
35518
27946
36025
30155
31332
36338
31736
33644
36240
29939
36213
33528
33630
35476
32559
35099
28107
32678
28877
35943
34622
36539
36860
27996
36276
31144
36821
30528
34906
36743
27983
36692
29749
35608
28651
36018
35264
34488
34173
33264
36230
34141
28143
35466
36848
28129
36583
34479
33876
35917
32458
29059
36674
35818
33991
30197
28066
28089
35972
33213
29570
30218
30513
28951
32338
35555
36447
32700
30343
28374
31830
30613
31974
33389
29082
32454
29412
28074
33452
34024
31297
31547
36699
35875
36089
32029
32381
28988
28804
29488
30988
33175
28456
30507
32109
36671
28346
34068
30176
36680
28128
28613
36273
33246
36103
32647
29826
31292
34519
32199
36299
28219
36430
28446
34304
36117
33418
31281
33234
28691
29683
30566
34350
32227
35828
28826
29986
28889
36552
31634
28827
33367
34435
29965
35743
28540
32418
36421
36381
36065
32695
36741
36685
28492
30153
34256
35541
36470
29444
36110
31758
36394
34882
30354
31201
33792
28087
33189
35947
34321
35175
35830
28231
29666
36695
28337
29384
32806
36831
28439
28632
29474
34859
35906
35013
36449
36428
28953
28235
30040
32387
28163
36764
36645
34867
32703
36705
34508
28711
35201
28765
27977
29595
33574
36677
32139
34048
35543
36946
29263
36092
28568
28113
29159
35541
31203
33906
31542
34404
29288
29455
28043
32565
32519
33999
30347
33920
36113
29058
35471
35207
29102
32930
30392
33235
36960
29560
31702
28235
32604
32026
31784
31046
36929
34527
28076
32158
29619
28185
36724
32427
28076
34497
34431
28953
29637
36719
36030
37042
36317
34245
28271
36922
36740
29085
29989
35701
30713
33675
36145
32983
28498
35382
36936
33733
36186
31828
36942
35433
29032
28465
28372
30434
29081
33958
35655
28267
35698
33357
28004
35861
36505
33787
28603
28354
28276
28032
35864
36801
36877
34740
29862
28417
31085
28240
32074
32306
29074
30391
28002
36190
30225
28925
28522
29742
32922
29818
36506
28374
30098
35085
31387
31130
36742
29179
33254
29501
29825
32284
29752
33843
34447
34578
28863
33580
28233
28899
29594
31806
33257
35522
29509
32203
28834
29139
30349
36087
28117
28166
33216
32762
31530
36133
33874
36472
36718
28942
28538
33770
29231
33154
34825
30474
28353
30360
37079
36734
29477
36663
30219
36385
32025
29812
30419
33490
34452
30877
32707
29553
29396
30660
28188
36078
33844
35412
35901
31333
28804
29886
33732
33882
30654
32027
31965
36107
29412
28253
28130
35622
36397
36219
34316
29236
32029
35718
35552
33734
31846
35642
28139
35869
28081
34862
32409
28568
28414
34079
36660
30385
34639
35822
28138
35720
28243
31698
28148
33584
32166
36921
35403
28259
28252
31204
34145
28355
28487
30134
32979
32718
29288
28958
28721
28132
28109
34601
36002
28368
31541
28899
28963
28749
29467
33072
28677
29209
30804
29405
35508
31662
34048
35743
36630
35726
30161
28238
29504
29761
34982
35120
28848
28296
34969
30433
35717
33464
36240
36829
29474
32305
30097
35589
34456
34508
28519
32730
31440
33253
32079
35840
36270
31286
32964
34526
33552
34159
35866
29283
31228
32307
31373
28809
31085
32670
30619
30559
28456
28350
34546
34753
35631
35383
34378
35267
35439
34965
28273
36621
34850
28305
35471
36469
31071
34201
36313
37006
36743
36079
28508
31273
30182
28456
36334
35120
36424
34923
36973
33363
30855
28447
31026
30536
28430
28246
33860
28360
35626
36659
28032
36836
31390
31874
28948
32224
34570
28984
29665
34524
34189
36839
28289
35051
36646
35589
28276
36508
29091
34747
34586
31590
28614
35259
36513
28113
28343
29259
36727
36779
32284
28242
34750
35604
36604
35834
33186
29132
36622
30640
35871
29753
30204
32636
29069
32555
35426
28823
30858
28575
32746
36596
33231
32254
31342
28161
30665
28458
30203
29098
34084
29352
29205
33314
35230
29738
30801
36014
28223
34430
35202
29294
36083
36708
35853
33298
31751
36102
35371
30465
36805
32582
28095
29668
33689
29551
28848
30193
29869
28633
36377
29455
28367
31304
32819
28692
36849
31755
28623
36518
34160
31445
28544
30699
30705
30391
28111
36022
29132
30568
28450
29533
28148
36771
33533
30285
29615
33020
34571
33837
32848
30555
33301
29597
29015
29902
28835
29675
31126
35727
36721
28643
30428
34144
31440
34250
31626
35335
35573
36544
31366
36322
35357
29102
34540
35731
31815
28079
29735
34810
35889
35453
33448
28919
32271
31548
31264
31608
36319
30986
36684
30347
34084
28530
29495
33344
35961
28375
27981
36892
33094
30801
35935
28142
36553
28370
30830
30724
34854
28273
29174
28302
32794
29227
28563
35078
28189
35485
31270
28254
30430
36561
31591
37085
31992
33094
36753
32146
29561
30349
28775
35756
31568
29839
29500
32986
29467
36821
32900
35345
36267
29558
28741
29156
31468
33276
31868
35050
36269
36414
34586
36409
34829
31439
33834
32718
36321
30440
28466
34832
32969
32144
28334
28155
31641
33776
36780
28142
33756
30750
36846
33277
29718
36118
31764
36008
34070
31449
35399
36606
29414
28821
29500
35431
28608
28117
32400
28314
30287
30905
30432
29406
30874
35868
35458
29447
30610
28117
34707
36980
31457
28382
35260
30119
33669
29200
32033
31424
32163
34930
35524
28336
27958
34844
34582
35199
35212
30137
35588
33433
30653
30326
30097
35273
28188
29961
35626
28139
28045
36386
31804
30392
33865
35878
29301
31694
35743
33597
35304
28130
34453
34558
31230
28661
28249
33254
36777
35191
36797
35870
28251
35521
30566
35642
36415
30615
31491
29657
29207
30905
36004
29780
36548
32622
30123
28100
29405
35310
36673
31842
28069
30796
32777
30579
36307
35207
28602
33102
29801
31603
28282
28194
33082
28410
28059
35703
36695
28068
36576
31970
28960
28155
30366
29574
33951
36971
35823
34566
32055
36849
30052
28161
31809
29176
35533
36290
30774
35737
35348
32198
28925
29199
29459
28418
31873
33189
34130
30386
34242
33796
36198
36569
34480
31849
32369
28528
31932
36180
35988
36250
28760
33999
35923
35919
28766
36605
36265
30155
30633
29315
30466
36321
36643
28321
31120
28106
34658
28137
31566
32674
30489
28433
31800
35606
35209
36576
34178
36841
31377
28994
29971
28912
28417
32267
31676
31788
36637
34385
30921
30449
36517
29327
32879
36601
36550
28509
29364
35026
36811
31118
36090
35201
32818
28837
32377
34184
31897
35351
29109
30476
33209
29141
36627
28594
31787
35418
36942
28181
33464
34268
36299
28294
28340
28848
36742
35249
28241
29330
36982
31616
28018
36582
35726
34903
28458
28238
30572
30636
28772
29938
29953
27968
30608
34434
35182
28297
28207
28716
36440
34416
30455
35003
32950
35156
33588
35502
36787
36574
33724
29265
36038
34269
28143
35379
31907
28160
36786
33455
36730
33357
29927
33222
28497
37058
35831
36978
32049
36426
28782
28607
34701
36694
30923
28159
30191
34998
33585
28669
28477
28899
28676
33063
35492
34653
32444
30321
36859
28415
34025
36907
28745
36601
28358
34606
29912
30554
28174
34280
30255
28558
33929
33043
32840
31367
31101
34824
28155
36351
32020
28512
35876
31445
28047
28232
35591
33179
28550
35048
31346
28228
36631
36315
30629
34337
28061
36370
33314
35985
28633
29588
28362
29104
36610
34298
35874
36545
35584
36649
28399
31331
35937
36613
31905
28433
28268
28911
34692
33245
28100
36824
36819
29232
30109
34113
28821
28112
30779
28985
28235
36343
29643
35299
36585
29535
27973
34986
34114
29462
34482
36724
28168
36373
36044
28554
28188
33657
32400
28876
29231
32668
33433
33639
33837
34086
36403
31420
35375
36787
36766
35111
32900
29880
28187
32426
28222
29734
28032
35778
28336
35931
36733
31195
33365
36895
36028
34075
28853
28203
30243
37084
29179
36855
31592
30003
36382
36844
36419
36397
34837
33174
36152
36349
31870
35615
30223
32461
33176
29014
35024
30934
34610
33985
33361
31061
28846
28675
29166
28192
33754
35755
28491
35863
31470
36277
35708
30088
31375
35733
28181
28641
36782
29238
32620
35343
30602
33092
30422
30825
36741
28837
35469
30079
33684
32354
35073
36804
36666
33600
27999
36699
31301
32270
29638
32015
34813
34536
36376
30118
35152
28803
31711
36656
32262
31284
30598
32511
33616
36178
29185
35116
35705
29152
28254
35068
31522
29055
32921
36031
36549
29924
35181
30043
28822
36386
37015
33958
29070
28828
28482
33879
30757
30185
32471
34154
34573
33245
32678
30673
33808
36922
36871
29956
28783
28994
32134
35579
29215
33603
28516
28865
32378
31823
36697
34588
35977
33765
29780
35148
34457
36224
29080
36311
36550
30119
35421
32339
34750
28251
28329
34687
36031
36954
36987
28139
31122
36850
28994
28785
30722
28838
29423
37010
36582
28717
36001
28321
30959
34556
36146
36649
33985
30327
29705
29887
29433
36084
30293
36889
32474
36838
30092
31440
28928
34389
36590
35875
30237
29076
36498
36925
29147
29340
28069
34322
34051
30207
35431
36954
31264
29412
30698
32997
33374
36509
32347
34753
32552
29847
32340
31232
32206
33195
36509
28048
35387
35683
36316
32428
28533
35529
36713
32237
32158
34549
34242
35879
35214
36578
36421
29117
34578
32310
36689
29523
34722
36596
32599
28588
28187
29881
32354
28203
28979
29667
30904
35076
28967
30675
36973
36243
31500
30995
36950
28653
29264
34793
34078
28077
34790
35975
36546
29273
28406
30871
31110
29022
32596
36874
32430
35418
36536
36878
28999
31418
36415
32202
28040
28708
28092
28347
28865
34819
33623
28802
30339
28426
35475
36874
36252
35260
28555
32744
29546
33271
33640
28338
34835
34663
29611
36522
34239
31483
28554
29587
28643
28462
29451
35846
33825
36729
32907
29161
33779
35355
36861
31687
29308
29781
31028
28458
30236
32137
31784
36723
34849
31947
31522
28219
34433
35555
36255
29675
29198
35490
28752
29146
28227
32875
33418
29440
33214
32711
29547
27994
35409
33973
32236
36579
36321
29808
33548
28250
36527
35851
32154
36740
28576
33330
33762
36365
28730
33089
30300
31427
34983
28745
33504
29330
36590
36624
29984
34222
28166
30856
33806
30225
28286
28467
33980
28087
30322
34776
28356
33884
28869
35126
35980
31842
29581
30975
36207
28107
33404
31051
28366
31669
28136
28651
29332
35353
30524
28532
33751
36919
36557
31686
31874
34438
28238
34664
28738
29840
35610
34691
34551
32104
36862
29804
36454
28864
34298
29361
36693
36400
36803
36353
31677
30012
30599
35360
35471
35577
28190
30003
28138
28417
33890
30142
28019
33242
28297
36594
27982
28327
35031
30803
34702
28381
29609
28911
29808
36478
29069
28188
30809
33685
28977
36516
30458
34647
28589
31315
36955
33138
35413
36597
31570
36038
34423
37085
32872
28416
31581
28403
28537
34678
31789
33184
35485
28738
34546
28997
36644
29170
28178
36546
32394
36666
31286
35383
31632
36025
36381
30554
31208
33390
28194
29723
36081
30675
36572
28300
32007
35023
33790
36001
34650
28805
32889
30444
36080
33142
34992
36188
33004
34977
35385
35789
28207
32264
28210
29272
29902
32880
33024
29461
36385
36805
32009
33645
33111
28153
36379
36870
32942
28633
28446
36445
31399
29655
34542
28283
28494
28257
36640
36918
33050
29184
29428
28232
30094
36345
30186
36719
30064
29005
28956
29166
29525
33747
35637
33368
35812
35198
34444
32841
31796
32667
28969
31493
36101
34315
28270
36133
28200
30127
32189
28629
29007
29661
29680
36684
34368
36667
31584
30473
29963
36226
34799
36882
36626
31775
28039
33324
28803
27991
35389
31240
28578
29977
28496
31888
32489
33239
36359
28282
31549
33859
36874
33263
31467
36575
34070
29917
36765
28219
34137
29746
30215
30799
28750
37038
28236
28148
36845
31417
28201
32562
35976
28162
36747
28369
30579
28953
29972
31073
30005
36553
28390
34194
36080
30665
32767
36203
36760
34650
29117
28257
31467
28852
29732
36509
35513
36505
36703
35990
28302
32534
37004
28483
30968
32385
31127
36374
33000
28392
30236
34810
30129
36337
33314
29757
30024
35124
36218
34856
33833
36673
34747
28906
28262
32407
31603
28559
28870
35132
34488
33650
36786
30052
36136
32448
35009
30909
28040
31398
34246
36340
36722
28591
35473
28818
29358
36752
36461
28126
29508
34923
36999
33389
36720
32082
35939
36831
36460
36314
36767
35361
34682
28122
30847
36089
35575
29407
29827
28419
28029
32609
33687
34293
28131
36361
32946
35333
31155
34496
36346
32967
28076
36340
29102
28306
31131
34306
36748
33640
33956
29180
33119
30144
30870
34494
36321
28419
29060
30254
29163
33663
33636
37031
33366
32995
36261
34444
29933
28576
28038
33722
33683
28053
36031
30105
31774
34001
32876
36116
36553
35698
32207
28074
36337
36658
30360
36759
31375
35392
30274
34632
36503
35371
28178
34695
28563
31044
29587
28435
34047
34402
32622
36543
32323
33660
28573
36477
36991
34839
28155
35665
29881
34373
35413
31054
36448
28859
36255
35386
35324
28795
36275
36398
28014
32795
34148
34418
32828
28283
32269
33364
36078
36747
35314
36906
29909
35228
30423
30954
33109
29079
36953
32679
32921
36753
35134
32070
34226
30494
32241
28407
33106
35643
30505
29923
28489
28317
29713
32023
28845
34495
36360
31434
30633
35068
32069
29261
34330
32515
28521
31386
28811
30078
36690
32088
34884
35925
35253
30890
29403
32313
34885
34787
35670
29750
35185
32405
34775
36657
33388
36641
32890
28779
36394
29966
29119
33969
28098
36472
28415
28706
30912
31138
29225
33943
32032
29926
33691
34365
29707
31887
36013
28006
35082
33652
35929
28319
31051
30199
29630
36717
32394
28339
33159
33946
32837
34317
28862
28071
31735
36697
31978
31471
28353
36625
35132
35480
30106
32743
35855
36865
36562
33898
36688
28695
34016
36945
32971
33596
35531
28231
28048
28248
33313
33210
28630
28272
31935
28102
28397
29735
28358
30548
29758
28579
29579
28614
35969
36199
33942
34170
36746
30987
35938
32184
28659
28739
28691
36373
32680
36667
28333
29128
36189
36688
31627
32884
30322
28896
29293
36051
28287
30837
28345
29384
28871
36275
35915
36397
34024
28297
28130
30754
35754
28356
29413
36191
35883
35031
29783
35912
36925
28876
28406
28458
35256
29571
28717
30245
35180
29901
32374
35533
36213
32791
36366
35922
34414
31936
28934
27984
28777
28252
33974
28460
28078
36305
29086
28049
34202
35166
32645
36801
31693
31416
33778
32620
36679
30616
28259
34214
36550
28270
33737
33953
36338
35044
28069
27992
28056
28199
29782
29359
28488
28130
33449
29431
28235
28092
36890
32841
31234
35407
29318
28956
30961
30913
31657
35209
36487
35916
29760
30969
28491
32951
28112
30676
36763
33061
35893
35156
36434
31209
33043
29411
32184
33608
36608
30108
28847
28448
30118
33856
36381
33117
34343
28114
35745
35997
31668
36818
29679
35741
28547
28315
34404
36747
29439
28242
29694
31361
33493
36265
33547
29649
29959
36678
28801
29714
29347
36065
34530
28759
28832
33398
36013
30593
30929
31100
31751
29846
31968
32538
36577
36679
36451
28793
33535
33262
35922
33958
28314
28322
29582
34618
30223
35265
31481
34773
30886
34657
36678
28218
28336
31462
31230
36834
36495
28245
32989
30824
31556
33534
28402
28264
28332
30903
32975
28156
36721
32550
28546
28381
34850
28348
33810
31809
28067
28567
31426
32483
34950
31740
35796
29844
30048
36503
28945
30851
35200
28342
36152
28089
35993
34013
30183
29326
29171
35487
28183
32046
28242
28262
35848
32535
29133
36513
35842
36514
36540
30875
30815
34088
35364
36721
28658
35129
36823
31393
28773
31805
36414
28851
28683
35464
32784
29099
36483
31768
36655
33241
31559
34014
36232
36707
29775
32161
36473
28835
32276
28657
34096
28088
31417
31510
30040
31243
28823
29748
36426
28592
35078
31323
30835
36132
28794
31917
31009
36906
30861
36694
36529
29286
29891
28537
31578
28830
32517
30296
31478
31200
32482
34407
28343
28117
31517
32860
29442
35225
37025
36616
35590
34787
28653
29139
30757
29449
34665
32567
28828
35958
34202
30455
34272
36538
30759
35885
34592
29259
29653
30392
35961
35762
29211
31417
29436
30463
28897
28534
36810
28509
33286
35024
29438
29839
36622
34161
28462
32725
36581
33306
36817
32142
29674
32930
28616
30099
28074
36584
28550
28281
28310
29927
34066
28746
28098
36275
35700
28641
28430
35363
36830
31037
32007
36836
35652
33188
31938
35886
28442
34991
36915
29035
36991
30858
34968
33377
29403
36711
31389
32471
30635
35480
36481
32528
35928
31338
36028
30284
36071
36364
31688
32803
28368
28303
30122
29797
36398
30986
28981
36212
28827
34860
29652
32070
31195
34156
30364
36108
31774
36360
28529
34292
30771
30929
35896
32816
36361
35871
31880
33343
33644
34088
36428
29046
28511
34214
33824
29811
31072
36891
36796
36621
32963
36974
31250
28556
28424
29562
36716
30396
35790
29311
35305
30961
36550
28114
35005
29970
35613
28999
36562
29330
28294
33541
28233
28556
36169
32814
35698
36475
28168
28881
29401
34847
29109
36458
30388
34749
28473
30033
35271
36505
34240
28130
35040
31092
28078
36192
32055
35147
35064
35816
32786
28519
33463
28392
29968
29715
32300
31295
35896
30660
35042
36729
33122
36683
30022
29312
35262
35911
29246
29264
35937
34027
34584
36561
28459
28075
29519
34336
33570
29230
36213
35264
35060
28694
30598
28108
28308
28262
31034
36271
35740
36876
32526
30224
36489
30818
36694
28122
32762
33453
28392
35496
32082
29968
31953
36117
29359
31733
33093
35225
36798
33719
31873
29587
30408
35901
31711
28218
29252
33401
33583
30506
31342
28924
28983
30587
36095
36668
36925
33987
33622
35176
33508
36872
31390
33967
36382
29378
32293
31535
34668
36708
31227
34793
28326
29075
36138
35394
35582
31963
33651
33364
33541
33810
28161
36177
36566
28097
32430
36086
28043
33358
33688
36793
28722
32546
33171
34272
29259
32099
32037
34972
29203
35265
32046
36342
35122
29482
36516
29847
34415
30269
29519
32860
29011
34993
31097
36407
28196
35527
27997
36069
32885
29379
30163
36290
36428
35253
33833
31693
28562
30335
36290
35589
29729
30483
31979
36562
34604
34278
32616
29131
36162
31033
28072
30121
34303
29031
34545
33496
33198
36709
32006
34146
31075
34407
29428
28034
34488
35959
29561
28334
29828
30115
35353
34298
28453
28222
32840
30338
36097
29342
35662
36683
31069
31922
36068
28418
36529
36774
31058
36189
30154
30180
35170
36612
32508
28293
36859
35660
33702
34388
36258
33708
28718
28878
35995
31489
31252
33227
37056
34001
36213
36265
36518
32690
31148
31480
35673
28289
28136
30342
36767
34122
33488
36032
35892
36437
31128
32943
33488
31418
33835
35836
32474
36828
29004
35240
30793
35825
33896
35497
28442
29681
28186
35007
36814
36604
35575
29684
31953
36471
30262
33101
28555
28106
32129
32651
31227
29852
36185
36794
34755
33643
36684
33543
36200
30124
28937
33610
36442
33216
34340
36348
28614
36489
35810
35735
36186
36436
29708
36952
31076
28266
31844
29853
30539
28354
30854
34227
35168
34822
29723
32766
36305
36994
36518
34289
35101
36098
28775
28497
35116
28701
32832
32415
31467
35303
30075
30272
35538
28722
35728
34676
33639
34863
29459
28997
32512
34538
30647
29191
33579
34540
36887
35365
32752
28579
29945
28560
31457
34740
33985
31196
32784
28721
36969
34355
36449
28098
28499
30161
33059
29871
32701
28613
28288
29688
32412
28153
28751
36689
29706
28777
28974
29376
33036
35402
32633
28404
35938
28130
34038
28110
36193
33536
31184
29934
28275
34545
31930
36152
36993
34956
36837
27960
28643
34152
36585
36654
28334
31498
29250
36639
31176
32449
28348
32235
32239
29573
32700
28817
28482
34824
29369
36780
33437
30655
28942
32116
33995
31706
36895
36303
35849
34740
33987
28100
29705
28203
28670
36648
28280
35723
28931
29431
28056
33723
36726
28437
34901
28301
28093
31455
28282
32876
28959
28435
29279
36762
33433
29747
31219
30245
36174
31292
29122
28436
31146
29145
28146
29181
29147
28504
32686
32203
29101
29027
34117
36808
36606
36971
33320
31433
36857
35278
28278
28564
29694
31794
30997
34163
36302
36883
31168
36671
30348
28016
29994
33210
35763
31523
33961
33665
34294
33084
36895
32876
33035
28404
32379
36613
28092
31812
34569
28733
36310
32969
35998
36607
28708
36212
28111
33765
32307
34470
36561
31576
28389
36972
29942
36125
28244
34141
36368
31263
29651
33504
31209
36759
31402
36629
34236
34456
29717
36777
29254
34282
30057
35802
33989
28030
35831
28292
35591
32571
33345
30217
31178
34621
35714
31702
36200
36143
35301
32790
34605
29315
29504
28778
34236
28496
36334
32178
28758
33902
27999
35604
35663
32174
34982
36742
29148
28239
30399
36443
29341
28497
32945
36475
36902
34505
29622
35962
36692
28238
34030
28624
37018
35797
31353
28139
31686
34926
34916
28627
28054
31022
36393
33906
36161
30381
31355
31418
36881
35558
33518
28540
33846
33213
30958
35973
36767
28818
30564
33643
29994
28297
29219
28258
28600
36705
36683
30934
29374
32540
31156
28297
30722
34224
28868
28100
31451
36835
33070
36849
28245
36903
35259
30568
34737
28392
34377
28192
33630
34052
33988
30094
28269
28018
29296
28391
33838
34976
35076
28082
28299
36739
28422
32047
35959
28948
30942
33794
29362
28219
34500
34383
31527
28939
33442
28238
28081
35623
34554
34295
36023
29989
33412
36349
28985
28141
28117
29864
35528
34923
28952
28955
32888
30085
30145
30006
36728
28044
30146
30663
35669
33851
31129
29543
35307
29894
31174
29455
35495
29255
29847
29213
35430
34900
32473
30764
33108
28130
28203
28506
34855
34390
35125
34982
28898
34724
36155
36917
36647
30217
33402
36388
34466
28115
33504
28082
29708
28641
36296
28324
35870
35806
36590
36013
35331
28254
29099
28634
30985
36132
31545
32548
36172
35934
33923
30017
28353
28121
30091
28915
33970
35098
30011
30597
33634
30429
28092
29799
28719
36986
32792
35950
28483
29787
28690
29244
28159
36243
32091
28660
28641
28137
30176
34288
35421
28345
28233
35571
33614
28564
28246
36735
28907
35640
36119
34114
28151
36191
28998
36765
36562
36106
36485
34468
28938
34738
34748
36333
29047
35989
30885
30384
36116
35475
35347
36502
32964
34915
31567
29539
30517
35172
34521
28308
31032
34571
32915
34761
31838
30393
33234
30215
33010
36550
33518
28391
28340
29872
29738
35297
28028
36386
28585
36647
29461
36681
32458
32099
33434
33518
34007
36859
33791
29070
33506
36515
28173
28852
29732
36373
31258
28277
32444
28237
32214
35233
33742
28073
31957
29569
31299
36516
27983
32943
36696
36654
30094
36045
36074
36442
33209
30584
29940
34199
29365
31869
34422
33243
34765
29031
29303
33970
30130
34644
28325
34873
36132
28879
32516
31444
36478
36718
35587
31275
36169
34550
30920
28029
29086
36700
36594
29352
34538
31191
29476
36388
31592
30111
36172
28169
28342
30209
29824
31557
29673
28071
34710
35334
36696
35407
35056
35819
33690
28227
34245
28119
36015
36785
32017
36856
29614
34586
28592
36092
35858
34476
36077
33852
36177
34696
36752
36810
30034
33344
28387
28395
36468
34155
33110
28463
35376
34437
34213
28716
30323
36587
37007
30385
34076
36272
31709
28504
28613
28093
28241
28906
29936
31385
28299
28750
36598
31436
30214
28984
28440
28257
36115
29874
29827
35131
28532
35674
28402
28200
35724
29650
28198
31703
28539
29285
30676
36195
29788
35821
36049
36428
29775
28707
27975
32861
36543
32769
28206
29865
32673
32514
33425
30314
36679
31608
32109
29890
28423
34509
36532
36697
31199
29644
35973
32331
28241
34279
36729
28269
29378
30007
32058
29907
36182
36879
34016
28642
33700
34724
36584
31513
30917
31448
30919
28364
28110
30972
36242
30026
28186
36164
29861
31372
28754
29041
34664
29083
28336
28643
28530
33288
36345
34036
32969
36674
29194
34659
28643
36646
34180
34006
36479
35711
29472
29940
36498
35961
34247
27984
36654
36848
29512
33179
36473
34889
32302
34618
31689
33812
28577
28741
30666
27983
32174
35199
35551
28358
32086
36878
32759
28111
28097
34572
32138
34320
35761
31492
31597
28088
36259
28463
36355
33587
30556
32326
29998
28138
33057
28070
31908
36023
35806
33713
31109
30676
35534
28410
29873
30509
36704
28306
36812
29971
33752
36418
33815
32554
35977
33746
28360
28254
36982
28911
28027
31290
29027
30060
36305
34646
32491
32412
34966
34736
29535
28560
28966
34568
36665
28615
36610
29771
36453
35269
36553
36807
32686
28188
35506
34211
34128
28535
28136
28241
37096
36848
33069
28201
34259
36207
36642
34984
35776
36710
28392
32032
36937
34638
28066
30294
36397
28656
35569
31534
28326
29484
36007
36089
28169
32102
32584
28475
28553
34344
28594
35404
35694
28967
29727
35279
32719
31973
31387
28593
32935
36696
34883
29486
28535
30375
36566
29745
35736
36110
30166
30197
33561
29173
34724
31110
29869
28186
36354
28594
28435
36395
28791
28287
36203
36870
36544
29455
29460
30010
28700
37066
33496
34547
32434
28045
33086
28174
28219
30710
33871
30249
28141
34284
29559
30106
36648
30364
28397
28091
28592
33277
34402
33853
34070
28457
32863
28316
36710
30582
29348
36115
29281
36940
32257
31193
35663
30743
35528
31674
36771
36913
32363
35599
34913
28321
31247
32186
28421
31061
29649
36882
34068
28789
30002
27982
31862
32629
35918
37064
28722
34871
34831
31844
32445
33551
36392
36593
29059
28050
35417
29438
32249
36549
28183
28014
28452
36937
34408
35888
28986
35928
32287
32967
30013
36572
31213
33020
36397
28174
28293
29127
29964
36321
28914
32588
29303
34177
28047
35988
36437
33712
29077
29448
35197
34339
30339
29424
36572
28685
34958
31070
36717
30867
28266
29068
32294
34660
28326
29982
31789
28488
29269
30745
32225
35925
29161
36677
36020
36776
28653
31984
33801
28389
28160
28099
33915
36725
34579
33581
30246
28457
30835
34206
34838
28229
32702
35407
30197
36539
29288
31852
36053
35762
36894
31834
31549
35822
30630
30346
29349
31118
29985
28925
30514
29699
36627
28480
31987
28780
28204
29707
33095
36949
29283
29955
36357
29012
36785
32896
32706
36796
35567
36217
28779
29710
35012
36731
31140
30262
36623
28099
36410
36542
36964
32127
31707
31895
36810
32195
34701
30563
35280
36635
28059
32852
34485
28950
30775
36508
28058
30802
34451
30829
28641
36870
31280
30103
28065
28879
36854
30294
31189
35140
36635
35044
28111
28068
36786
36337
33844
33344
28975
35170
28736
31094
31789
28132
30007
33611
36728
35994
33749
28518
28010
35126
34675
34551
35711
36591
32643
33916
33190
36473
36593
32982
35307
34593
33893
32326
34148
35524
28302
29123
34114
30864
30834
28174
31101
30577
28137
35259
29514
34191
31314
35520
34941
31678
28325
28231
28043
29566
28766
35041
35464
34646
36416
30124
29739
36675
31167
29819
30017
31593
36072
33743
36889
36357
29461
28972
30966
36678
30747
32609
35556
36161
34462
28709
30079
34402
32669
28142
28679
28119
32620
34272
34070
28157
36653
36536
35425
35929
36808
35013
31917
35011
32621
35482
29681
36648
35565
34069
36897
31195
33559
32302
30544
30134
30682
32557
33682
29536
32091
28166
33812
36865
33378
36038
36030
34776
28643
36232
28172
36943
33121
28868
28418
28114
31305
36751
33462
28037
35529
29600
28281
35428
29590
28579
31301
30502
35551
34015
30766
35504
36846
36652
32916
33849
34485
28759
36509
30858
29772
36866
35331
34242
36821
28914
33681
29398
28588
31077
33167
28594
28232
31358
29566
35894
35151
28259
34805
35655
34128
33513
36579
35539
28611
33253
28444
28417
32433
29500
28165
31068
33261
36727
31069
28139
32650
34478
32632
35199
34197
36050
28188
33340
36438
28184
31778
34464
28050
35664
30585
29664
34276
30695
28137
30402
28230
29670
29946
36828
28238
30052
28727
32042
28967
31881
28659
28543
28095
34738
34063
33001
33820
28510
30468
28079
28743
35052
28726
28756
29950
35665
34499
36006
28178
34353
30902
36760
36537
31086
36913
31800
31830
33107
29920
32642
31814
28253
30227
28318
35870
36730
36645
28504
29524
30045
36608
36904
32312
33310
35666
28408
28219
33488
33464
36916
36569
31044
36529
35776
35484
34266
34099
34073
31159
30387
33076
31254
36425
35456
36607
29646
33693
33117
36804
33002
34975
34310
29927
29068
33382
30603
35433
30431
36522
36603
33597
28074
31798
31349
36209
29059
34154
36520
35894
37008
29016
32794
36151
29241
35350
29259
28751
28054
32844
30213
28418
29210
34222
30288
36483
28303
28770
36462
36815
34947
36712
34878
27983
35270
36854
36237
36412
28084
35390
32554
29959
35999
36370
34988
29892
36726
36742
28150
33788
28949
36199
28256
35047
34790
34782
33359
36518
35900
36485
30723
31937
29020
28378
28604
34909
28565
35089
31574
34433
34699
36575
35187
34609
30436
32171
36396
30380
33768
34043
32705
30710
28357
30884
36974
31657
28339
28074
35126
31405
30370
36701
36705
36388
35160
35258
29438
34286
34454
32462
32637
36649
28830
35759
28782
29898
34681
35861
37009
29739
36490
33795
29802
33484
31560
36728
31509
28685
34581
28139
29394
35925
34949
29075
36226
34421
30281
30317
33736
35218
34820
36859
28234
28387
32694
35201
35926
29736
36076
28605
30360
33218
34654
36369
35972
35609
28770
33094
30520
28160
28764
31515
33381
28182
36527
30882
30402
28495
29295
30774
34864
30416
34434
30245
31190
36384
34272
35868
31348
34883
32673
30559
36437
36666
31758
28089
30954
28648
31419
30697
35657
34238
36600
34628
29643
32775
30980
32432
28180
33145
28375
30966
34241
34829
31433
33737
35552
36646
29064
34298
28094
28024
31309
28519
28045
31014
30720
36530
31799
32127
33410
28249
29264
28477
28836
29375
36744
29329
29818
28328
32701
36133
36698
34435
29487
28159
30958
36731
28687
35684
35174
29809
34367
28099
28111
34466
29877
36430
29955
36935
28233
36891
33348
34007
34442
32984
35095
35739
32485
36641
29549
35507
36565
31652
30688
36163
33159
36219
36436
32453
29061
29231
34637
30405
27976
28154
32274
31224
35445
29660
32204
36838
31083
36420
30299
28312
34408
34318
32300
28270
36906
36156
33083
34725
28228
28544
36959
28364
28115
33399
31670
28349
35177
35626
33526
28841
32306
34520
31089
34906
32757
30527
36635
32457
36709
35162
29560
28672
36771
32747
32292
30940
30039
33467
28217
31376
36182
28628
28938
31926
36450
35909
28659
30599
30551
35913
36015
36360
31638
35802
36489
33805
36617
29782
36066
28487
30899
35041
28156
30318
36753
28092
29024
36523
32438
34166
31392
31107
29533
28424
29274
31761
36417
29402
36848
36482
35808
29564
35051
34661
36803
36535
29293
34999
36846
29877
36642
30650
28201
28286
33977
33862
36850
28686
34198
36786
36221
32150
35865
35906
34706
30802
35683
28162
36345
33325
28042
29592
36814
30611
30376
29280
35949
36348
35229
35041
28051
35372
35945
36229
35913
29870
36874
30830
30810
37001
36776
28281
30947
35683
29426
32359
36427
35928
28481
29159
28133
28717
30287
33294
32937
28539
34740
34718
36622
29186
30405
30478
33459
27997
31089
35870
36597
36822
36239
35400
31348
28232
32474
31782
28686
35766
36833
28489
32163
36795
34506
28178
30297
30063
35965
31309
31314
35426
32419
30018
36920
36256
34611
29482
31412
37057
32027
28925
29366
28300
29732
28247
28886
28958
30207
28764
31679
28327
28272
31265
32861
30420
33006
36546
34300
32217
36145
30413
34585
29646
32223
28868
31869
33384
29893
35866
29936
36578
31622
36565
29622
29616
29748
28084
34430
29771
28278
28076
36708
28904
32468
36582
29059
29336
35012
33525
30553
30621
36692
31392
36710
32395
36595
28528
29602
28056
33520
30769
32519
30611
30699
33372
33920
33163
28823
36429
28333
28025
31426
33579
28278
28303
32178
33424
28363
29339
32688
27970
31183
35230
36725
31281
36823
36656
31252
33938
35922
28718
27983
36868
30085
36974
35948
33308
32191
32498
33459
33232
31346
35987
36037
36137
34299
29150
29761
28582
30860
33538
34761
35136
36443
28128
28422
27975
34925
36958
34808
30392
33010
36714
31031
33194
32152
34688
28215
30579
31710
31327
34290
34198
30573
36537
36527
28893
28221
29231
35561
35619
36263
32687
28059
28706
34682
30806
36094
32473
34627
36613
28005
33396
34930
33500
36609
34431
36077
29428
30456
30513
36063
32293
34947
32131
36002
28491
28445
30200
32515
30258
35784
32046
30574
34486
36752
30589
28168
28517
28174
29680
32246
34105
28133
31909
31388
30582
35452
36459
33316
36873
30915
28557
37080
35480
29269
29770
34372
36873
30639
28603
33038
34192
36503
28252
28338
31150
36366
31934
34426
36813
31238
30273
35443
29038
33745
28382
31000
35815
36857
32497
36179
36205
29796
35779
29963
33776
28168
32634
35038
36266
36563
30261
35838
28126
34026
29724
31583
28291
28134
33339
33821
32158
31362
34056
36479
31836
28077
31768
28211
29283
36219
28246
34350
36962
32367
34535
32611
28080
30131
36736
36654
30143
34247
31516
29593
28924
35050
35229
30359
32329
28133
31815
33037
29125
35350
28360
36126
32366
29961
31916
36730
28845
35370
28697
28204
28566
29084
28073
31059
30081
30766
30590
32967
33964
29151
30351
36887
34987
28947
29603
36835
34526
34534
34909
33859
35582
36341
29377
28820
28340
28368
29017
32928
29426
28234
28529
28388
30540
34410
35799
36773
36337
28728
29114
36542
36804
36160
29374
29503
28590
33801
33442
28499
31947
30923
30475
30844
36424
31327
28727
31593
31793
29894
35407
36338
36767
28010
34780
30649
34430
30858
31105
30579
28770
33443
35911
28983
35381
36729
34630
28453
33574
36692
31054
28330
37021
35884
36712
35140
30055
31061
29775
36726
35838
36962
30026
30340
34050
36774
33443
34674
31085
35096
35331
36646
33621
30280
36633
35109
31388
33418
36628
29286
34873
28900
33043
28772
35643
32000
28288
30741
32838
30732
30852
30553
36792
31023
30963
28307
28210
36586
34304
34619
35101
32097
34142
34093
29622
30601
36826
29895
31638
31803
31098
32012
32361
34545
29470
29913
33314
35420
34906
28533
31578
28253
33939
28144
28273
29210
28102
34629
33162
31351
28063
31374
34457
28791
36496
36706
36658
30213
36883
34370
36463
31059
31407
34307
28170
31869
30802
33402
28762
29509
28254
35969
36661
28372
36284
36470
32683
36233
36398
36289
28159
36010
35919
36212
36231
36164
28972
36077
28878
28963
35857
36633
36291
34462
34647
32245
30232
32937
32803
37036
34885
36284
34733
36923
36261
29613
35564
29914
32589
36864
28164
34820
31695
30757
34839
28185
33815
35553
33725
32131
36791
35855
31798
28459
34273
28496
32457
31705
36134
28138
29899
34429
29979
28918
31068
33522
37013
36782
31330
30064
35327
31763
33265
31310
36254
36769
31501
30206
34366
31234
31976
30054
31384
31782
29863
34201
29049
36555
36752
29900
34463
34896
33272
28813
36345
30135
34984
31621
32142
36695
30375
29789
30451
36003
28414
32341
30351
34570
30073
36656
31925
31997
35632
36833
35325
35441
31147
28489
28424
28087
30917
28560
34077
34513
28717
36679
28645
36447
32755
35517
34885
28168
34103
33754
36577
31799
34354
34092
28250
32934
34013
30987
29896
30978
34091
28197
36397
28335
29274
28176
33323
31919
36315
32132
36494
36910
36000
33890
37001
28192
31033
35028
34558
34522
29773
36726
36359
30520
35933
35358
29847
35392
36667
30499
32126
28983
28257
28550
36293
31879
30355
32319
36218
32487
32702
31874
29314
36121
31294
36753
30550
34163
36896
28042
31394
28902
33376
35698
34047
28202
35475
36664
29856
28314
36789
36384
29266
28157
32726
28639
28350
34640
29834
36698
32907
35773
36307
35764
32918
36987
30683
28475
28996
36831
37034
32277
36796
32262
32827
36716
31231
35728
36187
36124
33340
35071
31883
28193
30999
32424
36549
33026
28291
28905
36837
28335
29833
32839
36334
34996
29178
28276
28319
34704
35808
35505
35112
34263
29221
30776
28347
30654
32529
36921
31946
34232
36541
29009
28336
34774
34255
30470
35647
30972
28054
33848
36442
36628
30135
28418
30629
30924
29890
30884
34890
37025
33316
30454
34550
34440
32066
30384
36747
31663
31284
36659
36585
36564
29349
28394
30327
34974
30413
34638
36721
28283
28800
27917
32065
35597
36499
28712
28898
34738
34253
27977
34620
31003
28722
28631
36421
28197
28169
31997
28831
30200
28408
33530
28642
33151
36660
33170
36338
32846
37114
30422
30431
28195
29136
35792
33131
34467
29123
28061
31096
28490
33111
35233
31794
28799
29760
28151
36332
35116
36494
34166
30423
29059
28480
33486
35293
32447
36997
31081
28989
36385
34306
28155
35260
36765
33105
29636
28978
29348
28915
34013
28760
28571
35856
36877
32117
36635
34279
28783
28151
28363
30934
29557
32439
35303
30512
36809
36558
31783
28724
29009
36280
33554
28079
36612
28105
36077
35817
28219
33498
30970
28359
29284
32587
30992
32031
33166
36915
33598
33236
28309
28585
29417
36650
28528
28135
36316
28572
28221
31677
35609
31612
28290
28250
36432
35953
36879
33129
35663
30623
28281
28905
28402
31271
28230
33648
36178
33905
28757
28015
36811
36591
27923
28542
31447
31256
28622
28116
34099
35209
34679
31167
29525
28440
30998
28991
31728
34775
32257
36266
31923
35982
28874
28224
28605
33001
34472
29211
28133
33522
28181
35479
36642
33588
36511
28757
28022
29924
31436
28316
28738
29318
28918
32256
33747
28029
30014
36595
35995
36654
36672
35031
34286
36385
31452
36565
34187
36624
31562
29259
33747
32529
35106
33138
36300
35258
36093
33126
30069
36452
34030
35437
32311
31757
34944
32172
30126
29236
28089
36840
31359
29568
35026
35113
28925
28036
31193
28030
36271
31313
32195
36005
35825
36950
36140
28820
28079
30722
36690
33228
36810
34385
32176
36944
34104
29729
31267
32597
31943
32826
31521
35286
32166
30231
27982
34490
36760
36740
33197
31214
28196
30439
30377
31222
29053
29908
36176
33219
36946
31379
30508
28584
30074
35169
36650
28494
28977
28979
36975
36553
29191
36471
32200
36859
28157
28159
31518
32681
33706
34585
35915
28678
28141
36066
34905
29807
32577
36937
30610
28586
36283
34141
33680
35312
33528
28715
36701
35353
29238
29592
28791
36327
32071
36701
28687
30175
30040
35588
34108
32424
28375
36544
36545
36749
29408
28273
34136
36742
31014
35135
28657
30683
36140
35744
28847
31025
36201
28612
34288
31926
34605
33297
36614
33192
31771
28344
30388
30802
28304
29111
35599
36584
35865
36093
32937
28098
33526
34920
36016
36850
28100
34068
29867
34168
28263
30677
34248
35369
28772
33666
30315
34485
28650
33248
28193
35301
30524
32258
28107
35088
31038
33219
32061
29545
29341
28933
28574
34240
32891
32656
32754
28732
33826
29227
36945
29264
36760
33870
36888
36651
36574
28267
30470
31696
31907
29405
36625
30233
33947
36628
36767
28217
36718
36671
34627
36705
30940
31873
32823
32533
34156
35468
32182
30594
36169
30823
30579
37049
29938
33853
31846
30499
35903
28436
29714
34276
28522
33786
29004
36141
28183
33993
31258
36045
30065
36743
30317
32947
33516
34301
28296
36106
36857
32016
35895
35360
31331
28928
32463
28221
31498
30071
35447
36789
36243
28237
35196
29257
33972
36346
30139
36883
36730
32273
34306
31688
28141
31378
33342
36366
35119
36778
30199
31053
31483
31585
29900
36711
29571
29854
31345
31245
31609
31941
28234
35020
33609
36655
32105
35312
36141
36448
31384
28535
32211
29952
35050
31646
36319
28338
29048
29125
30259
33601
29093
36300
36571
29381
34865
28511
29754
35520
29059
29611
30664
28473
31166
28459
31553
36279
36653
33879
34972
36972
36664
36190
30964
31988
28052
36636
36567
34063
29716
34349
34322
30459
34007
28593
31571
30615
36714
29654
28858
28243
29936
36638
35694
36374
32516
36455
30493
28910
29004
29456
34689
35765
32019
34204
29613
28986
30672
29479
28966
28575
36944
28403
30805
28066
36673
36541
31079
31274
31983
35671
29756
36554
28454
30499
31330
36825
36537
30434
36074
34206
34829
37069
28506
27947
35192
36957
29418
36977
34382
31663
35183
28284
36975
36870
36792
31033
32325
29980
37013
35636
34590
31176
34216
36206
28078
28342
34589
28892
36385
29131
28223
28229
36366
29630
35092
31586
33334
33704
33597
33118
35568
36861
34593
29425
33208
29982
32426
33415
28162
32617
34338
32370
34143
31669
28078
35827
28113
28359
36398
36894
33631
29397
31028
32356
31674
30027
32088
31235
31143
31700
28276
34306
36714
31539
30623
36747
29178
28201
31280
33919
28179
29215
35967
29819
29516
31777
28800
28545
33905
36281
28507
28157
34907
33587
28553
29828
35421
34066
28059
34985
30909
28933
30340
28197
32273
36595
36740
33883
31140
29449
28358
34458
32932
28417
32245
36831
28287
32091
34859
32933
36710
33187
35022
34211
28183
35008
35789
34098
35882
30292
36376
28299
30422
33426
36607
32282
36665
28848
34446
34155
36520
35646
36665
36978
35684
30079
29710
36948
30566
32906
35903
33630
35476
28111
33763
36661
28482
35182
35752
28570
36456
34632
35471
28431
36618
31204
36605
36390
36064
33047
29091
29763
33038
31610
36997
33526
33554
31940
33730
32650
28697
34089
35521
36035
28830
30759
31777
31902
34992
29024
29974
36518
36234
28642
29934
36125
30387
36687
35185
34466
31556
33422
29562
34071
35772
35854
28801
28878
30871
31396
30870
35553
35739
33346
34144
34526
29299
31745
29509
33674
28570
35885
27990
28257
34084
28953
33546
36268
32569
28353
33873
28291
28117
34764
34483
32009
27974
35715
36702
29910
36837
30498
35607
29588
36247
35990
33766
35418
36174
28460
31081
35475
28749
28081
31652
35749
36101
36465
36929
35486
31732
35104
32507
35385
36777
30070
36785
35926
34977
28857
33714
30697
34105
36785
28028
32592
35757
31702
36657
31038
32450
35883
36368
35889
36662
35911
28852
31719
28858
29426
30493
29806
31830
33398
34672
30733
31128
28314
36302
34892
32750
36832
36280
31789
31964
35426
36569
36262
28274
28264
28921
29698
29859
35461
36923
30240
30402
33137
30480
36497
30774
35124
35622
31918
28787
28558
31482
32607
29386
28160
35219
36114
28401
29470
28257
35040
29436
36990
36714
36453
33792
34779
30817
36821
30438
33422
34701
29064
36942
36201
33415
29239
33598
30180
30222
36917
35347
31474
35607
35587
28490
31339
34851
37029
36576
35589
28128
30822
28021
33458
35664
36001
30129
28444
35510
31768
28282
31819
28066
35231
36438
30582
31991
28542
28824
27967
32010
31265
29029
31886
36822
35217
31961
35446
28504
31994
34568
32093
28337
30983
29011
29664
34614
28165
34059
36966
32596
30231
32646
32678
36663
33224
36509
36027
36661
28226
31002
28358
28303
28397
28227
34437
28333
28306
29838
36905
34490
30238
29643
31726
32670
28201
35932
36796
35644
32740
33730
34825
36381
28084
34422
32599
35841
30359
35213
36109
34333
28678
28236
30227
33604
34794
34075
35043
35981
36575
36309
31755
35783
36881
36770
34366
28176
33652
36057
28073
35005
31883
36203
36333
28013
33442
36763
36730
36194
28208
30324
30122
28310
31339
28018
28782
33366
36808
28238
32798
28699
28794
31270
30823
34706
32398
31042
31211
29877
36786
33506
34100
28415
29066
30312
28181
28156
30380
30824
30611
36798
32703
34950
30068
28323
34954
28209
36850
32281
31934
28248
28410
28289
36387
35557
36845
32534
33714
28282
28678
28449
31378
34286
31327
32776
28400
30758
35024
28590
36497
35925
28113
35578
28369
31317
31542
31076
33472
29464
33235
35906
29368
34057
34879
32476
36770
31537
30420
31125
28024
35594
36675
30453
28160
29160
29611
33011
33735
31879
31679
36490
36761
30752
35102
32276
33645
28685
32382
29256
31288
28709
32687
34049
36820
28808
28084
36735
36382
36451
31126
33810
28122
30469
35347
36538
31399
30795
36708
35784
28355
34965
31408
30006
31638
32044
30383
29649
28592
28544
29743
32281
36199
31594
28794
31688
32100
33958
28462
28656
34756
29053
31030
28165
36396
35173
35177
32089
28405
36588
31700
32699
34646
32175
28060
31524
35859
33454
27952
34852
28092
29675
36027
36569
29718
33870
28179
28437
28327
28763
31286
31627
28109
36244
32999
31946
36422
33125
35643
35663
31171
36460
28783
28023
28719
31328
28660
29900
30246
36235
29770
33431
32901
32417
36425
36849
36468
32914
36781
29201
34676
31194
28108
36306
29590
30456
29684
31723
29187
29033
36665
35743
31917
36024
30586
31493
29253
28439
33522
35374
30072
30463
36144
31480
36140
36471
35866
28971
28117
31925
28589
36081
32459
32610
32663
34533
28205
36310
29192
36823
28095
35948
35899
35736
33663
28192
32134
31846
28264
33092
36973
28711
28157
34105
34328
30129
35854
36581
35463
29813
34795
30419
32682
30755
36218
34415
29730
29809
28377
28307
28159
29685
36794
30816
35916
36496
29307
36114
28037
33961
35405
36675
33358
29684
29303
35028
29134
29736
36640
31196
29226
36764
31451
34467
36648
32244
35293
33676
36915
34842
28975
28542
31781
29428
32415
29013
28094
31607
28409
30936
34832
28304
29172
34922
35447
36781
28323
35168
30621
36082
29773
28401
31530
32058
36405
28257
29257
29681
34113
31592
36629
33049
29467
28071
28245
36242
28199
28141
32617
30379
30348
33437
36705
35180
28669
28171
28970
35078
31565
28348
28060
33303
33678
29187
28196
29683
31413
28267
29032
27987
31045
29829
33416
30687
36034
36844
32515
36144
36775
36965
36813
31649
34226
33313
28754
28056
33166
36554
28115
29311
32078
29045
35704
28229
35518
29944
32353
34183
32918
29016
36997
36708
34976
30345
32086
34071
33990
36457
36387
36628
36351
28608
28291
28497
29217
32584
35571
28971
34723
33100
29104
27933
36158
35900
35368
36128
30119
30089
31010
29164
36615
28278
36001
35470
28188
32823
29935
33650
32429
35246
32608
33432
36188
35081
32741
31493
32530
33490
36884
33886
36789
36937
29670
33493
35843
30800
36698
30093
31128
33288
28564
29312
36874
34157
33016
28297
32618
28397
33072
28678
28179
31199
36348
29792
36646
35502
36223
35833
29429
32887
31339
34851
33968
29054
28487
29051
28074
36603
29828
35862
33465
34642
35807
32730
34946
28818
29118
35513
36318
32950
30754
36496
29044
35283
34999
31254
36360
28783
31910
36253
36497
28229
31328
34484
36892
36034
28477
28049
28234
36433
35789
36951
34584
36029
32397
33717
33201
36680
36351
36899
35134
28449
29922
32318
33560
30687
28867
29023
36692
36821
34205
35226
36155
36307
28397
29892
31331
28926
32002
35554
32661
30688
36676
30273
32027
33275
32345
29940
36635
29020
29347
34466
28494
32440
33440
35605
36933
31228
28659
28589
28130
35195
31404
34691
30999
28214
35740
31667
30345
36776
32854
33743
31144
32834
36450
28225
31449
36357
28241
34383
28408
36235
28777
29091
28615
29108
30284
28136
28089
36586
34443
36545
29769
30010
36391
30350
28182
35177
28492
37117
36897
32951
31037
34104
31143
29436
31584
30609
30983
36509
30661
28155
30095
32734
28493
28659
32786
28837
35248
32929
29165
28484
28178
32828
35833
35273
28114
29941
35469
28432
35182
36680
31235
36904
36037
30004
32649
29298
36659
30306
36940
34971
36876
29537
32525
31666
29653
35201
28803
34771
36886
34875
33160
36606
28192
35482
34083
30602
29414
32502
36230
36566
31096
29986
31335
28215
30300
36215
30434
28141
28631
30584
29229
30195
28278
32083
32412
28329
31297
31881
34025
33573
34955
28271
28627
33011
28568
31096
36397
36180
31086
36409
35590
36847
36675
32234
28416
28231
32534
28642
28232
28437
31872
28308
36186
30091
34844
33919
36885
28568
30206
32760
29657
36435
30399
32896
32303
31789
28667
28507
32432
29039
29029
33697
36909
35660
36343
34893
30317
30817
36660
28784
37036
34694
28261
34968
35974
29253
30504
28233
30943
30383
33514
35589
30935
34307
35310
32315
28224
33596
31026
36624
36149
36601
33207
30408
36389
32104
28841
34094
31858
32619
31807
28266
32375
36383
35729
34448
28446
29678
32559
29963
29941
36653
32019
30550
29506
29986
36165
28159
34430
34035
30284
29560
36663
29673
28155
36179
35596
36114
33737
30516
30571
36696
34049
29455
31445
34330
36573
28153
30541
34273
31704
30012
32527
28972
33173
28939
36738
31669
36226
29363
28122
32770
35020
37069
29252
32035
28762
30249
36701
34948
34803
33825
29009
35525
36074
36565
32221
36075
28224
35813
32416
28731
28162
34341
30855
28003
28986
34395
28620
35645
28142
30354
35589
36887
35720
32831
32497
30632
28169
28120
36762
31295
36859
32530
33668
35632
28879
28373
32129
36838
32745
32582
36485
28832
33777
32978
29872
34209
35974
35053
29198
33682
36937
32699
29958
29347
32776
36425
29366
28165
35897
36509
32957
36866
28291
32396
33837
34764
36580
28442
28318
28049
32726
29957
34688
28282
28315
35599
33323
28418
35673
28179
36682
29169
28640
28102
31483
35935
30919
33174
28547
33240
29797
30417
35972
28615
28248
36323
33196
28256
35693
31529
36835
34928
34130
28099
32687
36462
35777
28531
28843
32869
35999
36725
33125
34811
29310
33701
31733
28253
33289
36401
31547
36764
31621
35232
34576
30288
33673
28123
28225
36873
35576
36734
36891
36786
33831
29531
31219
32212
36456
29848
35672
28403
28344
32948
30283
35791
32732
33112
28551
36486
29526
29546
28073
33390
33968
34820
36920
30990
35775
29153
28460
29057
35788
34920
34875
36346
33888
36107
28675
34839
31773
36581
36296
28598
28567
37071
28262
32134
36951
32786
29849
35174
34863
33707
35339
28092
35039
29245
35868
35002
36145
31736
28179
34656
28266
32606
28800
35276
34194
28374
28198
28253
36913
31346
29174
36783
29606
34861
30866
34115
31559
29956
28105
33189
36608
29444
36401
29010
28342
32464
35160
32231
34041
29297
36070
36186
30473
28569
30942
36815
30765
35731
36578
34721
28637
28236
34350
28464
34876
36020
28085
34597
33333
34576
34964
28654
32772
35582
36546
28784
31576
31820
34673
28789
32326
36646
28695
31606
36783
29786
34617
33066
30584
35821
28470
35350
31648
28450
35723
36606
36869
35924
31311
30663
33128
28812
30144
36710
36125
29591
36397
34052
36540
28985
31438
28386
33796
36655
28630
28747
28370
31874
36867
29159
30417
32589
36740
29413
33526
28222
33006
29489
31591
29317
31888
28900
30814
34406
36999
35745
36728
28499
35014
32550
36911
33378
30262
33522
31122
30754
28301
28335
28190
28399
35560
28988
29024
29479
28130
34827
36694
28791
28927
28886
36157
33721
35124
32426
36050
36791
31685
31638
29209
33357
33347
31083
37073
35028
31490
36620
36382
36577
34905
28538
34099
34856
31466
31093
28543
32033
29347
36805
33177
30203
28521
32534
35484
36778
31705
31062
28307
32676
34204
29453
36664
28664
36757
28226
31192
34027
35851
36714
35788
30768
32772
35282
29509
28588
31329
28209
36485
35160
35785
33955
29013
29755
30276
31402
28459
28066
32930
36934
28074
33892
36005
28067
28287
33873
34511
36700
30263
28720
30449
28377
36118
35131
33302
36920
36404
31091
31049
31597
28741
35419
34410
29320
36591
35112
36124
34937
36676
36546
30022
34610
28706
36921
33552
28600
30433
33911
28146
28252
36425
31930
28271
36193
31064
29085
36209
36683
36616
30920
36569
32945
32771
28434
28624
30292
36821
28570
31072
34909
28865
28958
28222
28243
30044
31130
29928
36684
28090
32755
28450
28157
31764
32536
29479
30974
30049
30869
28618
29174
36937
32810
37029
36306
36693
36466
29676
32875
31263
36879
30446
29367
30373
34416
28266
31198
30375
36734
36813
28314
28464
30695
32541
33699
34235
28387
32715
36536
28456
32384
31307
36592
28435
28005
30661
28542
35945
33293
33278
35710
28165
28954
32048
28718
35633
29797
36570
33380
29547
36795
32330
28344
28631
35546
36490
28431
31148
29002
29105
30475
28176
36684
30580
35645
27971
30724
28694
29320
35718
30317
32677
34765
32942
31018
36453
28434
34015
30018
36962
28122
36532
28554
35072
33929
36705
30084
28144
34154
36269
36793
36530
29878
32129
34179
29376
36377
36709
35830
30455
35933
28335
36383
31753
33469
29977
35677
28397
28465
36511
30021
34951
28090
35352
35563
33520
35559
31050
34559
35162
30836
35187
28766
36409
28888
30147
36293
36938
34577
35314
36056
31281
34999
28281
31483
31153
33252
35256
34921
28603
31643
32058
32310
34242
36824
36635
36259
36192
32289
28720
28414
36917
29790
36616
30818
36480
36577
31821
36869
29339
35323
35709
34363
36414
36399
36996
36645
35673
28601
29977
35903
28439
35829
29711
36843
29634
31800
28921
28347
29118
29343
32330
33539
36445
31728
36385
36616
32462
28135
36044
34982
36115
36436
34736
35383
33140
35764
36432
35077
34299
29012
32441
35045
36224
31080
36699
30811
28251
34149
29482
36570
33172
36814
32677
36381
36722
35175
34012
34077
29552
32843
33896
36962
31762
31857
36875
36179
34703
30533
29968
35874
31317
29420
30352
32516
28659
36484
33522
30051
31128
36515
35445
33417
28188
35937
34619
33422
32865
28069
29656
34268
28102
29817
34750
34918
35764
34043
36551
34567
33111
28481
29370
30027
28684
31094
29025
36005
29370
35728
36752
28382
29827
29736
28948
31915
36642
36213
29533
31974
35449
36587
31315
34212
34718
30123
29973
30878
31092
28309
28463
31760
29315
34182
28304
36321
33430
30702
32663
30912
29406
34590
34590
32096
33204
28722
36461
29946
31561
34740
28458
34065
35726
35188
30974
32926
34040
28181
28646
34157
33360
36872
28425
37045
34993
36821
28174
34920
35601
34883
32776
35178
35527
36816
30398
36373
30164
31097
36965
34063
30043
36777
36113
29600
36089
28219
31988
29092
31354
36860
36225
36189
37073
35736
31181
34220
36882
34402
36251
30833
28630
29784
29361
34397
36950
35024
28149
34218
29017
28269
29861
36285
28450
28295
29979
29354
30755
36878
35510
34723
28313
28134
32868
29650
35927
31726
29784
31777
29133
28135
28252
32074
34763
28089
30993
29462
30717
30479
36746
34677
36335
28941
28611
29749
36171
36853
33246
28945
36119
32276
28671
28016
32526
36416
35556
29257
28998
36639
36776
33528
36704
31150
31399
28413
30609
32901
29358
28941
30328
29293
30418
28235
28764
31625
35259
29060
30818
36552
36021
32782
29669
28390
28372
30098
32808
32021
35712
30078
36200
37026
35933
36812
28146
29903
36312
34113
32262
28317
28232
28488
36157
28591
32041
34242
36806
35047
35812
33711
36752
31740
31257
34043
35936
28404
32724
32688
36898
28464
28211
31266
32676
34252
36563
30886
28670
28794
28661
29261
29567
33967
35808
35445
28767
31119
28582
29803
36310
36112
36938
35781
35878
35565
35627
36546
29220
28669
29098
33153
28724
31517
32956
32499
28233
28860
33122
29640
33745
36440
33758
32315
28030
28135
35537
36802
28806
28147
31228
31606
33134
36527
32156
29365
36580
36844
36568
28423
32454
28210
36161
34537
34978
30460
32577
28317
29993
35030
30658
28921
31246
35741
34816
28357
29034
29182
36901
34453
28195
30758
30242
30396
28213
36425
28969
28589
37029
33604
36701
35999
31071
35746
29628
32049
28267
28368
31593
32330
36837
30776
28885
29467
31161
34731
28176
28413
33149
35139
34745
36358
33263
31698
36842
28412
29441
35867
28786
35143
32897
35379
32267
36599
34536
36934
36703
32074
37049
34149
31596
33647
30987
35966
34944
30023
34989
34865
35069
32891
28910
28356
28236
30648
36580
36346
30480
35387
36414
32549
36804
35892
36395
36766
30366
28768
29231
29737
32100
29126
28114
32095
35886
33303
36167
36154
36407
28557
35513
28550
29368
32274
28474
36569
28487
36358
28930
28199
33775
34228
30868
28559
34919
36493
36783
29811
36586
36430
28241
35813
28755
29954
29698
28061
28867
31098
36867
35493
36045
34987
30478
31318
29955
36691
30058
31848
34132
34758
32703
28550
34643
30126
35317
28419
36126
36037
30180
28169
36003
29477
36542
30990
35992
34146
30517
28582
36834
32177
28094
35645
28893
36705
35772
30019
31642
33145
29587
35704
31513
35941
36909
32575
33944
36843
31234
35329
36095
29149
34191
31533
29181
36761
28564
28482
32094
36390
32160
35137
35688
35037
35463
36434
31785
33165
30412
36005
36783
31307
31442
28526
28033
35431
31798
31740
31655
28102
33990
28370
36132
28574
35562
35856
29776
30661
31362
36426
28392
34386
34871
36085
31555
33142
30732
31180
28510
32477
32261
33351
36283
34473
34325
36543
35195
36077
34819
28363
29028
29957
32425
28735
30227
31052
34078
35737
36818
29243
36653
36177
28192
34298
36132
33070
28208
30601
33304
29595
31279
35159
30447
33397
34012
31034
30259
30295
29082
33619
31658
29933
35634
29582
28930
32335
36248
29944
29371
36124
36942
28243
28938
36620
29681
29940
34327
28083
28330
28301
30356
34356
35359
36659
28894
31655
29015
33636
35890
28763
28649
36827
29100
30721
28118
35491
28618
36056
31177
36968
36148
32594
36857
36586
36480
29381
36699
28610
29795
35201
28316
28810
34525
34092
30936
29796
28211
32520
29184
29746
33915
34078
30690
32013
33296
36211
31916
36594
31426
36927
29081
30400
34335
28139
30807
30454
36738
32617
34018
34724
36237
29930
34642
29556
30616
35201
28265
36272
30521
28353
31824
31991
34648
29056
33349
34653
32209
33124
30449
36638
36252
36749
28516
28613
28166
28154
36637
28279
34666
35303
36573
29118
36099
34913
36647
30420
29446
31244
28007
33568
36886
33413
28142
36443
36685
33810
36544
28354
28883
30970
31879
36629
37012
34162
29315
28542
28278
30799
29921
29342
29424
36168
28982
30443
28432
29702
34973
36653
31471
28454
29799
28992
28305
30140
34614
28497
34041
35111
29293
30783
31173
32433
28637
34134
29166
29374
36919
34680
31077
28086
29129
28354
36981
36654
36256
35653
34586
29398
35180
36793
30629
28121
34483
33192
34331
33817
36571
35339
29463
31119
29688
36340
28592
32166
36838
33365
29999
36553
28985
33195
28167
33132
28040
33789
28138
31161
35229
35219
36624
35701
28197
34847
36287
36663
30431
32942
34335
31718
28887
35017
36623
35754
36697
29478
31462
31631
30301
29069
36845
35749
36557
31773
32338
36430
33007
36712
36753
35261
36847
33017
36433
33042
28351
29754
33628
34991
36456
33221
36766
36205
36792
28228
31302
34460
28354
31004
34701
31561
32895
29228
36719
32582
33984
36409
34003
29338
36407
28324
36354
34252
33891
31270
28712
32520
36617
33916
28192
34399
33040
30863
36397
29962
28137
35721
33166
29942
30502
34901
31157
28532
31274
32885
29175
34629
29553
30554
33832
35585
30013
29687
28173
31702
28738
35582
33936
31201
32211
29663
29541
28313
36103
28126
30779
29404
28009
28398
33886
34392
29440
36723
34816
31782
35283
29245
28727
36585
29149
28098
34233
28292
32388
35700
28268
32729
31774
36121
33211
28624
29223
29515
34390
32083
28043
28178
28943
32327
28438
30688
36122
28338
35217
29395
28701
31252
31622
32498
32882
33900
36636
28883
34135
28745
28190
36790
28478
30187
34062
28263
34770
30585
36630
36348
28176
28561
29148
29358
35814
36763
34032
36382
36969
30373
36688
36895
28711
28262
34047
36627
28353
30152
28391
28172
33818
36703
30364
32351
28420
36969
28212
33389
36652
30398
36192
36152
36248
28169
30944
36377
36649
35150
36447
36293
34488
34052
28190
28358
36197
34724
29285
31028
35743
35583
30471
36892
34381
30640
32714
34921
29262
29065
36254
31221
36606
28620
28666
31794
34506
35588
36326
36737
36008
36369
28285
34656
32299
36675
29020
34221
35644
32839
36084
28551
35402
32042
33784
28258
28009
31281
36019
33991
28137
32454
36621
36390
29815
36324
29128
32302
34101
31971
35943
28457
30810
31015
28546
36260
31946
35816
28207
28011
32000
33777
36580
32055
28124
30804
31309
28655
30563
32071
34714
34248
31981
35656
31708
35912
31111
31653
31344
35536
31455
31609
34365
29830
36155
36773
32817
29758
29577
29207
35249
35562
29586
28400
36554
28107
34382
34523
33186
28190
35658
30568
28383
30751
28365
34109
29100
28406
30423
35759
28351
29213
28060
30458
28183
36718
28220
28569
28264
30162
28169
34825
35028
32139
34417
28162
34512
32980
29918
31984
34518
32066
30406
28744
28328
28599
34653
33835
30793
34213
30305
36819
33255
35253
32115
29480
36279
35041
35150
28150
28156
34454
34745
32916
28229
35081
36783
32138
33867
35768
30702
32741
31695
34173
31922
29141
28192
31061
36934
35696
36447
28836
36832
36160
29840
30524
30215
33879
28250
36618
31488
33261
29171
28190
28378
35334
35306
28422
28099
28406
28081
28374
36932
30223
30741
28061
36789
34908
34907
28464
30177
30103
30559
30601
34561
30234
29643
36620
31487
31699
34483
29728
34263
28670
35766
35884
30888
29131
35570
31487
36631
33894
33722
31555
36237
30333
30132
36587
35553
30283
36465
28315
31556
32931
30410
32683
30373
29889
29626
32598
33640
36872
36522
36517
29712
35069
28114
34123
36638
36073
36664
36729
31903
36741
28528
30228
34652
30214
32294
32116
31229
34077
28112
34131
28860
35681
35541
34585
28963
36873
32132
29785
28802
28951
35796
33581
28604
32949
31798
31168
28317
30728
28113
33207
32620
31651
28943
31906
29044
28924
36065
30114
29954
35384
29888
31868
30761
34625
33455
30211
34205
28048
28765
30707
28274
31551
28901
30203
35091
28043
32902
36894
34731
34534
28835
31137
33741
33275
36919
28938
36446
28353
37033
32383
36635
32428
31437
34618
28632
36503
34633
29009
33104
36313
29521
28041
34599
28217
36781
32301
32024
36789
30809
35736
28606
29398
35447
35879
35746
28439
29095
30036
31094
31653
28531
35056
36470
36541
34090
36526
29165
36811
32192
36014
28697
28005
28260
33383
28397
35514
28360
28691
32222
32545
35725
29042
29077
29690
28638
28229
29126
32326
31556
30371
36367
32912
36403
28365
30645
29353
29305
33805
31401
35908
34661
30685
37001
29880
33151
33876
34877
32400
29641
30155
36571
32890
28825
36704
36597
32066
36360
28158
34787
33965
34434
36611
34915
36836
35776
30813
35716
29789
29604
32116
28258
34306
28495
35354
28206
28323
28131
31130
36652
28146
33780
31170
35322
29837
33775
36733
28197
34514
30844
29690
36408
30094
28589
29114
28128
35716
34615
32793
32858
28454
28475
28358
35752
32710
36227
36765
28318
30681
36138
31260
32585
36748
30011
34501
33574
34592
30945
30144
28627
36969
34140
30446
37024
35515
34758
28446
28927
34241
28151
31009
32949
34691
36384
35747
30406
28282
34300
28194
34058
29673
34556
28744
35899
30533
36376
28116
35820
32706
35430
36389
34283
30073
36758
31586
28076
34876
30184
32716
35779
32308
36583
32583
31030
30589
28724
30870
30009
36454
28567
33078
35440
34723
36308
35806
28063
36865
28627
28637
28380
28343
30557
30805
31005
34615
36617
28627
28804
28113
36931
32895
35793
28105
28334
35365
28888
36769
31257
31318
28167
33129
31854
34898
28628
29844
33366
36875
31952
35057
28187
36538
32753
36960
34399
30286
29932
30710
35456
35101
33057
31363
35668
30840
28134
36914
32422
28852
34008
34408
28591
34945
36948
33186
28316
28843
30878
36212
32151
29718
36361
28947
33837
35923
30301
36247
28674
28823
29429
28436
30590
32679
28525
32556
30460
30035
36464
35242
28270
34167
36865
28155
34826
30430
31769
28431
29077
29320
34271
34598
30958
33256
29339
33157
29189
33389
30072
31891
34684
34204
32698
35043
33122
30439
35384
28373
31816
31842
34709
32806
32544
36149
32181
32498
32498
32498
32498
32498
32498
32498
32498
32498
32498
32498
32498
32498
32498
32498
32498
32498
32498
32498
32498
32498
32498
32498
32498
32498
