9884
35974
34412
28578
29623
36415
31760
36485
30030
32370
35309
36743
31976
33646
35729
29387
36811
34860
33738
30088
30537
31381
33233
35858
28660
35824
34559
31102
30412
28120
35461
33692
35048
31178
30693
28006
36487
29645
33260
36433
33775
36846
28820
33932
28716
36898
32961
29107
35110
34958
32775
36565
35883
36244
30395
36947
30587
36483
36687
28448
36782
36716
29054
36603
33388
36732
30108
34308
30396
31498
33016
29050
35765
29074
35953
35968
36835
33068
34450
29197
32514
30262
28226
33345
35837
33437
35661
28345
33627
32501
28625
34899
36759
35617
35978
29721
34538
36742
36154
28192
34195
36736
32003
29883
28420
30154
36363
36205
36102
29660
36228
36316
29915
29934
36713
34585
33079
33758
28971
28239
29553
36384
31598
31257
29394
33937
31506
32630
28481
30591
35986
35733
33405
36173
36730
30402
35755
33545
30425
31269
36738
36112
35861
30509
36758
32014
36832
36902
36154
30512
36646
35652
30866
34538
29561
31435
35372
29757
30163
35611
31930
36330
30877
28269
28615
29687
34147
34195
29516
32334
33690
36808
35655
28190
33683
29784
28815
30081
34967
34115
34057
36743
36559
36771
36049
31719
28904
36828
31389
31065
36666
29491
36706
36763
33374
29563
36747
31659
34487
36829
28206
36035
28103
30838
28715
28530
29112
32473
31143
29386
30838
36562
32011
28249
28098
36598
29893
32035
28163
28017
36715
33805
34001
35323
33830
36766
33011
32501
34514
32076
34702
36328
28182
31089
31903
35396
31489
29644
33058
30129
29646
31186
36788
28243
36619
31184
29521
28246
37092
36629
29192
35641
35616
31191
29924
32377
34835
32920
36898
36221
28838
28292
29523
34749
31052
36344
28588
32309
36025
35539
35300
34888
32836
35568
33301
29877
32148
35638
34445
33960
29250
36714
29977
28853
28384
28214
28834
28302
30491
29057
28473
28140
29196
28210
28163
28774
28159
29124
28241
29158
28038
29150
28458
28315
28951
28215
28642
28807
28476
28251
28901
28034
28196
29484
28270
28380
28439
28057
29465
29514
31269
36808
36282
28634
28482
27975
32727
29331
28076
28536
28518
28324
28435
28118
29921
28158
28102
29989
29958
31907
36525
30959
35882
29290
35115
36449
29133
29102
29349
29596
30652
34995
31602
32698
34850
33220
36694
28952
28878
28726
28363
28013
29211
28123
28334
29839
28084
31119
29180
29523
30088
33435
28573
29651
28901
28327
28516
28129
29716
28092
29744
28602
28073
29761
28113
28673
28359
28254
28924
28182
28894
28135
28647
28039
28042
29220
28309
28284
29315
28815
28602
28465
28152
28627
28455
28233
28088
28234
28387
28426
28988
28827
31182
36732
28819
36462
29203
34955
32186
34217
29571
30589
34942
34856
32612
31335
34870
33005
36689
34030
33435
35448
30522
36413
32146
29303
33558
33583
35993
28180
28549
28480
28046
28587
29038
28067
28899
28469
28398
28166
28559
28868
28406
28524
28228
28915
28863
27989
29644
28123
28526
28672
30905
34293
36688
29384
30031
32450
31897
28198
28492
28077
28653
28426
28050
28271
28586
28120
28509
28070
28789
28228
28293
28022
28070
28510
28092
28209
28182
28707
28299
28080
28125
29667
28624
28690
28479
29266
30247
34213
32636
32698
36784
36589
36934
36617
33047
28314
28436
28237
28177
28564
28173
28689
28845
30082
33578
28171
29469
28326
28161
28082
28214
28707
28452
28687
28891
29701
32849
32842
35950
34820
28086
35579
30675
35651
28291
29156
28776
29678
32378
33844
35090
31257
36569
34854
28452
36467
36327
35899
33973
28808
34919
32842
28913
36234
36185
31280
36548
36914
29843
35009
35100
36848
36890
28227
30139
30740
31556
36819
28438
35978
34322
28237
29811
28055
29246
28120
28923
30223
28213
28833
29222
29042
28357
30350
28215
29657
28105
28466
29732
28305
28172
28380
28968
28103
28634
28115
28583
28160
28645
28117
28968
29206
31089
36171
36356
28509
36447
29054
29006
28462
28370
28234
28743
28655
28284
28179
28318
28214
28967
29113
28232
28704
28145
28194
28524
28526
28150
28134
28645
30606
31771
36050
36044
32530
29324
28830
35974
36883
29042
28268
28007
30119
29633
31074
36718
28792
36340
30506
30596
34685
36402
32823
36109
28443
36731
29830
31837
36376
28717
35881
28189
36515
35954
31021
28324
28269
28560
30119
28614
28245
28121
29149
28705
28328
29122
28914
28195
28209
29181
28207
28430
28242
28703
28176
28922
28887
29169
28642
30721
35642
28782
36894
32864
30877
28099
28335
29593
28122
28103
28529
28347
28058
28099
28880
28226
29014
28336
28104
29253
27986
29602
28352
28152
28155
29885
28627
28168
29131
33120
36933
31401
28448
28426
33722
29886
28718
28234
29286
30168
32755
32617
33749
28772
32154
34298
36784
32018
32064
36585
29923
34250
30998
36730
28514
35419
35274
35862
32404
30609
29186
29086
28821
28101
29650
27995
29933
28249
28342
28959
29936
28381
28409
28371
28701
28764
28305
29023
28155
29014
28684
28254
28161
28118
29033
28058
28436
28619
28708
28075
29250
28289
29014
28557
28184
28206
29406
28472
28152
28841
28108
28085
28186
28257
29526
28199
28164
29714
28052
28562
28812
28118
28758
28475
28156
28079
28808
28427
28275
28158
28063
28744
28128
28353
28024
28496
28030
28060
28123
28202
28362
28666
28983
29452
30257
34841
34330
30961
36784
37006
31812
30066
33434
29260
28183
28159
31865
35652
36573
30181
34323
28188
33184
34227
36396
32530
28763
29641
28170
33141
29010
28230
28662
28629
28231
28337
28395
28816
28322
28503
28206
28111
28548
28111
28471
28097
28457
28185
28080
29204
28628
29309
32932
32142
35493
34585
32452
33368
28107
28267
29265
35986
29235
29699
28850
28234
34543
29409
28108
31184
35912
35888
35077
35027
35964
34327
36728
35272
30450
28216
28133
28673
29185
28237
28808
28361
29252
28009
28343
28244
28108
29088
28298
28215
28714
28282
28936
28442
28174
28139
29050
29690
32131
35538
35129
36236
36281
29060
32293
34492
28129
30015
28404
28151
30814
28578
28151
28230
28304
28255
28440
28275
28095
28423
28260
28510
28335
28148
28490
28100
29039
28331
28716
28315
28218
28488
28935
28229
28350
28068
28178
28218
28895
30135
34478
33677
29664
28436
28063
28254
29118
28168
28183
28089
28698
28230
28480
28136
28222
28331
28140
28082
28397
28024
28044
28218
28906
28459
28401
28091
34576
28633
36446
34281
28834
29633
29956
34146
28243
28209
28270
28601
28583
28304
28160
28361
28966
28953
28970
29403
31576
36758
36426
35716
31567
36576
29573
34311
33734
34888
28662
28505
28565
28186
28218
28093
28461
28349
28708
28198
28827
28204
29396
28193
28195
29750
28876
28910
29791
31873
36381
29390
29279
29369
28183
28443
28270
28451
28011
28216
28216
28121
29413
29479
30985
35744
30933
28250
29329
28131
28461
28182
28606
28083
30970
30913
36343
29672
32070
32957
33840
28049
31624
35459
36275
31840
29309
35221
33722
36650
36722
28019
36479
36699
28518
28723
28498
28643
28557
28716
28542
28641
28928
28075
28461
28393
28742
28243
28738
28154
28098
27990
28009
29231
28056
28027
28002
29193
28154
28250
29846
28234
28506
28782
28158
28416
28193
28147
28627
28525
28182
29391
30973
36599
36338
32829
34099
28477
28207
28566
28206
29571
29194
29819
31541
36507
29559
35202
35457
28250
28378
29661
32366
35361
35742
29005
28958
28638
28111
28176
28230
28516
29234
29090
28333
29276
28242
28100
28043
28584
28054
28424
28456
28167
31058
33146
29927
28149
28657
28432
28416
28825
28536
28884
28061
29151
28098
28090
28183
28275
28515
28264
28195
28539
28342
28052
28117
28490
28301
28131
28279
28326
28490
28216
28367
28204
28138
28107
28248
28498
28132
28218
28609
28184
28249
28373
28073
28176
28155
28342
28258
28195
27970
28124
28057
29090
30236
35339
32028
27974
36815
32975
30588
35213
35053
28038
31581
34860
34297
31307
33113
28258
28176
28823
36708
36183
28657
32878
36253
30609
30782
35873
36526
29208
36792
36623
36201
32144
36124
29396
29138
29684
31816
36469
35987
28453
29527
30087
32368
34198
28415
30909
31427
36290
28559
29457
34495
35406
35724
28143
36960
30681
34657
29546
28224
29027
28050
28524
28570
28135
28859
28334
29135
28212
29300
28477
29282
28266
28238
28989
28151
29118
28400
28266
28125
28283
28357
28082
28532
28230
29006
28316
28077
30956
34008
35830
36099
32724
30145
35531
35687
36376
36844
36005
32560
36452
28429
28672
28484
28182
30967
34254
31021
28791
28276
28519
28377
28184
29048
28385
28284
28242
28276
28981
28064
28876
28626
28264
28205
28425
28588
28192
29332
28185
28898
28122
28360
28171
28682
28378
28050
28327
29598
31574
36705
34369
36876
36291
28842
35303
33615
34349
36629
36749
30179
29702
31329
36569
28899
30280
28335
28260
28682
28119
28485
29375
28211
28871
28562
28261
28350
28310
28068
28987
28105
29075
28057
28339
27961
30499
28113
28353
28338
28683
28197
28202
29638
29082
29177
29938
32656
33112
33782
30457
36684
36780
28769
34782
36299
32298
36680
32144
36862
31496
28746
28168
31336
32530
36571
28177
28551
30549
28330
30031
35551
28364
30182
35948
28385
30461
28110
28977
28238
30890
28225
28942
28960
28432
28266
29692
28050
29236
28110
29032
29408
28152
28515
28567
28334
28080
28546
28335
28391
28547
28939
28474
28476
28400
28458
29774
29131
29364
30324
34136
28203
28810
28323
29304
28225
29472
28094
28233
28113
28619
28442
28949
28006
28259
28133
28136
28531
29040
28017
30405
28490
28313
28257
28311
28245
29169
28185
28087
28302
28898
28613
28461
28078
28470
28238
28535
28116
29559
28046
28919
28153
28160
28270
28279
28794
28031
28181
28114
28457
28077
28068
28606
28361
28269
28047
28065
28848
28385
29273
28189
28158
28314
28131
27960
28207
28125
28355
28096
29159
29994
34125
34806
34924
28061
29074
28271
28158
28328
28133
28085
28114
28128
28247
28530
28495
28688
29660
32812
30701
30695
36131
31176
28337
28348
28206
28082
28327
28495
28034
28331
28167
28006
30025
33125
28330
29259
28273
28028
28246
28055
28913
28297
28082
28368
28615
28079
28147
28408
28214
28193
28173
28066
28161
28168
28246
28406
28671
28190
28018
28137
28072
28202
28293
28257
28054
28292
28201
31418
36715
30622
36215
29153
36221
28154
30582
36727
30924
28586
28137
29373
28729
29189
30984
36526
31353
28342
28888
29102
30314
34774
28843
31130
29924
32596
31822
30754
35878
33003
28082
28138
33046
30336
28315
28463
29153
29445
30609
35687
36687
34468
32201
32898
33281
36093
29490
30308
35049
30759
34968
35828
28827
28335
35778
36275
31418
28792
28131
28537
29184
28370
29384
28058
28974
28447
28127
29623
28199
28150
28141
28174
28342
28059
28264
28430
28355
28177
29153
29227
30379
35695
36627
28517
34886
28683
28125
28478
28485
28084
28246
28276
28134
28242
28208
28133
28258
29472
28794
28210
28469
28110
28489
28865
28899
28331
28231
28225
28396
28026
29501
28601
28430
28228
28196
28537
28072
28390
30328
28369
28632
34568
36784
36504
28872
32285
30834
35930
36775
32881
32146
36920
36069
30502
30780
32550
34421
34496
31529
36808
33538
28483
28798
28054
28180
29173
28046
29545
28476
28159
28023
28099
28495
28369
28511
28378
29685
29140
29311
30554
33920
28188
28775
28699
28572
28204
29078
29171
28117
28089
28427
28063
27994
29169
28012
29516
28279
28133
30043
28194
29753
28237
28836
28354
28170
29418
28066
29279
28065
28925
28282
28792
28273
28814
28209
28395
28305
28065
28607
28051
28171
28293
28063
29594
28123
28454
28003
28312
28068
28616
28122
28656
28207
28352
28130
28043
28265
28954
28097
28426
28806
28976
29414
30075
33902
28978
29731
32861
31017
30426
35772
36766
31618
32893
36606
28486
28980
29528
31374
36748
28940
34889
35157
30124
31187
28796
29647
31667
36560
36310
30492
35902
33586
36204
29155
30452
28933
28852
28409
28102
29535
28454
28325
28377
28241
28710
28056
28094
29378
28140
28157
28250
28125
28151
28499
28007
28487
28028
28888
28226
28035
28009
29419
28175
29860
28036
28374
28011
28116
28439
28191
28124
28311
28044
28312
29315
28524
28992
30389
34880
30263
28483
28866
28637
28461
28190
28099
28080
28340
28307
28088
28101
28231
28204
28437
28083
28499
28163
31513
36640
36676
31844
34483
32937
34146
35078
31791
28557
30863
35281
34510
30339
30351
29135
30044
33294
29764
30717
35257
36549
32836
28149
34784
27949
31754
31157
35960
32950
28322
30365
31363
32004
31013
36677
34197
31208
36659
34623
33913
28231
28229
29551
36276
36624
34992
33404
30837
28720
28208
31055
29408
30447
34125
29926
28238
28300
28530
28103
28139
29715
28140
29250
33889
28727
30017
28777
28327
27991
28322
28477
28641
29101
28578
28153
28603
28690
29728
31974
36276
28817
29155
28223
28563
28220
30129
28654
29680
31774
36276
28078
36665
35317
32990
31143
28951
28527
28336
28180
28138
30170
28110
28482
28003
28467
28121
29907
28284
28164
29798
28158
29306
28216
28412
28370
29324
28941
28994
29369
29778
32679
33044
34473
28108
29517
36672
36198
29788
36431
31680
28965
33425
29038
28908
28207
29379
28168
29708
28516
29275
29834
32722
31833
33856
33865
28877
34295
36496
32825
28179
29301
36470
34765
33720
30207
28476
28354
36582
31912
30712
35790
30706
29228
28632
28118
29522
28399
28622
28298
29070
28278
28742
28710
29236
28089
28916
28185
28414
28179
28649
28502
28336
29254
28184
28249
28908
28209
28484
28564
28335
29418
28777
28408
28288
28132
28609
28265
29084
28145
28151
28145
28098
28097
29260
28223
28767
28356
28802
28088
29326
28137
28504
29754
28568
28092
28186
28593
28136
28487
28500
28255
29102
28039
28351
28998
28297
28241
28361
28004
28294
29544
28106
28163
29044
28154
28534
28225
28046
27970
28030
28396
28380
28170
28608
28169
28166
28662
28157
28989
28502
28089
28020
28059
28820
29598
32689
31282
30575
35952
36156
28166
28448
28359
36447
36061
30328
28310
28604
27969
28029
28220
28660
28288
28137
28086
28125
28502
28158
28099
28236
28143
28238
27946
28046
29456
28143
29805
28422
28326
28049
28351
28102
27997
28215
28048
28197
28435
28049
28236
28459
28292
28635
28374
28200
29147
28114
28114
28148
28321
28119
28143
28013
28067
28292
28494
28827
29853
33392
28917
28104
28129
28109
28160
28045
28164
28159
29039
30052
34385
36629
28987
29511
31639
36527
36766
32587
34111
32206
32139
34539
36650
36116
28270
28118
35635
35068
28365
28168
35175
34490
34564
34104
34868
34338
35522
29879
31236
36914
36244
29092
28979
28921
29103
29043
29276
30393
34861
35732
36372
29079
28300
28294
28210
28548
28377
28415
28188
28839
28473
28212
28207
28697
28560
28633
28143
28045
29284
28135
30903
30411
34974
35422
30285
34873
29982
32842
32489
35303
34713
34795
29775
35185
28260
35083
28998
35732
31543
36609
36798
35700
28424
34792
28785
30524
34657
34589
32815
33455
29040
32121
33738
30407
30753
34485
28238
29146
28078
30325
28174
28931
28762
28326
28307
29191
28089
29371
28331
28301
28238
28442
28725
29274
28063
28653
28024
28999
28864
28626
28361
28170
28609
28517
28427
28184
28145
28133
28087
28175
28292
28076
28868
28352
28342
28165
29097
29235
29438
30467
35315
36758
28437
29287
28231
28174
28016
29398
28199
28219
28524
28240
29831
28980
28573
28746
29026
30198
33281
28157
28540
28145
28058
31975
32800
33200
29104
34482
30470
33547
28437
28012
28363
28082
28510
28143
28168
28354
29028
28971
29054
29550
31991
35593
35319
29587
31515
30800
36211
29771
28190
29232
28127
29258
28111
28517
28065
28055
28196
28187
28406
28019
28121
28098
28618
28165
28290
28226
29739
28230
28033
28133
28538
28093
28530
28038
28171
28269
28070
28258
28868
28949
29464
30745
36165
29022
31360
29832
34485
31466
31504
36579
32167
34106
29414
30505
35461
36332
35625
34178
28312
28818
31621
36737
36635
31492
36686
36736
36767
33949
28738
29341
35731
29824
28257
28415
28326
29428
28136
28577
28262
28887
28995
28076
29173
28171
28978
28248
28608
28229
32377
29018
28975
31562
36428
35946
36207
29523
36269
33405
31711
34456
28124
29994
35832
34015
31083
34284
34969
36690
32602
32807
33530
30796
28197
28615
28285
29350
28261
29299
28073
29301
28085
29591
33120
29564
29650
30511
33666
30745
35470
36946
35687
34525
36617
28640
28402
30636
33941
35452
30961
34100
36338
31745
36200
28317
28660
31943
28912
32641
34381
33094
33378
36558
33238
29164
28388
33874
34534
36393
28256
36953
31510
31383
34172
34951
32975
28177
29376
29755
28332
28895
28351
28405
30448
28182
28300
29187
29394
28170
29303
28517
29465
28353
29927
28162
30361
28557
28155
30000
28092
29698
28387
28168
30127
28731
28866
28514
28346
29896
28233
28177
28965
28167
28578
28198
28354
28420
28215
29375
28138
28426
28353
28996
28250
30955
28996
29442
30445
34102
28194
29410
29253
29241
35735
29761
28479
28030
28347
28474
28203
28006
29403
28381
28475
28601
28412
28250
28190
28751
28144
28270
28979
28246
28324
28290
28835
28524
28362
28900
28072
28405
28256
28268
29034
28188
28160
31312
28662
35667
28428
28155
37060
36452
32640
28202
28192
30115
35519
28254
33795
32619
35395
35980
29330
34994
34777
34719
31930
33107
30022
32523
33643
36211
31221
28389
28291
28378
28849
28023
28439
30510
28344
28329
28463
30258
28461
28050
29004
28254
28526
28082
29207
28356
29286
28635
28226
28100
29421
28193
28289
27991
29587
28156
28222
29423
28212
28632
28463
28066
28206
28554
28244
28510
28055
28303
28601
28143
28430
28569
29875
28473
28173
29173
28075
28433
28066
29017
28105
28456
28081
28104
28473
28238
28235
28204
28543
28656
28287
28062
28201
28868
28704
28155
28181
28411
28069
30197
29278
30862
36044
36560
36691
36890
31641
28194
28163
28269
28115
28287
28080
30410
29313
30855
36200
35491
29140
28213
28701
36790
28586
29233
35894
36441
30657
36187
33895
28793
30200
32132
30643
35138
34818
36333
34089
34759
29889
32627
31476
33720
28074
28193
36535
36928
29144
33066
32382
30290
33147
28949
29885
36147
29271
30795
35924
33809
36295
34183
31531
34234
28398
29289
28168
28090
31242
29376
30570
35267
36748
32052
30577
36578
29572
30627
34915
35129
36058
28593
28274
28678
28090
29346
28930
28527
28675
28126
28867
28143
28494
28619
29203
28136
28386
28932
28199
30624
29111
28871
28066
28881
28164
28474
29573
28129
28710
28485
28151
28158
29208
28367
28482
30184
28801
28891
28397
28192
28206
28868
28286
29156
28263
28078
29438
28542
28394
28396
28119
28470
28968
28145
28663
28194
28174
28378
28767
28182
28986
28209
28574
28653
28136
28078
28443
28358
28967
28917
29638
32501
33986
32414
35707
36166
35092
36533
32765
29288
34868
32025
32811
33317
28990
36722
36067
36028
34834
36884
33156
34628
33159
29021
29282
29413
29721
31702
36385
35362
34331
30189
29989
35250
32524
32778
31116
36579
28579
35702
33112
28363
28538
28065
29226
28941
28624
28568
28439
28104
29154
29036
28761
28828
28335
28010
29051
28153
28752
28329
29509
28293
28853
28174
29051
28259
28590
28046
28586
28908
28050
29782
28125
28657
28046
28237
28313
28310
28830
28207
28129
28637
28247
29361
28433
28510
28052
28755
28068
28179
28344
28100
28282
28542
28194
28051
28208
28091
28189
28187
29273
28217
28151
28631
28141
28706
28887
28056
28384
28200
28227
29165
28496
28347
28585
29392
31238
36788
35371
33444
28149
31428
28730
28433
28150
29464
28287
28825
29014
28956
29653
32075
35669
34050
34056
28598
28745
28148
31593
28164
28858
28594
28228
28714
28255
28106
28438
29264
28021
28340
28821
28144
28118
29059
28482
28067
28092
29208
28148
28241
28286
28405
29224
28232
28081
28101
28103
28770
28062
28011
28517
28127
28232
28394
27968
30124
28111
28189
28466
28083
28207
28093
28122
28048
28115
28233
28511
28391
28032
28342
28075
28313
28027
28467
28404
28090
30870
30588
35582
34471
28339
32439
31466
28084
28217
28097
28336
29297
28232
28436
28130
29370
28172
28619
28382
28257
28827
28042
28836
28202
28166
28055
28386
28045
28962
28008
28114
28755
28202
28110
28479
28237
28456
27993
28567
28485
28675
28570
28807
28795
28433
29595
31903
35683
35488
28047
29532
28051
28405
28497
28040
30480
34446
34651
34403
29708
35921
33595
35473
35795
30044
32198
32210
28137
29575
36475
36500
28166
35853
34224
28081
31483
31433
36661
36665
30024
35802
32431
30960
28134
28842
28594
28174
29853
28231
28041
29582
28052
28532
28594
30117
34372
31603
33372
28531
30658
31380
36141
29020
35052
36239
32474
36689
36773
29530
35557
35641
34193
35337
30730
31086
32427
32919
28444
28630
34615
33583
32093
36322
28078
36457
36759
30681
31727
36264
34708
33947
28255
31839
35568
28181
28550
28896
36274
30247
30290
35833
35911
36926
35096
28955
36741
36336
29373
36056
28709
36171
33995
36486
29051
29027
32861
36080
28730
36445
30640
29007
28101
29407
29561
28101
29194
28898
28430
28236
30456
28713
28305
28338
29047
29255
28425
29380
28132
31428
34579
28879
30062
32887
36079
32493
36049
32691
32728
32717
33823
33154
31752
32715
35076
36741
30793
34864
31062
32984
36173
33642
28180
28302
32075
32383
36391
28003
32783
30932
36266
31746
30246
34822
30360
27999
29201
29610
28872
29217
28160
30023
29982
31814
36750
27992
36447
32240
36560
28176
34015
35153
33881
31120
35789
29679
33608
28594
33701
36865
32343
36596
35976
28158
29355
28775
28630
28180
28219
29149
28864
28547
28596
30660
28218
28919
28142
28932
28159
29336
29229
28736
28073
29968
28077
29809
28341
28494
28285
28321
29278
28069
28594
28643
29070
28383
28784
28468
28757
28119
29278
28068
29284
28148
29355
28005
29968
28135
29235
28172
29347
28252
29032
28016
29881
28194
29015
28576
28333
28352
30587
29332
29603
31083
36612
29151
32148
34249
35202
34262
33288
28164
28160
28940
28123
29036
28278
28758
29292
28275
29386
28345
28171
28090
28888
28112
29762
29666
32386
33541
36649
30431
36421
28322
34546
31000
36554
28280
30637
28125
29019
29082
28308
28197
28559
28052
28187
28143
28414
29229
29884
32203
35411
34106
28673
33308
37007
34550
35206
36283
28234
36036
28458
30956
30983
35403
35798
31733
32934
36084
28177
30118
29575
30023
28316
28805
28360
29582
28915
28695
28093
30567
28115
29004
27996
30410
28681
28050
29998
28187
28314
28256
28075
28599
28595
29186
28466
28589
29385
28192
28231
28715
28755
28203
28678
28150
29763
28829
29523
31115
36401
30375
30629
32405
35355
33899
28201
36819
34793
30980
34102
29364
28128
29604
28690
28208
29048
28096
28292
28890
28602
28151
28397
29179
28308
28632
28457
28234
28818
28946
28183
28033
28582
28211
30560
30073
31758
36469
32972
32239
32571
33101
32237
34703
36869
32656
36738
28470
36711
34911
28745
36610
35471
36618
36902
36147
28262
28905
29186
28123
28003
28294
28681
28187
28686
28375
29679
28112
29203
28024
31545
31123
36445
30561
34059
28206
36480
35888
35410
36451
28147
36957
29853
36473
28262
28404
28199
28125
29687
28255
28528
28529
29322
28333
28247
29582
28191
28254
30954
34267
30358
36686
36843
34171
29400
29458
29544
30191
33162
29997
29743
28610
28130
28978
28216
28849
28075
28782
29161
28117
28188
28198
28275
28878
28242
28813
28391
28432
28040
28533
28377
28802
28774
28165
28083
29775
28163
29332
28194
28225
28259
29137
28190
28595
28097
28563
28078
28169
28195
28512
28328
28791
28442
28290
28115
28299
29442
28118
28085
28194
27963
28066
28230
28146
28092
28086
28327
28215
28917
28195
28207
28173
28060
28217
28232
28237
28108
27994
28296
28408
28415
28405
28375
28550
28419
28532
28667
28203
28090
29226
30174
35656
32345
29996
36727
32589
33739
29265
32658
36228
28551
28651
28690
28867
29506
30668
35429
36850
29378
28882
28252
36585
36575
32923
35468
36378
32249
34051
28574
28493
28255
28271
28625
28281
28707
28037
30819
30684
35457
36306
35274
36918
36184
36032
28471
28150
28294
28761
28226
28687
28794
28216
28564
28055
28346
28775
28394
28195
28152
28548
28071
28195
28152
28330
28261
28237
28618
28062
28516
28441
28143
28073
28608
28280
28791
28067
28586
28270
28103
28269
28196
28115
28639
29236
31089
36701
35599
36303
28147
36530
30360
28025
28473
28323
30735
34716
27988
28294
34054
34698
32047
36236
33109
28327
30324
28070
28502
28170
28207
28366
29519
28198
28313
28250
29318
29577
31634
36646
34337
29340
30518
34816
31123
28397
34514
30646
29009
30076
32347
34562
37001
31400
36753
36789
32437
30218
36095
30557
35834
36474
29534
36173
28739
28194
29682
30612
28807
29255
28125
29324
28078
29538
28057
29479
28081
32449
34411
31797
36576
35637
36265
31544
33427
29881
28426
28976
28129
28490
29279
28125
28478
28711
28657
28347
28617
29251
27967
29223
28120
30446
28213
28165
28536
28385
28150
28113
28169
28138
28098
28507
28528
28333
28150
28145
28597
28761
28507
28497
28083
28354
28333
28570
28247
27967
29051
28412
28159
28168
29380
28452
28771
28768
28456
28127
28150
28067
29211
28254
28792
28051
28491
28911
28049
28141
28212
28800
28648
28087
28110
28014
28374
28072
28037
28230
28489
28736
29206
30295
35321
36108
28623
31842
33521
28099
28857
28120
28510
28195
28079
28658
28113
29115
28098
28657
28065
29311
29206
30923
36534
35722
34451
35197
27941
34894
30331
33225
30775
28596
28367
28368
28192
28135
28027
28135
28084
29460
30005
32555
32635
34811
32267
35605
34769
36622
34150
33721
31827
36740
35109
29572
31267
36661
31303
28491
28168
28344
28308
28198
28298
29529
28038
29080
28238
28303
28425
28129
28875
28663
28068
28479
28795
28127
28182
28344
29459
28412
31418
30283
36260
30199
28260
30503
28240
28167
28621
28674
28725
28081
28044
31559
30987
36521
28163
30093
35139
35832
28079
30680
29261
28274
28724
28458
28225
29876
29302
30398
34175
34570
36407
32286
36691
31670
36558
32867
32152
34442
34922
34115
30803
35560
36884
30509
29305
29384
30365
33436
28255
28888
29464
28241
28529
28626
28215
28207
28126
28524
28412
28237
28296
29233
28843
28529
28370
28126
28479
28021
28376
28140
28216
28563
27973
30798
36271
29699
34114
36202
28200
36856
30071
33235
28145
34464
34541
34968
35119
34783
36243
33229
29448
28343
28211
29299
28163
28881
28343
28770
28088
28364
28186
28348
28806
29027
28911
29268
30543
34965
29356
33153
34256
36021
33396
34271
30441
30424
31817
28356
34779
36674
32390
36305
33978
28108
29584
29568
28671
28692
28050
29758
28370
28420
28437
28617
28386
29566
28190
28306
28291
28875
28272
28122
28949
28152
29307
28075
28918
28095
28343
29117
28327
28163
28422
28553
28994
28067
28524
28097
28320
29440
30790
36162
31494
32026
36045
35500
35802
30866
30147
29266
36701
35994
28562
28535
29037
28654
27988
28366
28518
28082
28909
28084
30016
32556
32905
32857
33825
37035
31917
29034
35229
29817
36881
34047
32051
32446
36606
36376
36426
28566
29804
36446
34038
31016
30924
29476
28315
28867
28434
28401
28680
28600
28077
28207
28897
28104
28487
28057
28332
28280
28139
29068
28111
28503
29001
28801
28144
30239
30466
32704
32551
34622
36745
36927
36174
27988
28409
28307
29555
28079
28223
28316
29949
28070
29658
28116
28351
31411
30177
33814
36701
36686
34282
29406
34146
35111
28291
35447
32037
28219
28544
36458
33031
36380
30526
33378
30880
28343
28344
28350
28432
30360
28201
28178
28788
28039
28890
28331
28553
28106
28362
28250
28478
28819
28814
28050
28077
28138
28702
28289
28793
29868
32882
31362
29099
29270
28818
28617
28464
28508
28267
28110
29275
28408
28682
28137
28182
28759
28358
28303
28415
28460
28479
28400
28041
28003
29694
31756
35290
32473
34988
29131
35519
36375
28191
29612
28370
28491
28136
28233
28205
34179
28328
36014
35667
36862
28127
36531
30924
36636
31876
32378
35512
34474
29204
37073
28407
35063
32369
32677
29985
28143
28182
29411
29634
30673
36107
36762
36391
28954
35131
36499
36662
28163
35527
29142
28171
28104
28182
28553
28194
28958
29147
29318
30486
35469
35484
33245
29842
29328
28447
36608
31320
36690
28107
36526
36503
36863
28366
34100
35359
36583
28036
28440
28463
28937
28230
29445
28243
29220
28212
28707
28007
29637
28260
28418
28267
28739
28137
29821
28058
29238
29443
28251
28115
28923
28129
29796
28337
28145
29559
30886
36188
31571
32398
32564
31226
36578
34612
28475
28920
28343
28153
28713
28128
29042
28095
28968
28079
28618
28454
28976
28503
28111
28435
28075
28149
28169
28134
28098
29123
28447
28325
28517
28094
29952
28688
28668
28899
29396
30837
36242
32029
28273
28642
28014
36306
28699
28874
29230
29710
32076
35273
36539
36693
28144
33946
32631
33473
32836
36631
31209
36036
30325
29523
28170
28502
28277
29286
28348
28102
28246
28212
28807
28164
28141
28527
28116
28101
28138
28803
28328
28074
30070
33931
33969
28964
30288
32776
32220
36903
32806
30302
28781
28959
29189
29164
29088
29625
31919
36093
28923
33188
36933
31618
36394
30159
34989
32366
28312
30130
35713
28310
28638
28138
28847
28450
30917
30879
36154
28878
28924
28430
29643
28273
28024
28104
28714
28077
28967
28128
28136
28863
28020
29130
28167
27965
30840
30077
32801
29959
28530
28187
28418
28587
28121
28129
30361
29470
31607
36598
30994
28570
28142
28033
28393
28414
28416
29040
30160
33777
36778
34382
29584
30522
34301
36969
36688
34193
29739
35843
28599
35864
28970
28136
30597
30332
32708
34192
33606
31182
36812
34122
28117
28137
28234
28515
29046
28320
28632
29550
31133
35904
35910
30924
29545
36824
32563
35070
35180
36932
36522
32343
35446
30326
29836
28150
28884
28346
29142
28028
30305
29065
29015
28641
28065
28576
28449
29002
28126
32395
35602
31639
28806
28659
28255
28212
29151
28121
33223
31790
36390
31152
28231
33200
29370
28458
28742
29279
28042
30024
28622
28094
28085
28470
29129
28245
28065
29132
28666
28160
32210
32997
33400
32589
36017
35101
28065
29214
28289
28486
30104
28537
27986
30869
28869
28855
28283
28105
30497
28587
28141
28138
28933
28221
28482
28262
29260
28080
28190
28492
28613
28598
28306
29245
28051
29313
28419
29510
28161
30053
28161
28201
28440
29054
28120
28178
28158
28316
28823
28579
28073
28339
28084
28185
28366
28278
28227
28454
29673
29696
31470
36637
35837
34093
28121
29893
32326
34626
36607
31704
31367
36843
31293
35337
33572
28266
30110
28234
28102
29190
28076
28269
28344
29789
28167
29955
32521
34001
31730
33182
35079
32797
28553
28166
28589
28541
28336
29534
28302
28888
28231
28486
28108
28060
29179
28098
28609
28450
28378
28052
28040
28298
28175
28266
29610
28617
28479
28236
28184
28347
27996
28619
28001
29183
28088
28569
28475
28443
28302
28236
30347
29238
30380
34495
37043
29539
29937
28671
28564
28489
28232
28125
28104
28268
28439
28038
29640
28944
29713
32095
35516
32753
30603
34774
34336
31216
35725
29779
32214
35240
30866
31444
36254
30954
36506
29684
34073
34532
36618
31668
36449
30782
35018
28128
36308
28589
28279
28169
28817
32639
28325
28513
30392
29111
29189
30430
34030
28560
28273
28348
28751
28518
28666
28138
28251
28840
28248
28541
28237
28775
28578
28161
28886
28495
28198
28425
28163
28177
28133
28280
28652
28230
28101
28103
28363
28386
28675
28028
28462
28415
28199
28356
28160
28028
28821
28286
28172
28118
29983
28870
29573
33163
28159
28185
28866
28058
29081
28224
28224
28195
28183
28191
28084
28348
28151
28126
31045
36542
28302
36640
36355
34158
30583
35471
28354
28351
36238
28707
28328
32690
31852
28597
28469
28048
29302
28782
28348
28088
28722
28157
28155
28601
28430
28312
28293
28306
28064
28402
28190
28529
28113
28457
28349
28735
29406
28774
28754
29554
32011
35147
36865
36745
36913
33438
35738
32785
31926
31537
29354
31050
36465
28031
31750
36168
28207
28126
28204
28242
28962
28137
28912
28398
28256
29641
28131
29726
28748
28825
28466
28080
28995
28170
28079
28094
29236
28258
28741
28419
28240
28717
28205
29515
29867
32422
33901
36802
36501
32655
36116
34603
36414
28109
36591
30283
32942
32785
28113
29171
28334
28577
28420
28716
28183
29426
28267
28151
29292
28296
28338
29847
28168
28071
29175
28173
28455
28124
28394
28350
29696
28176
28377
28369
29357
28303
28274
28710
27968
31823
33822
31639
35031
28154
33919
35923
33095
30213
29494
30547
34912
31484
28250
28585
29650
28139
28036
29044
28153
28586
28326
30068
28954
29772
31495
36509
29975
28691
28398
28132
28791
28164
28830
28009
28189
29933
29642
31564
36725
36919
30949
36485
29068
36581
28187
36218
28873
34049
36685
28111
28967
28633
28403
28503
28028
28691
28366
28145
29720
29604
31649
36747
36508
33189
28949
36673
30408
34823
31903
30369
36344
28683
28312
34426
36590
30441
34682
34323
31671
35962
29374
29027
36655
35272
33680
31535
36722
36119
30217
29443
32434
35693
33859
28113
28453
28092
28370
29303
28142
28915
28419
29794
28028
34783
31143
28347
28383
29895
28687
28347
28644
28952
28808
28280
28902
28250
29646
28481
28655
28062
29216
28418
28662
29357
28416
28741
28242
29166
28084
28188
28430
28267
29918
28538
28129
28542
28368
29160
28313
28140
29436
28302
28679
28329
28121
28990
28096
28620
28782
28144
28283
28304
27966
28002
28090
28367
28328
28868
28176
28523
28573
27985
28489
28116
28606
28578
28618
28356
28435
28586
27958
28893
28126
28603
28053
28258
28611
28364
28589
28266
28480
28235
28450
28263
28039
28120
28062
28107
29443
28152
28093
28039
28254
28194
33086
35794
32726
34537
30591
33029
32542
36514
36417
29853
28269
28282
27992
28427
27935
28328
28294
28130
28405
28177
28137
29111
28235
28586
28031
28112
28197
28178
28072
28329
28255
29976
29458
31437
36526
33821
34260
32442
33193
31131
32907
32108
33021
31797
30119
34856
28584
35979
30591
29271
34514
35036
29787
31579
31600
36776
31973
36302
28889
34976
30867
33564
28914
29170
35685
31660
36539
28373
36914
28174
31374
28944
29009
28819
29397
29540
31240
36692
36380
28221
30557
30737
35400
35974
29297
29618
34059
36777
36470
36545
33575
36293
32848
33498
32345
35578
30668
30100
32279
34528
30260
29159
28634
28761
28669
28186
29295
28148
28586
29771
30238
33558
28278
29807
28616
28224
29152
28905
28121
28090
28752
28739
28293
28182
28352
29295
28067
29125
27957
29071
28142
28173
28109
28056
28842
28115
28296
28257
28650
36707
31954
30180
36499
29855
29446
31122
36404
30510
36230
29863
31156
28674
28148
28806
28783
28352
28046
28333
28654
29220
29510
30703
35196
35971
29659
28369
28265
29950
28079
29087
28158
28226
28152
28897
28604
28525
28961
28754
28109
28656
28360
28096
28649
28374
28303
29290
28411
28237
28502
28269
29000
28146
28162
28594
28682
28123
28488
28128
28064
28579
28168
28288
28090
28046
29171
28147
28659
28266
28318
28158
27992
28171
28906
28207
29515
28571
28687
28373
28176
28335
28111
28660
27979
28116
28167
28042
29364
28016
28753
28136
28330
28127
28407
28171
28541
28126
28580
28173
29267
28328
28104
29422
31500
36117
35711
33336
33036
28206
36439
28075
31825
28248
29133
28226
28217
28277
28176
28395
28930
28324
28115
29382
28303
28161
28421
28140
28974
28137
28165
28284
28427
28271
28177
28406
28173
28246
28103
29581
29148
30547
35788
33207
28183
28221
36172
30481
28695
34151
36895
36380
36221
28488
29914
31086
36606
30158
28659
30332
28146
30591
35028
30075
28442
28182
29552
28054
29492
28191
30048
29030
28719
28784
28450
28622
28233
28082
28678
28359
28507
28182
28441
28309
28501
28383
28920
27999
28469
28258
28134
28476
28345
28290
28085
28430
28017
28522
28559
28491
28241
27990
28070
28143
28671
29129
28142
28417
28037
28203
28689
28087
28053
28174
35193
28125
32297
33197
32939
33711
36129
33716
28204
29093
29473
31056
36663
37017
36469
33505
34243
37009
36614
36479
30061
35236
31277
30540
34908
31324
28277
28148
29509
28219
28206
29143
28175
29826
28146
29614
28110
28352
28080
29135
28316
28367
29076
28172
28680
28203
28822
28171
28569
28204
28520
28233
28359
28266
28807
28645
28353
28354
28418
28504
28441
28951
28278
28801
29024
28323
28137
28111
28455
28572
29222
29619
35890
28653
28696
28383
29720
28180
28086
28611
28131
28689
28088
29311
29770
31813
36293
30231
28116
28181
28177
28947
28242
28417
28315
28345
28554
28513
28776
30670
35225
36589
30458
29703
28259
28236
28835
29053
28078
28145
28284
28180
28687
28689
28045
28101
28172
28847
28155
28449
28116
28543
28126
28928
28126
28129
28141
29234
28593
29118
29734
32815
31443
31253
36591
31291
28406
28268
28145
28108
28214
28292
28204
29033
28570
28563
28215
30079
29803
32794
31766
32116
36154
28472
36798
28114
32094
28998
28655
28167
28563
28515
28201
30272
29109
29523
31000
36771
30908
31729
36657
34453
28197
28285
28590
29855
28137
30053
28228
28490
28302
28917
29173
28154
29727
28037
28470
28126
28144
30579
28545
28462
28302
28090
28976
28069
28349
28935
27960
29722
28065
29728
28255
28236
28157
28848
28079
28604
28318
28739
28173
28742
28258
29680
28206
28194
28253
28712
28262
28101
28357
28662
28227
29459
28134
28482
28175
28171
28215
28386
28271
28109
30097
28137
28050
28723
28065
28808
28091
28168
29267
28082
28301
29117
28194
29451
28082
28183
28062
28060
28344
28198
28094
29395
30688
35930
32101
33401
28445
34940
32539
28891
31823
30473
33480
34602
32023
35082
34456
32314
28324
28152
28532
28140
29302
28012
28519
28322
28706
28240
28086
28760
28340
28161
28289
28398
28257
29172
28194
28636
28012
28372
29115
28300
29166
28277
28378
28346
28474
28072
28105
28630
28073
29663
31865
35936
30030
32464
36713
34770
31485
29120
29118
29076
29173
29872
33289
28422
28214
28386
28273
27951
28325
28172
28935
28194
28070
28128
32286
36299
31893
36111
35489
28367
28204
28398
28113
28169
29500
28206
28674
28395
28051
28771
28269
28239
28095
28833
28137
28069
28297
28144
28903
28097
28691
28191
28036
28044
28591
29167
28012
28679
29491
30835
35820
35302
28950
32885
36015
33045
29189
28173
28195
29283
29391
30747
35913
36596
29343
28362
28100
29313
28665
28108
28471
28134
29390
28534
28093
29880
28120
28150
28159
28087
28109
28375
28456
28465
28145
29296
28219
28183
28155
28462
28818
28074
28404
29737
31828
34062
35572
28018
36524
32650
31867
34661
33859
28312
28297
32443
28036
28739
28634
28388
28211
28550
28214
28521
29044
28335
28087
28215
29722
28914
28591
28980
29227
29778
32904
30189
28746
28645
28536
28475
28191
28151
28021
28147
28471
28067
28204
29429
36109
29003
30277
36405
30391
34475
31452
36301
29715
36078
30870
36647
35486
36531
31097
36749
30986
36709
29365
28341
34333
33865
28244
28559
28082
29444
28055
28727
28034
28444
28134
28747
28570
28926
28162
28198
28352
29193
28125
28291
28670
28085
29312
28175
28930
28096
28181
28273
28539
28063
30307
28506
28293
28158
28206
28350
29174
28269
27956
28723
28129
28440
28235
28948
28003
28151
28140
28514
28401
28185
28134
28983
28085
28673
28476
28013
28132
32342
35193
36226
28160
28346
31021
28149
28323
28212
28164
28461
28107
29043
28186
29140
28179
28706
28118
28044
28450
28384
29058
28139
28288
28098
29084
28218
28031
28381
28835
27954
33355
34802
28355
36479
31968
36166
35443
33083
32384
31711
28308
28350
28999
28322
28336
29370
28018
28574
28707
28436
28087
33182
36201
30663
32985
33387
29734
36461
33783
28710
28397
28654
28049
29334
28160
28514
28705
28395
28168
28463
28406
28363
28183
28549
28601
28125
28697
28180
27980
30022
28730
29014
29553
32594
31298
35494
32572
28831
28168
28225
28448
28166
28473
28012
29545
28708
28693
28367
28122
28080
28322
28031
28609
28552
28304
28313
28185
28473
28508
28547
28564
28087
28686
28561
27970
28586
28294
29207
28138
28713
28450
28725
28170
28055
34126
29010
28222
28140
28838
28122
28166
28155
28495
28978
28183
28297
28187
28120
28211
28111
28122
28145
28370
28283
28269
28151
28217
28075
28268
28098
28191
28080
28099
28050
28203
28185
28303
28265
29033
30029
33708
35007
28747
28131
28891
29881
33084
30230
28214
28258
28109
28182
28048
28166
28038
29296
36417
28066
28259
33224
29809
28021
28040
28267
28240
28576
28438
28196
28127
28505
28390
28170
28109
28364
28167
28038
28726
28114
28173
28358
28180
28131
28072
28071
29139
29709
32706
32935
28345
28424
32117
36317
28644
30839
30436
34404
28332
33596
28171
30379
35877
36200
29591
35319
28254
36569
29027
36406
32537
36470
33465
32497
31177
31248
28712
28104
28913
28910
28158
28552
29753
28992
29535
30955
36755
29593
28675
28029
29942
28023
29784
28230
28518
28159
28217
28174
28352
29228
28065
28194
28407
28333
28066
28850
28645
28037
28242
28540
28278
28833
28166
28000
28889
28354
29478
28436
28079
28486
28172
29077
28114
31898
30308
34820
32574
33337
28690
28374
28120
29432
28970
28762
29044
29087
29931
33014
30106
29760
32148
35977
28665
30662
29231
30782
36042
28124
28270
36349
35443
32258
30965
36727
28205
34593
31962
29763
28211
30766
30513
33922
36890
34909
36848
35891
30214
33031
29268
28387
28310
28261
29013
29552
28289
28026
28305
29176
28267
29352
28130
28815
28277
29646
28674
28267
28398
29255
28194
28527
28488
28236
28732
28016
28967
28322
28809
28476
28010
28283
28267
28631
28306
29285
28141
28245
28221
28213
28125
28058
31649
36451
30559
36365
28962
29696
33435
28482
31662
34355
33785
33506
30877
36532
31016
36761
28034
30120
34913
35273
33978
34880
36843
32110
30099
35833
31614
29804
32134
36065
28176
29250
28434
28296
29011
28134
28265
28902
28050
29325
28554
28167
28259
28374
28460
28185
28077
28265
28073
28075
28151
28213
28059
28649
28211
28870
28512
28057
28233
28256
28823
28889
30846
36613
32367
28702
28153
28008
28499
28460
28671
28196
31234
28320
35888
28785
28102
28717
28327
28329
28017
29117
28908
28624
28771
28479
28128
29184
29860
32655
31046
32668
33455
28159
29064
28924
29039
29691
31931
35233
35816
34594
35748
29101
36483
29814
28346
28798
28203
28047
28158
28690
28119
28221
28865
28141
28136
29284
28731
28430
28007
28228
28234
30349
29199
30846
36140
32327
33920
28475
28052
28095
28103
28323
28082
29214
28854
28917
30192
35921
28345
28215
28705
28887
28272
31712
36383
35902
36831
28109
34909
31175
36057
28239
28581
28096
28107
28232
28598
28351
28101
28704
28757
29033
30605
35353
36578
27955
36263
28183
36569
28566
28338
28600
28226
28347
28006
28448
29016
28043
28272
28537
28195
29237
28287
28182
28166
28806
28184
28933
28840
31278
36722
36567
33144
29027
28690
28530
28195
28185
29222
29509
31577
36729
33454
29936
28127
28408
28099
28349
28394
28307
28121
28739
29362
32305
34382
33508
36424
34952
28369
36437
30937
36391
35940
29090
28294
27962
28273
28208
28300
28072
28589
28141
28670
28475
28588
29226
28290
28350
28128
29616
28282
27954
28247
28635
28286
28080
27971
28803
28113
28169
28700
28033
28329
28013
28679
30067
34409
28233
28613
30695
35571
35810
29696
31802
31139
36756
35537
35334
34065
28343
28122
27987
28253
29596
27997
29715
28134
28857
28085
28255
27976
28540
28212
28057
28900
28263
28220
28880
28156
28078
28133
28072
28091
28071
28142
28746
28017
28280
28057
28813
28043
28331
28038
28095
28089
28187
28160
28177
28302
27978
28570
29460
31151
36762
34911
30726
34594
28973
28460
29713
35417
36531
33558
31169
29881
33159
28304
28257
28153
28882
28035
29693
28089
28914
28212
28273
28747
28029
28236
28071
28732
28053
28566
28326
28492
28914
28127
28948
28074
29507
28080
28454
28573
28048
29237
30456
35709
36676
33745
28188
28623
28057
28110
28410
27978
28781
28760
28645
28294
28064
31152
36739
28267
36535
30772
36551
36435
35262
36581
31823
36707
29546
31069
36552
33605
33874
28225
29031
28571
28405
28176
28241
28583
28897
28310
28186
28518
28182
28122
28110
28638
28477
28224
28134
28368
28246
28148
28137
28611
28635
28640
28803
28865
29386
31466
36620
36567
28737
28740
28311
28671
28991
29277
30970
36287
28410
29249
31187
29676
28194
28306
28213
28123
28114
30655
28289
28203
28061
28262
28058
28124
28253
28232
28726
28122
28032
28221
28127
28099
28516
28464
28125
28197
28317
28465
28226
28958
29906
32841
32045
31209
36413
28098
34129
28776
34555
28558
36411
31315
36528
30207
36670
28785
33779
34905
28168
28149
28856
28117
28609
28656
28079
28442
28311
28078
28227
28054
28070
28071
28044
30498
29355
30800
36186
31724
29758
28083
28383
28247
30341
33593
28118
28001
28818
28082
28435
28294
28577
28399
28524
28610
28335
28703
29828
32607
33592
28085
28113
28039
28194
28329
28554
28407
28877
28322
28561
28230
28101
28326
28081
28784
28598
28309
28083
28070
28045
28054
28359
27918
28187
28201
27969
28359
28442
29743
32144
32585
29987
33636
36869
36890
36057
30875
36103
31161
33920
36183
28169
33584
34893
28745
28261
28172
29554
30952
36347
28882
33899
35138
29101
36634
28587
32587
34066
28401
30495
30650
33494
28397
29474
28667
29371
31534
35840
28156
30515
36821
35028
29375
29320
31790
35832
28138
30317
36507
33235
30394
32439
34963
36347
36672
36868
31035
35228
34959
36593
33612
35095
33681
30340
29525
30188
33442
29951
28073
29343
28034
28295
28187
28124
28136
28827
28739
29705
28137
28361
28280
29227
28054
28217
32148
33047
33932
36166
31579
28233
29106
28244
29314
28117
29353
28111
28322
28106
28997
28350
28047
29407
28303
28547
28073
28497
28575
28796
28429
28298
28074
28761
29521
30787
36176
33352
28310
29478
28149
28092
28942
28176
29261
28270
28271
28383
29483
32560
32848
36265
31738
30272
28163
28149
28857
29995
33961
28181
30098
36716
33385
28554
29411
28459
28419
28598
28056
28231
28265
29191
28063
28270
28135
28858
30860
35450
36737
33199
28501
28061
29075
28764
36107
30270
36318
28684
29360
35265
36263
28759
28199
29585
35967
30506
31625
36618
35622
31428
28859
28270
29428
28050
28406
30105
34459
34423
29934
28985
29991
32869
32327
36809
34773
28245
28766
28106
29459
30132
33282
29679
28172
28042
36430
31786
29523
30781
36157
28121
28794
28769
28238
28676
28310
28752
28112
28051
28188
28698
28102
28110
28103
28279
28242
28081
28369
28223
28466
28110
28543
28179
28013
28372
28092
28187
28578
28068
28070
29291
30339
34361
35373
36923
34722
28254
30561
32309
35725
28226
33645
29294
31939
36317
28520
29937
36094
28164
30021
35262
34081
34704
32485
36085
28265
29223
31127
34252
28183
36426
31465
28229
31760
29486
28098
28240
30657
28365
28203
28269
28062
29290
28445
28322
29184
28234
30765
30117
32926
35324
29736
33212
36653
28169
35039
28098
28374
28033
28371
28650
28703
28325
28202
28062
28082
28234
28755
28483
28194
28295
28800
28354
28278
28274
28019
28705
29184
28031
28214
28139
28210
28047
28054
35036
30599
34543
31055
36697
36597
35855
32535
33883
36402
31144
28395
28438
28099
28056
28396
28159
27988
28046
30094
29147
29429
31216
36592
29735
30311
33838
34592
35186
35179
31604
36850
33480
28619
28240
28052
28040
28035
28279
27978
28223
28278
28109
28001
28506
28235
28098
28233
28690
28099
28067
29037
29360
29682
32097
35336
33713
36473
35331
28938
28010
28832
28142
28407
28079
28502
29336
28269
28387
28395
29945
28334
28129
28170
28593
28186
28486
28159
28704
32754
36921
36820
36473
28343
33551
32523
32183
31367
35092
36514
34422
32938
35191
35360
36016
28928
28169
30425
29971
35488
35465
36914
35929
33049
31154
36701
31995
34814
36380
31657
36013
28940
28360
28330
28704
29153
28294
28222
29962
28340
28425
29191
29620
31666
36498
29285
36656
31389
36591
28158
30425
34971
28568
28580
28077
28151
28874
28123
28437
28896
28216
28222
28405
28371
29345
28447
29269
29496
30440
35543
28961
35671
28454
30768
28009
28334
28844
29586
36852
34233
30031
30458
36539
28956
28288
33661
31697
32333
36186
28173
35213
36602
32120
33210
30050
28205
30191
33735
28202
29094
28815
28288
28113
29238
27985
28166
29795
29242
28850
29331
29496
30615
35942
28235
36510
31706
34502
28139
28538
36412
29182
28695
29017
29830
28667
28176
29822
28457
28859
28196
29147
28272
29222
28649
28132
28144
29411
28141
28287
28231
28414
28775
28130
28903
28046
28247
28906
29130
28678
28290
28341
28320
28642
28219
29054
29300
29997
33089
30133
28436
28135
28231
28176
28348
28027
28957
29651
31899
36214
28231
34687
36605
33564
36244
28159
36695
34503
35177
28804
35693
28841
36322
30278
36011
34893
33304
36717
28358
31796
36770
32899
36943
35956
35245
29910
28127
28040
28849
28310
30494
28297
28179
28673
28027
28350
28470
28144
28849
28253
28429
28756
28176
29374
28065
28496
29022
28138
29819
28458
28082
28512
28314
28759
28179
28401
28410
28397
28241
28279
28111
29370
28292
28003
28777
28915
28428
28224
28102
28424
28058
30303
33721
34402
32097
31306
36746
33822
33563
32545
29355
35592
28194
34843
36398
30572
33709
28124
35859
28842
33538
35329
36738
33364
34571
35560
32630
36029
29548
35783
36729
31914
36182
31375
35893
28373
33554
36901
36018
33490
32635
33789
31677
31387
32604
36235
33638
31962
31193
34097
36393
29953
34317
28129
30187
28732
33142
29764
28557
29617
28170
28383
28204
29327
28563
29739
28113
28371
28291
29050
28257
28663
28381
29481
28010
28161
28228
28293
30285
28588
28080
28529
35616
36739
33002
29381
28514
29036
28461
28105
28458
28655
28384
28819
28105
28556
27963
28623
28983
28071
28482
28273
28362
28737
28168
28140
28030
28085
28219
28249
28310
28129
28455
28412
28147
28340
28220
28292
28263
28251
28524
28584
28802
28589
28055
30708
35169
35629
36728
28297
34119
36215
33430
28855
28297
28179
28731
28236
28191
28615
28114
30088
28657
28562
28133
28077
28697
28232
28367
28026
28290
28477
28687
28195
28278
28226
28264
28137
28562
28197
28577
28018
28045
28753
28467
28516
28024
28101
28335
28383
28138
28178
27952
28672
28708
29846
33651
37003
36712
33104
29097
28107
36321
28213
35478
29512
35054
36919
35109
36872
36121
34377
29548
30699
35497
28165
28151
28227
28293
28246
28412
28440
28374
28130
28119
28250
28212
28182
28375
28070
29730
28692
30705
35057
32902
28341
31918
31588
29933
32893
31037
29613
31012
36342
28345
32198
36269
34566
35497
30810
32741
34266
33036
31601
36830
28950
29649
32548
34581
35814
34641
32877
34730
34257
35855
28501
28147
29164
28254
29409
28145
28624
28047
28270
28303
28837
29250
28052
28022
28143
28051
28096
28968
28317
28340
28123
30092
28051
28559
28027
28130
30990
33692
33909
28583
29172
28613
28941
28606
28586
28556
29646
31915
34763
36631
35016
34486
29390
35434
28904
34038
31834
28226
37022
31442
29321
28578
32687
31817
36564
28319
28059
30558
34055
32804
33157
28700
28203
28344
28569
28209
28241
28221
29251
28133
28402
28017
28847
28023
28121
31599
35270
36980
36588
36189
28303
29028
30093
28167
28424
30241
28965
29639
31948
36104
28235
34235
32559
28397
28806
33482
36375
34835
28198
29660
28154
28597
28027
29553
29434
33559
29935
28101
30366
35490
29475
34869
35563
36034
31813
30247
36676
32552
28165
36341
28252
29143
32589
35554
33600
35668
36016
30404
30503
34418
29593
31134
33577
30543
28268
28058
28841
28158
28594
30370
29195
28162
28585
28563
28692
28326
28228
29275
28814
28274
28570
29211
28201
28773
28227
28565
28394
28864
28894
28106
31409
32692
33257
33876
29945
35107
30770
35746
36082
29417
30163
28491
28039
28881
28074
29171
28090
29616
28195
28403
28046
29538
28150
28354
28410
28232
28599
28050
28460
28760
28606
29124
28022
28962
28081
29549
28450
28036
28206
29077
28407
28230
28939
28464
30119
28594
28602
28166
28058
28179
29347
28969
29462
30575
35102
31961
33155
36215
33562
30560
29439
30099
32985
32761
36834
36060
30783
34185
34204
29535
30084
28766
28098
29815
28268
28486
28379
28689
28830
28210
28501
28130
29377
28732
28899
28849
29341
30965
36481
28257
28610
31251
28222
29779
29424
30241
34022
36525
28147
32605
31893
30602
28222
28134
28975
28659
28106
28786
28224
28022
28790
28062
28182
28098
28675
28072
29073
28542
28635
28182
28492
28244
28296
28254
28184
29051
29466
33796
32701
36509
28382
29722
28583
28191
28155
28170
28184
28203
28023
28532
28413
28513
28346
28081
28328
28065
28315
28137
28175
28167
28361
28582
28394
28972
28838
29869
33910
36411
36858
30662
35727
31672
29952
33921
36440
30800
35892
31201
28091
31555
28192
30902
31318
35674
30134
36729
36786
34503
29569
28144
28125
28191
28913
28888
29102
29713
32328
34396
30962
28232
28971
37062
32672
35721
31563
32252
30715
35738
35004
28741
34912
32561
35066
31802
36644
34267
31943
34262
34982
35623
32044
35358
33868
28444
33376
33713
35588
28121
36784
31821
36752
34866
32011
28138
31042
32987
36575
32234
35663
31497
33217
33285
32236
33185
29791
34472
28331
34027
28888
33509
30351
28154
29467
28256
28354
29529
28088
28002
29243
28567
28685
29087
28020
30014
28609
28097
29385
29447
30196
32974
31123
28394
28083
29241
28337
28786
28265
28678
28167
28360
28827
28113
30581
29283
29013
30405
34303
34922
32864
34772
36526
31221
36533
28141
36279
28203
30101
28379
28375
28573
28458
29395
28132
28795
30094
36318
29440
30491
34651
28040
35250
36844
33742
32886
31640
36404
34786
28356
28266
29995
29244
29600
30793
34976
27986
36665
31225
36446
36845
30608
35594
28463
33512
31340
35252
31279
32104
32768
34772
35827
29700
31923
36778
31363
36630
28030
29706
33750
34322
34784
33008
28451
31253
36042
32392
36684
28184
30630
28798
36686
29707
30988
35437
34794
28772
29708
35552
28561
35381
29858
33951
36382
29303
28637
28214
30718
28134
30829
31294
31133
35493
34627
29884
32131
36631
30100
30726
34271
28322
34922
28254
28065
28526
36708
33886
33300
35878
32988
36190
28372
35771
33756
36276
28248
30031
28130
31129
28230
29204
28413
28689
29449
28231
29388
29448
28270
28567
29011
28311
29842
28186
29181
28227
29535
28117
29402
28087
28264
28704
28386
28402
29651
28254
29361
28060
28793
28276
29315
28308
28795
29436
27979
28025
28723
28769
28290
28776
28398
28121
28724
28563
28034
27994
28446
28134
28837
28790
28775
28425
28320
27968
28333
28255
28462
28209
28058
28567
28127
28374
28291
28016
28388
28126
28457
28818
29662
31871
36015
30748
32443
33975
36547
31199
36148
30837
28097
28543
30077
36103
28042
30672
36554
33031
30054
29057
29401
29920
32236
35073
36619
34933
36683
32662
32452
29467
33644
27954
30383
28866
28105
28923
29156
29532
31297
36458
28270
36521
33184
35613
33892
28323
28529
28069
30915
29534
31465
36558
32804
35757
28229
29498
31592
36737
28085
28904
30359
32570
35746
28382
31153
28347
28005
28617
28270
28274
28880
28144
29127
28014
28743
28058
28531
28231
28440
28127
28391
28376
28591
28569
28019
29103
28098
31888
33603
34058
36587
32931
28978
28268
28298
28201
28146
28279
28171
28616
28671
28069
28082
29931
28129
27964
28187
28568
28160
29277
30298
35099
29505
28500
28085
28761
30699
33625
28419
28275
28210
28568
28871
28527
29001
30525
35661
36679
33002
31870
33421
34719
28396
30752
36372
36244
28234
28886
32167
29890
28605
28533
28447
28607
28326
28304
28094
28777
28083
28973
28180
28121
28399
28026
28718
32360
34447
33471
36453
36728
31765
34041
28222
29431
35893
36537
33579
33365
29331
36132
28180
29534
31072
30394
34351
32374
28774
29308
30495
34661
29505
34993
28189
36264
33407
33613
36865
35618
32822
31753
36674
32663
35465
31424
34426
35991
29743
28062
28638
29716
29832
28479
28293
28491
28270
28287
28636
28286
28297
28419
28135
27969
28490
28130
29643
29400
30376
35029
28036
30751
33906
32853
35949
32837
34683
28129
29646
30804
35752
36325
30449
31964
33930
28205
36148
28863
30116
28246
29718
31324
36490
35215
34156
28661
28390
28070
29736
28398
28123
29770
29077
29040
28356
28198
29377
33083
28453
28098
36312
29342
28172
28329
28259
29660
28154
30578
28871
29360
29055
30475
34687
34299
36389
30764
30337
29756
30479
34483
32944
33341
29545
28238
30042
35718
28466
36166
28187
29858
28210
34082
29685
28097
28702
28174
28390
29294
27974
28784
28055
28421
28491
29204
30943
36634
29198
35744
29515
36803
30024
33323
31640
34489
33092
33917
34887
35255
35735
28322
28562
28516
28918
28297
28549
28260
29637
28715
33865
30797
28509
29638
28604
28209
29571
28516
28184
28013
28705
28286
28028
28082
28638
28653
28394
28532
28263
28489
28063
28491
28086
29054
28404
28152
29360
28332
28106
28062
29587
28680
28687
29476
32412
29119
28410
28111
28169
28134
28198
28165
28592
28064
28285
27981
28027
28235
28288
28566
28766
28290
28473
28337
29050
30093
33882
36490
34828
28157
28107
28227
28640
28030
28022
30798
36603
29902
33513
36471
36723
33298
30563
31937
36494
31883
35292
31686
28392
28157
33518
35237
31565
28877
35819
29751
31165
36587
34250
35885
31621
32491
35334
36553
31226
28320
29499
27948
28719
28115
29779
28168
28634
28214
28321
29041
28191
28555
28502
29046
29005
28094
28366
28436
28204
29211
28130
29164
28483
28472
28352
29513
28244
28282
28666
28455
28511
29235
30165
34204
33875
30881
36622
36786
35166
31418
36444
32552
36356
34005
29220
28939
29470
31572
36775
32993
31586
34422
36260
36622
30083
33505
29728
28377
27986
28179
28198
28532
29399
28895
28058
28206
29356
28057
28108
28969
28680
28961
28079
28980
28132
29014
28103
31066
29657
30582
35396
36955
29957
32422
34837
36916
33368
36696
34287
32834
32852
28163
29803
28124
31519
29118
31490
36639
32145
36539
29768
33440
34819
28989
29169
29396
29715
32168
35484
36689
28306
28385
33487
37002
36201
36936
33946
30271
31268
29735
28039
28968
28196
28051
28030
28188
29403
28699
28056
28924
28345
28133
28114
28862
28166
28482
27915
29398
30595
36052
28428
36004
33353
30209
29349
29715
32305
34706
36611
35162
29401
28120
28187
28922
28657
28138
28153
29190
28410
29143
28122
28382
28250
28536
28270
28139
29064
29450
30639
35802
32423
28153
28233
29246
28186
28114
28091
28253
28160
28310
28092
28504
28657
28542
28535
28095
28369
28157
28050
28361
29101
28363
28761
28506
28482
28369
28550
28309
28251
28133
28095
28360
28648
28157
28143
28693
28092
28693
28189
28154
28000
28707
29015
29393
32384
33696
37063
36846
35112
30039
34755
28146
31043
29246
30725
35911
31822
28148
28550
28491
28896
28034
28202
28118
28242
27970
28397
28080
28697
28578
28178
27990
28522
28121
28194
27948
29724
31908
35047
34309
29107
28885
33572
34801
36102
33918
35958
33460
34615
28359
28198
28448
27995
28839
28322
28108
28095
28537
29240
31163
36551
36775
29451
28180
28277
28356
28175
28131
28201
28753
28543
28344
28210
28478
30132
34812
35815
32211
34301
31947
32307
36614
34093
28999
32301
28129
32207
36273
29457
28498
28143
28318
28142
28211
28069
30160
28546
28546
28819
31044
36455
36673
28100
28920
28419
28147
27955
28123
28743
28181
29070
28227
28522
27960
28175
28435
28729
29388
32018
32495
28694
36036
28496
28248
35504
36327
33907
28391
28900
28773
29218
32234
32443
35742
32820
35294
36650
32707
32950
28521
29483
29499
30462
35815
28212
29902
36632
29986
33295
36687
36671
32636
36385
28367
28141
28321
28111
28120
28227
28197
28757
28436
28053
28125
28264
28437
28671
28374
28328
29531
31108
36641
34937
34891
28338
28973
28246
28248
28118
28001
28745
28110
29629
28585
28690
29228
30674
35644
34849
36301
35078
36545
28214
31005
28249
28549
30283
31789
29922
28317
28090
28264
27971
28642
28105
28051
28271
28253
28036
28143
28660
28334
28134
28548
28236
28432
28069
28416
28160
28490
28086
28050
30895
28901
31051
36614
34474
28223
32710
28493
29898
29280
35444
30722
36827
35963
33281
31429
33939
28312
28240
28098
28191
28341
28190
28494
28118
27974
28295
28110
28066
28121
28381
28431
28032
34630
36672
36663
30060
31693
35879
36476
28655
30071
30213
34696
32718
28301
30893
28304
27954
28527
28140
28331
28299
28223
28570
28746
28714
29467
31992
34899
36709
28714
28247
29194
31997
29233
29163
29748
32989
32429
36879
36778
32623
36195
29001
31018
36347
32093
35224
34668
28553
28073
28483
28830
28088
28486
28203
29627
28404
28078
28862
28163
29558
28064
29557
34467
29184
30247
34203
29804
32358
33084
31789
31251
36207
36844
30984
36570
34947
28665
33446
30507
28858
28763
28914
29355
30295
33816
36143
30027
31038
35932
28288
28579
29351
29110
29251
29672
30941
36489
36816
31630
36770
28383
36569
28801
30031
32909
32327
33325
28233
29256
28086
28428
28318
28250
31125
29908
30878
36210
28226
33407
29855
32039
36423
28009
32793
29806
28206
28810
28234
28567
28200
28098
29375
29142
28445
28256
28410
28795
28059
28914
28101
29662
28171
30143
28119
28664
28255
28506
28304
28093
28193
28050
28423
29040
29707
31587
36644
35096
33795
36433
34070
28611
34812
30730
35242
34332
36831
28088
31983
30953
33863
30307
32584
34597
36773
34324
32065
28085
28287
28075
28260
28060
35138
33819
28777
28171
28260
28245
28992
28353
29058
28034
32973
31489
31404
35647
35477
36702
31813
34429
35719
28112
35947
28514
28066
29407
28594
33159
30061
31077
29236
29655
31078
36101
28313
29363
31126
36456
32940
36285
30439
36455
29039
28393
29192
29938
33575
28410
28716
28088
28641
29331
28223
28035
28879
28472
28166
28266
28475
28434
28239
28919
28202
28417
31606
31465
28125
28173
28144
28567
29240
29639
31419
36737
29297
29515
30695
35391
29269
31110
31134
34631
34248
28348
28081
28473
28215
28470
28069
28286
28698
28308
28516
28196
28149
31061
30645
35356
31473
28337
35685
35665
28984
28622
28315
28171
28476
28146
28240
28422
28923
28139
28058
28241
28753
28184
28081
28087
29706
28896
28298
28290
28583
28470
28360
29879
28133
28280
28428
28351
28357
27973
28006
28063
28210
28199
28141
28658
28095
28103
28213
28183
28204
28123
28042
29018
29191
31191
36652
34460
29076
36705
31058
31276
36536
28704
35885
29876
30231
28247
28217
28101
28105
28580
28316
28099
28310
28319
28417
28165
28389
29287
31139
36693
29388
29083
30243
34033
28769
28672
29179
31636
36265
28614
28330
34884
33987
28123
34060
29216
36079
31586
30700
35427
32484
32484
32484
32484
32484
32484
32484
32484
32484
32484
32484
32484
32484
32484
32484
32484
32484
32484
32484
32484
32484
32484
32484
32484
32484
