9884
33923
35653
31301
35095
28745
35385
28209
28168
29847
33608
30453
28138
35295
30995
31791
36016
30006
30878
36913
34072
29943
34868
35455
32357
32820
31210
36557
29726
28047
30129
34811
27971
35420
36133
36356
34659
36783
35676
35577
36804
29779
32209
32052
30907
31054
32016
30775
28258
28131
33609
31356
32233
27999
29982
28242
28714
28735
29920
29073
31846
31388
36778
28175
32027
32262
35225
32014
33540
34989
31712
28135
32374
36234
31344
36082
29036
36208
30838
30354
28870
36647
28067
35333
29351
29557
28126
28203
29123
35182
28911
36683
32976
33595
36732
35396
29659
28495
31344
28113
28034
35858
33810
28048
28244
36318
30343
29341
33280
29854
36364
36749
36509
34011
32057
29711
32004
35046
36225
29730
28213
29320
36754
36109
29932
31083
30562
29582
28805
36221
28093
28334
32984
28446
31798
36754
33462
32779
36852
29949
29566
31434
37024
32551
32151
36837
34746
32134
33260
28311
33761
29323
28684
28590
36185
32548
33057
36851
28607
30082
30618
29785
33876
34792
36593
36369
28184
36637
35918
35939
35046
34865
33443
29477
29799
28907
36915
28127
28106
31001
28409
35969
31359
34803
36378
36189
34268
28875
32703
30558
35747
28933
34372
34977
28348
33141
36314
33656
29536
29483
30777
28323
32533
28627
36868
28007
28227
32208
35778
36783
36010
31378
28185
30751
35546
34778
35476
32098
36703
32210
31280
36035
33461
33366
36890
36628
28024
31116
36038
30473
36439
34913
36901
33216
35263
31342
30089
28543
28810
28698
34618
30129
30942
31800
35821
35989
30013
28093
33598
28806
28637
28145
32482
37005
28245
33073
31322
32518
28306
36609
33595
35550
28078
32064
35284
28658
35353
36028
28240
34506
28097
36043
36884
29058
31404
36843
36360
32052
36801
29489
28430
28064
30062
28458
34013
34350
35850
34721
36004
36900
30416
32158
31861
36309
36221
32525
32033
30636
28958
31133
31087
36897
35713
36796
35647
29950
35893
28376
35524
28246
34593
30358
28000
35169
35826
30955
31039
33030
29527
35301
29934
30871
35095
28434
28554
31183
32808
35736
31733
36285
30554
33587
34934
29194
34231
28729
35041
31118
35263
31907
29120
30644
36153
31215
29449
36870
35250
34338
36348
28409
33248
35007
35372
35523
33273
34044
29129
35604
30745
28931
30950
33258
28749
28205
32701
28145
36179
34838
33339
34265
33115
36668
35546
34910
28354
36432
32970
28887
32625
33059
36377
30509
28575
35034
35875
34838
36157
29855
29139
28490
33686
34973
34816
28505
36070
28113
29583
28453
28146
34047
30468
35032
32577
30644
27997
28301
34994
28560
35383
30187
28170
33336
30489
28186
36870
28703
36238
28580
31185
36965
30004
28227
28244
28240
36144
36832
30417
34576
36701
36759
35593
31678
30758
29954
30594
32642
28162
35634
36587
35609
36809
34893
34527
28292
32928
29008
34363
31292
28614
34551
27980
28839
36157
35327
28570
36176
31869
32738
29968
36920
29957
34026
34877
29175
29243
28769
28110
28072
36525
35492
34830
31826
29573
28314
36886
34168
34377
36092
30141
33782
34798
36062
30470
35602
35705
33005
34428
32227
29489
36569
35464
28089
29770
36177
34602
31374
32235
34895
35696
28540
29665
35957
35919
33782
36718
35178
36604
35199
27949
35221
28250
28396
29878
30792
35980
36712
33076
32144
32770
35819
30685
28085
36694
36711
31515
34665
28399
36624
36412
33308
31167
36646
28050
36608
30619
36844
34655
36229
33017
35102
28530
34245
34758
33567
28138
35501
28080
27994
36720
29330
36297
30156
28179
33143
35303
34364
36714
28899
29632
35588
36323
36750
28218
30702
29780
29091
30560
30919
33208
36658
30128
28127
36202
36923
35909
36855
30091
28957
35087
28710
28411
34132
32660
32077
36912
32447
36429
31063
36225
35675
36579
36812
28914
29536
30957
29636
34811
35967
31594
33827
36794
34364
28118
34511
28109
36820
29404
35803
34718
36461
35892
30879
28396
36074
30216
28153
36003
36384
31494
34798
35377
35022
28647
28261
28154
35464
36159
29684
36125
28539
28098
28535
33788
35922
33149
28360
33766
34733
28369
33157
36025
37122
29022
33238
31494
30517
33328
29021
36806
35281
28171
35283
36744
35287
35870
32155
32841
28314
36431
34841
30559
34233
29747
36159
33123
32477
35053
28662
35204
28117
31330
35794
28358
36798
35445
35124
36330
28160
33761
36449
34303
36608
32361
33238
28185
32442
30667
33063
33047
31308
34579
33782
33614
33082
36813
33387
31766
36582
34248
36979
34553
35283
35525
36588
28334
32443
29917
28588
35094
36580
32955
28246
28253
28163
36437
35622
32755
36614
30555
35693
28988
29677
29525
35547
33365
31582
33434
31835
31287
31863
32300
31206
34624
34774
28884
31082
32340
29868
28171
30752
35657
28609
32487
28157
31238
31939
31229
34827
35329
30412
36742
28697
28110
36850
35535
36809
36193
29720
28250
29723
28408
36517
31844
31560
31580
35635
28152
35977
29664
29834
28295
30888
32875
33753
29145
33610
28587
34513
33137
36476
36734
28957
29295
33271
34956
28205
36593
30544
32895
30997
36284
33502
30240
29747
30519
32720
36488
32115
32113
28543
35878
29415
28386
28241
31595
33875
29800
29395
36735
32407
29832
28165
36229
32978
32205
36315
37019
30178
36894
28421
34729
34079
28960
29332
36097
33813
30459
36108
30753
28422
35628
33675
31689
35101
28825
30247
31770
34370
36718
28031
31641
29126
36642
33075
34112
37009
32131
28243
31973
29876
32970
32227
34015
32678
28392
28284
36810
30054
28815
34271
31632
36069
28155
29991
28490
35742
28213
30485
28085
28454
34339
35174
36978
34489
35389
30901
30732
31680
35062
29878
30231
36254
36866
29041
29447
35807
29442
30530
29246
32140
33163
36874
31011
31868
35236
31757
30662
29906
36913
28681
33411
32074
35215
29517
29482
28210
29561
32322
28109
32082
28803
28157
32935
29230
31727
34265
28634
36150
29504
29845
36633
36336
31402
28076
32192
33767
28101
34508
30027
28259
30245
34955
33460
31596
35105
36622
28194
33355
29750
33431
28117
36673
29801
32015
30741
31110
35332
33543
32136
35403
35048
36473
31926
32017
29425
29310
28002
28660
32420
32536
28439
34352
36261
28899
36562
33901
36629
34945
36706
28192
35981
36824
32733
29653
29399
28468
35204
34949
32607
34668
28341
28072
36286
33020
28757
30786
27990
28234
28423
28699
29065
28224
33715
35325
28974
32967
36091
32172
28783
33032
33871
29196
28024
34978
36711
29529
28761
35816
37002
36010
36826
28198
36581
35464
29088
29308
32530
28849
36476
28844
29289
29987
28126
32662
28286
29112
31615
28011
35373
29547
33056
36508
28867
28639
36235
30316
36420
29479
34472
28266
36842
29674
31753
35761
31459
35481
34764
33230
35469
32433
28601
35808
36312
28148
27971
36281
36126
28523
32142
28182
35837
34732
28389
29541
36502
28207
28438
36841
35404
31266
36600
32321
27951
34908
32846
30379
28604
30350
28989
36739
29133
32438
36751
36765
35215
33838
36428
36394
36293
30885
31726
34949
31657
31556
29404
33119
35377
30313
32680
32514
35891
36687
33953
28350
29990
36528
35627
28364
36377
28958
31110
28024
33960
33868
36870
31578
28710
33235
30342
35865
28073
35204
34981
29651
32926
36567
31448
28272
35182
36469
28062
30399
35586
34917
34258
32238
36523
36830
33433
28678
29074
30245
28792
31128
33601
29302
33607
28330
29080
35060
28334
35171
33239
35110
35060
36639
31207
35501
28182
28377
30155
36627
35427
32979
28857
36108
32666
36964
29659
28771
37001
30969
31576
30401
30512
34485
29751
36461
36577
36530
29855
32092
34920
35982
28134
35160
28494
35111
31932
28313
36589
30106
31350
35693
34591
36641
30593
34412
36243
30188
34770
30946
32573
30700
34937
34724
35044
33337
28914
33764
30790
30797
32273
34261
36858
28104
31221
28114
29893
33686
30207
35988
35658
32100
30358
28236
30103
31505
30297
30729
32345
36588
35952
33210
28823
28086
28991
35309
29971
36569
32150
28504
36012
36976
33480
29430
34467
29499
31412
29182
28496
31065
33310
31089
32132
29039
31226
36661
33453
34580
28376
29943
34787
36702
30233
29709
33235
30395
28288
32718
31569
30531
30798
32028
28138
33790
29482
31506
27977
34604
34262
36133
29943
30883
35621
33360
36525
30499
32156
34943
36615
28281
35935
36083
30895
29255
33451
32960
35669
34611
35944
31864
36726
28712
28885
35462
28316
33992
29078
36629
36557
29709
28973
36739
36527
28258
36774
36610
34925
33313
33361
33971
29387
30219
35182
34581
36186
36500
35273
28294
30474
29903
35206
29017
34162
29991
28767
32223
31738
32538
34243
32793
31846
28069
34458
35258
28143
34775
34889
34407
32633
35108
27980
35215
34514
28643
36517
33101
36741
30918
29999
36946
30997
33485
33786
31614
34868
33408
33801
28963
36939
34951
32981
36651
34314
36626
28416
31310
30267
31666
36271
35012
36465
35037
37049
36078
36525
32473
36701
36830
28227
29402
29931
33134
33666
31268
31272
29223
34536
34499
30615
31967
28588
33470
32266
36463
28253
35292
29289
30688
36050
29316
31919
28236
32594
32106
33521
35081
28138
28954
35755
36781
32865
29472
32054
28821
31386
32492
29010
36551
36839
30868
34175
36782
36953
30760
34261
30482
28306
31482
29476
29603
29350
31788
35608
28630
32197
33972
35581
36999
31842
34522
35928
36463
33763
36835
34700
29811
31694
28456
35674
28378
29935
29921
29931
33822
30229
34440
31128
35458
34869
36002
33559
33905
33887
36673
31055
35867
30045
28253
33235
36686
34646
31182
36583
28086
34696
34177
29434
31221
36113
32003
36253
35436
36169
36411
36740
31273
30928
29316
35893
29034
36216
35223
28421
28399
34741
35012
33265
37036
28387
28047
36407
35078
29538
28734
35304
29954
33976
29430
28918
29888
32573
28909
30557
32813
35829
28250
28716
30345
28602
28194
29538
35675
32201
31660
30618
30222
35006
28247
28310
30166
33624
29387
29026
31747
36876
37055
35801
36205
36525
36489
36212
35890
36481
33608
31286
34706
36852
33270
36034
29975
33102
32614
30812
28885
34528
36474
30350
36615
33487
29514
33171
36103
36458
32770
36165
31007
31113
28284
36708
28334
28687
36038
28672
35739
28321
28925
32157
35344
28407
30371
28744
28400
36367
28356
34268
31394
29693
30793
36009
28083
31369
35867
31553
28304
34826
28289
29938
36747
30144
27934
33083
29473
35636
28196
32341
29591
29517
36501
34133
30120
28961
35043
28696
29092
36474
31092
28073
32049
35600
36416
35425
36702
34711
37119
31592
30498
31825
33825
29587
33577
30180
28004
29750
36558
35017
29814
28406
30926
31386
35892
29629
30362
35471
36212
30470
36974
30087
28021
28453
35931
34480
32927
36496
35505
29563
28304
28177
31097
36338
29069
34960
28685
36670
31177
32722
36348
35008
36413
32828
34988
29457
36206
34021
36390
36685
28490
31996
35932
36633
33693
29691
32340
35467
28818
36566
31154
28768
36490
36343
34801
30497
30597
36771
28299
34093
32690
30191
28236
28076
30718
29101
33332
33842
29301
35516
29953
28373
36693
36056
32177
28369
29858
36483
30445
29411
33357
36464
36557
35327
35888
33016
30215
28071
36351
31061
32707
31472
35807
34567
29481
35887
28567
33452
29138
36533
31987
36193
34234
32908
30782
28797
36892
35405
36185
36417
34983
36510
30002
31338
36409
34301
31134
30776
28627
28161
36664
30737
30387
30096
33722
32928
28230
28189
31385
33232
35796
28254
31494
28014
35162
32810
31326
34289
34896
32350
29035
28122
36635
30845
30056
36530
29940
35579
30043
36688
32254
29388
34826
35211
34226
34834
33869
34692
36764
33814
34210
33575
29845
28538
36698
36549
34037
32942
30333
34843
28145
31276
32331
28537
31856
33045
36622
36913
30682
32729
30452
35565
30775
29383
29470
31126
30672
28384
36644
28861
27891
35132
36373
36008
36551
34629
31051
34718
29334
30556
36654
29115
29108
28701
31547
35881
35341
34917
28183
28558
34728
28780
28142
33889
34876
28191
30453
29631
29094
28503
30006
36254
36278
35173
36341
28178
33205
28022
35627
31838
34518
36605
30429
36375
28641
34042
36072
32331
29428
35802
35972
29229
30363
34294
33666
29521
35507
30440
33883
28729
35651
29316
36690
28867
30213
30752
34905
29494
30913
35708
28455
31301
28255
28126
28583
35949
35593
36086
28742
28641
29808
28848
28259
33028
28051
35722
29401
32866
29814
34544
28977
28727
35231
29883
33246
31917
28421
29286
32923
36208
36306
31255
35805
36849
33825
32454
28837
35601
35377
36109
28321
28120
33532
34243
28519
31832
32630
28183
36634
32594
31788
28207
35476
32317
35947
31714
32952
36521
30571
28301
28096
28398
30196
28512
36372
28739
34278
35649
33205
36525
32162
33625
35652
36386
36351
28722
35335
28995
31659
30731
35673
35840
29891
30919
30644
34292
31730
30681
36188
36189
35395
35535
28379
34459
34517
36597
28395
34746
28939
31329
32319
36750
36869
28587
28182
28719
29053
28136
29619
28388
36104
30786
29505
35251
29359
36391
28917
28218
33005
33501
36327
31030
36792
35020
34941
36558
28977
34776
31040
29463
29018
36887
34639
32795
28208
28386
28845
32352
33353
32473
31091
33441
28583
28672
36564
36929
28362
29399
32181
33570
28132
32537
32715
36639
28215
29475
35613
36887
29120
32751
31908
28474
28086
36609
34386
34492
36286
35719
32004
31594
36253
36155
33960
35968
34310
36713
32985
31975
35201
31247
34296
33704
36590
36468
28053
33880
32625
36542
28790
28186
28992
32753
30088
36033
28211
28052
35871
28358
28463
36038
28056
28928
35846
28196
32325
36819
29673
34330
27962
30877
32564
35108
30628
34437
28458
28695
30525
36135
36766
31553
28143
36711
35892
36239
35977
33483
31567
37048
35809
34746
33979
34476
30751
28235
28206
35684
30448
29713
30391
35860
28345
28472
32451
29505
33474
28432
30740
36713
34018
29854
36118
28883
28273
29234
34296
36473
31137
29994
36602
28346
35092
28275
36935
29708
32410
30121
36041
36597
36455
35203
35649
30317
29904
28138
36781
30509
32775
33366
28269
28135
28500
36679
33929
30180
28111
33086
28153
31176
32521
34565
33447
33940
36051
36759
35953
36542
34892
28500
29023
31479
29327
33115
30274
28546
28717
36707
28544
29529
28214
35984
34944
36445
28031
32843
32983
32728
33484
35916
28070
32312
35983
31899
29400
30161
35184
27940
36918
36869
28423
30171
31580
36643
31957
36735
35236
29559
30360
36486
32001
31415
36392
31886
36381
36519
29072
36373
36574
29260
28059
33817
29304
28764
35959
36780
28062
35936
36123
34978
36710
36962
33667
36160
34795
35547
31669
28619
30435
28384
29604
36706
29176
36213
28862
33552
33469
32825
32222
36291
28697
28783
33257
35316
36827
32198
35570
29169
34518
29144
34249
28237
32988
34522
36338
34022
29407
34178
34293
28210
28109
36308
31199
28220
28916
28009
29208
28085
32514
28077
36447
34293
35523
29237
34143
32253
28012
32057
33556
34221
29107
28354
31874
30003
30300
34015
29679
31320
33469
36203
35796
29584
32739
28889
28228
34489
29753
36480
35208
32230
28588
31413
36935
36520
34241
35785
29649
36778
31380
30462
32958
28076
36787
29766
35789
34740
34342
28118
31566
30160
31252
34230
28995
34044
33594
32789
28145
35355
28927
36577
36438
32930
34976
35171
33005
28506
34773
35866
35801
35557
32806
28528
34850
30172
34644
36954
32275
34996
30792
28510
31786
32463
28954
30218
36844
34838
33627
29013
36714
30018
35472
36671
30794
36385
35094
31183
30327
33957
36805
34372
28182
28977
29844
36823
31164
29256
36704
34393
28434
28326
28126
32181
30299
29181
29201
32803
36356
30910
35374
32203
32816
35158
31879
28311
35369
35224
29078
34742
36627
30600
36971
28076
34078
36023
28645
31761
36648
36820
30748
28346
36924
31287
29476
30332
28125
35373
28193
33513
32387
32874
32872
28768
32293
31835
29678
31822
35457
36140
32506
35654
33870
36997
32022
36270
37009
29987
35841
36722
31706
31488
36469
29524
36126
30875
33802
31090
34866
28096
36589
28034
36241
35354
32799
28696
36622
33422
36487
33467
34846
33808
35053
32186
28707
29460
34224
30624
33398
35641
28267
30059
31655
28891
33978
31990
31584
36501
36069
35947
28527
35496
29975
28692
36775
31656
28386
29838
28289
33937
36766
29460
36212
33742
36576
28182
36804
36841
36370
36081
28174
36661
36076
28609
28711
28306
33127
34818
33471
28981
36637
34667
36668
30367
32340
29431
32478
34719
34424
35316
30517
37006
28764
29067
28946
32209
32856
28346
36957
29141
35010
30382
31711
29066
28505
32648
29470
28094
35604
35967
30180
33180
32441
32056
30306
31978
28374
35747
34796
36255
36687
30444
29350
33189
36510
28675
28292
33364
31333
31110
36510
28474
34796
28353
28392
29840
36787
33273
28196
35468
32818
33312
28374
34025
31138
34248
28100
29737
28079
34925
36321
34552
36305
34590
31617
28221
36827
33741
29174
36966
28955
28270
32254
32180
31694
36707
28274
35260
34479
34266
35844
28132
32217
29321
28511
31288
34859
31974
36631
35125
36477
36234
32010
33049
35821
28216
36411
31698
32444
30557
29265
28281
28069
36509
35639
30814
28338
30666
36781
35766
31314
34856
30642
36292
30279
28311
31242
34126
33134
35183
34076
35387
36400
29160
36698
27998
32490
28084
29553
34965
28890
32362
28207
34609
34251
28417
28394
29358
36478
29970
28954
32334
34774
34807
34707
36978
36302
34918
28674
29906
32428
35088
28442
31354
32510
29792
32424
28329
29798
32987
34762
36350
30029
32638
36770
28166
31389
30869
34373
35443
35023
33025
34962
31749
33186
36147
33946
32553
29157
33017
35289
28713
32252
36872
29175
31307
28234
32007
31236
33632
29542
29141
30758
36574
32467
33333
31890
28935
33010
36533
31138
29072
28067
36449
35952
36399
36441
34569
33678
31807
33168
28948
35320
28266
37091
36040
29830
36740
36367
35713
28580
30112
30247
29513
33444
30528
30156
29364
32172
36314
28885
30966
30108
31225
36908
33773
32983
29642
36701
34890
31740
29168
28072
31375
32976
34816
31267
37003
35297
28761
28354
33572
36425
31760
32289
28215
31579
36903
30197
36611
34396
34023
31335
29056
28131
29926
28699
28799
29261
31715
36237
28964
36389
30717
34758
34370
32638
35680
31727
33902
36716
28272
36614
29870
32868
29790
29611
28247
33130
30504
28808
30008
29832
28087
35767
36736
33496
33518
30083
28636
28009
34040
36906
35885
30611
31231
29565
28166
31296
36650
32370
29358
34602
34617
32808
29336
30118
27991
32857
34396
36279
30731
36716
29423
30501
28053
28419
33625
34482
30652
36516
36011
36517
30601
28226
36048
35443
28007
29743
28143
30407
30554
30550
29836
32259
28190
34053
35709
30286
34683
34036
36093
28462
34928
30595
33964
32519
36475
29326
35701
36903
36274
28675
34332
35534
28128
34536
28355
36329
36641
36739
29332
36703
33312
35437
29699
30850
28254
36190
35873
35956
32879
28089
32892
36715
31804
36796
35357
37002
36841
28304
34945
34070
36573
28188
29267
30064
28201
31439
28420
33866
30088
30901
31112
35453
28164
28166
29762
31662
35488
36238
29217
36245
36871
28839
28453
29962
28469
29904
36008
33554
28209
33417
35363
36463
36363
28852
33425
31946
30871
31711
36926
28059
28998
36578
35285
28353
29520
28538
36641
28320
31542
30440
35053
30668
31142
28758
33225
29655
35923
35981
29404
28553
30161
30770
28165
32786
35983
35724
28840
28135
33605
27867
32107
36199
34682
35883
34889
35641
35396
29010
34011
28162
28133
33969
31583
28311
33827
29962
29037
30139
35848
32312
35871
29032
28310
30120
29222
36750
36213
30550
36745
29025
28773
28137
35636
29855
30765
36122
29738
36973
31703
34492
32798
28376
34448
34418
31456
30628
33636
31225
36680
35788
32047
33279
32362
30184
33682
32537
29564
34381
28354
34985
28666
33903
32319
35471
33870
31573
34619
36101
32403
28279
33949
29165
35507
36452
36273
31493
31873
32598
35517
32013
28881
28340
31041
34052
33088
31715
36647
32143
30110
32746
28159
36831
34659
36666
28109
33167
32244
33686
30076
33590
29368
36688
30157
29564
36884
28173
32482
35865
32631
33961
31409
36512
36547
29707
29256
36582
30255
29649
28027
34255
36253
31198
30626
29078
33901
29483
35482
29803
31100
36285
30178
30321
30775
36627
28536
29776
36691
30723
32184
33658
29056
36763
32945
31239
35840
31729
36539
31930
28735
34527
35712
32247
28093
34499
35306
29031
34043
35252
28287
36684
33989
28150
33744
35932
34359
34816
36175
30854
34153
28101
36644
28839
32889
28785
36833
36411
34506
36206
36461
29139
28115
36841
32964
30972
32005
33527
36907
32043
36783
28167
31875
35518
31502
30043
28711
29591
29909
36173
30558
28343
30640
36513
30043
32741
30575
28263
33604
31928
28155
34253
30703
30543
35376
37065
36906
31092
34779
30270
30954
30007
30446
36545
28086
36800
28188
31193
31873
34869
29390
33692
28274
36502
29894
34262
28234
36360
32135
36129
32578
28438
29891
29678
31177
28443
31982
35131
28531
36641
30755
35626
28176
36605
28524
33423
29575
28872
35238
36679
29904
31764
31273
34410
35830
30443
28260
35838
32268
36149
32522
29319
33086
31838
34930
29451
29886
32690
29827
28440
33941
34076
33718
30359
35349
29240
36442
28106
33887
36633
35820
29137
33096
28929
28265
28203
36037
32337
34639
36724
28231
35220
35939
32006
34857
36559
35460
30796
29559
36409
35148
32263
36746
36643
34895
30218
31195
30001
33226
33978
35686
33676
31279
36172
28205
29324
36392
31423
29377
36479
31983
36133
31078
36420
28187
32051
28813
33528
32835
30959
28954
36429
36496
28274
36689
36497
36064
34826
32165
28260
36662
36818
36721
28257
28608
36774
29304
31688
36723
36876
33788
28607
28184
29722
29276
28132
30172
29016
32365
35152
32783
36106
36331
29873
35470
29694
34064
28070
32414
30074
36625
33796
36703
36012
34629
29708
30959
36599
33256
34585
28103
34141
35429
35936
30784
29330
30750
32892
32993
30982
33964
28484
33800
30937
32249
28545
31299
29894
30697
28094
29124
35240
30206
30362
36266
35024
31371
33078
35815
36165
31486
28740
33072
35235
32012
33716
32014
34286
29219
30183
31306
36659
32862
36068
30106
30093
35990
36400
36737
34972
29112
35668
36971
32368
29264
28696
31157
36425
36352
35586
28381
28021
31282
28805
34471
36823
35378
30544
31023
35320
34523
36181
37050
35249
33216
32528
28697
31538
36326
29768
30245
29518
30483
35444
36456
29303
36669
36803
34652
34215
33899
31337
29707
36402
28875
28529
32530
33706
36773
28424
36079
31408
36657
36098
31244
36493
36415
30866
28383
28299
34711
31495
33853
28812
28110
32088
36335
36567
28718
28647
28806
30311
31728
34405
28294
29814
36260
35758
36601
29868
35481
34655
33434
36665
32825
30236
34801
35400
28944
30863
36810
36013
28249
32421
33098
34802
36588
35600
31997
36116
28424
35475
36621
28582
36627
36279
33970
28604
28345
29723
32643
35852
28050
30451
36592
34237
34102
35663
28385
33326
35045
28067
29824
31918
30887
28510
30365
28655
36986
36377
30791
29138
35291
28201
29477
35668
31205
28974
29522
31517
33251
28385
36509
37016
36638
29550
29170
28496
35044
28846
36737
36262
36645
36066
36390
34714
36600
36799
33699
28175
36423
36919
35280
36684
35860
35389
36527
32106
36539
28299
33172
30545
28191
32245
28070
29781
33974
35267
28066
32577
36648
34934
28250
36234
36069
29903
28079
35860
33191
28473
29662
35780
33329
29538
28358
28261
36782
35938
31168
31253
35632
29067
29576
28637
34567
30516
30024
30598
36017
36506
32860
36767
28481
29962
35084
30016
36256
28927
29293
33886
35878
28449
35651
29140
30239
29174
36916
34534
29017
29979
33613
31279
28072
33870
32520
28255
30792
29783
29028
35862
31654
30483
36091
33723
36067
35773
36754
34294
28880
28150
36407
34386
35742
28114
30703
30272
28114
28570
28680
36368
31613
28761
35297
36220
28356
31947
33119
33235
28082
28963
34015
28575
28421
33672
27975
31559
30333
34296
35550
34866
29808
31458
28217
32450
32825
36114
33754
36658
29008
32773
36738
33671
31619
36514
32275
35655
36470
36535
36858
36856
31512
29010
33899
29353
34377
36162
36765
28188
34623
30853
28104
36640
35044
31545
28298
31902
35213
32450
33145
30221
28425
35848
35608
31157
36672
36474
33101
35039
31913
28273
31162
34592
35469
29680
30665
36187
35850
32265
30775
31087
34751
36801
28443
28239
28608
36738
33772
30821
36176
29530
35630
36433
28039
35664
33258
33995
32187
29848
31867
29667
28398
28456
29595
33348
36555
35063
29733
35119
32078
28224
30017
34498
35789
31099
34626
35851
35906
30634
34501
35887
35685
36675
32592
30225
36829
28814
28048
31342
28250
32233
32103
30764
34821
30911
36795
29773
33673
35686
29330
28475
28168
28438
35009
33823
31044
33195
29952
28455
36400
35635
35372
31954
35805
35855
33732
29358
35709
31290
34438
34499
32736
29606
36585
28365
29876
35533
35968
29223
30588
28081
32379
36794
29736
28516
36418
33790
33407
28205
28078
31219
29419
30793
32939
29440
36319
28237
30251
28019
32755
36635
30556
36919
36761
36777
31276
31263
36175
36405
29223
28309
28306
31886
33601
36792
32455
31687
34879
35537
36256
32654
34288
36395
32989
28335
32299
30253
36987
33181
32890
30239
28154
36866
28561
28503
36210
31294
33419
36774
36432
32781
28412
33385
36069
33730
32320
28242
31730
33561
29166
36580
28223
34055
28692
35473
28321
36588
30463
34060
36233
36628
34691
32790
29267
32250
36609
28810
36437
36738
28932
32550
33879
34482
31206
36117
35438
36712
31200
28276
31598
29132
32295
30290
33749
33049
34301
35667
28966
36382
34957
31815
33637
29385
35581
29091
30436
36726
31565
29737
28046
31555
29040
31494
36794
28577
34054
34851
29820
35348
36152
28117
36361
29630
32016
30420
31501
28113
32799
28331
28505
33489
36810
31180
29500
30311
36821
35166
28246
28252
28349
35918
33011
36096
28249
36324
30586
28254
30433
33449
30455
28143
33287
31391
36848
33011
28440
28742
34746
36024
36609
28829
28731
30345
30732
36692
28081
28593
29692
29192
34810
36964
36974
33555
35089
36512
28337
33080
35173
36187
29184
32880
33932
28536
36807
29482
32088
36339
35403
36884
34804
30788
36390
34809
28145
34075
28316
28290
34335
28151
36285
35829
28196
31778
33096
33405
36704
32282
29006
33284
35950
36581
28522
36394
33328
30988
28859
33959
36706
30832
30107
28377
35467
32173
33765
30724
34493
35719
29636
35359
35649
28190
36782
29595
35975
31321
33537
35714
36479
28162
30962
36449
35109
36047
29100
36737
30688
35736
33487
29719
33190
34931
30346
33652
35990
30358
32802
32322
29251
32157
36281
28453
34370
29523
29671
34129
29995
36095
36594
35530
29425
30971
33894
32283
30608
35023
28096
30375
31210
31612
31688
28903
34053
36253
36913
32341
30931
28698
35021
30681
35928
31615
33913
36822
34243
28166
33492
29619
36487
29340
33204
29113
32191
36325
32490
28310
30344
30583
32021
29219
36130
28155
33990
29233
36024
33016
28282
33182
33583
34250
32840
28439
32623
36849
28165
34525
36746
28729
33065
33576
28607
32021
36787
35609
32461
28290
36041
35097
36712
35797
31588
30224
28232
36568
36935
36332
33864
28941
33892
28954
34454
35249
36581
36756
35427
32956
29455
36272
28573
28664
32771
35458
28040
33414
29957
31940
35227
36310
28771
36677
30126
36769
34625
36713
28580
30161
29476
31604
33958
36176
36910
32460
29399
28667
36816
31508
28223
34488
28605
35109
29943
32756
29195
29199
28471
30909
33763
36689
36845
30694
30630
32940
33973
36689
28559
28371
27941
34202
28319
33244
33014
36202
36492
30398
35702
29714
36754
31478
36459
34614
31097
36163
30253
31284
28102
28446
33253
32127
29496
34619
34739
35786
36475
34729
33363
34337
35901
32931
36032
31951
36289
35150
36736
28583
29577
30542
28278
29762
29045
36220
28591
36896
31041
34705
30385
35495
29476
32701
35244
36890
31922
31340
33049
36920
36387
29076
29493
35109
29939
31853
29818
32439
36758
36193
35427
36793
32700
28105
28163
36519
33641
29475
36225
29550
34907
36690
28359
32144
36289
35644
36850
29589
30379
28913
33573
35854
36589
29819
31181
34356
34826
32137
29137
31078
28159
28217
29052
34579
36525
32455
28427
28640
28202
28133
33046
36284
29515
31775
33330
29777
34593
34290
36741
31833
30119
34415
33285
28449
36360
32010
29410
29507
28186
28592
28148
28271
28498
28621
28829
36268
30008
30683
35021
28642
34577
34247
28195
36140
34717
29052
36281
28791
30887
31246
36581
36675
36732
28650
34892
34583
30940
28677
34794
33510
32535
31335
34791
36829
30331
32367
36435
36762
36665
29788
33423
31371
35516
33608
30681
28177
34147
33790
31287
28647
30607
29107
30471
29982
35832
31297
36177
35269
32156
35200
36204
30387
28144
31725
34880
33397
30098
29118
29260
30139
28429
28323
29306
30562
30827
30703
28860
31825
34089
28934
29155
36809
35253
28764
33880
31346
33494
29839
29565
35323
36682
30056
36217
29433
31774
31378
28470
31552
31978
32481
32862
33696
36475
31580
35951
28356
28630
35381
36153
34634
31797
36561
28679
28015
33047
36171
32966
31075
33857
35631
33015
28158
34340
36787
31467
28382
34087
34534
28272
30220
28142
36136
30172
33972
28134
30925
36061
28453
28226
32235
28455
36704
34980
36021
29881
36578
33500
36413
28318
30153
36498
36122
31139
34085
36374
30333
36268
29741
36849
29299
32209
35467
29079
33972
28205
33095
31365
36232
36324
30037
35160
36693
30318
29094
29939
30133
35662
36856
34737
32552
32114
34248
31772
36554
34914
28724
32577
28340
33541
32768
33811
36096
35797
31092
28303
28636
36684
34861
36853
30790
29263
31981
32658
28108
34852
28719
35460
32114
28495
29148
36903
34967
29997
30592
35011
33071
31888
28299
28550
28207
35890
35096
29415
30388
28550
29321
36442
35677
36060
35677
30130
36899
32695
31943
28112
33449
31662
36005
34905
36526
28457
33497
29418
36412
36387
34046
36033
35891
34584
35598
30450
36597
34349
36524
34325
33571
34362
36416
28118
36068
36139
32083
29571
37014
30274
29002
34233
28407
33470
33749
28386
31260
29131
31662
36681
28503
29290
28316
30253
35444
29683
35746
31381
31250
28051
28337
33809
31192
30277
28544
28449
36567
31644
34404
33826
30308
34190
30386
35807
31470
30811
29228
28135
33008
36121
36484
31358
29831
34567
31106
36848
31192
35771
36630
28333
28099
33366
28258
35896
36591
28064
36363
31042
30419
32663
28864
36899
36745
33415
29105
32822
32771
28478
31652
36208
29879
34409
28103
32054
28769
30199
28474
36377
28446
31979
34849
33878
30374
28146
31977
28390
31189
35450
32338
32388
31053
30333
29798
34485
36809
36375
28207
28968
32724
28078
33523
29983
34411
32530
36797
36525
28447
28632
34787
32436
35029
36477
35225
31836
28182
36455
28299
36556
34218
28920
28954
32563
28261
36747
31407
36573
33718
36060
32873
34981
28213
30707
36692
35933
30110
28236
34956
36418
33660
34172
35737
28332
28189
33730
28226
34114
28464
29429
34539
35079
35287
31890
35222
36679
30804
30993
36309
32594
30850
28125
36532
29186
31914
32516
28754
31230
34235
32628
35320
36746
36626
36690
36570
29146
28675
31594
28321
30399
28680
29708
29708
35932
35748
36138
36442
36637
36886
28442
29719
32966
36917
28390
31317
31429
27893
34003
28227
29757
32480
29423
30966
29840
31173
36627
36959
30452
34647
36035
36971
36748
34549
33845
28962
31567
36674
35796
28471
32021
34362
32236
36645
36790
33714
36367
32603
36407
31626
36759
35393
36092
32775
36542
32785
32152
28746
31289
34386
34271
29635
29940
34702
34836
31095
28770
33442
31114
28871
33973
32315
34750
32564
35228
29077
30803
34422
36078
29833
34645
32533
33121
36268
36431
33358
30560
32411
32116
30561
28827
36933
35788
35275
28791
27968
32078
28316
34524
28967
34477
36616
36628
33290
33304
31985
34004
32100
33348
28622
28192
29221
30445
28310
30311
36916
35697
28230
28696
31722
35463
28712
31318
34885
36744
28794
36610
30022
33897
36662
28226
36487
28382
34801
28687
36768
29904
28671
34813
36917
29035
32472
31828
34238
35775
36686
28134
31120
28413
28341
29723
30450
32415
30168
36809
35542
30231
36841
28382
29627
36482
30248
36820
36140
36570
34918
36998
28319
34378
31240
35486
36871
28288
29594
28854
32667
28069
28494
28113
36539
33526
36630
30329
28058
27994
29137
29664
35734
29348
31963
28233
36533
29354
32355
28989
30589
34511
36788
28523
34331
35098
35913
35701
33923
28742
35828
28688
35756
34138
28386
35941
33265
35590
34566
33087
28358
28015
30948
28615
36411
28359
33284
36833
33121
33124
34729
30901
30107
27946
34286
34422
28519
31945
35803
28579
32490
28205
29290
29720
35917
34103
36808
28207
28284
29319
28145
35512
36393
33501
28165
34140
28374
35167
34677
28481
29829
28299
32278
33119
35925
28109
30114
28214
35127
33963
33727
30646
28703
29747
28110
28090
28447
35222
28315
31368
36574
35048
29735
36918
31135
36481
34947
27944
29748
29286
35767
36534
30072
29538
32747
29558
32567
32339
36481
28229
36851
36080
32452
36859
28774
31695
27955
30586
28109
28118
34418
34793
35036
29522
30863
32434
33161
33615
36849
30191
32966
28554
32044
36407
28387
35007
30700
32930
33811
33808
29523
33096
36251
36545
34213
34144
36386
36954
32591
33455
29062
36134
35685
32010
30367
31115
35537
28123
28863
36261
36446
32487
34159
35811
33722
33183
32083
34399
36930
31401
30552
35419
32743
28129
35434
32747
33025
35097
34552
31591
33353
28368
28079
33586
30647
29314
29031
29328
31124
34658
32717
33820
28285
34240
36979
31393
33041
36306
28102
33972
30683
36874
32490
28264
34403
33634
32887
31459
31025
30738
29399
32700
28619
33816
32078
35136
28080
28018
33440
28847
30867
33960
32955
28058
35884
29313
36673
28075
36750
35405
31973
36672
35510
31531
34941
33238
28097
36214
32465
28235
29678
28417
32361
29634
30631
35912
28061
36505
35833
30177
28698
28307
31481
28373
33279
28135
31471
29255
30013
29260
35740
35684
32947
28023
36024
36989
36104
28194
28268
36309
35949
36719
29862
32298
36296
30665
32740
32640
32933
29878
29948
34972
30957
36163
33730
32049
29473
30194
30958
28911
29005
32110
30865
36686
29469
33880
34097
29489
36083
30363
28967
35969
35840
28281
28386
29886
31174
30303
30206
36305
35966
37039
36138
32449
36950
29318
31513
30442
33032
36017
33566
36705
36838
29282
35355
36607
31307
30728
33526
28340
32593
35899
36787
36063
36885
35579
31734
36713
34933
30500
29479
30434
32901
28355
35874
28365
30898
30086
35030
32648
28379
28485
36298
28917
36861
30231
28439
32492
35858
36910
35547
28051
28392
31062
29228
29320
32330
28296
31099
33774
29212
29073
29227
33780
28402
32126
29010
36865
34839
28439
35216
29349
31959
29926
36337
32273
34579
33758
28835
28271
30154
28084
35845
36543
36866
34792
33203
28977
35656
30706
34496
31064
31493
31319
28703
36473
36342
30241
28367
36483
29727
35750
35535
29375
36924
33944
36908
31841
28746
32672
32182
32849
30097
28291
29860
34674
28797
33595
31308
28728
28324
34657
35727
28364
32251
34748
36130
28349
32404
32632
30140
35222
31802
36304
34300
32775
36677
32845
34587
35304
36453
28955
28139
30055
28861
28367
30196
36033
29346
29774
31234
34482
35693
28162
36085
30892
28050
31358
31400
28456
28143
36023
34598
36812
30087
32950
28278
36299
33850
36491
34026
28071
33562
28261
35128
30366
36876
32128
35076
32418
29234
30012
31155
36123
35977
36413
30068
31514
29202
29820
33332
28252
29009
28275
35319
31891
35036
36744
29009
28146
34234
30743
35775
36380
30397
31723
30340
30247
35752
31114
29595
33407
31153
36334
33315
36204
37013
36353
36619
36408
30025
29390
34793
36491
28158
32347
34735
28093
31642
33365
28772
33206
36694
34069
35630
35273
34113
29918
35805
30156
32232
36886
35034
30075
30997
36402
29035
36737
28904
30733
35882
33978
28052
33419
29695
33990
30960
36393
29583
32060
28144
28142
29253
34985
31648
30680
29265
31403
31833
36936
34715
31917
29275
35407
28422
36871
31806
35161
30936
28611
33470
28241
29997
32535
30327
31183
32775
36604
29155
33018
34222
31440
32258
33203
28311
34810
29066
31006
34533
36844
35769
28629
36073
36908
36343
36504
33849
28252
28076
31570
31242
30750
28003
35651
34289
28022
32310
35739
31753
32050
30376
35157
28357
28801
36447
36527
36141
31414
34941
34921
29412
34729
28263
29298
30569
32912
34848
36781
31402
30011
36286
32807
29985
34750
34538
28664
35722
30935
35752
30509
29993
28895
30987
31803
28228
35760
29070
29115
36605
30299
31639
36393
28173
35299
31461
35758
34461
36187
31895
34914
33297
36560
29618
31664
35321
36894
36037
36911
36829
28013
36417
28090
28481
32012
36519
31506
28262
31487
36792
29770
36995
28451
28149
35405
34530
32844
28651
36256
28504
29764
33779
36396
35167
28277
28543
29012
29320
32508
30657
30483
29847
35406
29145
32670
32787
30263
30591
30793
29739
28438
36239
32668
33759
36562
36202
31476
30269
31457
36482
29592
36551
30406
36090
28637
28236
28904
30189
32963
34819
28258
36857
33597
35420
28221
33968
35481
30795
29016
28404
32974
28368
32086
35044
28040
30081
27962
29148
32869
35519
30632
35750
30465
34082
31010
28332
36070
35147
28154
32011
36393
28683
33627
28274
28053
32333
33816
32538
34891
29495
28308
36120
36689
28439
35707
28562
33724
36869
32098
28047
28199
36339
28427
36732
30006
34381
28998
36327
28496
28836
35761
31177
35243
36796
29683
31366
29287
28175
29588
33752
29074
28922
30666
28141
31493
28239
29424
31903
30215
29218
32865
30023
29429
28068
28072
32692
32185
29812
36545
35336
35161
33115
28427
34800
28189
31709
36935
31439
33135
28111
29161
34682
29319
28628
30857
31319
36484
31306
28492
35885
33841
30053
28098
31788
34391
30700
33982
30786
32817
32561
34917
28054
32361
36581
33352
28191
28478
29053
30945
36681
28109
35376
33478
33485
28188
33809
28705
28515
36715
33754
33346
28225
33209
29729
29984
32365
32436
33201
29951
36781
28896
31644
34318
32042
35039
30441
29311
31764
33294
28558
33067
32902
36659
29505
30679
36502
34445
36316
31954
36785
29641
28140
36524
28308
35230
28404
35967
35346
28073
35685
31489
28443
28105
34983
32185
29441
35591
34394
36750
33261
36791
35616
33005
28692
28600
35961
28701
28139
28194
32648
28114
34943
37100
31531
30213
28006
28087
35582
32962
31132
31235
33014
36663
36080
29252
34495
34941
29533
28722
33132
35467
30741
28509
28170
31284
36715
34420
29916
28823
29483
28163
31993
32853
36348
34714
35732
28132
29892
34080
34303
28070
36678
36240
28478
31888
34128
28756
34127
36638
28876
35912
28859
32129
36215
36919
31870
34411
29557
28875
36178
32070
35631
36257
32328
33152
28284
32353
33172
36780
36906
32493
36802
28217
33898
32593
28229
28501
34699
36256
28142
28044
29124
30810
28200
34991
36151
31909
33897
29101
31364
30601
36577
28347
35743
36692
32901
36664
30317
28099
28358
34961
34631
35214
32355
34175
33062
36019
28823
28243
36722
29418
36694
29378
35107
29346
36027
36568
33607
28114
28140
36846
36881
36317
31736
32989
36753
35597
28475
28418
36956
36716
35442
28137
34512
28238
32670
28061
36557
33098
31804
28896
33829
28103
34645
35632
28690
32958
33195
30845
30955
36318
30745
34441
28877
35192
36542
28297
31086
29022
33586
32599
31905
30489
31014
30764
33385
34449
36093
28184
36797
36518
34731
36127
36721
36909
29170
28229
36635
36467
36607
28094
30676
34685
28859
29530
31452
29977
31294
31375
31260
36914
36402
32844
28101
28731
29726
30553
36455
29036
35420
36816
36349
30823
28895
35405
28302
33164
28318
29921
29699
34038
34058
29076
36799
35369
32810
31853
32821
34534
28333
33247
34554
33123
30989
29596
37074
28056
30886
28134
28724
29521
33197
33645
36929
31096
28893
36534
29836
29965
33122
36798
28196
28057
35958
33163
36821
29193
36329
36621
31591
32235
32955
36465
30253
30034
32659
35818
34884
27971
35757
32309
34068
36420
36745
35333
28203
35882
28194
36397
28088
36096
30161
35489
34093
27908
35787
35858
34940
35472
28596
28569
28526
29798
31707
28199
35551
33322
28169
35255
33504
28273
28495
33780
31406
30553
31154
32599
28398
32030
36598
35539
35865
29346
36657
34325
28214
36163
28273
30583
31027
32474
29417
34991
32240
29333
29021
28948
36841
29269
28229
28980
35728
34686
29621
28131
36132
35841
36824
28258
29436
32310
31081
36733
34424
33394
29786
36464
28125
28638
29957
28387
31595
31518
30499
29196
32229
35240
28081
36729
28865
36180
28922
36868
33758
36979
28855
28096
36750
29483
31269
34800
34299
31684
32627
29851
30184
28786
34521
34257
34028
32886
36511
28975
34693
34800
30986
33635
29967
31808
31530
32043
30929
36946
36749
32356
36428
32173
36854
31177
29820
33990
30938
36747
36027
30556
32735
30523
28132
30670
34779
34325
32257
33640
35384
36822
31265
34424
36076
29614
31118
33857
28783
29729
36761
31789
36734
30128
28106
32923
33685
36051
29219
33706
31118
36404
29146
33549
28176
28915
36329
29066
36639
31469
36288
30466
36904
28975
31377
28156
36683
34438
28362
32236
36782
36073
30990
29465
28360
28261
36888
29441
35112
32995
28875
33306
35912
28300
31264
36160
33843
31072
32476
32866
32823
36078
28422
30091
29254
33074
28297
28363
32963
33452
28170
29330
31661
34650
31612
32947
35401
36681
36926
29766
31210
31560
28512
28577
36555
34062
36718
36314
35359
30947
33158
35913
34452
30433
36073
35669
31847
35374
36205
30291
28183
30836
36748
34161
34933
33148
32347
31718
31546
36647
32113
32130
33666
34402
29532
35779
30812
30363
29215
28129
32994
28239
29263
33201
35910
32807
31438
34589
28229
35974
34707
36981
36798
32047
36772
30556
29804
35317
32135
31791
36297
31444
31754
28509
36315
30721
29283
31051
32834
36769
34861
36582
31310
28940
33038
28607
33982
28730
32050
36048
31874
35839
32004
33461
29930
36668
34930
29086
36901
32992
36876
32086
36905
29043
34979
36570
31772
35029
28932
36219
29501
30612
31028
36641
28473
28263
36835
28197
34787
36478
31351
32123
34040
30243
28700
33446
32393
31469
29071
30497
28436
29718
30878
33826
30401
33097
34539
35922
35746
32678
36700
29413
36398
33209
30757
28558
28168
28893
34582
36333
29086
33547
28430
36633
28002
35522
36566
32839
28444
28431
28775
30821
32173
35781
28841
32402
31525
34642
36916
36800
35473
35503
28143
31513
32084
29385
31974
32700
28060
34806
29540
33406
29259
32382
35723
33356
34582
33549
32890
36941
31021
29469
33608
34151
33170
31462
34982
32581
34322
32155
28212
35214
36552
28131
33061
29637
36277
36777
30478
29320
34051
30989
28057
36573
32669
30768
30707
30690
36785
34653
36902
36586
36549
30400
29706
31379
35727
30403
30745
35335
31284
35797
35793
34487
28190
28243
32948
37014
36081
35495
35285
34250
28123
34634
31898
31955
33124
34552
33381
33000
35184
31050
36474
34107
28659
32835
28195
34124
29577
29892
28118
28805
29094
36892
34061
28771
31438
35280
28485
36694
29233
30807
36840
34171
36620
30477
30891
35723
32124
31354
28789
32773
30191
36184
36456
28626
31100
36546
34756
31652
35945
28974
28155
35644
32696
33650
33407
34679
36599
28201
30024
31228
36090
30159
28284
28538
36678
36344
29081
36684
36754
33531
36872
36738
36310
34668
35387
32709
28976
35575
36249
36129
31038
28966
29069
29718
31398
34545
34997
33952
36367
29994
36336
30755
34119
29599
31098
28006
29080
32555
28979
34721
30147
31070
34616
31172
30069
36301
36359
29058
28163
29658
36757
28252
34906
36164
29094
36032
36883
28533
36672
36300
30167
35817
33242
33949
30445
28368
30005
29985
28206
28082
30818
32425
36568
32074
36457
29549
33090
34622
36039
35697
36833
33907
29633
36479
32721
34582
36834
33977
33909
28142
33748
33594
36638
28110
36735
35241
31230
32497
36131
28165
28504
36723
30500
33474
36711
36495
36624
29034
36729
33672
30343
33360
31051
36757
36855
34936
29978
36626
34510
36528
36774
35792
30963
31846
29120
31106
28382
30238
29416
35472
36548
36360
32250
35930
33776
34243
35891
35978
35878
28170
28227
35057
31629
31446
33112
36722
28825
36461
28419
29033
35554
32943
36600
30465
33217
36643
29642
35508
28455
34436
31897
30394
37073
34548
34291
28327
30012
29270
28345
37083
35231
31074
28887
33416
28235
29409
36603
32010
30799
34089
28130
29922
28243
36846
29581
32866
36693
29621
30664
31962
30669
32059
36437
30185
34201
33363
36785
32447
32134
31672
28629
36096
36903
32036
32890
34558
28842
30384
36481
28174
36298
29846
28170
36600
34784
30657
36023
29474
36567
29966
34733
33464
36594
29095
31279
36706
34137
28987
28245
32798
29309
29793
32688
32033
31856
33775
28719
33571
28400
28194
32340
36858
32657
35512
28422
31518
36890
28271
32675
28795
35004
29144
28107
36480
36868
35425
28113
28576
28730
28781
34737
33577
33369
36292
36898
35115
31965
30330
31005
34933
28503
32447
36773
29104
33650
36720
32568
35300
34040
31475
28545
29743
28482
28198
30179
36599
31830
32045
36777
36071
32736
28443
28155
28094
33386
36998
29457
36346
34267
36278
31417
30958
35906
36863
36622
36684
28248
29775
32308
36132
30448
31093
33592
31103
36813
36216
32672
36738
32706
32989
33089
31555
36608
34689
35973
35719
33995
35708
36898
30198
34242
32537
29591
36544
36258
36853
29019
30678
32194
28667
28273
33744
30228
34251
34024
33693
30302
29143
35609
35470
28473
30016
36599
30502
36057
36241
32312
35211
30437
33310
28194
33806
28358
34934
36679
28381
28122
33300
35554
33165
32407
34798
28503
28110
28615
34001
28115
29131
31845
30833
36858
29892
36637
29631
36737
35849
36236
36134
33365
30472
31592
35741
30346
29339
34538
33427
36763
36213
33755
36371
35130
36042
29581
28412
34862
35197
31082
32069
28682
30295
36988
33442
32215
28635
32359
36938
36391
36124
34347
28527
33945
36509
28108
33561
35862
29112
28713
28057
33999
28355
28317
28942
35315
36534
32332
28469
29493
28829
32424
37043
36565
33466
36253
29439
28165
28292
35910
36281
29773
36674
36765
35454
33605
28308
36917
28633
34014
36356
29700
36451
30006
33905
29876
37018
32844
35134
36899
30432
36047
36896
29196
35333
30722
28945
28163
32630
34884
36549
34802
31227
35118
32880
28330
35717
29127
35858
33455
28176
30310
34589
34998
33082
30777
29453
35892
35466
28258
36095
35109
32155
34836
35756
32118
33589
36329
28731
36777
34639
34736
29209
36796
28363
33855
35102
35657
35059
32564
30678
34214
34629
29827
28084
34681
28897
32960
34514
36783
30246
29147
31053
36848
31677
35724
31066
33287
30131
28014
32802
32237
36516
29714
32448
36725
28516
28230
33527
36462
28397
30778
29781
32137
29320
29468
36311
36476
36505
37050
35584
36495
35140
36207
36942
36868
28148
28272
31305
31601
36261
33100
30440
36685
29804
36231
30003
28639
33115
30508
31793
28635
36536
36066
31756
34017
36654
31348
36709
28173
32069
28723
30974
29921
36073
28689
34909
28114
35287
32862
28462
31777
29194
29143
32244
35434
34903
36395
35529
36587
35929
36705
28413
28082
30649
35116
36788
28506
30671
33524
32183
36336
34865
34352
28219
32118
31173
29676
36002
27965
31623
32049
32966
33958
35748
30663
35791
34823
32797
36740
34245
31404
33635
35951
33717
35163
28674
28036
34749
31830
36280
33243
28251
36103
35668
35319
33459
32373
29876
31622
34045
33038
34499
36438
34083
28738
36144
29165
35767
32106
32210
29617
29309
35423
29775
36302
31170
32917
32419
29958
28045
28138
35996
35616
28139
33748
28521
36542
32959
36767
30281
33125
30431
29229
35039
36775
33084
36928
34006
32043
34086
35038
35698
29724
33310
30619
28855
28650
35313
30760
36821
31028
35177
36734
28567
32800
32627
33582
36377
36755
35923
31731
35487
28674
33908
36610
29937
31343
32412
30734
28828
36336
28898
33552
31704
36644
34904
29194
36563
36690
35939
32700
30210
28102
28850
35088
36618
33754
29626
32286
36570
36169
35847
35252
28253
35963
36688
35173
36645
28809
34557
35372
33994
36376
28638
28950
36885
31567
32102
35412
29508
36424
35931
29480
31559
36334
28765
36881
33972
34008
32880
29322
28673
34110
28682
32199
28315
30461
32246
30621
33219
36728
35031
36805
28149
34886
33914
36128
35743
35948
31142
36209
28525
29744
32868
36717
28397
33412
36986
28166
29482
31322
32650
36628
28638
34649
27998
30351
32669
30993
34109
30940
29157
36621
29045
28537
30316
36705
32444
34278
28064
28214
28718
31168
36645
27974
36201
35171
30579
29606
32610
32861
35431
33430
32154
36695
36906
28644
35310
33754
30272
34166
35076
28397
36469
28454
34617
36950
29282
30283
36876
28211
30503
36782
35007
36800
34507
32373
32201
28499
36768
34305
32418
32224
32565
32347
34791
28041
35076
28287
28523
35268
30965
36223
33380
33958
36507
34329
36425
36302
34263
33578
27987
30989
28672
28933
28207
35898
36280
36938
29734
34318
33257
35661
33934
33258
32676
30830
36668
28221
33843
34731
36109
36881
30202
30104
36530
34904
28329
35969
28301
36625
28066
36669
28117
33101
36381
30915
32136
29074
29715
29851
35014
29254
31027
31451
31670
33223
28368
30398
36694
28387
28844
28971
28963
35836
34354
36101
36737
34463
30007
30029
34881
34477
36369
29666
36259
36547
36403
36434
33074
28007
33727
33355
28266
30827
33531
28522
29398
29061
35039
36812
35457
36700
30275
31251
29431
36153
36789
28170
32835
36468
36590
36776
31679
36459
34955
34093
36410
35391
36692
29136
36858
33224
36755
31058
35612
35421
33758
35997
32019
30869
30830
28899
32573
29574
32924
36849
30092
33798
35372
35200
35930
36325
32887
30706
28428
28245
35908
30923
36137
34932
31026
31467
29864
29280
32529
35426
34191
28312
29765
34080
31057
36487
29561
35788
33542
36772
30565
28963
29896
33992
32212
36514
30010
33598
32928
30641
36974
35239
34636
34423
28205
31348
32405
28296
31772
36309
30289
32124
35738
28775
28368
28911
30346
36651
30913
28157
35349
34508
31666
28340
33736
35031
33620
32536
29994
32336
32438
31863
31033
36863
28232
36714
29557
29635
33674
36352
29098
36926
33594
32950
32519
35831
29781
35603
35687
29517
28282
33661
34560
28170
36139
35437
29373
32716
27952
36549
36536
36192
34723
28138
36621
28179
30888
28424
28518
34162
36082
32544
32131
29666
32123
28119
36297
33896
29590
32364
36221
34178
28885
28619
33574
35918
28206
29995
34704
36752
31447
28322
31338
35431
34174
28122
35974
30739
33174
34661
34458
32939
36844
36417
28783
35637
33733
31647
28167
29720
28835
28454
28284
30966
28441
32344
36447
28750
28175
36213
34210
36276
31485
32929
31766
28418
29905
28530
36041
33104
36491
32423
34560
30563
30528
36499
29440
28349
34623
28035
36671
35680
29135
31171
28775
29432
35733
36364
36554
29653
36277
34848
32389
36828
35942
29871
32627
32739
35997
30130
29151
34281
33122
35551
29684
31363
32869
29132
28293
34681
29179
33298
35899
31011
32811
30112
29334
36732
36437
31109
29044
28344
30315
28064
33357
34661
36464
36715
28709
29319
36773
28550
28299
34067
29448
30246
35007
36353
35256
34794
28306
35990
34085
36117
28665
36053
30204
28081
31100
33133
36659
28850
29046
28495
35941
35026
33407
32785
35986
36599
28901
32402
28493
32536
31738
36012
34927
35379
32886
32020
36741
36417
33885
28592
28647
34158
29989
31997
33537
33221
33469
32657
28477
36745
29333
31313
28986
30168
28744
34362
28612
34562
30594
34817
31730
32866
36826
31160
34923
35976
36191
36350
36780
36818
28141
35455
31999
36745
34035
36693
33392
31212
33977
31507
33128
28783
32369
33158
28325
34010
28091
36532
29556
35620
28946
31842
34329
36825
33870
31596
30872
31708
32447
36319
32227
29858
28434
28148
32880
29591
36689
32311
34678
28467
28297
28216
28583
30969
36261
29710
28514
33510
28159
32582
28783
32218
28461
28274
30437
34362
32268
31175
36584
31184
28194
35625
36681
28649
31598
29896
36481
36966
32250
36515
35082
28289
34824
33209
32723
36189
28172
31834
29227
36607
29340
34789
29117
36524
36521
28702
36441
29561
35141
28449
34538
32883
30390
30613
29714
34629
29231
32864
28132
31460
30792
28536
28839
32030
31605
30903
31590
36804
30788
36390
36024
28333
33551
31415
36763
28550
28612
28280
28525
32217
28437
28236
35451
35427
28147
28299
35617
36451
33571
29013
33309
31911
32566
28199
29712
35485
36591
29870
33860
35446
29411
34679
36925
35141
36888
29475
28206
28410
34762
36419
28434
28217
33962
33789
36131
28106
36642
35760
29279
32926
34242
32994
33700
28427
31083
36513
28120
32861
36047
34297
36579
36570
28806
35457
30538
32897
33405
36317
34801
36182
36717
34191
34885
28216
29225
36514
35042
28062
28176
28881
35011
33849
36934
29649
31520
31348
35339
33839
28119
28265
34321
36157
32650
35822
28972
33564
32649
31877
34063
28506
29671
30974
36052
35946
29843
32021
30180
28551
36093
34124
36841
36529
33462
36556
32616
36771
29096
31694
36849
36611
35796
33141
36151
36453
29615
33149
34800
34081
36825
32773
36007
33680
29296
34300
35444
32189
32494
35782
29056
34123
31063
31906
32704
31834
30236
28327
34671
34079
31131
35108
28233
36527
35838
36640
31141
36151
33963
32322
32211
35310
30233
29002
31574
32097
35941
31999
28537
31627
35297
29093
33511
34854
28249
34730
32739
36905
30924
28736
30533
34458
29361
35173
35781
32401
29754
28835
28627
30917
31423
33215
29827
35163
36897
36583
33500
36297
32136
34087
32089
36102
30783
29713
29566
36429
28599
29540
28942
36191
28419
32540
34688
34030
32917
28498
28574
35268
30743
28916
28329
29889
35787
28214
34013
30791
29439
35492
29234
28698
28197
29584
35007
36066
31251
34729
36067
29579
28544
28413
33671
29717
35278
36138
30142
28393
28241
28614
29085
30552
28023
36807
32824
33069
31570
33025
35085
29763
31305
31544
30928
34019
28118
36121
34230
36857
30312
32581
33368
35662
34418
31123
33065
29106
35389
30948
31613
36815
35328
31103
28656
28271
27970
33804
36761
32896
36835
28952
29931
36312
28839
31225
29335
36458
36470
35970
29903
36263
30202
28123
33884
28619
31644
29400
33783
28420
32428
28613
29695
36816
30349
28339
35218
33335
35630
28331
30722
29445
35798
28258
36710
34735
32126
36821
28174
28234
35771
33666
28420
29818
35603
33795
34898
35931
36783
28268
35580
28115
36450
36695
29611
37017
36423
28077
28336
33282
32572
36857
28814
28410
32065
29405
28132
35157
28074
35382
35914
36943
33716
33733
36673
35645
35145
31361
35564
29525
29977
34903
33730
36880
32383
36699
36285
31845
35884
34093
36133
36103
33121
36626
36928
34614
32020
28201
28351
36398
28473
31737
28438
30947
28385
30848
36748
30759
28146
30700
30595
28415
32557
36513
30666
33239
28163
28550
33851
36609
32525
28051
37017
36815
28590
28308
32484
36163
30506
31886
29904
32682
28275
29188
28338
35825
36875
34223
35774
31836
29844
28135
30028
34085
28444
36900
30588
30355
31894
31687
34975
34509
29662
36375
32900
36591
36197
31256
36775
34209
36874
34278
30985
32575
36020
28829
28723
35714
29905
29633
35309
28205
35815
36663
36396
31474
28298
31722
28032
28218
36779
34819
32130
28696
33497
34437
28269
31842
36084
29384
35417
29886
34892
36740
28230
36876
29159
29015
30551
31249
35415
32821
29435
35667
33988
31907
29537
36982
29896
28216
30674
28091
31482
36239
33612
33144
30590
31042
34539
28441
35765
33323
36908
35732
32049
34492
36502
34345
35021
35940
35982
34671
28035
30025
34348
36851
33975
36615
36586
29913
31276
32633
32560
35893
34164
30846
36633
36318
28150
36352
34899
35875
32007
36690
36495
30498
28241
31154
32997
36852
28458
28044
32936
35154
28292
34243
36643
36940
36621
35217
30591
31722
29105
29104
30729
36516
29179
34661
29344
32438
32832
36400
32152
30148
29288
28632
32702
30104
30744
36768
36785
33607
35821
33483
35244
36809
33696
35108
30456
34838
36642
36522
31438
28346
32554
36728
30707
31720
28588
36877
31409
32427
31910
31177
35535
28450
34081
33769
36205
36298
35552
33713
32853
32179
28894
35903
28748
28222
31511
30094
28217
29201
28450
33425
36558
34283
33781
30527
28108
36274
30507
29883
33445
35680
28628
29139
34214
31013
35668
30975
32051
28442
36408
36613
35573
28064
36754
36818
28270
28501
32840
34005
33898
31982
28759
29422
29274
30079
28101
31676
28224
30161
30929
36514
30030
36654
29856
36662
28209
35103
31515
29779
30857
36690
35697
35947
36933
28822
32793
32259
32962
29588
30573
33792
30505
36162
34063
30935
32947
34941
34430
28661
36469
32247
32277
33441
33670
36642
36751
36249
36697
36709
29508
33693
30654
30529
31104
28213
33117
36738
30517
35303
34107
35114
28984
30193
36709
36307
28663
32137
28057
29516
29866
35385
33396
36536
28700
30917
28082
32873
30919
36578
37019
36862
33808
28790
28393
30844
36699
36575
30004
29893
27985
34637
36265
35349
28442
28139
31299
30401
36875
36037
32612
28711
35512
32159
36049
35353
28823
36732
31726
36268
36249
28328
28364
34094
33154
34038
28415
29459
30928
35801
33568
28484
35829
28983
31199
34709
36464
36733
28967
30287
33114
29945
32226
36626
35533
36551
36173
33274
32859
30558
28126
28391
28944
34548
28125
36621
35844
32811
35032
28156
32778
32230
28177
36797
33821
28643
36790
28437
30521
36276
34588
29053
33782
30863
33855
29394
28138
31168
28814
36128
32187
28688
32735
36281
28339
36187
28262
28222
28246
35825
33012
33790
36005
32338
35265
28228
36012
28527
31968
36157
36484
35388
36730
32150
28703
29975
36284
30762
31656
36253
36335
33682
30300
30504
28251
29673
34026
29233
36903
31637
31105
28363
29418
31073
32106
36063
36136
28447
28953
28103
33321
33318
30555
32980
29402
35786
34714
36356
36946
31397
36180
28189
35724
28912
29718
29814
35986
35694
35493
34651
29107
34768
36698
30601
35890
34454
28096
35350
31889
28065
29540
35645
36257
33050
31166
33299
30556
27949
29151
36451
33225
36713
33592
36693
29956
30872
36836
30194
28105
36808
30684
29044
32909
36202
32654
35435
29204
30647
31246
36095
32518
28760
36328
35972
36031
34502
36795
30950
36646
28214
28314
32134
34446
29503
36626
36613
29719
36193
33314
30664
31286
28307
36855
36189
34917
36728
36445
31758
29652
36659
36827
36377
31461
30031
31792
30332
30009
28142
28835
30590
30951
34737
33380
33200
30413
31406
29990
33935
28133
32168
29543
35444
28741
28860
34268
32257
29142
31008
31442
29591
29984
34070
29779
31264
36116
34792
36930
29421
29233
36321
36642
30144
35049
33990
30840
31769
30711
33646
33137
34717
31580
31428
29953
28053
33950
29330
36181
35088
30127
36884
34616
35368
28283
31808
34715
32324
36392
30408
31293
28704
35223
32991
35741
36938
34438
29264
28753
28270
33984
34782
28297
35733
36971
29048
33441
33963
32566
32922
28565
29552
35827
30638
33449
30593
30228
35450
31638
29120
28071
33098
28290
32823
28786
32455
34759
36813
31610
35202
29519
28114
36353
33436
35930
30440
28462
28541
33401
33470
34229
32030
36594
28244
28464
30162
28841
35952
35420
29252
36837
29355
36625
33121
36716
34669
28088
31989
31738
36223
36991
35919
34196
29182
34324
33452
30464
28187
31818
35597
29973
36818
32200
36788
31223
30631
28071
29345
32201
34180
36700
30773
32579
32023
36040
32369
32279
31427
32317
29484
31552
35538
30175
28266
31234
36248
32026
35909
34752
36014
28679
32107
28191
33545
29691
34962
36532
33129
30452
28267
36402
33865
31637
36898
36096
34409
36303
33293
30342
28155
36106
28738
32308
35621
28249
36149
34962
28186
36525
36044
28278
34590
32898
33986
36704
31809
36851
35207
29610
31844
36831
36753
28403
32811
28055
31500
28387
31713
28151
34931
34175
29431
32711
35562
30950
27950
35998
29860
30337
28053
30023
29110
36202
32647
35755
32014
36202
32216
31399
29891
34729
34714
32801
36827
28932
29339
32261
32547
29015
36719
31216
34245
35504
34669
30681
28512
28324
31622
36481
31364
35929
28205
32758
37026
31308
28487
31874
31547
30620
28113
34067
31431
30490
35966
36870
36028
33538
35200
31540
36294
32596
36811
36573
31531
29628
36652
30109
28517
28138
30878
28455
33844
31159
34018
33521
30083
33123
28225
34463
28753
36136
34078
30418
30415
28375
34151
36556
34156
28316
36844
29345
31101
34595
33949
28139
35962
30904
36187
35316
30430
34198
29612
32623
36644
28873
30872
36762
36772
28159
29511
33090
36763
28282
36662
28490
32591
28097
29114
31642
33534
29765
29328
36657
28619
35412
34842
33648
36512
35268
33027
35472
28645
35390
28406
31990
28198
35909
28713
34357
34922
34430
36489
28506
28202
33786
36478
28787
36396
35362
36581
36640
28964
29086
32332
33911
31813
35404
28327
32946
34302
28108
36893
34546
30830
28685
34844
34873
28795
35672
33598
29276
35538
29901
35294
34094
30343
36445
33812
31943
36539
33321
36339
29545
33986
29143
36593
35852
33265
36611
28816
33926
28218
28861
31681
36212
28318
30679
35405
36378
36858
36875
32562
36583
32935
36373
29153
31802
36584
32020
32003
33124
33781
34458
28222
32131
35824
29166
28348
28550
29542
34516
36643
28174
31608
29299
31286
28231
28132
35694
35997
34035
30852
33678
31143
36742
35567
36765
30953
36724
34178
28031
28344
31093
28225
32966
32087
32444
28425
31258
33427
30562
29229
31056
35040
36095
33228
33360
34579
32174
33179
36434
29572
35485
29386
36319
32874
30598
33671
28115
30490
28173
29791
32435
29223
28236
35849
34131
33475
28129
28829
32149
36546
32300
30389
37036
28909
36837
36860
29646
30890
28578
32561
36806
29495
36627
34496
30523
35892
35219
31992
30645
34567
36264
34173
32214
32802
32110
36588
28083
28298
33830
28243
29307
29164
33562
32169
33525
33593
33881
35918
28322
29705
30968
28911
36622
32023
28167
34639
28607
36725
28657
32838
31956
35817
28505
28513
36752
29834
36685
28170
36136
32198
36781
33844
36172
37013
34603
28243
31509
33436
29062
28748
33155
31376
28796
36869
33734
28138
32109
32338
28741
30887
34683
35124
36705
28451
29268
29856
33595
30883
31472
33057
35343
28227
30415
28122
29269
34264
36906
35019
36871
31169
33270
36269
36858
28998
31961
28242
30167
33254
34320
30150
31776
35900
28673
32244
36509
28361
35161
28379
35512
36828
30119
29669
35306
29735
36792
33405
35592
33167
36680
29527
29678
28230
32049
33478
28884
31609
29542
32711
34626
31480
30031
28262
28052
30563
36722
31531
28924
29658
32264
36538
29324
31382
29355
28301
31214
33958
34892
35960
29315
34022
33692
29863
35446
30224
32398
29547
33135
31428
31247
30024
30802
36082
29605
29349
28523
28677
33790
28209
36698
29352
29137
34163
29215
31975
34706
34867
36684
36129
32390
32390
32390
32390
32390
32390
32390
32390
32390
32390
32390
32390
32390
32390
32390
32390
32390
32390
32390
32390
32390
32390
32390
32390
32390
