9884
32458
32498
32477
32360
32472
32477
32471
32413
32409
32442
32519
32456
32392
32390
32439
32422
32452
32327
32490
32416
32492
32445
32324
32419
32375
32343
32459
32479
32463
32353
32458
32483
32399
32486
32426
32340
32470
32409
32400
32463
32450
32427
32433
32444
32426
32386
32461
32399
32502
32440
32367
32388
32433
32463
32362
32494
32391
32486
32484
32461
32502
32454
32431
32441
32438
32385
32416
32391
32412
32465
32505
32512
32456
32492
32526
32542
32330
32500
32391
32448
32498
32426
32454
32327
32441
32362
32425
32472
32478
32434
32564
32389
32380
32359
32397
32523
32374
32447
32484
32478
32417
32387
32550
32453
32434
32388
32538
32480
32456
32447
32365
32392
32370
32392
32369
32495
32399
32434
32540
32447
32409
32478
32348
32475
32552
32333
32471
32438
32491
32516
32366
32417
32430
32496
32509
32468
32447
32441
32467
32506
32424
32373
32395
32445
32456
32364
32291
32393
32532
32435
32409
32488
32446
32599
32467
32368
32535
32434
32478
32477
32358
32411
32410
32461
32399
32474
32442
32382
32485
32337
32419
32455
32494
32478
32375
32370
32350
32435
32373
32349
32473
32426
32510
32432
32377
32401
32426
32470
32450
32524
32490
32414
32384
32453
32384
32532
32485
32404
32414
32387
32466
32514
32414
32481
32498
32304
32450
32363
32418
32403
32462
32486
32481
32512
32334
32398
32407
32373
32532
32492
32433
32510
32438
32424
32393
32473
32431
32535
32540
32553
32450
32457
32389
32490
32462
32448
32433
32561
32455
32463
32522
32503
32557
32367
32411
32420
32449
32388
32448
32425
32512
32520
32511
32431
32403
32491
32494
32457
32413
32526
32424
32488
32426
32463
32428
32334
32444
32489
32363
32429
32457
32428
32466
32522
32459
32497
32392
32302
32431
32404
32479
32480
32502
32556
32475
32390
32486
32462
32420
32406
32455
32473
32482
32446
32468
32547
32364
32522
32429
32417
32488
32390
32389
32449
32493
32417
32362
32409
32513
32427
32417
32367
32414
32428
32484
32450
32493
32524
32476
32466
32403
32435
32422
32409
32433
32396
32458
32390
32401
32440
32410
32394
32499
32450
32461
32391
32479
32500
32519
32406
32449
32360
32457
32479
32323
32484
32464
32487
32482
32416
32373
32523
32358
32542
32390
32449
32509
32405
32413
32374
32364
32302
32463
32476
32494
32360
32425
32410
32449
32445
32473
32502
32433
32377
32537
32440
32405
32498
32512
32537
32426
32462
32500
32410
32390
32426
32475
32444
32440
32390
32354
32386
32478
32361
32450
32428
32404
32498
32456
32381
32397
32581
32451
32510
32451
32464
32332
32509
32461
32335
32360
32426
32378
32512
32422
32468
32383
32458
32499
32412
32475
32511
32417
32428
32413
32426
32458
32442
32472
32483
32465
32448
32506
32374
32423
32362
32527
32399
32404
32335
32479
32398
32467
32506
32483
32418
32398
32437
32460
32500
32433
32364
32466
32421
32438
32514
32501
32355
32495
32529
32520
32554
32426
32490
32435
32380
32375
32487
32517
32479
32457
32378
32481
32377
32495
32462
32416
32454
32486
32452
32294
32505
32516
32454
32482
32370
32454
32376
32487
32498
32374
32450
32433
32395
32398
32430
32443
32479
32405
32359
32423
32401
32376
32496
32409
32328
32361
32307
32368
32503
32486
32494
32477
32479
32501
32365
32494
32394
32391
32316
32519
32383
32385
32351
32386
32357
32412
32500
32298
32324
32387
32422
32452
32534
32405
32402
32335
32465
32474
32420
32504
32436
32463
32309
32392
32447
32415
32499
32512
32405
32393
32535
32423
32402
32474
32393
32311
32391
32364
32372
32457
32376
32449
32462
32441
32500
32398
32506
32479
32430
32463
32353
32422
32432
32364
32469
32366
32338
32443
32322
32486
32497
32505
32481
32399
32441
32450
32400
32404
32407
32538
32406
32305
32488
32483
32455
32362
32509
32483
32406
32480
32363
32522
32446
32412
32423
32308
32422
32402
32458
32436
32336
32370
32333
32466
32382
32384
32316
32511
32427
32453
32271
32430
32443
32379
32450
32413
32392
32497
32279
32417
32483
32402
32449
32567
32450
32513
32488
32433
32370
32447
32402
32475
32502
32451
32438
32364
32364
32421
32526
32480
32466
32409
32361
32476
32360
32433
32405
32408
32425
32433
32330
32468
32435
32420
32429
32424
32435
32465
32458
32396
32407
32436
32405
32531
32460
32406
32428
32457
32367
32470
32342
32455
32493
32535
32354
32404
32412
32414
32377
32321
32472
32420
32455
32414
32535
32429
32388
32478
32515
32430
32435
32468
32437
32516
32419
32487
32381
32542
32506
32485
32444
32446
32396
32285
32428
32456
32532
32463
32414
32478
32356
32449
32461
32486
32569
32497
32499
32351
32401
32459
32392
32376
32428
32515
32449
32387
32527
32391
32469
32388
32514
32444
32436
32408
32426
32495
32463
32488
32489
32408
32359
32490
32426
32533
32398
32483
32474
32453
32421
32378
32372
32517
32471
32423
32466
32472
32462
32438
32388
32349
32495
32342
32509
32381
32344
32398
32419
32419
32386
32347
32430
32372
32474
32504
32390
32325
32429
32345
32436
32437
32560
32389
32430
32516
32445
32348
32399
32473
32405
32431
32460
32418
32416
32419
32385
32416
32356
32447
32522
32473
32401
32472
32413
32526
32500
32481
32474
32462
32470
32395
32462
32379
32441
32385
32311
32458
32494
32405
32470
32393
32449
32477
32411
32476
32393
32439
32561
32399
32407
32366
32531
32441
32419
32444
32387
32467
32444
32405
32476
32445
32406
32499
32514
32398
32455
32414
32437
32359
32406
32457
32397
32461
32536
32417
32381
32465
32478
32479
32451
32573
32403
32324
32357
32504
32366
32451
32449
32340
32444
32495
32478
32476
32406
32500
32441
32434
32486
32533
32484
32375
32461
32517
32432
32442
32535
32438
32376
32435
32317
32418
32440
32426
32347
32453
32434
32432
32575
32437
32408
32515
32457
32408
32454
32380
32486
32394
32432
32395
32428
32347
32450
32398
32457
32522
32418
32460
32440
32478
32459
32416
32454
32477
32491
32447
32412
32444
32475
32472
32423
32438
32381
32394
32376
32493
32394
32421
32431
32430
32496
32387
32384
32437
32435
32342
32392
32447
32398
32428
32482
32562
32451
32487
32384
32430
32450
32456
32442
32489
32360
32534
32449
32430
32450
32507
32520
32378
32462
32432
32469
32435
32438
32419
32403
32454
32402
32505
32464
32435
32373
32402
32458
32388
32520
32428
32519
32503
32433
32540
32474
32450
32479
32347
32490
32357
32416
32482
32340
32471
32424
32569
32405
32343
32373
32461
32432
32410
32414
32533
32336
32490
32444
32458
32388
32503
32422
32402
32399
32375
32429
32430
32358
32508
32417
32546
32361
32480
32490
32488
32310
32472
32420
32454
32483
32382
32426
32451
32444
32404
32427
32405
32351
32480
32392
32512
32394
32523
32403
32340
32433
32533
32518
32380
32374
32461
32408
32481
32496
32508
32367
32464
32380
32354
32335
32376
32539
32502
32407
32488
32416
32465
32323
32579
32464
32443
32501
32404
32430
32314
32392
32446
32351
32414
32338
32435
32435
32409
32404
32370
32424
32496
32345
32456
32461
32403
32412
32496
32397
32374
32507
32499
32374
32404
32452
32475
32344
32396
32311
32442
32469
32501
32573
32467
32373
32438
32387
32497
32432
32446
32440
32444
32349
32450
32408
32452
32406
32494
32338
32406
32368
32503
32417
32464
32456
32540
32522
32466
32474
32431
32476
32448
32360
32416
32403
32323
32406
32378
32342
32456
32371
32451
32470
32382
32427
32393
32500
32440
32474
32340
32365
32462
32464
32466
32416
32470
32507
32432
32396
32443
32444
32351
32553
32452
32543
32510
32506
32397
32496
32486
32453
32414
32498
32381
32358
32535
32434
32417
32371
32353
32350
32482
32479
32433
32517
32391
32409
32433
32464
32431
32458
32433
32507
32520
32362
32395
32472
32393
32468
32464
32379
32408
32367
32486
32379
32526
32341
32427
32481
32470
32511
32366
32465
32449
32416
32439
32444
32457
32515
32554
32475
32463
32396
32455
32426
32436
32420
32432
32437
32429
32402
32389
32404
32504
32345
32468
32336
32426
32429
32452
32422
32462
32505
32470
32418
32370
32415
32410
32488
32479
32421
32480
32494
32398
32457
32406
32387
32440
32418
32534
32434
32517
32455
32457
32408
32456
32443
32463
32440
32456
32384
32406
32531
32520
32405
32442
32428
32491
32360
32436
32422
32526
32458
32413
32410
32363
32382
32500
32403
32491
32427
32502
32486
32525
32434
32486
32539
32369
32473
32475
32320
32470
32472
32438
32322
32385
32425
32490
32453
32368
32469
32457
32338
32477
32348
32485
32382
32358
32387
32401
32401
32429
32375
32444
32497
32461
32360
32378
32411
32457
32482
32459
32370
32451
32426
32468
32455
32393
32415
32447
32429
32485
32480
32402
32397
32516
32424
32357
32573
32478
32378
32405
32364
32451
32387
32448
32414
32320
32397
32495
32479
32403
32436
32418
32352
32521
32334
32375
32356
32524
32489
32398
32445
32481
32398
32572
32332
32323
32454
32416
32435
32314
32442
32457
32449
32418
32426
32463
32441
32467
32466
32337
32543
32499
32482
32413
32435
32427
32481
32441
32441
32345
32402
32318
32370
32398
32501
32357
32285
32395
32420
32505
32430
32329
32529
32447
32356
32508
32406
32405
32434
32443
32368
32474
32338
32453
32299
32427
32430
32417
32328
32575
32530
32490
32426
32487
32500
32468
32454
32313
32442
32447
32361
32433
32515
32501
32464
32432
32488
32366
32422
32396
32441
32466
32507
32350
32507
32481
32445
32309
32497
32317
32407
32361
32449
32479
32380
32472
32464
32411
32372
32441
32490
32449
32542
32490
32431
32444
32339
32477
32435
32452
32434
32465
32491
32476
32470
32379
32349
32392
32535
32402
32381
32460
32570
32394
32420
32401
32419
32413
32446
32437
32528
32470
32485
32339
32323
32388
32458
32396
32432
32429
32395
32431
32415
32373
32429
32450
32495
32399
32463
32309
32403
32468
32366
32373
32465
32420
32396
32457
32464
32326
32465
32363
32420
32496
32433
32416
32557
32412
32470
32442
32369
32384
32379
32420
32514
32514
32298
32319
32380
32490
32467
32447
32521
32430
32319
32502
32448
32436
32338
32434
32457
32427
32311
32436
32500
32513
32513
32450
32418
32408
32413
32369
32404
32389
32425
32430
32422
32417
32489
32478
32502
32506
32376
32478
32413
32405
32396
32445
32428
32402
32481
32376
32483
32407
32435
32418
32480
32504
32480
32450
32525
32494
32466
32430
32429
32371
32455
32457
32419
32384
32425
32500
32454
32421
32390
32386
32359
32491
32325
32488
32352
32445
32403
32486
32456
32450
32517
32488
32362
32459
32488
32476
32487
32353
32435
32335
32400
32394
32440
32409
32420
32390
32362
32516
32329
32431
32269
32448
32342
32361
32419
32398
32514
32422
32413
32367
32384
32469
32438
32558
32446
32411
32427
32417
32502
32401
32473
32488
32416
32358
32482
32386
32444
32494
32390
32333
32481
32478
32376
32446
32484
32401
32482
32451
32356
32340
32384
32438
32453
32490
32419
32453
32364
32474
32437
32376
32396
32436
32426
32434
32533
32362
32416
32313
32485
32471
32503
32487
32381
32480
32414
32459
32468
32418
32495
32510
32393
32443
32469
32393
32502
32498
32416
32406
32432
32382
32486
32426
32536
32438
32505
32416
32390
32496
32436
32454
32427
32553
32455
32441
32409
32511
32304
32317
32461
32450
32413
32490
32381
32281
32470
32484
32411
32314
32341
32410
32420
32294
32506
32353
32437
32488
32573
32416
32470
32431
32496
32395
32381
32419
32341
32450
32408
32369
32498
32570
32593
32392
32452
32551
32383
32458
32353
32376
32435
32458
32447
32401
32468
32460
32378
32508
32359
32502
32467
32471
32541
32340
32437
32457
32462
32509
32469
32443
32378
32387
32324
32413
32347
32442
32357
32484
32346
32369
32438
32478
32399
32561
32466
32420
32438
32428
32425
32454
32373
32407
32411
32491
32469
32464
32409
32467
32442
32406
32394
32391
32487
32457
32323
32483
32375
32412
32377
32366
32387
32414
32478
32537
32509
32460
32344
32436
32500
32411
32381
32428
32476
32386
32473
32378
32372
32445
32316
32357
32472
32449
32471
32412
32352
32349
32292
32419
32349
32444
32381
32442
32385
32479
32551
32338
32457
32369
32472
32487
32499
32403
32411
32409
32483
32390
32399
32491
32424
32497
32463
32473
32497
32316
32416
32405
32391
32413
32378
32450
32544
32400
32382
32452
32393
32409
32408
32344
32440
32508
32471
32451
32457
32442
32285
32421
32477
32440
32448
32404
32310
32472
32370
32427
32327
32504
32515
32509
32481
32428
32389
32464
32455
32419
32352
32526
32506
32348
32498
32488
32494
32479
32407
32487
32408
32497
32315
32358
32502
32501
32359
32393
32455
32407
32398
32462
32455
32405
32428
32540
32317
32378
32332
32477
32459
32424
32464
32525
32388
32408
32500
32271
32390
32545
32430
32307
32375
32492
32426
32530
32482
32545
32392
32421
32451
32292
32359
32503
32414
32346
32501
32499
32417
32450
32496
32263
32475
32474
32397
32414
32325
32503
32353
32314
32470
32455
32507
32373
32444
32450
32377
32395
32399
32449
32345
32367
32434
32462
32390
32407
32428
32422
32457
32431
32360
32499
32482
32458
32517
32481
32429
32456
32423
32532
32417
32435
32369
32418
32356
32450
32430
32463
32498
32444
32392
32582
32400
32446
32393
32471
32352
32398
32488
32433
32454
32420
32422
32419
32463
32480
32335
32444
32504
32435
32505
32390
32415
32442
32508
32429
32460
32483
32411
32457
32346
32471
32455
32428
32332
32429
32388
32440
32316
32466
32451
32393
32488
32406
32415
32415
32306
32361
32489
32334
32458
32416
32407
32485
32404
32492
32460
32337
32506
32467
32392
32417
32468
32415
32453
32403
32411
32393
32462
32389
32340
32498
32424
32407
32475
32361
32419
32408
32400
32388
32370
32450
32385
32466
32429
32376
32508
32426
32372
32464
32360
32480
32429
32467
32404
32464
32320
32381
32448
32406
32452
32508
32423
32405
32378
32397
32311
32440
32521
32528
32490
32399
32413
32424
32443
32476
32323
32449
32349
32440
32456
32446
32412
32480
32449
32471
32450
32372
32379
32393
32408
32540
32509
32422
32452
32401
32506
32440
32410
32403
32441
32478
32506
32414
32418
32430
32494
32439
32378
32470
32468
32403
32421
32468
32451
32439
32396
32416
32431
32500
32435
32390
32326
32425
32317
32462
32367
32383
32458
32410
32392
32448
32369
32450
32332
32435
32410
32468
32373
32422
32456
32403
32444
32523
32426
32385
32443
32371
32502
32383
32454
32417
32484
32387
32350
32504
32470
32389
32451
32464
32423
32448
32441
32479
32512
32410
32463
32487
32409
32386
32407
32439
32392
32447
32375
32474
32506
32463
32412
32371
32368
32363
32339
32388
32437
32453
32416
32336
32426
32457
32467
32447
32422
32419
32392
32455
32493
32405
32360
32541
32454
32385
32538
32414
32341
32458
32506
32481
32337
32452
32408
32559
32451
32366
32477
32439
32390
32396
32413
32554
32401
32449
32466
32443
32501
32397
32526
32363
32489
32403
32325
32377
32373
32436
32476
32513
32491
32513
32456
32374
32500
32416
32410
32349
32445
32425
32435
32447
32432
32459
32441
32442
32492
32389
32392
32339
32408
32430
32510
32539
32496
32380
32353
32514
32435
32552
32475
32418
32415
32418
32434
32385
32416
32448
32540
32458
32396
32365
32435
32417
32438
32511
32400
32489
32388
32397
32362
32403
32478
32359
32502
32449
32521
32423
32438
32300
32436
32408
32517
32341
32433
32445
32295
32452
32384
32389
32408
32429
32609
32394
32364
32310
32384
32526
32494
32416
32544
32424
32387
32354
32423
32489
32431
32447
32462
32392
32436
32346
32470
32473
32427
32503
32528
32537
32460
32348
32370
32537
32400
32474
32482
32488
32516
32355
32403
32540
32488
32417
32467
32437
32497
32326
32444
32414
32433
32446
32367
32471
32396
32453
32440
32438
32401
32505
32498
32369
32428
32409
32314
32404
32424
32415
32461
32358
32514
32411
32461
32382
32495
32355
32401
32480
32349
32474
32506
32451
32400
32492
32399
32489
32451
32467
32339
32437
32447
32376
32483
32482
32458
32475
32476
32415
32537
32397
32370
32471
32336
32433
32516
32450
32443
32530
32426
32482
32527
32357
32512
32331
32450
32443
32383
32492
32442
32520
32462
32359
32414
32361
32489
32431
32424
32524
32458
32516
32469
32376
32422
32420
32385
32502
32414
32453
32439
32483
32548
32358
32409
32440
32534
32542
32463
32542
32416
32358
32557
32394
32374
32482
32461
32436
32411
32414
32423
32426
32548
32552
32370
32526
32463
32536
32388
32488
32436
32412
32439
32349
32416
32411
32372
32402
32386
32430
32347
32448
32383
32448
32367
32390
32337
32534
32429
32473
32513
32430
32441
32436
32414
32459
32476
32457
32413
32432
32361
32464
32408
32458
32451
32502
32464
32281
32392
32428
32491
32454
32462
32454
32344
32448
32452
32552
32345
32448
32395
32486
32454
32524
32488
32547
32439
32343
32338
32382
32438
32410
32446
32348
32383
32426
32467
32354
32465
32380
32514
32355
32470
32526
32440
32456
32477
32429
32399
32499
32407
32544
32462
32418
32461
32371
32369
32483
32442
32429
32383
32560
32393
32417
32328
32383
32458
32492
32526
32469
32530
32457
32387
32419
32513
32391
32468
32450
32418
32314
32394
32348
32420
32477
32515
32443
32456
32478
32462
32430
32365
32445
32504
32290
32370
32443
32414
32478
32429
32369
32494
32437
32390
32388
32569
32394
32525
32530
32368
32355
32410
32502
32399
32337
32469
32517
32426
32422
32364
32464
32478
32381
32385
32412
32529
32436
32433
32510
32404
32358
32377
32417
32479
32423
32441
32490
32418
32432
32344
32471
32417
32453
32437
32487
32508
32404
32464
32446
32395
32499
32335
32396
32447
32401
32435
32476
32521
32487
32425
32374
32388
32403
32309
32447
32463
32420
32396
32510
32391
32410
32441
32352
32421
32476
32361
32452
32467
32491
32402
32349
32488
32503
32422
32497
32432
32377
32448
32427
32372
32331
32458
32304
32400
32406
32307
32397
32382
32422
32490
32515
32449
32342
32566
32402
32421
32385
32467
32396
32445
32393
32392
32500
32497
32448
32419
32413
32349
32464
32526
32402
32442
32445
32474
32514
32514
32460
32466
32361
32420
32452
32352
32446
32378
32348
32405
32295
32500
32428
32431
32314
32539
32358
32389
32380
32395
32553
32438
32387
32458
32433
32425
32405
32389
32423
32485
32402
32385
32553
32439
32518
32415
32400
32436
32320
32455
32439
32449
32475
32406
32535
32442
32361
32407
32342
32425
32509
32527
32486
32478
32539
32465
32342
32439
32440
32463
32410
32438
32389
32407
32379
32503
32368
32445
32572
32372
32346
32492
32546
32482
32429
32471
32384
32459
32456
32351
32436
32488
32406
32476
32384
32461
32438
32429
32488
32510
32402
32398
32536
32460
32440
32446
32392
32366
32509
32418
32296
32452
32476
32417
32425
32454
32450
32479
32458
32438
32355
32404
32510
32475
32497
32394
32307
32359
32396
32441
32369
32472
32498
32429
32519
32425
32407
32491
32413
32471
32433
32366
32522
32449
32449
32392
32348
32436
32466
32480
32313
32430
32378
32314
32452
32531
32284
32545
32394
32474
32380
32465
32418
32394
32450
32471
32427
32497
32456
32422
32420
32448
32367
32441
32440
32560
32473
32481
32282
32498
32485
32453
32357
32506
32464
32317
32416
32448
32448
32474
32396
32444
32502
32450
32402
32423
32462
32416
32358
32472
32388
32501
32458
32434
32479
32446
32465
32487
32361
32465
32381
32437
32500
32416
32358
32388
32441
32469
32387
32383
32397
32493
32478
32332
32437
32368
32375
32439
32494
32490
32450
32502
32390
32478
32351
32494
32460
32365
32415
32403
32396
32350
32363
32451
32436
32465
32503
32508
32352
32509
32434
32461
32422
32429
32292
32465
32418
32378
32510
32423
32333
32440
32425
32432
32447
32388
32438
32508
32432
32391
32386
32391
32479
32474
32452
32507
32397
32362
32465
32372
32444
32410
32321
32439
32433
32385
32375
32456
32454
32476
32397
32472
32456
32414
32473
32469
32378
32428
32432
32485
32382
32487
32431
32400
32394
32430
32447
32363
32390
32472
32378
32410
32382
32410
32335
32367
32474
32423
32425
32490
32511
32423
32421
32532
32413
32483
32434
32536
32481
32434
32373
32451
32426
32472
32458
32449
32441
32487
32369
32459
32323
32471
32501
32361
32418
32374
32451
32428
32503
32373
32327
32429
32417
32438
32423
32424
32485
32455
32422
32441
32450
32451
32358
32394
32392
32346
32517
32499
32448
32412
32438
32377
32484
32360
32393
32435
32422
32441
32462
32473
32480
32454
32343
32303
32422
32456
32454
32373
32416
32495
32515
32551
32447
32502
32514
32416
32395
32478
32454
32396
32481
32410
32410
32356
32510
32390
32507
32497
32415
32481
32459
32309
32468
32452
32480
32478
32425
32372
32467
32486
32372
32355
32558
32514
32372
32557
32389
32409
32460
32564
32420
32512
32450
32415
32358
32392
32400
32376
32473
32471
32480
32490
32413
32466
32403
32480
32420
32421
32442
32513
32445
32488
32372
32530
32448
32473
32468
32418
32479
32527
32413
32377
32492
32371
32408
32551
32436
32507
32399
32427
32462
32391
32439
32438
32512
32446
32342
32384
32446
32536
32448
32529
32398
32444
32487
32493
32312
32397
32330
32430
32486
32485
32354
32485
32470
32394
32476
32411
32393
32516
32473
32402
32502
32405
32454
32449
32410
32400
32413
32561
32424
32412
32465
32386
32530
32346
32434
32430
32471
32518
32431
32476
32504
32428
32483
32440
32387
32422
32424
32364
32382
32338
32321
32523
32416
32370
32447
32441
32502
32461
32338
32425
32393
32371
32506
32490
32495
32518
32454
32312
32452
32409
32341
32522
32362
32394
32411
32442
32377
32440
32477
32521
32400
32475
32483
32368
32413
32474
32420
32465
32403
32394
32435
32516
32400
32445
32409
32444
32492
32475
32403
32397
32497
32443
32473
32429
32495
32334
32399
32435
32365
32566
32427
32366
32492
32392
32312
32520
32435
32537
32374
32449
32453
32498
32487
32471
32471
32406
32435
32422
32527
32451
32484
32377
32469
32394
32466
32404
32452
32460
32551
32477
32458
32404
32446
32552
32418
32396
32397
32441
32476
32504
32427
32462
32455
32416
32395
32376
32472
32456
32455
32395
32496
32426
32432
32435
32478
32301
32362
32428
32480
32391
32368
32379
32459
32466
32436
32469
32410
32510
32466
32480
32436
32410
32438
32432
32384
32389
32495
32476
32480
32399
32409
32481
32359
32504
32457
32430
32407
32412
32435
32363
32431
32394
32483
32374
32447
32467
32398
32463
32364
32464
32490
32429
32384
32413
32526
32404
32414
32364
32435
32457
32408
32422
32448
32416
32427
32412
32407
32506
32350
32437
32461
32402
32516
32352
32388
32514
32587
32454
32358
32398
32375
32539
32399
32364
32443
32414
32322
32369
32408
32452
32504
32452
32468
32480
32433
32489
32484
32417
32482
32478
32548
32331
32411
32456
32523
32400
32454
32372
32433
32406
32340
32353
32336
32448
32530
32493
32446
32429
32409
32519
32450
32387
32455
32569
32510
32436
32505
32520
32440
32444
32488
32483
32397
32482
32430
32427
32495
32427
32478
32510
32413
32498
32474
32470
32485
32537
32384
32355
32386
32452
32407
32404
32360
32350
32383
32533
32314
32427
32373
32506
32377
32534
32339
32372
32425
32379
32493
32472
32531
32523
32358
32420
32408
32394
32414
32413
32453
32494
32568
32489
32509
32348
32369
32375
32452
32399
32392
32470
32422
32423
32436
32458
32379
32444
32485
32364
32418
32398
32469
32496
32387
32569
32365
32472
32413
32502
32374
32438
32462
32456
32397
32483
32492
32423
32494
32466
32484
32397
32517
32432
32491
32431
32490
32432
32349
32501
32421
32406
32452
32471
32524
32402
32366
32436
32457
32408
32411
32534
32495
32418
32412
32321
32432
32388
32449
32523
32450
32454
32428
32432
32422
32382
32419
32438
32427
32317
32464
32436
32471
32511
32376
32394
32361
32448
32494
32426
32462
32362
32390
32377
32376
32405
32358
32448
32419
32519
32369
32468
32456
32390
32392
32439
32455
32372
32344
32418
32392
32396
32497
32399
32466
32467
32475
32408
32495
32389
32586
32472
32475
32426
32405
32392
32415
32488
32496
32519
32452
32525
32412
32494
32501
32468
32399
32379
32443
32497
32336
32542
32441
32538
32356
32411
32440
32378
32404
32313
32380
32438
32395
32393
32486
32420
32513
32424
32415
32492
32427
32488
32441
32499
32385
32318
32512
32431
32422
32430
32484
32373
32535
32387
32380
32368
32373
32424
32416
32416
32394
32345
32433
32389
32466
32532
32446
32506
32471
32478
32320
32341
32384
32424
32435
32475
32436
32488
32393
32457
32403
32486
32408
32378
32400
32431
32404
32481
32401
32379
32351
32425
32411
32422
32517
32286
32506
32372
32509
32342
32485
32496
32442
32432
32415
32549
32421
32465
32343
32352
32478
32526
32356
32385
32459
32426
32457
32388
32358
32437
32423
32456
32414
32444
32506
32420
32447
32392
32450
32372
32277
32433
32460
32423
32520
32470
32357
32407
32451
32565
32546
32399
32362
32550
32420
32535
32456
32408
32417
32464
32386
32437
32403
32494
32515
32501
32512
32462
32400
32391
32399
32493
32417
32448
32433
32420
32427
32462
32463
32366
32407
32494
32449
32391
32345
32536
32407
32419
32409
32407
32461
32436
32436
32431
32538
32535
32492
32432
32402
32423
32458
32430
32429
32424
32473
32444
32378
32498
32492
32512
32517
32509
32325
32514
32457
32474
32392
32523
32428
32503
32512
32465
32500
32450
32524
32462
32448
32464
32495
32477
32404
32487
32438
32434
32477
32431
32406
32506
32442
32385
32434
32509
32491
32430
32406
32401
32396
32494
32414
32391
32389
32426
32389
32417
32383
32532
32460
32438
32500
32367
32452
32470
32426
32388
32406
32455
32415
32328
32482
32410
32460
32403
32475
32429
32451
32506
32451
32330
32412
32491
32427
32423
32555
32437
32441
32443
32544
32384
32388
32431
32447
32540
32332
32384
32438
32377
32516
32465
32362
32409
32408
32384
32317
32438
32378
32500
32411
32295
32467
32496
32288
32558
32470
32534
32408
32358
32449
32392
32421
32407
32426
32332
32376
32481
32397
32419
32314
32354
32425
32470
32450
32385
32324
32457
32419
32432
32426
32470
32504
32468
32434
32442
32493
32531
32328
32462
32387
32488
32555
32517
32472
32401
32413
32484
32504
32443
32467
32518
32484
32361
32404
32393
32468
32532
32310
32423
32465
32479
32463
32447
32474
32438
32532
32493
32392
32486
32459
32376
32385
32423
32431
32468
32486
32492
32503
32370
32350
32410
32475
32415
32533
32431
32560
32329
32427
32390
32543
32457
32419
32414
32449
32388
32383
32502
32409
32382
32458
32466
32433
32420
32367
32329
32535
32372
32453
32506
32474
32447
32517
32428
32462
32522
32473
32469
32451
32488
32572
32353
32561
32427
32426
32431
32356
32363
32460
32437
32352
32471
32419
32375
32442
32485
32407
32361
32388
32423
32399
32400
32564
32355
32475
32470
32513
32466
32411
32425
32527
32446
32454
32472
32525
32505
32384
32468
32424
32410
32431
32408
32323
32439
32469
32428
32500
32381
32453
32408
32470
32393
32411
32436
32422
32433
32379
32416
32386
32380
32457
32432
32441
32483
32387
32474
32444
32420
32482
32364
32320
32424
32522
32476
32370
32440
32380
32552
32456
32468
32407
32513
32437
32469
32460
32458
32564
32485
32530
32410
32389
32387
32337
32278
32392
32554
32369
32462
32366
32455
32387
32446
32449
32428
32402
32466
32419
32449
32346
32432
32395
32428
32422
32453
32528
32443
32449
32328
32404
32434
32603
32466
32403
32473
32372
32415
32441
32441
32369
32447
32512
32405
32435
32450
32460
32430
32480
32405
32552
32532
32405
32419
32431
32545
32483
32442
32419
32392
32286
32495
32387
32386
32577
32497
32446
32431
32354
32464
32466
32345
32494
32546
32381
32377
32556
32428
32418
32474
32448
32381
32425
32444
32474
32366
32437
32395
32387
32284
32374
32375
32400
32410
32516
32434
32427
32430
32395
32439
32418
32431
32436
32482
32453
32457
32526
32390
32311
32398
32357
32481
32442
32487
32453
32554
32519
32461
32490
32400
32413
32465
32458
32412
32349
32370
32440
32456
32469
32424
32438
32370
32434
32349
32408
32326
32496
32431
32322
32406
32408
32468
32315
32445
32500
32349
32508
32369
32455
32504
32446
32514
32350
32427
32450
32349
32467
32470
32412
32446
32503
32362
32514
32460
32345
32458
32523
32341
32370
32543
32509
32394
32517
32373
32344
32544
32451
32487
32354
32410
32505
32494
32487
32352
32390
32370
32406
32359
32457
32331
32485
32465
32439
32482
32417
32338
32443
32441
32453
32398
32473
32400
32473
32360
32539
32363
32410
32405
32424
32521
32354
32355
32493
32368
32554
32388
32546
32442
32382
32452
32425
32413
32444
32534
32510
32506
32455
32474
32438
32456
32392
32389
32486
32434
32407
32512
32415
32367
32406
32423
32442
32417
32460
32337
32421
32520
32532
32412
32434
32456
32531
32422
32467
32473
32307
32392
32493
32564
32486
32421
32528
32440
32488
32392
32415
32453
32429
32537
32524
32512
32505
32434
32412
32369
32340
32400
32484
32432
32477
32412
32527
32430
32498
32472
32483
32318
32430
32468
32398
32431
32401
32554
32426
32471
32461
32375
32448
32480
32388
32424
32467
32483
32475
32492
32440
32482
32366
32487
32408
32490
32459
32484
32573
32573
32357
32386
32518
32431
32414
32409
32417
32461
32457
32503
32416
32505
32457
32438
32473
32437
32478
32481
32460
32330
32459
32418
32469
32521
32416
32467
32498
32355
32463
32537
32465
32414
32344
32401
32512
32365
32575
32456
32424
32438
32413
32466
32469
32492
32362
32421
32412
32475
32266
32384
32470
32458
32553
32479
32440
32414
32361
32414
32467
32538
32458
32436
32518
32424
32483
32510
32406
32543
32494
32479
32500
32460
32522
32294
32359
32508
32500
32403
32434
32475
32338
32361
32377
32425
32464
32335
32405
32508
32374
32395
32361
32492
32520
32444
32454
32491
32480
32410
32455
32403
32494
32401
32399
32444
32476
32448
32466
32525
32486
32488
32470
32464
32477
32330
32502
32466
32437
32358
32463
32379
32477
32384
32485
32328
32434
32378
32521
32558
32356
32515
32376
32506
32474
32481
32547
32391
32445
32377
32442
32412
32502
32432
32386
32559
32455
32399
32475
32402
32442
32325
32448
32484
32447
32465
32414
32439
32468
32489
32404
32364
32429
32489
32435
32373
32524
32489
32510
32387
32405
32416
32489
32494
32417
32399
32336
32447
32476
32439
32534
32373
32365
32462
32443
32350
32379
32417
32410
32409
32443
32404
32412
32397
32406
32356
32510
32431
32542
32449
32364
32479
32478
32426
32391
32502
32433
32492
32398
32431
32358
32370
32397
32531
32510
32430
32461
32559
32379
32398
32539
32416
32366
32386
32456
32495
32468
32359
32415
32473
32386
32450
32341
32498
32428
32410
32415
32442
32480
32541
32356
32455
32438
32369
32357
32512
32411
32517
32396
32477
32418
32468
32486
32379
32530
32483
32497
32402
32513
32403
32452
32420
32450
32359
32427
32481
32428
32444
32450
32407
32467
32492
32443
32468
32500
32463
32455
32477
32430
32399
32461
32395
32498
32344
32407
32388
32478
32490
32487
32350
32453
32489
32363
32318
32370
32390
32491
32435
32485
32451
32422
32490
32466
32428
32432
32544
32378
32521
32439
32498
32302
32330
32359
32441
32445
32496
32423
32426
32454
32407
32544
32515
32529
32431
32477
32401
32473
32382
32391
32347
32435
32473
32407
32374
32536
32416
32396
32433
32442
32339
32474
32503
32432
32473
32369
32469
32433
32459
32405
32425
32446
32393
32408
32419
32386
32450
32468
32363
32411
32349
32438
32417
32507
32367
32418
32469
32331
32507
32374
32416
32366
32498
32512
32374
32496
32459
32358
32413
32419
32487
32505
32468
32457
32390
32340
32398
32404
32462
32417
32426
32419
32391
32296
32495
32363
32369
32430
32482
32336
32520
32427
32498
32522
32504
32419
32488
32371
32418
32362
32404
32367
32496
32499
32513
32564
32430
32511
32487
32426
32360
32520
32348
32443
32504
32445
32484
32481
32448
32384
32393
32376
32376
32372
32412
32454
32432
32569
32497
32500
32390
32513
32377
32471
32476
32532
32504
32426
32472
32441
32354
32336
32450
32450
32417
32487
32461
32515
32436
32413
32360
32425
32465
32477
32399
32518
32371
32315
32462
32335
32464
32410
32392
32489
32432
32292
32447
32381
32481
32403
32430
32480
32432
32471
32526
32301
32447
32282
32482
32405
32368
32428
32455
32451
32376
32460
32501
32428
32375
32508
32448
32498
32423
32513
32443
32465
32437
32435
32480
32509
32378
32505
32461
32389
32406
32404
32374
32464
32358
32473
32405
32442
32439
32509
32480
32535
32363
32394
32539
32496
32459
32429
32374
32478
32382
32390
32498
32445
32510
32467
32537
32458
32368
32457
32450
32434
32401
32474
32402
32470
32541
32452
32391
32521
32516
32508
32353
32406
32446
32344
32383
32544
32308
32443
32509
32507
32458
32381
32467
32422
32414
32489
32377
32431
32394
32501
32406
32506
32587
32425
32461
32464
32391
32463
32426
32412
32453
32456
32413
32438
32455
32366
32432
32372
32424
32341
32469
32398
32423
32420
32405
32379
32437
32425
32366
32406
32492
32377
32410
32386
32377
32426
32493
32604
32439
32420
32500
32469
32462
32467
32341
32516
32521
32355
32483
32356
32439
32452
32379
32350
32421
32417
32490
32464
32416
32427
32447
32413
32348
32512
32413
32432
32473
32331
32455
32487
32402
32412
32478
32431
32545
32541
32481
32422
32376
32477
32419
32410
32352
32489
32536
32473
32402
32376
32423
32355
32580
32375
32517
32351
32416
32464
32484
32401
32508
32419
32470
32386
32496
32400
32293
32541
32402
32511
32361
32341
32307
32287
32392
32410
32495
32491
32388
32421
32588
32387
32360
32443
32540
32385
32534
32381
32450
32489
32514
32473
32541
32403
32467
32487
32470
32496
32494
32362
32383
32436
32445
32400
32531
32408
32461
32454
32445
32427
32484
32440
32411
32525
32472
32366
32389
32504
32456
32499
32469
32453
32477
32423
32427
32423
32403
32386
32477
32524
32515
32481
32342
32394
32377
32326
32544
32397
32314
32447
32376
32413
32482
32435
32420
32445
32462
32391
32497
32442
32310
32507
32450
32441
32428
32508
32497
32519
32385
32448
32453
32512
32482
32458
32396
32525
32427
32428
32373
32502
32397
32436
32523
32479
32434
32452
32386
32466
32405
32387
32498
32360
32365
32391
32487
32499
32433
32375
32317
32453
32486
32390
32478
32419
32404
32373
32464
32550
32524
32439
32507
32380
32404
32381
32575
32448
32432
32451
32491
32512
32438
32467
32498
32468
32461
32497
32446
32342
32378
32450
32425
32488
32499
32433
32488
32414
32409
32405
32492
32348
32297
32378
32330
32423
32441
32433
32444
32385
32536
32469
32502
32435
32347
32429
32421
32458
32414
32408
32378
32405
32394
32410
32325
32446
32471
32474
32443
32373
32313
32508
32424
32361
32350
32364
32418
32360
32386
32334
32524
32413
32439
32403
32496
32407
32462
32556
32339
32460
32398
32454
32407
32484
32370
32512
32443
32461
32432
32398
32359
32422
32414
32531
32392
32451
32366
32471
32498
32420
32522
32430
32407
32378
32472
32414
32453
32390
32394
32456
32491
32531
32486
32305
32419
32455
32497
32454
32345
32388
32438
32406
32471
32442
32438
32384
32501
32377
32412
32429
32361
32515
32465
32510
32462
32503
32377
32453
32403
32550
32384
32478
32458
32554
32442
32421
32496
32378
32437
32319
32468
32457
32427
32485
32405
32421
32485
32412
32336
32465
32419
32366
32446
32375
32398
32440
32385
32464
32473
32338
32552
32371
32456
32390
32494
32392
32361
32448
32600
32525
32476
32448
32490
32425
32382
32311
32380
32500
32348
32381
32537
32392
32444
32467
32437
32333
32474
32453
32429
32491
32376
32436
32444
32413
32438
32495
32511
32393
32465
32439
32396
32486
32498
32446
32515
32372
32390
32366
32482
32440
32464
32500
32485
32394
32484
32393
32486
32465
32449
32506
32378
32488
32391
32364
32289
32349
32455
32382
32419
32420
32400
32402
32433
32424
32482
32418
32433
32407
32495
32433
32528
32442
32270
32386
32439
32446
32434
32366
32447
32526
32454
32499
32454
32388
32492
32456
32379
32448
32418
32408
32479
32438
32524
32481
32447
32503
32470
32460
32528
32499
32466
32425
32519
32352
32366
32436
32529
32493
32413
32361
32487
32287
32368
32465
32531
32394
32378
32475
32410
32492
32447
32417
32526
32478
32390
32351
32515
32440
32521
32362
32470
32473
32491
32345
32418
32506
32549
32487
32388
32381
32398
32414
32441
32399
32374
32471
32440
32493
32373
32382
32433
32468
32554
32400
32546
32488
32414
32416
32501
32495
32464
32349
32396
32445
32474
32343
32436
32492
32343
32460
32495
32376
32448
32379
32391
32405
32382
32482
32512
32428
32454
32353
32448
32493
32386
32539
32450
32442
32389
32348
32361
32462
32426
32404
32390
32341
32435
32424
32472
32390
32446
32485
32368
32469
32381
32389
32328
32519
32494
32449
32513
32486
32346
32380
32418
32348
32393
32411
32510
32447
32504
32558
32452
32400
32402
32501
32361
32419
32475
32432
32418
32463
32416
32409
32380
32489
32491
32337
32409
32435
32396
32412
32414
32446
32438
32389
32378
32361
32459
32406
32415
32415
32373
32336
32491
32522
32414
32412
32500
32422
32518
32518
32451
32462
32457
32493
32413
32497
32434
32488
32477
32427
32413
32364
32496
32380
32465
32365
32521
32516
32474
32447
32535
32487
32392
32360
32478
32437
32444
32413
32420
32356
32433
32394
32453
32390
32536
32362
32367
32511
32402
32425
32350
32378
32373
32467
32442
32445
32540
32471
32442
32414
32398
32432
32463
32414
32432
32482
32459
32382
32467
32474
32429
32427
32335
32401
32392
32428
32466
32482
32438
32410
32468
32447
32314
32414
32500
32376
32418
32389
32475
32440
32402
32449
32430
32538
32493
32375
32433
32419
32457
32491
32417
32400
32382
32491
32440
32401
32475
32430
32347
32404
32398
32454
32448
32535
32482
32342
32400
32374
32503
32505
32369
32422
32497
32504
32492
32468
32538
32364
32409
32443
32469
32382
32397
32375
32392
32394
32480
32447
32432
32460
32541
32347
32474
32519
32405
32433
32338
32366
32434
32438
32443
32432
32445
32443
32469
32386
32506
32425
32462
32561
32532
32475
32392
32450
32517
32358
32517
32415
32457
32599
32481
32412
32482
32413
32550
32480
32549
32517
32354
32404
32295
32425
32471
32490
32473
32505
32466
32434
32493
32506
32426
32446
32442
32398
32505
32458
32542
32429
32451
32415
32424
32482
32486
32412
32573
32336
32448
32330
32389
32388
32387
32403
32443
32505
32372
32526
32489
32388
32455
32470
32536
32373
32492
32508
32450
32456
32434
32395
32470
32479
32504
32512
32364
32456
32327
32440
32435
32332
32430
32422
32417
32476
32466
32482
32397
32513
32490
32462
32420
32423
32369
32426
32469
32449
32384
32392
32482
32393
32493
32410
32467
32447
32430
32541
32350
32486
32373
32487
32397
32397
32369
32465
32367
32499
32330
32323
32410
32385
32357
32474
32511
32448
32446
32400
32404
32401
32362
32446
32399
32380
32520
32449
32354
32433
32364
32414
32389
32388
32513
32369
32552
32494
32439
32435
32352
32402
32394
32439
32446
32494
32328
32413
32377
32367
32358
32362
32526
32452
32438
32412
32500
32337
32442
32512
32352
32431
32456
32400
32492
32514
32455
32431
32335
32497
32336
32441
32326
32460
32531
32399
32438
32510
32529
32488
32472
32456
32450
32371
32402
32494
32530
32480
32496
32414
32343
32414
32442
32432
32520
32371
32444
32484
32542
32457
32438
32391
32459
32510
32486
32555
32384
32462
32441
32365
32416
32405
32482
32523
32406
32443
32401
32425
32532
32494
32450
32476
32484
32432
32423
32539
32422
32371
32434
32434
32409
32424
32468
32470
32366
32437
32416
32320
32498
32514
32513
32420
32447
32351
32474
32485
32372
32406
32406
32459
32457
32295
32448
32394
32358
32437
32444
32486
32421
32337
32510
32482
32491
32375
32442
32451
32416
32423
32445
32396
32359
32384
32488
32468
32445
32517
32474
32411
32333
32352
32320
32403
32408
32403
32422
32496
32501
32407
32417
32395
32461
32389
32387
32334
32393
32365
32489
32529
32403
32398
32498
32416
32402
32475
32410
32323
32484
32527
32434
32424
32546
32408
32481
32435
32435
32401
32496
32377
32394
32479
32467
32416
32301
32461
32480
32522
32513
32525
32506
32501
32497
32392
32473
32396
32381
32396
32525
32423
32436
32434
32406
32438
32343
32375
32450
32447
32454
32400
32418
32388
32498
32391
32396
32518
32393
32435
32423
32435
32368
32448
32459
32472
32449
32474
32372
32390
32353
32442
32330
32338
32449
32410
32370
32378
32388
32511
32463
32410
32333
32550
32386
32458
32392
32359
32392
32499
32339
32353
32593
32498
32415
32492
32483
32434
32359
32468
32493
32473
32415
32436
32356
32482
32400
32453
32434
32532
32473
32421
32397
32398
32451
32469
32414
32481
32443
32491
32468
32532
32483
32328
32454
32454
32391
32449
32418
32461
32491
32465
32386
32482
32407
32394
32449
32347
32410
32341
32557
32409
32422
32462
32439
32463
32486
32414
32502
32420
32482
32423
32397
32514
32490
32458
32477
32495
32388
32433
32479
32408
32405
32359
32493
32485
32354
32552
32586
32388
32469
32378
32552
32442
32340
32398
32531
32380
32463
32492
32465
32539
32431
32402
32454
32487
32480
32516
32491
32467
32446
32386
32480
32519
32496
32518
32445
32459
32420
32417
32517
32422
32478
32458
32376
32455
32487
32441
32454
32412
32459
32475
32479
32390
32495
32476
32424
32427
32418
32339
32419
32415
32412
32398
32394
32331
32544
32531
32454
32491
32402
32414
32391
32319
32337
32340
32404
32475
32316
32429
32341
32400
32462
32435
32462
32489
32456
32466
32463
32514
32420
32451
32445
32372
32451
32523
32431
32524
32359
32382
32511
32525
32406
32402
32421
32495
32445
32530
32490
32450
32382
32547
32515
32358
32493
32486
32486
32359
32442
32372
32445
32480
32416
32420
32545
32455
32459
32497
32420
32476
32402
32552
32422
32463
32437
32472
32510
32504
32429
32455
32390
32606
32451
32341
32460
32459
32392
32490
32441
32444
32402
32464
32358
32508
32416
32382
32513
32418
32433
32376
32493
32579
32429
32382
32463
32520
32448
32458
32519
32393
32481
32444
32535
32447
32359
32465
32387
32395
32491
32468
32473
32429
32517
32401
32377
32471
32455
32306
32509
32352
32505
32402
32487
32348
32453
32453
32487
32423
32329
32428
32385
32329
32548
32422
32412
32489
32512
32491
32402
32430
32483
32366
32486
32468
32438
32445
32325
32467
32390
32508
32457
32452
32474
32405
32460
32430
32353
32385
32456
32495
32473
32395
32389
32450
32525
32565
32449
32367
32467
32439
32425
32322
32423
32411
32543
32415
32357
32433
32427
32450
32426
32419
32443
32436
32549
32349
32512
32487
32493
32502
32489
32415
32547
32388
32455
32390
32500
32412
32419
32484
32514
32420
32404
32476
32382
32439
32506
32476
32401
32554
32425
32352
32527
32413
32431
32449
32390
32407
32429
32400
32374
32446
32401
32411
32463
32531
32425
32410
32416
32373
32497
32441
32332
32544
32362
32485
32328
32368
32420
32397
32477
32488
32423
32399
32538
32461
32442
32496
32337
32462
32365
32404
32464
32425
32524
32411
32390
32313
32442
32502
32455
32518
32428
32434
32447
32400
32489
32507
32484
32477
32473
32410
32439
32419
32472
32478
32562
32360
32403
32496
32569
32330
32506
32398
32480
32394
32504
32491
32447
32382
32398
32413
32480
32364
32354
32494
32403
32452
32445
32393
32447
32507
32465
32508
32437
32445
32459
32366
32396
32455
32464
32415
32430
32456
32444
32541
32479
32401
32477
32446
32414
32484
32521
32422
32431
32517
32451
32457
32399
32446
32526
32367
32471
32440
32349
32486
32367
32418
32387
32502
32442
32404
32360
32398
32498
32487
32390
32474
32432
32403
32368
32452
32522
32392
32543
32465
32467
32461
32382
32427
32443
32499
32476
32494
32457
32440
32421
32448
32411
32452
32461
32346
32539
32470
32494
32477
32349
32438
32472
32550
32400
32563
32499
32444
32452
32418
32373
32434
32360
32309
32460
32342
32427
32400
32518
32405
32441
32467
32476
32483
32469
32429
32399
32414
32502
32416
32384
32411
32420
32407
32445
32511
32451
32448
32413
32441
32477
32410
32477
32378
32479
32468
32356
32390
32511
32553
32418
32496
32422
32506
32442
32331
32516
32393
32451
32377
32506
32487
32395
32441
32468
32292
32496
32336
32382
32521
32487
32476
32461
32384
32472
32350
32490
32529
32295
32497
32397
32495
32394
32505
32411
32434
32293
32400
32383
32411
32434
32547
32401
32341
32456
32497
32486
32458
32461
32440
32380
32468
32372
32431
32455
32491
32460
32373
32359
32418
32558
32381
32470
32425
32424
32372
32462
32364
32440
32490
32392
32398
32416
32440
32407
32376
32417
32421
32408
32544
32531
32479
32464
32487
32480
32462
32450
32395
32461
32339
32442
32384
32412
32502
32500
32466
32353
32478
32497
32523
32472
32382
32420
32419
32512
32526
32413
32491
32473
32422
32441
32442
32478
32492
32483
32311
32471
32468
32484
32446
32490
32426
32480
32440
32404
32455
32498
32464
32522
32499
32514
32471
32437
32468
32363
32515
32444
32472
32371
32511
32514
32408
32480
32533
32471
32486
32411
32402
32527
32324
32483
32353
32425
32475
32383
32366
32398
32442
32454
32390
32385
32495
32545
32475
32475
32446
32434
32371
32461
32454
32422
32362
32426
32360
32512
32445
32450
32518
32417
32550
32364
32357
32476
32458
32496
32461
32480
32385
32493
32443
32523
32439
32469
32430
32479
32486
32444
32492
32431
32532
32419
32510
32396
32428
32477
32398
32476
32422
32442
32451
32396
32468
32454
32538
32375
32434
32453
32487
32394
32399
32510
32470
32482
32377
32462
32389
32376
32422
32479
32409
32342
32411
32469
32404
32481
32396
32406
32444
32464
32437
32408
32452
32451
32475
32417
32365
32419
32452
32396
32404
32494
32465
32446
32386
32374
32489
32406
32436
32415
32477
32525
32505
32508
32341
32520
32379
32430
32380
32412
32304
32413
32502
32382
32347
32429
32417
32543
32420
32353
32498
32473
32386
32420
32433
32439
32435
32481
32402
32397
32323
32428
32431
32568
32415
32446
32457
32417
32487
32396
32530
32453
32474
32420
32468
32356
32449
32495
32486
32455
32467
32365
32392
32480
32427
32429
32389
32510
32342
32540
32413
32532
32451
32481
32386
32342
32484
32459
32498
32439
32432
32406
32414
32446
32344
32389
32411
32496
32446
32483
32501
32334
32420
32521
32427
32497
32396
32502
32480
32430
32452
32433
32425
32497
32457
32441
32417
32440
32325
32473
32351
32334
32350
32455
32370
32487
32409
32559
32492
32403
32442
32342
32435
32455
32466
32450
32348
32403
32399
32407
32330
32367
32440
32473
32522
32445
32379
32454
32515
32399
32357
32452
32457
32467
32466
32343
32409
32429
32449
32447
32439
32471
32366
32319
32460
32403
32383
32497
32547
32422
32464
32339
32424
32376
32349
32435
32463
32502
32461
32480
32510
32384
32484
32337
32480
32410
32331
32417
32346
32391
32476
32478
32366
32393
32386
32420
32458
32448
32383
32436
32496
32468
32431
32489
32505
32531
32500
32417
32449
32457
32486
32395
32391
32362
32415
32468
32451
32477
32365
32584
32512
32526
32450
32347
32444
32422
32377
32494
32363
32336
32504
32454
32422
32339
32418
32485
32519
32361
32458
32403
32468
32345
32430
32343
32393
32469
32503
32380
32465
32380
32448
32521
32530
32436
32366
32392
32446
32464
32567
32534
32488
32384
32329
32457
32455
32381
32377
32501
32388
32446
32451
32408
32394
32445
32418
32495
32353
32445
32483
32400
32428
32372
32411
32467
32405
32412
32471
32397
32410
32461
32410
32428
32422
32433
32448
32395
32427
32469
32510
32523
32465
32367
32386
32444
32503
32413
32381
32348
32542
32420
32334
32523
32439
32501
32416
32430
32441
32317
32384
32350
32379
32567
32558
32469
32476
32402
32490
32399
32434
32454
32363
32470
32504
32408
32417
32513
32363
32368
32401
32433
32561
32431
32388
32402
32424
32540
32459
32301
32485
32485
32432
32516
32516
32321
32451
32364
32468
32421
32363
32370
32447
32503
32328
32406
32396
32384
32459
32540
32341
32472
32337
32416
32430
32460
32492
32386
32450
32440
32552
32461
32428
32401
32393
32359
32371
32381
32511
32448
32474
32477
32554
32407
32465
32364
32528
32376
32444
32451
32479
32406
32423
32461
32390
32378
32460
32355
32436
32461
32419
32478
32418
32432
32415
32537
32433
32440
32562
32476
32401
32414
32455
32440
32400
32344
32370
32357
32350
32491
32491
32461
32389
32350
32380
32525
32368
32461
32358
32398
32475
32462
32502
32458
32488
32448
32374
32499
32430
32433
32411
32491
32421
32466
32369
32350
32434
32430
32500
32421
32449
32381
32466
32449
32466
32596
32398
32393
32409
32352
32482
32429
32448
32412
32429
32433
32465
32490
32402
32379
32359
32456
32563
32480
32514
32502
32420
32476
32296
32470
32462
32438
32453
32540
32408
32501
32431
32478
32379
32491
32452
32494
32516
32523
32355
32394
32534
32391
32502
32413
32483
32421
32371
32331
32426
32384
32348
32516
32424
32435
32477
32476
32436
32420
32515
32426
32544
32429
32415
32527
32346
32461
32438
32478
32524
32526
32465
32454
32489
32436
32408
32522
32470
32440
32454
32485
32299
32540
32429
32370
32461
32460
32436
32353
32354
32522
32500
32342
32388
32474
32512
32529
32416
32549
32447
32379
32337
32400
32505
32386
32358
32475
32432
32394
32493
32414
32317
32443
32322
32281
32399
32499
32441
32519
32412
32375
32434
32451
32381
32389
32413
32498
32355
32535
32323
32452
32467
32512
32487
32340
32262
32387
32539
32408
32440
32375
32365
32442
32497
32440
32450
32470
32392
32480
32390
32512
32442
32494
32437
32408
32483
32538
32509
32362
32453
32417
32340
32412
32372
32287
32432
32450
32366
32502
32428
32370
32506
32496
32455
32372
32460
32545
32426
32466
32514
32409
32360
32450
32410
32406
32511
32431
32467
32382
32418
32395
32496
32442
32416
32424
32513
32451
32385
32407
32467
32306
32446
32417
32433
32340
32416
32447
32365
32490
32489
32403
32402
32338
32446
32447
32501
32395
32439
32470
32486
32517
32464
32493
32421
32347
32359
32379
32493
32454
32470
32549
32414
32347
32436
32461
32485
32432
32411
32510
32384
32473
32530
32441
32480
32424
32419
32348
32466
32352
32494
32529
32400
32454
32327
32414
32480
32409
32442
32464
32417
32420
32354
32503
32541
32471
32396
32480
32453
32459
32371
32486
32453
32523
32395
32348
32415
32524
32403
32485
32438
32488
32404
32393
32374
32383
32448
32571
32395
32319
32472
32497
32440
32493
32427
32398
32413
32364
32572
32440
32510
32328
32399
32511
32382
32459
32441
32436
32321
32443
32339
32502
32376
32355
32446
32438
32462
32395
32361
32441
32489
32478
32484
32331
32446
32386
32370
32404
32534
32456
32311
32448
32447
32480
32481
32429
32373
32235
32378
32514
32523
32336
32454
32414
32427
32428
32487
32442
32466
32364
32444
32415
32448
32475
32425
32486
32461
32463
32392
32356
32459
32417
32314
32454
32457
32436
32396
32467
32435
32456
32467
32464
32444
32435
32348
32350
32479
32414
32386
32340
32426
32407
32385
32329
32393
32359
32356
32468
32313
32498
32438
32469
32337
32405
32493
32512
32448
32382
32439
32520
32512
32425
32458
32479
32393
32399
32420
32390
32411
32366
32471
32444
32494
32480
32402
32474
32559
32495
32501
32443
32476
32419
32373
32391
32428
32368
32481
32432
32386
32449
32360
32489
32388
32505
32467
32458
32479
32425
32380
32425
32502
32404
32391
32328
32534
32457
32555
32408
32531
32327
32392
32378
32347
32445
32475
32558
32453
32542
32373
32390
32432
32366
32438
32368
32389
32468
32486
32330
32497
32443
32468
32437
32418
32425
32456
32364
32450
32427
32407
32500
32359
32396
32394
32424
32350
32383
32428
32510
32498
32332
32417
32478
32332
32467
32468
32525
32424
32410
32512
32495
32443
32381
32451
32366
32516
32438
32415
32482
32456
32519
32351
32458
32479
32521
32403
32424
32402
32389
32478
32351
32355
32445
32441
32461
32407
32461
32338
32483
32426
32357
32397
32434
32472
32431
32422
32495
32431
32358
32406
32460
32513
32390
32541
32487
32438
32453
32506
32429
32353
32455
32517
32385
32552
32391
32349
32451
32428
32509
32472
32452
32425
32409
32506
32454
32491
32476
32466
32427
32344
32530
32517
32484
32384
32460
32506
32392
32449
32449
32400
32407
32489
32487
32445
32486
32381
32495
32321
32471
32423
32368
32452
32442
32472
32490
32342
32419
32481
32421
32396
32505
32428
32403
32453
32557
32512
32504
32438
32379
32462
32445
32537
32460
32502
32450
32460
32478
32484
32363
32407
32390
32440
32400
32389
32419
32312
32488
32461
32305
32359
32372
32485
32407
32456
32463
32450
32470
32456
32461
32408
32499
32407
32368
32380
32415
32428
32447
32453
32346
32298
32345
32453
32511
32357
32372
32455
32495
32488
32452
32371
32386
32507
32383
32477
32430
32463
32429
32340
32416
32437
32496
32403
32386
32398
32355
32402
32419
32499
32444
32417
32569
32440
32539
32474
32422
32465
32403
32395
32439
32438
32496
32473
32385
32518
32538
32412
32435
32401
32414
32404
32404
32487
32576
32475
32506
32530
32512
32454
32450
32488
32393
32355
32494
32353
32406
32470
32554
32401
32450
32446
32381
32428
32367
32423
32489
32511
32416
32405
32432
32367
32449
32494
32384
32461
32462
32448
32448
32329
32436
32492
32407
32432
32504
32498
32471
32438
32441
32417
32434
32351
32470
32465
32492
32400
32469
32339
32332
32445
32403
32385
32458
32313
32415
32495
32447
32425
32446
32491
32420
32409
32410
32464
32472
32373
32480
32452
32355
32491
32396
32559
32399
32447
32502
32374
32452
32482
32395
32333
32455
32449
32474
32363
32388
32502
32447
32384
32425
32354
32431
32334
32439
32513
32560
32322
32485
32355
32459
32480
32421
32446
32491
32397
32468
32412
32373
32519
32341
32470
32454
32518
32342
32476
32419
32431
32403
32458
32417
32398
32469
32521
32497
32439
32383
32347
32433
32520
32382
32481
32398
32373
32481
32450
32354
32417
32463
32441
32404
32425
32410
32392
32510
32415
32535
32411
32476
32455
32474
32339
32472
32382
32334
32553
32396
32496
32400
32336
32321
32429
32405
32382
32465
32447
32359
32472
32534
32432
32445
32430
32426
32540
32451
32385
32483
32426
32481
32395
32442
32416
32383
32464
32466
32388
32402
32404
32478
32496
32455
32365
32473
32383
32442
32419
32382
32307
32464
32423
32328
32442
32419
32491
32425
32349
32480
32454
32362
32419
32352
32576
32397
32330
32535
32362
32514
32507
32472
32445
32363
32351
32436
32385
32486
32461
32373
32458
32376
32422
32323
32316
32298
32451
32523
32401
32494
32480
32401
32495
32356
32546
32334
32492
32491
32389
32341
32470
32490
32374
32455
32485
32404
32381
32386
32387
32392
32453
32412
32532
32379
32450
32451
32505
32422
32485
32486
32482
32388
32400
32458
32307
32448
32530
32490
32448
32424
32402
32415
32420
32389
32455
32421
32361
32536
32399
32434
32466
32536
32571
32532
32386
32465
32461
32438
32457
32415
32362
32365
32328
32524
32341
32431
32470
32405
32464
32421
32487
32438
32539
32469
32565
32371
32464
32455
32418
32475
32546
32467
32505
32414
32465
32457
32523
32518
32487
32447
32490
32447
32474
32441
32271
32448
32382
32462
32462
32419
32453
32420
32420
32395
32478
32579
32462
32355
32398
32366
32502
32433
32452
32580
32318
32337
32444
32483
32467
32428
32407
32549
32567
32490
32367
32400
32453
32404
32481
32431
32365
32413
32530
32478
32442
32600
32400
32374
32369
32364
32418
32474
32403
32474
32522
32541
32478
32394
32500
32415
32391
32517
32441
32391
32442
32444
32490
32365
32502
32515
32454
32517
32326
32397
32398
32460
32422
32448
32332
32446
32503
32434
32430
32440
32481
32449
32437
32492
32433
32409
32436
32443
32383
32480
32395
32426
32373
32509
32419
32457
32351
32407
32457
32313
32367
32361
32526
32394
32493
32454
32418
32482
32418
32468
32298
32471
32450
32447
32438
32354
32423
32435
32413
32438
32363
32435
32373
32448
32450
32362
32522
32436
32381
32507
32438
32495
32340
32457
32532
32414
32429
32482
32431
32448
32521
32408
32389
32473
32415
32514
32532
32430
32460
32415
32484
32391
32511
32537
32550
32424
32567
32411
32394
32472
32536
32499
32534
32482
32401
32490
32439
32446
32397
32407
32476
32461
32479
32453
32450
32396
32364
32364
32364
32406
32480
32517
32425
32469
32490
32490
32372
32484
32517
32413
32413
32546
32392
32470
32470
32483
32489
32462
32416
32401
32428
32410
32356
32457
32442
32446
32540
32336
32394
32322
32478
32401
32433
32412
32419
32405
32383
32470
32512
32413
32392
32373
32464
32477
32377
32311
32526
32473
32408
32437
32483
32370
32533
32431
32465
32468
32366
32457
32432
32400
32432
32458
32550
32474
32417
32442
32476
32399
32454
32517
32399
32422
32503
32388
32380
32521
32468
32328
32420
32552
32445
32423
32454
32544
32441
32320
32414
32430
32432
32458
32392
32437
32498
32336
32494
32450
32483
32437
32496
32464
32486
32499
32465
32486
32467
32466
32422
32460
32451
32417
32407
32498
32485
32450
32466
32463
32363
32435
32366
32455
32475
32367
32438
32336
32566
32462
32382
32433
32431
32439
32419
32544
32428
32532
32416
32337
32474
32385
32484
32356
32374
32475
32442
32501
32420
32388
32398
32387
32483
32393
32412
32497
32400
32488
32432
32515
32421
32495
32445
32468
32368
32394
32439
32396
32455
32410
32399
32350
32475
32451
32371
32392
32323
32382
32291
32436
32470
32433
32504
32524
32457
32507
32355
32319
32517
32460
32369
32465
32475
32421
32450
32452
32490
32435
32517
32438
32441
32445
32520
32515
32442
32484
32482
32400
32420
32514
32484
32391
32386
32484
32397
32414
32480
32413
32377
32386
32421
32354
32483
32494
32378
32462
32499
32510
32470
32380
32477
32533
32420
32379
32485
32432
32490
32454
32384
32483
32500
32454
32390
32363
32417
32585
32438
32410
32502
32398
32461
32466
32387
32455
32419
32507
32461
32496
32460
32451
32389
32380
32423
32381
32354
32426
32484
32479
32440
32417
32393
32556
32460
32338
32393
32561
32378
32433
32428
32354
32421
32379
32405
32348
32493
32458
32397
32427
32375
32536
32487
32396
32397
32489
32442
32304
32336
32431
32342
32487
32348
32430
32522
32462
32378
32449
32381
32453
32396
32402
32447
32446
32426
32450
32441
32428
32386
32480
32447
32487
32485
32521
32407
32338
32383
32458
32363
32414
32450
32452
32368
32437
32477
32336
32406
32413
32450
32374
32414
32438
32433
32537
32375
32537
32434
32428
32438
32538
32379
32420
32471
32361
32393
32429
32521
32434
32468
32403
32382
32534
32390
32408
32427
32410
32466
32518
32474
32511
32462
32431
32470
32353
32355
32408
32424
32467
32464
32467
32405
32366
32470
32462
32450
32440
32461
32473
32364
32366
32415
32486
32427
32343
32522
32454
32417
32426
32364
32411
32382
32346
32400
32509
32423
32471
32430
32515
32431
32458
32361
32474
32412
32425
32356
32476
32498
32402
32412
32430
32360
32376
32457
32469
32516
32419
32400
32517
32485
32389
32362
32487
32473
32354
32495
32451
32486
32523
32477
32548
32521
32382
32491
32471
32399
32400
32390
32534
32378
32529
32430
32439
32362
32448
32449
32314
32467
32440
32376
32302
32414
32352
32348
32414
32438
32410
32432
32450
32365
32404
32467
32538
32427
32518
32444
32296
32399
32401
32494
32389
32437
32364
32429
32559
32515
32328
32487
32393
32418
32362
32392
32388
32427
32450
32416
32440
32475
32458
32358
32450
32426
32372
32539
32492
32461
32479
32512
32400
32410
32395
32375
32451
32394
32399
32391
32451
32373
32387
32502
32416
32432
32435
32385
32454
32521
32441
32390
32412
32478
32461
32473
32479
32426
32477
32410
32430
32389
32388
32342
32395
32434
32399
32426
32479
32454
32404
32436
32429
32327
32446
32356
32506
32413
32435
32434
32331
32329
32460
32404
32294
32416
32372
32293
32462
32419
32387
32471
32464
32395
32390
32359
32432
32495
32411
32512
32408
32462
32506
32356
32514
32428
32470
32412
32450
32361
32515
32422
32450
32397
32318
32365
32438
32462
32507
32336
32378
32497
32390
32398
32441
32356
32356
32327
32461
32491
32482
32367
32424
32366
32461
32425
32381
32333
32472
32453
32475
32432
32351
32433
32309
32379
32448
32487
32457
32413
32462
32372
32366
32487
32456
32392
32391
32413
32448
32442
32363
32492
32405
32478
32377
32450
32495
32546
32458
32505
32540
32404
32398
32325
32451
32441
32511
32399
32474
32494
32380
32339
32428
32435
32513
32406
32437
32484
32590
32432
32526
32444
32432
32494
32467
32424
32380
32424
32435
32442
32506
32492
32388
32492
32422
32497
32370
32442
32405
32432
32460
32394
32290
32403
32367
32488
32338
32352
32473
32556
32457
32324
32370
32415
32357
32464
32455
32567
32460
32472
32444
32417
32365
32354
32322
32529
32383
32447
32421
32418
32386
32422
32403
32454
32417
32314
32484
32461
32509
32464
32368
32442
32481
32427
32505
32403
32431
32478
32401
32466
32488
32390
32410
32542
32481
32388
32470
32460
32332
32421
32346
32552
32495
32446
32451
32489
32422
32462
32503
32484
32424
32474
32438
32522
32389
32326
32401
32343
32429
32411
32442
32505
32390
32487
32410
32408
32353
32503
32407
32451
32454
32449
32375
32424
32345
32346
32407
32348
32558
32400
32368
32464
32443
32388
32474
32370
32399
32437
32428
32306
32426
32433
32353
32498
32461
32516
32347
32519
32427
32406
32445
32390
32547
32446
32451
32470
32482
32473
32418
32494
32487
32392
32413
32424
32533
32406
32462
32433
32505
32428
32360
32342
32489
32420
32403
32481
32440
32518
32424
32439
32510
32424
32415
32337
32390
32465
32436
32487
32405
32418
32387
32419
32371
32396
32508
32456
32341
32495
32366
32490
32459
32425
32370
32479
32526
32464
32473
32250
32489
32407
32453
32400
32329
32450
32583
32523
32411
32381
32300
32417
32468
32438
32493
32575
32407
32485
32321
32518
32490
32428
32400
32416
32406
32342
32418
32395
32308
32317
32367
32373
32369
32404
32492
32413
32358
32437
32551
32551
32454
32384
32420
32418
32435
32524
32487
32474
32461
32525
32532
32472
32429
32452
32458
32354
32391
32390
32377
32359
32426
32405
32441
32423
32471
32366
32429
32446
32476
32446
32421
32468
32475
32423
32379
32502
32421
32453
32376
32467
32411
32343
32367
32345
32453
32405
32370
32507
32366
32409
32387
32369
32484
32417
32438
32361
32369
32429
32455
32539
32377
32343
32537
32318
32532
32457
32509
32511
32490
32378
32392
32532
32518
32364
32506
32393
32449
32441
32416
32423
32459
32421
32494
32461
32470
32391
32424
32521
32458
32489
32417
32579
32432
32441
32500
32367
32602
32430
32510
32438
32436
32488
32463
32371
32537
32432
32432
32432
32432
32432
32432
32432
32432
32432
32432
32432
32432
32432
32432
32432
32432
32432
32432
32432
32432
32432
32432
32432
32432
32432
32432
