9884
32579
32588
32372
32489
32584
32572
32605
32491
32511
32548
32495
32559
32524
32474
32511
32518
32508
32369
32451
32472
32451
32496
32479
32577
32459
32532
32580
32443
32523
32385
32602
32474
32594
32509
32485
32519
32476
32453
32523
32478
32445
32426
32434
32512
32471
32481
32540
32517
32566
32446
32518
32411
32574
32575
32502
32550
32517
32484
32582
32686
32468
32505
32469
32402
32407
32460
32408
32434
32512
32451
32451
32521
32477
32518
32504
32404
32519
32482
32528
32473
32541
32491
32520
32432
32456
32534
32555
32574
32426
32390
32395
32471
32512
32470
32426
32530
32520
32494
32458
32442
32453
32500
32574
32520
32499
32327
32538
32415
32510
32438
32578
32546
32441
32499
32434
32435
32452
32408
32502
32476
32504
32458
32441
32446
32460
32499
32516
32533
32562
32356
32380
32417
32500
32391
32497
32459
32472
32585
32447
32412
32334
32489
32467
32467
32550
32470
32433
32379
32587
32580
32476
32536
32485
32523
32457
32540
32532
32384
32434
32502
32559
32420
32555
32486
32476
32547
32442
32490
32460
32428
32538
32533
32525
32438
32453
32468
32578
32547
32500
32533
32532
32522
32452
32476
32423
32545
32378
32608
32530
32385
32487
32453
32437
32541
32407
32542
32439
32481
32558
32569
32556
32502
32445
32421
32462
32578
32414
32519
32422
32445
32590
32505
32575
32544
32530
32594
32498
32522
32498
32480
32547
32466
32473
32392
32406
32524
32470
32575
32548
32478
32359
32528
32400
32513
32466
32522
32496
32569
32416
32434
32461
32553
32609
32446
32558
32560
32532
32550
32493
32476
32419
32506
32560
32386
32421
32522
32529
32473
32442
32434
32557
32458
32512
32512
32535
32558
32413
32497
32519
32612
32569
32480
32396
32446
32544
32456
32433
32456
32494
32535
32454
32412
32482
32501
32485
32425
32488
32445
32484
32459
32537
32458
32525
32487
32550
32474
32479
32473
32502
32449
32592
32449
32621
32432
32524
32463
32547
32611
32490
32409
32501
32474
32525
32302
32539
32433
32559
32575
32515
32426
32557
32489
32423
32463
32447
32544
32410
32381
32556
32443
32418
32429
32541
32532
32448
32525
32597
32570
32502
32494
32550
32445
32454
32510
32390
32436
32381
32448
32436
32536
32517
32582
32393
32556
32544
32508
32517
32509
32513
32411
32524
32452
32492
32559
32374
32414
32507
32457
32441
32445
32475
32489
32571
32580
32450
32474
32549
32523
32416
32495
32459
32585
32476
32508
32522
32574
32570
32560
32422
32578
32459
32423
32456
32490
32417
32462
32440
32483
32487
32476
32524
32473
32594
32463
32420
32502
32386
32515
32493
32458
32510
32566
32452
32518
32575
32495
32523
32451
32384
32446
32441
32487
32492
32506
32419
32513
32583
32531
32557
32421
32474
32473
32508
32558
32463
32446
32566
32500
32514
32458
32422
32504
32440
32549
32445
32578
32541
32461
32477
32456
32390
32443
32456
32580
32428
32497
32631
32499
32545
32484
32484
32451
32391
32429
32573
32423
32441
32491
32445
32461
32472
32414
32560
32529
32404
32412
32470
32520
32594
32450
32566
32493
32423
32553
32386
32534
32420
32414
32523
32537
32472
32452
32486
32432
32564
32412
32409
32521
32408
32458
32596
32437
32491
32536
32566
32401
32560
32521
32506
32425
32464
32535
32441
32430
32391
32464
32490
32623
32439
32388
32516
32470
32465
32389
32451
32510
32538
32438
32473
32563
32583
32587
32445
32366
32500
32501
32543
32430
32434
32557
32476
32523
32480
32490
32457
32543
32516
32543
32521
32458
32590
32469
32403
32427
32449
32581
32400
32476
32426
32523
32438
32614
32522
32555
32466
32501
32418
32436
32522
32522
32396
32532
32513
32513
32460
32387
32469
32457
32529
32616
32487
32506
32464
32566
32446
32451
32547
32511
32554
32396
32406
32491
32470
32491
32543
32411
32593
32544
32430
32538
32488
32475
32451
32457
32439
32476
32394
32458
32488
32601
32578
32427
32381
32492
32441
32509
32496
32528
32478
32462
32605
32577
32557
32554
32491
32497
32495
32462
32519
32434
32465
32519
32559
32513
32344
32477
32452
32429
32484
32458
32496
32538
32497
32552
32562
32470
32549
32450
32486
32482
32421
32591
32504
32551
32456
32529
32539
32447
32560
32486
32435
32529
32509
32414
32485
32485
32577
32498
32480
32548
32526
32546
32564
32490
32459
32481
32498
32539
32479
32607
32644
32386
32486
32413
32494
32404
32475
32560
32435
32369
32542
32377
32495
32555
32438
32416
32561
32495
32532
32439
32530
32419
32471
32455
32441
32417
32535
32520
32498
32463
32491
32519
32517
32399
32413
32529
32526
32508
32529
32453
32466
32536
32571
32394
32475
32502
32391
32453
32547
32548
32532
32626
32475
32507
32456
32468
32494
32478
32515
32501
32504
32574
32485
32473
32492
32501
32531
32502
32527
32437
32552
32480
32521
32456
32517
32494
32420
32498
32563
32542
32449
32445
32456
32468
32539
32495
32478
32522
32516
32481
32564
32557
32532
32569
32591
32474
32468
32469
32582
32551
32486
32597
32498
32508
32426
32525
32468
32468
32424
32546
32459
32453
32465
32370
32466
32490
32522
32542
32424
32492
32439
32465
32465
32439
32480
32572
32512
32427
32463
32509
32583
32426
32548
32440
32396
32573
32507
32512
32464
32515
32409
32605
32498
32447
32540
32598
32509
32429
32455
32468
32624
32491
32408
32511
32524
32517
32540
32375
32432
32464
32482
32477
32570
32473
32630
32475
32463
32448
32532
32539
32541
32426
32508
32533
32549
32491
32472
32528
32485
32513
32413
32574
32489
32382
32536
32575
32534
32524
32481
32421
32415
32461
32549
32408
32554
32552
32367
32369
32535
32457
32470
32410
32540
32522
32492
32566
32424
32613
32456
32558
32468
32497
32449
32449
32494
32471
32514
32515
32513
32533
32411
32567
32558
32481
32429
32445
32504
32512
32477
32573
32422
32574
32425
32444
32563
32559
32422
32594
32469
32538
32520
32510
32485
32501
32528
32509
32454
32441
32470
32478
32469
32397
32418
32449
32548
32565
32431
32633
32447
32479
32442
32468
32526
32533
32589
32538
32558
32579
32452
32534
32536
32533
32547
32440
32540
32505
32570
32478
32429
32527
32599
32530
32617
32603
32435
32455
32585
32504
32436
32544
32488
32533
32492
32555
32482
32521
32554
32491
32549
32486
32514
32548
32436
32454
32504
32397
32532
32522
32536
32452
32499
32422
32513
32573
32439
32434
32566
32514
32595
32585
32538
32541
32484
32445
32505
32610
32525
32497
32473
32483
32558
32430
32282
32572
32432
32440
32389
32528
32508
32553
32501
32502
32465
32437
32492
32450
32625
32537
32525
32571
32565
32532
32459
32417
32524
32476
32572
32430
32487
32444
32533
32520
32544
32549
32555
32402
32527
32523
32471
32473
32455
32578
32447
32562
32530
32588
32516
32601
32557
32425
32564
32469
32448
32585
32478
32536
32435
32478
32531
32544
32588
32476
32473
32450
32510
32474
32545
32534
32518
32528
32573
32358
32511
32522
32457
32443
32441
32511
32512
32460
32432
32464
32524
32578
32539
32522
32623
32496
32550
32522
32507
32413
32581
32483
32429
32481
32471
32480
32493
32574
32391
32493
32549
32451
32433
32618
32467
32548
32543
32468
32576
32450
32512
32473
32524
32607
32413
32493
32392
32494
32453
32465
32504
32563
32549
32420
32624
32466
32475
32546
32496
32557
32534
32558
32468
32590
32506
32600
32559
32460
32516
32532
32454
32467
32424
32451
32582
32466
32486
32489
32517
32461
32463
32514
32476
32508
32441
32420
32444
32496
32467
32408
32451
32522
32488
32398
32467
32424
32568
32534
32545
32474
32637
32535
32520
32544
32537
32393
32466
32530
32480
32556
32561
32523
32614
32582
32581
32542
32479
32479
32461
32504
32502
32521
32620
32523
32518
32494
32400
32640
32553
32542
32552
32495
32493
32531
32467
32393
32416
32546
32439
32536
32489
32531
32485
32542
32517
32600
32521
32507
32622
32523
32517
32560
32563
32447
32469
32465
32452
32469
32544
32558
32517
32447
32468
32489
32498
32458
32571
32490
32546
32442
32511
32507
32465
32448
32521
32525
32570
32475
32478
32446
32496
32515
32562
32443
32462
32478
32463
32530
32449
32510
32533
32317
32511
32484
32513
32486
32547
32445
32544
32567
32422
32423
32582
32545
32457
32393
32423
32438
32452
32503
32531
32592
32446
32478
32599
32560
32513
32484
32482
32496
32440
32493
32527
32472
32541
32508
32447
32494
32479
32431
32414
32502
32476
32463
32481
32412
32590
32478
32580
32484
32598
32441
32524
32452
32542
32423
32447
32438
32489
32586
32504
32465
32475
32419
32545
32541
32489
32451
32470
32474
32434
32411
32522
32483
32404
32502
32494
32425
32471
32447
32448
32447
32510
32367
32543
32415
32538
32590
32476
32486
32579
32480
32460
32531
32555
32427
32491
32420
32416
32435
32464
32505
32434
32621
32390
32538
32476
32556
32475
32432
32538
32366
32446
32451
32443
32512
32490
32558
32451
32475
32510
32500
32566
32484
32418
32595
32530
32515
32508
32524
32455
32480
32517
32410
32521
32427
32472
32508
32405
32474
32492
32481
32543
32431
32383
32412
32588
32534
32427
32397
32532
32482
32577
32473
32584
32452
32391
32444
32510
32479
32492
32561
32419
32472
32490
32518
32512
32390
32646
32531
32487
32589
32598
32440
32526
32504
32551
32482
32555
32371
32510
32593
32522
32449
32379
32488
32442
32521
32461
32438
32541
32520
32482
32442
32572
32489
32500
32405
32502
32546
32521
32504
32496
32518
32530
32499
32413
32445
32562
32542
32529
32490
32572
32573
32414
32589
32464
32515
32519
32498
32444
32441
32438
32433
32505
32456
32494
32503
32412
32572
32616
32451
32478
32428
32532
32404
32447
32512
32423
32547
32502
32434
32495
32437
32564
32545
32536
32522
32350
32507
32455
32524
32396
32456
32569
32567
32545
32444
32489
32405
32478
32593
32491
32467
32453
32337
32581
32404
32446
32502
32472
32514
32421
32533
32426
32456
32526
32394
32588
32541
32554
32505
32471
32528
32482
32504
32437
32563
32573
32525
32469
32476
32501
32479
32477
32445
32422
32382
32524
32612
32475
32512
32436
32557
32471
32558
32495
32512
32476
32433
32610
32498
32485
32482
32566
32419
32553
32523
32404
32459
32451
32478
32454
32395
32450
32541
32436
32602
32448
32438
32450
32559
32358
32496
32426
32593
32596
32467
32514
32439
32468
32485
32452
32537
32608
32460
32495
32525
32455
32473
32549
32547
32601
32423
32488
32422
32428
32517
32540
32443
32561
32448
32385
32473
32513
32517
32406
32389
32440
32457
32546
32471
32489
32460
32557
32438
32524
32620
32579
32496
32522
32474
32423
32416
32396
32487
32548
32500
32420
32552
32510
32538
32537
32462
32599
32425
32553
32447
32500
32484
32438
32431
32569
32394
32463
32352
32390
32502
32476
32459
32553
32621
32435
32497
32450
32590
32454
32544
32468
32424
32489
32526
32379
32472
32547
32456
32442
32526
32459
32587
32602
32398
32541
32378
32483
32471
32500
32492
32565
32554
32497
32628
32497
32518
32519
32510
32456
32518
32496
32544
32466
32446
32572
32402
32449
32474
32441
32500
32453
32456
32514
32345
32525
32416
32528
32486
32475
32437
32497
32565
32534
32420
32345
32365
32525
32399
32526
32468
32476
32464
32440
32322
32589
32499
32427
32577
32506
32446
32472
32532
32411
32584
32424
32445
32488
32517
32484
32418
32570
32487
32526
32465
32507
32470
32529
32582
32494
32436
32441
32494
32458
32398
32588
32570
32513
32455
32503
32492
32439
32586
32451
32398
32449
32505
32577
32452
32513
32455
32527
32438
32502
32429
32435
32512
32533
32526
32432
32561
32423
32528
32446
32418
32534
32570
32500
32537
32475
32436
32548
32504
32548
32498
32435
32479
32451
32491
32472
32612
32466
32478
32397
32463
32505
32393
32560
32594
32453
32404
32551
32527
32522
32454
32574
32560
32452
32353
32485
32341
32452
32521
32480
32530
32430
32527
32478
32464
32507
32418
32558
32432
32400
32552
32465
32378
32489
32503
32457
32440
32422
32606
32561
32555
32414
32535
32485
32450
32398
32401
32397
32491
32495
32594
32429
32525
32592
32498
32519
32593
32508
32383
32576
32480
32468
32561
32499
32446
32585
32420
32391
32459
32517
32429
32519
32465
32517
32583
32497
32439
32561
32505
32583
32426
32596
32486
32497
32427
32408
32613
32548
32426
32424
32504
32530
32533
32452
32482
32402
32538
32456
32540
32478
32521
32371
32436
32596
32432
32484
32511
32511
32580
32518
32437
32486
32420
32524
32533
32449
32590
32534
32600
32513
32594
32321
32437
32518
32438
32602
32428
32333
32463
32466
32560
32441
32444
32531
32516
32359
32471
32454
32459
32521
32372
32444
32458
32475
32509
32456
32545
32570
32559
32458
32370
32474
32580
32542
32517
32423
32572
32517
32533
32558
32559
32520
32469
32408
32406
32473
32496
32480
32462
32438
32524
32552
32502
32549
32593
32540
32585
32467
32532
32525
32525
32458
32489
32502
32539
32474
32444
32507
32629
32435
32433
32452
32397
32523
32494
32496
32553
32475
32417
32497
32498
32536
32540
32464
32445
32405
32332
32431
32390
32543
32461
32427
32496
32503
32501
32499
32568
32629
32509
32469
32501
32566
32321
32411
32539
32489
32452
32507
32505
32480
32573
32533
32453
32535
32453
32564
32526
32475
32418
32373
32382
32456
32540
32491
32396
32442
32345
32556
32582
32426
32470
32440
32441
32446
32465
32418
32411
32497
32369
32552
32416
32514
32564
32495
32535
32645
32456
32385
32509
32445
32381
32512
32416
32456
32513
32535
32408
32473
32560
32489
32585
32442
32496
32463
32497
32417
32551
32503
32551
32587
32515
32499
32324
32488
32459
32450
32420
32451
32571
32589
32427
32418
32534
32405
32358
32544
32410
32461
32470
32455
32477
32505
32411
32572
32374
32385
32382
32438
32588
32538
32474
32406
32587
32525
32620
32446
32488
32472
32598
32555
32528
32557
32559
32587
32588
32510
32490
32464
32431
32425
32557
32469
32537
32532
32525
32413
32467
32427
32565
32480
32472
32422
32499
32563
32431
32403
32483
32484
32383
32492
32398
32438
32340
32552
32406
32471
32511
32422
32426
32531
32402
32530
32425
32537
32554
32443
32487
32589
32488
32428
32589
32591
32482
32485
32542
32480
32444
32444
32537
32618
32481
32545
32369
32546
32466
32534
32550
32486
32345
32461
32422
32402
32468
32506
32577
32436
32464
32330
32433
32532
32408
32566
32492
32465
32605
32648
32472
32538
32550
32412
32438
32545
32518
32556
32507
32577
32452
32490
32403
32533
32549
32474
32555
32430
32451
32655
32602
32545
32499
32470
32462
32442
32468
32560
32510
32541
32491
32464
32476
32506
32397
32458
32440
32577
32508
32424
32457
32465
32417
32440
32559
32437
32399
32508
32474
32526
32578
32488
32551
32550
32487
32482
32501
32439
32498
32606
32556
32410
32535
32485
32439
32466
32398
32516
32446
32484
32552
32541
32493
32509
32480
32566
32526
32433
32557
32437
32427
32457
32434
32560
32478
32502
32569
32514
32422
32500
32472
32513
32440
32550
32553
32442
32468
32598
32576
32483
32459
32545
32559
32464
32421
32537
32605
32529
32398
32502
32552
32541
32369
32549
32575
32432
32536
32523
32389
32516
32461
32412
32341
32484
32376
32551
32454
32544
32455
32496
32571
32460
32466
32508
32565
32525
32421
32504
32469
32472
32445
32435
32495
32476
32534
32537
32465
32517
32544
32554
32542
32435
32472
32426
32411
32549
32530
32537
32500
32494
32487
32566
32394
32441
32458
32471
32467
32495
32488
32567
32477
32401
32482
32431
32445
32457
32447
32492
32553
32449
32399
32514
32480
32435
32469
32416
32504
32485
32432
32547
32558
32496
32570
32436
32480
32438
32465
32478
32379
32452
32393
32409
32440
32583
32528
32471
32492
32488
32556
32460
32480
32523
32420
32524
32399
32393
32508
32484
32481
32571
32497
32432
32459
32503
32449
32484
32471
32505
32552
32478
32493
32447
32434
32467
32486
32484
32560
32330
32533
32446
32434
32549
32542
32417
32482
32469
32399
32512
32595
32427
32516
32410
32508
32465
32515
32574
32438
32477
32434
32568
32445
32468
32510
32552
32444
32349
32501
32458
32508
32495
32511
32485
32549
32442
32471
32456
32310
32506
32480
32440
32479
32491
32432
32501
32415
32501
32439
32437
32471
32495
32477
32410
32475
32500
32529
32572
32579
32438
32570
32550
32370
32492
32432
32561
32481
32445
32479
32417
32456
32537
32609
32435
32499
32556
32543
32547
32564
32528
32483
32460
32450
32368
32424
32490
32402
32544
32365
32458
32517
32524
32535
32524
32549
32507
32454
32560
32606
32354
32441
32486
32582
32535
32508
32474
32597
32579
32506
32505
32519
32528
32524
32357
32499
32497
32378
32393
32536
32463
32569
32520
32564
32375
32398
32595
32565
32562
32581
32521
32578
32438
32476
32479
32529
32468
32559
32496
32524
32525
32545
32521
32590
32476
32424
32516
32444
32435
32440
32527
32526
32523
32443
32547
32544
32537
32433
32532
32516
32601
32564
32487
32453
32429
32483
32542
32516
32565
32546
32492
32503
32550
32502
32501
32514
32516
32461
32434
32517
32483
32538
32535
32601
32493
32427
32603
32579
32431
32403
32487
32474
32530
32617
32525
32445
32506
32388
32440
32521
32470
32473
32582
32479
32336
32569
32509
32510
32540
32507
32413
32544
32590
32464
32459
32506
32595
32436
32461
32418
32405
32527
32468
32610
32414
32503
32471
32445
32565
32473
32549
32487
32414
32591
32431
32571
32536
32482
32412
32478
32505
32465
32586
32507
32503
32499
32489
32429
32574
32602
32391
32453
32470
32488
32603
32509
32484
32636
32531
32457
32550
32508
32454
32461
32459
32458
32454
32418
32460
32577
32475
32440
32524
32468
32474
32450
32528
32420
32555
32589
32438
32554
32514
32494
32530
32469
32404
32433
32428
32469
32550
32461
32422
32389
32394
32434
32531
32426
32479
32548
32507
32447
32604
32446
32492
32368
32579
32497
32616
32428
32474
32420
32536
32526
32586
32479
32430
32520
32483
32578
32459
32405
32476
32445
32596
32458
32508
32593
32421
32443
32502
32585
32621
32409
32536
32437
32404
32373
32486
32443
32419
32487
32465
32445
32540
32542
32491
32452
32567
32409
32477
32491
32535
32470
32529
32488
32489
32437
32601
32562
32511
32545
32557
32395
32474
32478
32534
32406
32594
32496
32511
32593
32511
32433
32583
32433
32438
32439
32567
32469
32462
32621
32416
32528
32466
32413
32418
32345
32494
32440
32587
32564
32538
32500
32501
32599
32497
32576
32449
32554
32435
32515
32457
32545
32545
32583
32521
32454
32474
32430
32439
32452
32486
32497
32434
32426
32492
32454
32451
32586
32535
32484
32520
32490
32477
32443
32484
32385
32526
32566
32588
32462
32485
32494
32471
32445
32387
32628
32505
32437
32393
32564
32524
32415
32468
32496
32460
32472
32526
32548
32515
32417
32496
32581
32530
32518
32486
32537
32428
32402
32481
32526
32477
32356
32469
32576
32495
32588
32530
32443
32570
32507
32530
32545
32570
32504
32579
32474
32599
32407
32498
32444
32541
32430
32567
32462
32417
32603
32448
32518
32407
32510
32531
32494
32550
32565
32452
32492
32528
32409
32438
32444
32504
32533
32472
32548
32442
32435
32407
32450
32532
32508
32561
32473
32531
32536
32459
32431
32520
32521
32437
32454
32504
32486
32491
32511
32513
32560
32588
32461
32561
32625
32501
32464
32480
32454
32486
32545
32471
32527
32448
32489
32527
32434
32493
32431
32484
32463
32539
32542
32623
32555
32540
32466
32408
32378
32579
32601
32521
32413
32449
32515
32493
32469
32566
32462
32533
32538
32453
32538
32437
32560
32449
32553
32517
32454
32635
32465
32526
32521
32383
32402
32432
32368
32545
32474
32444
32592
32497
32580
32465
32565
32544
32464
32606
32498
32550
32567
32514
32554
32485
32405
32506
32462
32413
32483
32484
32498
32572
32545
32503
32590
32457
32476
32514
32432
32455
32603
32541
32494
32540
32501
32586
32487
32486
32527
32563
32522
32520
32427
32530
32550
32505
32480
32455
32477
32608
32446
32487
32447
32550
32472
32472
32493
32590
32574
32525
32569
32403
32578
32401
32472
32531
32587
32477
32440
32573
32557
32491
32529
32439
32445
32598
32473
32572
32398
32540
32432
32421
32449
32515
32464
32444
32625
32550
32469
32488
32610
32475
32422
32447
32566
32449
32503
32416
32440
32389
32534
32361
32438
32418
32562
32561
32509
32574
32514
32467
32568
32466
32495
32498
32399
32497
32441
32584
32465
32473
32561
32425
32433
32455
32454
32466
32582
32507
32557
32428
32442
32553
32426
32490
32539
32526
32491
32554
32431
32477
32550
32456
32456
32461
32494
32414
32477
32472
32552
32466
32474
32500
32610
32525
32453
32519
32447
32437
32564
32557
32428
32527
32405
32482
32578
32445
32555
32472
32461
32616
32441
32475
32545
32504
32524
32462
32442
32544
32547
32549
32456
32578
32557
32563
32422
32488
32566
32534
32497
32534
32467
32430
32557
32541
32432
32446
32408
32511
32560
32535
32563
32515
32526
32502
32609
32498
32588
32541
32529
32423
32555
32468
32477
32548
32438
32536
32507
32528
32544
32543
32432
32557
32466
32449
32399
32343
32480
32503
32477
32493
32454
32451
32444
32519
32429
32573
32441
32563
32583
32523
32516
32498
32413
32459
32550
32563
32554
32590
32551
32520
32523
32488
32588
32552
32469
32406
32483
32524
32462
32484
32534
32456
32444
32447
32457
32306
32463
32502
32579
32540
32570
32531
32508
32440
32478
32557
32487
32643
32371
32571
32461
32356
32536
32596
32444
32649
32623
32546
32412
32522
32414
32577
32505
32472
32598
32582
32433
32509
32522
32504
32467
32378
32500
32421
32615
32593
32436
32474
32469
32487
32340
32504
32549
32430
32495
32477
32470
32553
32579
32447
32384
32510
32536
32444
32544
32521
32466
32573
32454
32506
32486
32505
32526
32485
32528
32465
32484
32406
32477
32415
32522
32550
32482
32540
32599
32445
32497
32498
32472
32451
32537
32507
32486
32507
32446
32481
32414
32547
32553
32527
32390
32448
32516
32430
32537
32542
32473
32497
32470
32548
32588
32478
32463
32469
32410
32429
32604
32532
32453
32417
32494
32480
32476
32528
32531
32425
32573
32418
32528
32425
32497
32584
32384
32450
32488
32449
32551
32524
32514
32494
32498
32580
32419
32506
32482
32521
32487
32536
32462
32394
32534
32530
32577
32464
32476
32502
32558
32497
32514
32542
32544
32443
32566
32472
32475
32540
32514
32510
32569
32458
32543
32385
32544
32466
32544
32584
32457
32532
32565
32498
32373
32538
32446
32502
32455
32500
32514
32566
32410
32577
32498
32418
32496
32438
32589
32534
32488
32589
32404
32402
32531
32396
32533
32556
32511
32440
32490
32474
32479
32446
32419
32468
32312
32466
32496
32448
32467
32480
32535
32593
32562
32473
32546
32470
32539
32446
32465
32396
32405
32479
32618
32555
32526
32510
32422
32478
32570
32580
32461
32497
32528
32430
32420
32499
32466
32581
32469
32521
32477
32488
32481
32515
32551
32596
32479
32406
32504
32447
32422
32608
32497
32425
32511
32492
32464
32459
32385
32540
32598
32569
32470
32454
32476
32616
32581
32460
32490
32559
32503
32527
32522
32456
32414
32410
32469
32504
32486
32522
32428
32436
32591
32491
32476
32628
32525
32553
32497
32546
32428
32469
32561
32458
32525
32517
32446
32458
32478
32473
32507
32449
32496
32457
32454
32503
32430
32490
32514
32464
32473
32518
32481
32460
32457
32495
32493
32523
32572
32461
32462
32507
32395
32531
32419
32524
32431
32478
32434
32468
32558
32510
32491
32612
32549
32490
32490
32575
32448
32544
32423
32440
32511
32486
32557
32402
32510
32483
32561
32466
32560
32587
32388
32456
32550
32539
32565
32328
32585
32456
32505
32452
32485
32486
32399
32542
32461
32492
32546
32545
32518
32460
32397
32594
32543
32534
32595
32518
32444
32559
32600
32359
32422
32521
32431
32553
32458
32442
32414
32404
32507
32530
32375
32581
32587
32499
32507
32455
32476
32457
32538
32514
32546
32490
32481
32515
32530
32414
32481
32588
32584
32527
32497
32586
32442
32437
32470
32576
32503
32368
32562
32574
32468
32412
32446
32509
32468
32390
32449
32542
32386
32406
32552
32562
32539
32479
32446
32473
32416
32526
32472
32366
32534
32382
32410
32305
32495
32483
32418
32433
32438
32488
32494
32549
32505
32551
32603
32478
32428
32514
32564
32495
32579
32445
32394
32426
32369
32529
32441
32429
32477
32557
32572
32574
32440
32520
32536
32543
32392
32556
32510
32531
32411
32425
32414
32539
32601
32520
32466
32523
32560
32575
32408
32566
32428
32531
32461
32402
32559
32551
32459
32525
32486
32574
32473
32438
32485
32460
32475
32579
32477
32481
32337
32501
32468
32501
32577
32538
32459
32516
32566
32577
32570
32562
32420
32537
32518
32574
32491
32531
32518
32550
32549
32474
32500
32389
32443
32405
32444
32477
32397
32455
32440
32464
32509
32427
32452
32317
32477
32469
32564
32537
32503
32543
32399
32452
32506
32493
32554
32464
32595
32498
32617
32438
32541
32560
32460
32413
32432
32442
32539
32435
32572
32522
32486
32499
32527
32413
32506
32572
32532
32495
32496
32548
32384
32465
32465
32520
32610
32542
32507
32488
32502
32496
32606
32482
32513
32485
32585
32379
32390
32496
32634
32547
32439
32438
32375
32571
32476
32554
32478
32576
32443
32507
32514
32548
32485
32549
32572
32416
32429
32447
32476
32499
32504
32554
32517
32570
32487
32493
32488
32403
32444
32515
32486
32460
32376
32478
32530
32455
32500
32429
32534
32408
32532
32591
32438
32559
32516
32498
32494
32526
32560
32545
32473
32524
32523
32455
32544
32582
32577
32518
32596
32464
32521
32485
32543
32480
32550
32534
32439
32402
32584
32341
32532
32558
32462
32582
32430
32487
32636
32542
32561
32539
32555
32411
32464
32418
32449
32561
32601
32408
32608
32429
32508
32570
32526
32446
32464
32526
32482
32393
32506
32584
32467
32496
32585
32546
32573
32539
32449
32490
32555
32569
32563
32481
32438
32524
32445
32479
32400
32518
32553
32545
32458
32586
32447
32511
32443
32491
32412
32594
32466
32594
32448
32416
32454
32455
32540
32489
32432
32488
32483
32585
32606
32521
32452
32452
32496
32612
32526
32449
32475
32553
32472
32566
32497
32431
32508
32426
32575
32584
32440
32504
32410
32458
32546
32532
32560
32535
32506
32518
32465
32630
32417
32502
32467
32473
32437
32564
32455
32468
32442
32534
32484
32416
32470
32557
32517
32494
32505
32472
32535
32502
32449
32457
32560
32534
32557
32422
32484
32497
32531
32542
32434
32430
32526
32459
32450
32528
32482
32544
32493
32547
32483
32536
32551
32385
32453
32478
32540
32471
32498
32441
32479
32514
32477
32521
32523
32602
32447
32447
32508
32474
32436
32452
32491
32501
32478
32557
32459
32420
32450
32512
32454
32489
32532
32460
32543
32541
32435
32359
32534
32499
32491
32441
32510
32522
32489
32453
32560
32565
32543
32565
32514
32559
32499
32481
32418
32393
32467
32599
32510
32518
32534
32485
32469
32422
32441
32396
32530
32478
32418
32578
32511
32412
32480
32410
32488
32478
32478
32578
32475
32417
32530
32542
32539
32471
32376
32478
32492
32451
32442
32448
32487
32435
32450
32514
32514
32346
32509
32485
32416
32513
32439
32425
32544
32439
32513
32381
32515
32551
32459
32543
32573
32433
32535
32408
32439
32529
32473
32544
32560
32516
32413
32466
32477
32531
32419
32425
32602
32457
32505
32469
32574
32478
32453
32566
32438
32535
32493
32544
32473
32436
32575
32511
32552
32514
32479
32548
32530
32427
32504
32515
32529
32434
32488
32627
32391
32428
32412
32471
32592
32462
32405
32545
32509
32474
32531
32465
32506
32425
32483
32445
32445
32473
32610
32493
32463
32372
32568
32375
32558
32541
32574
32427
32417
32531
32381
32518
32482
32465
32446
32463
32439
32410
32481
32544
32477
32524
32472
32374
32510
32505
32424
32552
32617
32432
32445
32540
32484
32487
32426
32631
32554
32461
32393
32529
32507
32613
32475
32508
32547
32538
32524
32600
32386
32527
32459
32486
32478
32476
32489
32527
32526
32465
32486
32399
32503
32508
32543
32567
32502
32435
32473
32436
32537
32475
32571
32413
32482
32461
32501
32539
32523
32435
32499
32395
32434
32473
32569
32501
32494
32604
32538
32441
32390
32446
32587
32495
32384
32446
32534
32485
32414
32459
32544
32498
32403
32456
32472
32526
32494
32499
32422
32414
32404
32479
32414
32557
32421
32542
32515
32485
32409
32501
32482
32516
32480
32612
32516
32442
32466
32508
32572
32496
32444
32504
32553
32502
32528
32464
32483
32514
32384
32385
32399
32522
32462
32498
32564
32568
32482
32603
32526
32423
32491
32475
32393
32485
32405
32384
32510
32541
32477
32571
32524
32525
32446
32532
32458
32531
32521
32478
32445
32482
32462
32514
32456
32484
32465
32449
32506
32484
32584
32592
32364
32506
32556
32605
32493
32483
32484
32422
32466
32511
32535
32528
32514
32423
32417
32653
32506
32508
32477
32509
32470
32408
32468
32467
32540
32531
32464
32374
32569
32448
32549
32481
32548
32521
32480
32464
32468
32442
32497
32436
32438
32582
32542
32445
32454
32371
32493
32378
32468
32438
32490
32433
32406
32529
32503
32391
32500
32473
32460
32559
32553
32400
32532
32486
32458
32503
32424
32535
32471
32468
32506
32419
32534
32501
32501
32527
32506
32502
32441
32404
32459
32518
32454
32456
32627
32580
32591
32580
32546
32515
32461
32443
32449
32599
32520
32491
32466
32500
32482
32443
32474
32445
32586
32481
32463
32404
32456
32491
32530
32530
32377
32454
32468
32432
32445
32585
32556
32426
32551
32584
32535
32362
32378
32563
32460
32352
32480
32516
32414
32408
32404
32479
32410
32520
32458
32509
32524
32477
32460
32432
32498
32412
32451
32474
32517
32394
32556
32488
32479
32439
32402
32472
32598
32442
32495
32462
32462
32445
32457
32497
32537
32452
32440
32487
32454
32497
32559
32555
32502
32401
32517
32594
32480
32478
32548
32642
32468
32347
32664
32464
32422
32442
32532
32525
32552
32530
32455
32387
32463
32479
32431
32473
32440
32381
32510
32540
32531
32326
32493
32497
32546
32474
32445
32602
32416
32433
32433
32515
32552
32488
32380
32417
32360
32519
32444
32502
32463
32475
32477
32546
32518
32462
32374
32481
32444
32463
32543
32569
32418
32493
32461
32395
32598
32493
32450
32447
32411
32415
32399
32534
32398
32512
32475
32526
32372
32441
32534
32488
32607
32530
32468
32437
32436
32416
32480
32518
32432
32425
32591
32464
32521
32401
32524
32450
32499
32504
32498
32344
32405
32506
32459
32521
32517
32500
32618
32591
32482
32566
32504
32419
32444
32462
32543
32383
32462
32523
32514
32434
32456
32427
32374
32494
32471
32358
32470
32582
32451
32515
32417
32472
32583
32483
32458
32462
32401
32449
32444
32362
32506
32476
32525
32526
32500
32450
32513
32461
32552
32468
32517
32439
32453
32478
32427
32514
32395
32552
32417
32553
32511
32406
32496
32474
32499
32411
32579
32529
32517
32527
32453
32518
32411
32459
32497
32454
32481
32425
32443
32573
32461
32551
32503
32552
32534
32409
32439
32501
32486
32407
32479
32579
32435
32545
32430
32564
32486
32512
32495
32421
32468
32467
32434
32433
32506
32502
32585
32480
32485
32470
32583
32488
32423
32601
32511
32485
32450
32567
32526
32489
32598
32361
32495
32512
32475
32463
32522
32574
32467
32511
32418
32459
32440
32370
32458
32448
32424
32493
32397
32524
32509
32413
32490
32544
32471
32459
32449
32490
32535
32547
32570
32473
32590
32412
32425
32461
32506
32375
32540
32406
32403
32566
32490
32485
32538
32544
32590
32500
32467
32491
32531
32491
32420
32490
32531
32453
32491
32574
32468
32463
32471
32545
32499
32468
32434
32582
32418
32486
32600
32505
32461
32438
32571
32517
32468
32503
32548
32454
32490
32402
32448
32566
32461
32457
32405
32487
32419
32496
32504
32487
32431
32518
32401
32535
32353
32561
32556
32464
32479
32435
32561
32490
32517
32532
32331
32484
32432
32357
32467
32490
32527
32471
32462
32572
32545
32562
32416
32528
32286
32507
32460
32457
32549
32439
32517
32406
32461
32535
32488
32430
32450
32454
32456
32535
32594
32436
32528
32427
32501
32530
32487
32537
32578
32414
32470
32530
32571
32501
32393
32572
32574
32551
32474
32410
32492
32492
32423
32351
32436
32564
32438
32516
32541
32535
32525
32606
32490
32580
32560
32483
32474
32552
32455
32505
32445
32415
32525
32434
32540
32597
32449
32415
32503
32563
32512
32549
32511
32536
32400
32448
32535
32554
32485
32560
32607
32471
32447
32574
32469
32495
32342
32567
32497
32578
32459
32483
32460
32502
32551
32432
32554
32461
32478
32497
32484
32546
32507
32495
32468
32518
32417
32367
32419
32498
32434
32542
32464
32559
32401
32494
32544
32549
32493
32598
32369
32475
32549
32492
32575
32593
32571
32528
32491
32524
32523
32517
32550
32488
32501
32486
32607
32526
32419
32520
32553
32441
32521
32548
32439
32437
32587
32435
32451
32476
32500
32547
32467
32588
32441
32555
32528
32525
32482
32474
32452
32596
32446
32552
32484
32530
32481
32529
32466
32534
32507
32527
32435
32489
32513
32577
32568
32542
32466
32491
32529
32432
32475
32535
32493
32557
32558
32393
32489
32462
32471
32446
32331
32429
32473
32543
32480
32538
32397
32539
32518
32540
32498
32424
32423
32606
32527
32451
32526
32573
32474
32467
32590
32547
32545
32492
32489
32414
32507
32474
32522
32311
32487
32576
32484
32582
32399
32512
32524
32535
32505
32527
32597
32521
32443
32404
32512
32598
32481
32485
32562
32509
32462
32432
32442
32446
32461
32493
32473
32485
32593
32537
32437
32471
32585
32467
32535
32553
32432
32538
32499
32577
32488
32421
32435
32482
32522
32534
32396
32485
32423
32499
32522
32542
32466
32479
32504
32494
32458
32539
32523
32510
32590
32469
32339
32662
32528
32463
32500
32421
32527
32531
32437
32419
32441
32621
32463
32434
32580
32432
32608
32452
32499
32467
32526
32640
32463
32468
32494
32515
32514
32499
32487
32366
32437
32523
32507
32464
32590
32480
32490
32485
32530
32463
32483
32463
32502
32499
32510
32386
32518
32533
32473
32530
32472
32520
32482
32620
32467
32554
32506
32478
32592
32419
32510
32522
32469
32434
32477
32521
32551
32461
32429
32536
32502
32503
32530
32467
32497
32573
32444
32430
32479
32532
32476
32466
32466
32438
32499
32544
32550
32417
32494
32483
32470
32562
32386
32505
32525
32486
32448
32549
32508
32403
32553
32469
32568
32484
32537
32464
32445
32468
32472
32494
32404
32462
32469
32503
32521
32415
32489
32407
32521
32613
32453
32576
32442
32547
32533
32546
32580
32542
32534
32578
32409
32464
32563
32460
32598
32492
32464
32554
32529
32505
32534
32494
32433
32477
32549
32498
32569
32479
32586
32503
32536
32447
32476
32557
32458
32580
32480
32527
32451
32518
32515
32463
32463
32563
32524
32467
32561
32474
32412
32502
32543
32566
32460
32508
32542
32483
32537
32419
32499
32604
32406
32464
32536
32480
32400
32557
32459
32445
32569
32617
32505
32449
32420
32532
32454
32385
32547
32494
32503
32543
32405
32479
32465
32476
32487
32555
32545
32453
32393
32524
32546
32492
32478
32480
32490
32463
32499
32506
32527
32460
32461
32492
32545
32493
32470
32414
32528
32540
32550
32498
32517
32414
32439
32521
32574
32559
32554
32499
32589
32510
32419
32424
32596
32462
32448
32448
32540
32568
32401
32511
32503
32563
32537
32420
32416
32555
32538
32416
32436
32464
32480
32528
32490
32399
32432
32577
32455
32480
32458
32506
32509
32520
32514
32531
32522
32434
32401
32545
32427
32553
32391
32461
32482
32531
32576
32407
32465
32486
32568
32412
32420
32607
32486
32567
32503
32485
32498
32424
32528
32532
32470
32502
32493
32437
32432
32487
32508
32485
32569
32494
32430
32456
32544
32549
32512
32444
32569
32529
32425
32517
32479
32513
32404
32432
32419
32402
32504
32530
32497
32469
32449
32465
32478
32493
32493
32460
32503
32551
32545
32496
32528
32495
32453
32426
32463
32391
32573
32417
32428
32492
32511
32572
32453
32464
32623
32494
32478
32519
32416
32578
32535
32509
32453
32473
32502
32525
32476
32515
32590
32458
32363
32469
32500
32523
32452
32437
32458
32459
32469
32435
32466
32545
32433
32463
32585
32523
32602
32471
32407
32383
32537
32457
32439
32562
32578
32521
32529
32383
32474
32517
32485
32506
32499
32391
32550
32538
32485
32536
32456
32513
32507
32418
32432
32469
32598
32543
32414
32431
32454
32416
32463
32411
32524
32504
32436
32519
32609
32492
32485
32514
32470
32490
32468
32521
32407
32389
32457
32434
32532
32472
32610
32478
32463
32367
32576
32498
32492
32620
32500
32561
32498
32524
32501
32481
32495
32527
32512
32470
32426
32358
32488
32411
32512
32555
32520
32353
32559
32534
32531
32410
32507
32493
32490
32427
32425
32561
32365
32391
32562
32439
32451
32450
32500
32610
32435
32464
32452
32461
32474
32489
32484
32473
32534
32464
32477
32450
32519
32546
32574
32536
32471
32463
32448
32422
32567
32477
32552
32464
32531
32571
32443
32446
32349
32528
32402
32450
32522
32625
32519
32476
32419
32592
32521
32468
32521
32483
32536
32561
32486
32426
32556
32376
32532
32568
32532
32452
32567
32445
32429
32471
32417
32485
32477
32447
32420
32400
32388
32576
32452
32444
32507
32449
32506
32636
32558
32471
32460
32431
32594
32514
32522
32492
32527
32507
32435
32465
32535
32542
32558
32455
32447
32449
32572
32573
32487
32482
32577
32438
32490
32533
32420
32469
32390
32370
32460
32477
32423
32412
32565
32440
32474
32446
32540
32437
32528
32394
32475
32536
32441
32468
32373
32450
32432
32583
32500
32540
32537
32573
32485
32413
32527
32511
32506
32392
32559
32446
32503
32402
32460
32470
32550
32408
32519
32428
32507
32519
32599
32521
32475
32449
32419
32529
32442
32514
32446
32500
32529
32435
32463
32488
32475
32526
32445
32494
32412
32491
32494
32359
32550
32413
32482
32494
32494
32378
32495
32496
32505
32491
32400
32442
32518
32483
32506
32468
32525
32566
32487
32488
32574
32451
32416
32491
32481
32557
32557
32437
32497
32473
32387
32463
32470
32444
32460
32489
32469
32491
32485
32470
32564
32490
32603
32481
32455
32471
32458
32431
32484
32396
32487
32376
32457
32528
32476
32521
32502
32446
32622
32368
32501
32520
32467
32394
32519
32553
32648
32464
32462
32560
32392
32583
32534
32520
32508
32548
32524
32427
32478
32493
32532
32563
32389
32398
32535
32510
32382
32486
32558
32546
32473
32492
32525
32506
32461
32495
32380
32436
32536
32467
32509
32483
32513
32427
32532
32557
32527
32580
32457
32460
32483
32435
32448
32483
32559
32496
32520
32431
32477
32491
32457
32466
32528
32421
32468
32530
32402
32424
32374
32547
32549
32582
32425
32450
32520
32490
32478
32546
32410
32451
32440
32579
32439
32495
32424
32530
32401
32428
32425
32483
32512
32463
32566
32475
32254
32452
32495
32484
32467
32415
32516
32533
32525
32562
32405
32469
32522
32490
32369
32480
32464
32426
32549
32440
32530
32565
32491
32494
32472
32387
32500
32498
32372
32365
32493
32452
32517
32541
32461
32516
32418
32502
32598
32476
32501
32472
32413
32522
32443
32537
32442
32449
32481
32445
32470
32487
32486
32521
32482
32584
32537
32475
32532
32522
32489
32483
32469
32459
32522
32454
32555
32577
32385
32462
32492
32502
32440
32579
32444
32449
32487
32459
32526
32464
32407
32489
32475
32404
32462
32464
32506
32429
32538
32549
32399
32569
32529
32427
32530
32505
32503
32484
32462
32520
32481
32431
32452
32564
32424
32565
32535
32445
32373
32434
32522
32500
32557
32481
32549
32515
32467
32444
32383
32462
32394
32400
32505
32498
32451
32523
32423
32551
32464
32475
32487
32494
32576
32462
32546
32535
32393
32405
32464
32523
32438
32512
32575
32457
32472
32482
32467
32563
32489
32485
32455
32528
32439
32465
32401
32457
32499
32600
32566
32498
32493
32579
32400
32477
32529
32574
32513
32463
32512
32461
32488
32482
32448
32448
32533
32465
32546
32446
32536
32392
32427
32433
32341
32372
32410
32470
32328
32421
32529
32519
32430
32529
32498
32593
32567
32472
32382
32436
32495
32389
32439
32433
32567
32521
32493
32508
32447
32576
32469
32489
32607
32543
32432
32523
32498
32527
32448
32470
32494
32575
32552
32538
32500
32418
32422
32499
32493
32414
32354
32523
32407
32572
32579
32439
32469
32471
32501
32486
32529
32550
32397
32466
32411
32558
32540
32472
32331
32473
32589
32534
32491
32532
32499
32438
32439
32360
32541
32474
32510
32439
32442
32522
32498
32434
32656
32517
32484
32568
32458
32535
32426
32510
32434
32496
32452
32547
32495
32547
32550
32425
32384
32473
32510
32472
32364
32407
32601
32543
32510
32540
32495
32476
32508
32414
32558
32581
32462
32553
32331
32494
32446
32342
32574
32534
32419
32503
32493
32535
32535
32412
32464
32424
32466
32560
32489
32504
32520
32570
32570
32548
32462
32501
32418
32442
32510
32507
32528
32446
32555
32480
32508
32518
32509
32566
32529
32400
32454
32460
32496
32434
32445
32518
32447
32571
32504
32411
32514
32576
32423
32430
32610
32464
32499
32415
32459
32458
32609
32463
32439
32394
32542
32393
32572
32498
32477
32492
32478
32482
32514
32466
32468
32466
32453
32469
32488
32568
32472
32506
32502
32451
32437
32466
32480
32412
32481
32502
32467
32530
32500
32471
32440
32528
32358
32590
32575
32582
32487
32453
32575
32431
32551
32475
32490
32444
32425
32592
32450
32422
32524
32472
32443
32550
32532
32442
32469
32500
32562
32588
32493
32422
32536
32424
32506
32610
32476
32568
32498
32388
32409
32475
32513
32509
32502
32511
32575
32454
32506
32552
32584
32491
32513
32461
32582
32422
32547
32551
32570
32543
32508
32417
32552
32606
32366
32445
32497
32541
32465
32531
32482
32462
32412
32525
32468
32504
32497
32484
32552
32538
32498
32457
32596
32481
32422
32430
32559
32528
32456
32468
32534
32454
32534
32480
32478
32437
32519
32539
32540
32419
32582
32544
32474
32412
32612
32488
32395
32588
32519
32566
32580
32479
32422
32535
32578
32608
32483
32402
32414
32586
32503
32460
32522
32528
32529
32445
32539
32498
32480
32463
32537
32645
32595
32508
32529
32462
32617
32554
32454
32477
32538
32450
32466
32512
32481
32578
32536
32508
32461
32485
32552
32582
32558
32479
32308
32505
32398
32590
32446
32580
32442
32488
32560
32552
32558
32564
32579
32459
32552
32496
32508
32486
32420
32605
32399
32447
32495
32559
32537
32538
32502
32493
32576
32474
32562
32501
32602
32473
32594
32608
32539
32570
32520
32545
32414
32443
32441
32461
32549
32446
32453
32501
32505
32533
32558
32553
32434
32461
32518
32450
32412
32481
32455
32520
32525
32534
32464
32534
32442
32540
32426
32436
32471
32429
32614
32570
32460
32472
32425
32389
32468
32497
32534
32406
32428
32525
32588
32458
32516
32424
32455
32446
32585
32542
32556
32572
32478
32566
32545
32492
32537
32575
32433
32525
32516
32556
32524
32366
32364
32422
32508
32521
32621
32489
32560
32436
32375
32335
32501
32443
32413
32442
32404
32474
32420
32566
32434
32522
32427
32459
32570
32460
32554
32512
32428
32494
32537
32378
32471
32581
32421
32420
32501
32455
32394
32459
32632
32624
32529
32456
32463
32565
32418
32552
32523
32528
32496
32460
32569
32447
32414
32460
32490
32511
32486
32484
32514
32552
32535
32559
32437
32550
32460
32504
32502
32550
32474
32502
32457
32575
32505
32597
32511
32469
32536
32406
32529
32504
32575
32359
32444
32493
32496
32438
32531
32620
32420
32512
32508
32585
32440
32557
32500
32357
32469
32543
32366
32585
32494
32543
32471
32541
32516
32408
32571
32440
32420
32541
32415
32394
32531
32538
32468
32521
32438
32520
32530
32520
32543
32485
32459
32458
32498
32566
32465
32510
32510
32426
32508
32481
32480
32538
32470
32509
32434
32430
32496
32460
32512
32608
32524
32536
32392
32441
32572
32424
32537
32422
32430
32423
32547
32512
32432
32535
32421
32530
32565
32594
32518
32492
32438
32462
32505
32474
32423
32488
32568
32413
32426
32441
32480
32547
32512
32599
32574
32414
32447
32581
32485
32485
32489
32452
32512
32523
32468
32457
32527
32450
32399
32539
32501
32499
32535
32387
32578
32536
32524
32571
32563
32473
32488
32532
32513
32413
32486
32545
32471
32517
32534
32476
32503
32431
32484
32509
32596
32484
32561
32493
32401
32477
32508
32557
32532
32541
32515
32526
32380
32484
32436
32456
32516
32506
32562
32475
32518
32388
32473
32486
32521
32369
32502
32538
32446
32478
32480
32534
32567
32566
32448
32445
32387
32577
32494
32507
32448
32622
32423
32524
32581
32549
32431
32428
32458
32528
32601
32466
32462
32526
32588
32457
32569
32432
32563
32578
32492
32487
32504
32578
32453
32501
32516
32547
32432
32489
32507
32490
32508
32426
32481
32500
32454
32475
32506
32382
32560
32526
32568
32561
32474
32487
32493
32429
32579
32537
32438
32408
32427
32431
32530
32580
32545
32498
32443
32484
32522
32553
32478
32552
32559
32520
32494
32494
32431
32414
32534
32376
32588
32414
32520
32412
32528
32543
32440
32492
32518
32554
32500
32483
32420
32474
32527
32464
32416
32465
32484
32457
32577
32442
32498
32546
32544
32409
32466
32479
32496
32498
32403
32390
32501
32463
32469
32489
32411
32463
32415
32472
32600
32494
32449
32491
32463
32486
32402
32428
32556
32312
32594
32539
32521
32447
32453
32512
32401
32564
32512
32417
32453
32462
32606
32393
32568
32485
32586
32599
32412
32470
32593
32487
32480
32425
32455
32527
32552
32590
32433
32467
32492
32435
32488
32515
32395
32480
32599
32584
32534
32412
32406
32459
32486
32518
32538
32512
32521
32530
32538
32446
32442
32539
32462
32357
32448
32564
32549
32416
32529
32460
32536
32545
32429
32545
32533
32518
32459
32355
32569
32495
32565
32509
32486
32466
32569
32501
32532
32564
32477
32522
32422
32390
32570
32361
32418
32461
32581
32592
32546
32516
32426
32453
32420
32491
32522
32490
32469
32476
32484
32440
32467
32381
32500
32560
32519
32451
32425
32467
32433
32499
32511
32461
32459
32438
32477
32453
32491
32497
32594
32511
32444
32522
32470
32503
32500
32489
32457
32432
32553
32420
32495
32481
32515
32322
32500
32531
32428
32508
32500
32478
32398
32574
32603
32512
32526
32583
32577
32497
32425
32534
32546
32529
32487
32542
32575
32469
32585
32514
32447
32455
32517
32456
32521
32581
32546
32465
32635
32444
32592
32470
32595
32507
32444
32506
32553
32589
32491
32536
32475
32457
32612
32417
32582
32483
32447
32440
32506
32386
32512
32594
32566
32635
32549
32446
32494
32481
32501
32508
32526
32393
32441
32460
32451
32535
32498
32561
32499
32418
32447
32502
32521
32481
32573
32517
32569
32484
32420
32523
32502
32461
32467
32476
32547
32464
32374
32505
32416
32463
32486
32529
32479
32535
32460
32490
32594
32522
32512
32418
32532
32457
32557
32446
32566
32506
32431
32480
32526
32561
32510
32460
32551
32490
32559
32494
32538
32494
32532
32471
32626
32449
32567
32543
32484
32538
32463
32414
32618
32346
32559
32451
32486
32516
32440
32531
32426
32548
32454
32497
32490
32529
32473
32598
32656
32646
32577
32474
32547
32456
32438
32457
32619
32513
32454
32562
32566
32551
32480
32381
32485
32555
32502
32466
32427
32464
32370
32530
32495
32427
32432
32499
32596
32508
32518
32452
32431
32514
32411
32456
32493
32493
32453
32456
32583
32434
32441
32469
32490
32446
32446
32445
32487
32489
32382
32544
32606
32448
32496
32482
32508
32478
32477
32381
32470
32474
32486
32384
32537
32426
32499
32445
32539
32486
32511
32515
32555
32540
32437
32432
32425
32457
32478
32577
32479
32585
32538
32561
32474
32568
32453
32557
32552
32512
32544
32376
32496
32569
32470
32432
32551
32465
32503
32469
32446
32560
32578
32572
32513
32451
32519
32438
32556
32572
32398
32382
32524
32520
32434
32361
32413
32417
32457
32516
32435
32582
32554
32455
32481
32514
32536
32456
32410
32470
32460
32484
32538
32540
32401
32495
32406
32579
32423
32571
32370
32535
32494
32374
32561
32453
32474
32538
32414
32511
32438
32479
32484
32435
32448
32460
32514
32550
32530
32591
32446
32511
32485
32521
32511
32612
32394
32447
32477
32462
32524
32385
32478
32452
32482
32539
32569
32497
32521
32573
32497
32546
32471
32463
32411
32552
32436
32505
32460
32500
32450
32420
32455
32570
32452
32481
32444
32462
32553
32500
32456
32512
32382
32563
32525
32391
32435
32482
32503
32563
32506
32498
32414
32459
32424
32465
32340
32586
32482
32463
32461
32547
32497
32543
32506
32493
32536
32470
32342
32505
32427
32438
32472
32486
32502
32484
32535
32454
32500
32350
32429
32580
32362
32521
32443
32511
32391
32464
32394
32537
32593
32406
32546
32418
32453
32567
32584
32407
32456
32447
32532
32608
32449
32446
32484
32569
32491
32448
32545
32466
32411
32478
32547
32551
32478
32544
32484
32457
32509
32407
32448
32546
32531
32543
32359
32474
32455
32393
32508
32449
32549
32515
32472
32518
32584
32545
32476
32483
32456
32458
32512
32564
32544
32583
32592
32446
32457
32477
32465
32447
32488
32465
32493
32616
32393
32532
32366
32562
32494
32396
32455
32460
32497
32560
32483
32415
32491
32490
32526
32514
32516
32377
32526
32597
32544
32294
32524
32594
32432
32616
32451
32360
32438
32547
32456
32581
32498
32446
32380
32469
32553
32589
32412
32476
32547
32484
32425
32394
32556
32537
32435
32387
32544
32461
32534
32553
32575
32404
32504
32541
32511
32554
32504
32504
32476
32344
32450
32563
32491
32474
32484
32415
32572
32461
32492
32470
32490
32394
32462
32503
32580
32484
32572
32515
32493
32459
32526
32532
32460
32420
32484
32542
32434
32423
32420
32468
32446
32466
32535
32508
32312
32467
32382
32522
32409
32551
32546
32416
32441
32427
32488
32448
32549
32410
32495
32474
32456
32426
32488
32470
32480
32442
32383
32504
32495
32491
32479
32533
32570
32488
32495
32347
32520
32567
32351
32553
32411
32480
32531
32437
32458
32462
32558
32517
32433
32498
32452
32500
32536
32536
32473
32428
32533
32522
32506
32472
32515
32497
32479
32495
32364
32504
32433
32580
32463
32425
32551
32508
32598
32430
32449
32570
32539
32557
32484
32485
32522
32451
32500
32431
32396
32478
32528
32390
32508
32527
32533
32489
32457
32477
32515
32419
32407
32523
32427
32497
32480
32408
32583
32475
32458
32474
32423
32518
32537
32502
32459
32454
32417
32504
32522
32400
32498
32512
32426
32556
32548
32523
32458
32382
32487
32428
32474
32513
32552
32533
32456
32457
32438
32475
32456
32523
32537
32601
32469
32450
32370
32478
32491
32562
32502
32484
32598
32384
32623
32547
32485
32454
32528
32556
32551
32498
32499
32425
32494
32570
32387
32564
32587
32547
32493
32579
32582
32509
32510
32447
32592
32438
32390
32570
32392
32520
32474
32444
32483
32374
32476
32472
32515
32577
32481
32511
32366
32481
32575
32447
32452
32521
32431
32478
32517
32542
32460
32479
32472
32466
32579
32494
32559
32432
32571
32451
32498
32528
32439
32493
32374
32475
32499
32576
32520
32400
32469
32572
32449
32517
32415
32408
32452
32490
32487
32577
32604
32548
32573
32616
32506
32466
32621
32417
32349
32430
32416
32468
32539
32486
32552
32450
32504
32461
32528
32471
32498
32439
32426
32562
32460
32416
32508
32545
32370
32579
32555
32491
32410
32436
32448
32528
32578
32554
32510
32614
32530
32548
32498
32476
32455
32573
32491
32491
32528
32497
32524
32476
32393
32600
32455
32488
32485
32359
32579
32566
32443
32462
32612
32428
32561
32575
32530
32544
32453
32440
32502
32534
32492
32403
32432
32462
32494
32613
32486
32534
32491
32576
32456
32519
32511
32502
32455
32500
32540
32428
32543
32414
32408
32531
32462
32463
32487
32449
32438
32541
32433
32524
32482
32460
32478
32610
32414
32533
32505
32403
32470
32561
32440
32476
32555
32538
32418
32567
32497
32476
32371
32451
32535
32476
32534
32558
32468
32574
32502
32530
32460
32510
32358
32479
32467
32473
32489
32560
32543
32498
32491
32568
32447
32498
32458
32611
32449
32448
32366
32487
32450
32455
32523
32501
32619
32539
32513
32405
32530
32467
32551
32447
32490
32525
32613
32581
32426
32487
32463
32560
32455
32471
32518
32522
32477
32422
32558
32564
32659
32471
32484
32557
32558
32472
32462
32540
32592
32571
32490
32447
32464
32440
32523
32621
32603
32504
32370
32575
32445
32462
32561
32562
32566
32497
32501
32491
32640
32553
32571
32435
32396
32533
32590
32444
32516
32568
32557
32435
32506
32564
32521
32612
32538
32549
32622
32555
32437
32462
32478
32423
32530
32379
32474
32448
32538
32371
32593
32467
32577
32447
32523
32450
32408
32556
32449
32494
32411
32527
32459
32561
32465
32433
32476
32433
32400
32463
32450
32402
32408
32540
32464
32484
32612
32454
32551
32491
32455
32500
32519
32522
32528
32382
32526
32525
32493
32515
32424
32544
32518
32548
32571
32418
32562
32431
32451
32492
32418
32547
32453
32432
32464
32555
32528
32450
32593
32517
32462
32594
32501
32580
32527
32505
32566
32430
32553
32402
32450
32556
32483
32536
32534
32480
32483
32519
32516
32402
32540
32414
32520
32449
32569
32402
32427
32521
32521
32590
32494
32465
32448
32481
32444
32538
32542
32395
32524
32453
32454
32494
32470
32450
32522
32467
32473
32458
32494
32399
32469
32576
32439
32579
32482
32382
32440
32404
32436
32473
32522
32509
32434
32470
32537
32612
32549
32498
32483
32414
32429
32502
32519
32422
32561
32544
32444
32559
32563
32536
32407
32486
32413
32462
32569
32491
32521
32596
32505
32534
32458
32514
32454
32483
32518
32489
32448
32514
32508
32615
32466
32507
32429
32585
32543
32582
32559
32522
32499
32367
32371
32502
32582
32509
32424
32486
32622
32597
32445
32437
32512
32459
32458
32411
32429
32501
32471
32497
32515
32592
32449
32473
32595
32559
32422
32537
32455
32526
32410
32436
32518
32497
32530
32485
32503
32460
32479
32514
32573
32504
32502
32474
32561
32582
32424
32466
32522
32439
32594
32348
32506
32497
32605
32579
32526
32468
32433
32544
32408
32572
32367
32479
32507
32574
32502
32503
32386
32496
32490
32548
32435
32397
32475
32435
32450
32556
32561
32415
32513
32495
32393
32398
32386
32434
32580
32388
32538
32479
32410
32599
32538
32489
32475
32526
32551
32568
32387
32532
32444
32456
32496
32374
32545
32468
32497
32545
32386
32457
32502
32501
32454
32534
32431
32538
32393
32464
32508
32478
32567
32529
32514
32541
32505
32454
32557
32441
32458
32553
32554
32488
32558
32467
32477
32389
32480
32411
32461
32428
32380
32510
32531
32494
32572
32499
32462
32584
32490
32589
32490
32546
32617
32537
32510
32501
32626
32558
32533
32484
32524
32534
32430
32424
32548
32585
32601
32498
32546
32456
32518
32485
32547
32460
32465
32609
32574
32527
32566
32502
32470
32526
32605
32509
32447
32439
32405
32493
32392
32515
32546
32479
32517
32495
32480
32470
32524
32482
32433
32595
32535
32575
32551
32483
32431
32426
32621
32494
32529
32505
32517
32615
32550
32457
32530
32573
32366
32596
32578
32442
32543
32581
32465
32562
32474
32531
32528
32544
32525
32517
32357
32492
32528
32375
32334
32547
32477
32429
32535
32602
32451
32499
32570
32542
32419
32509
32421
32455
32567
32396
32394
32485
32461
32536
32464
32502
32475
32482
32499
32558
32574
32413
32564
32473
32435
32499
32341
32477
32526
32417
32490
32514
32473
32433
32576
32435
32515
32498
32644
32510
32520
32506
32373
32578
32492
32461
32385
32521
32463
32504
32540
32564
32560
32514
32583
32518
32478
32455
32502
32515
32523
32507
32584
32496
32557
32532
32512
32398
32534
32560
32565
32529
32545
32518
32397
32503
32615
32572
32529
32466
32449
32618
32478
32549
32544
32533
32512
32388
32512
32555
32515
32524
32590
32494
32468
32575
32448
32489
32561
32450
32419
32497
32447
32406
32556
32570
32487
32500
32443
32507
32573
32514
32539
32586
32437
32433
32438
32436
32477
32458
32451
32514
32515
32419
32468
32417
32515
32501
32477
32474
32448
32564
32570
32495
32448
32397
32467
32520
32473
32541
32551
32579
32476
32372
32530
32582
32577
32464
32446
32480
32609
32482
32381
32566
32525
32456
32475
32562
32450
32472
32545
32542
32501
32460
32422
32541
32312
32481
32529
32466
32442
32437
32576
32568
32483
32447
32390
32508
32420
32566
32538
32577
32529
32433
32444
32540
32565
32493
32486
32439
32587
32507
32478
32540
32415
32486
32600
32452
32565
32493
32511
32451
32633
32518
32575
32385
32481
32413
32466
32425
32531
32410
32545
32554
32512
32549
32413
32430
32433
32556
32631
32492
32518
32379
32526
32559
32472
32469
32473
32451
32372
32456
32427
32476
32436
32448
32413
32469
32511
32473
32475
32490
32538
32566
32366
32467
32482
32520
32459
32484
32435
32507
32505
32593
32403
32558
32454
32564
32516
32580
32510
32484
32393
32524
32510
32446
32472
32439
32409
32503
32427
32501
32435
32520
32452
32481
32589
32485
32539
32552
32580
32518
32467
32512
32526
32463
32467
32391
32519
32455
32524
32634
32566
32518
32585
32499
32485
32497
32428
32472
32529
32514
32587
32573
32523
32416
32408
32427
32431
32521
32531
32516
32504
32471
32498
32562
32434
32517
32452
32608
32474
32499
32471
32420
32509
32458
32505
32553
32469
32571
32448
32542
32500
32461
32443
32435
32485
32448
32478
32482
32463
32495
32572
32570
32462
32549
32408
32448
32329
32509
32442
32456
32442
32433
32551
32408
32470
32473
32423
32531
32492
32518
32483
32464
32534
32552
32434
32408
32551
32430
32456
32565
32534
32489
32459
32458
32437
32538
32543
32510
32476
32494
32383
32449
32461
32533
32564
32436
32422
32552
32463
32407
32420
32555
32557
32432
32389
32564
32449
32473
32491
32478
32471
32590
32489
32492
32498
32326
32503
32503
32540
32514
32484
32588
32486
32539
32428
32408
32432
32540
32509
32462
32486
32407
32554
32513
32519
32584
32488
32476
32417
32386
32521
32433
32450
32490
32452
32557
32450
32402
32419
32645
32546
32533
32431
32454
32428
32402
32317
32307
32471
32448
32577
32597
32496
32467
32533
32575
32442
32396
32511
32424
32573
32496
32444
32448
32486
32524
32500
32447
32498
32443
32577
32492
32599
32479
32556
32545
32573
32482
32538
32437
32434
32436
32523
32521
32543
32502
32590
32494
32593
32469
32384
32485
32549
32496
32523
32487
32505
32412
32562
32556
32559
32440
32507
32432
32510
32558
32432
32566
32593
32504
32510
32462
32518
32464
32567
32397
32474
32473
32414
32502
32510
32458
32392
32455
32441
32538
32487
32565
32529
32472
32480
32504
32569
32539
32471
32418
32494
32578
32530
32477
32589
32512
32465
32466
32525
32405
32455
32430
32584
32532
32449
32578
32507
32440
32585
32492
32408
32449
32496
32475
32582
32500
32534
32546
32484
32517
32550
32462
32591
32539
32456
32442
32426
32490
32455
32475
32524
32564
32528
32512
32522
32498
32487
32511
32538
32551
32544
32500
32505
32396
32468
32457
32500
32490
32423
32457
32524
32454
32422
32487
32395
32420
32459
32558
32566
32378
32414
32492
32410
32390
32468
32469
32436
32518
32497
32408
32510
32552
32640
32427
32503
32445
32516
32493
32500
32613
32596
32506
32540
32508
32482
32457
32563
32398
32563
32376
32564
32429
32540
32572
32467
32526
32461
32408
32417
32575
32419
32444
32484
32491
32443
32515
32600
32414
32539
32511
32568
32428
32521
32546
32449
32461
32432
32542
32565
32419
32435
32537
32501
32426
32423
32571
32587
32474
32537
32405
32541
32510
32627
32453
32453
32508
32479
32463
32563
32493
32429
32563
32506
32589
32452
32490
32464
32450
32425
32455
32462
32463
32519
32566
32555
32470
32509
32561
32415
32433
32472
32476
32463
32529
32438
32466
32536
32365
32464
32341
32423
32503
32383
32377
32443
32616
32410
32396
32481
32510
32523
32477
32453
32437
32509
32456
32382
32561
32514
32517
32472
32405
32474
32530
32420
32435
32460
32466
32449
32520
32563
32468
32540
32477
32404
32475
32402
32522
32462
32515
32413
32568
32617
32449
32401
32499
32477
32520
32516
32593
32604
32462
32445
32441
32541
32503
32587
32434
32389
32457
32535
32467
32436
32567
32527
32445
32461
32618
32574
32425
32440
32531
32571
32463
32604
32560
32420
32426
32494
32558
32584
32517
32558
32509
32466
32446
32619
32538
32467
32565
32406
32470
32411
32574
32511
32545
32576
32502
32498
32482
32519
32446
32494
32541
32452
32506
32422
32601
32455
32413
32483
32550
32542
32391
32580
32466
32557
32356
32495
32548
32423
32451
32494
32559
32534
32484
32400
32513
32506
32574
32485
32374
32508
32575
32573
32589
32516
32532
32471
32522
32506
32564
32479
32439
32341
32434
32483
32580
32394
32563
32549
32434
32525
32516
32558
32412
32487
32401
32552
32456
32512
32607
32497
32494
32432
32547
32457
32478
32462
32576
32463
32475
32484
32459
32488
32501
32548
32475
32563
32544
32452
32493
32474
32567
32501
32512
32566
32576
32478
32505
32551
32499
32521
32475
32508
32575
32459
32569
32543
32392
32498
32499
32554
32577
32444
32448
32390
32433
32567
32446
32483
32511
32606
32416
32504
32521
32430
32461
32427
32490
32485
32582
32435
32388
32390
32453
32516
32508
32509
32487
32506
32579
32583
32474
32513
32505
32520
32454
32504
32443
32440
32479
32539
32437
32445
32416
32590
32510
32432
32462
32600
32522
32472
32478
32511
32476
32386
32510
32538
32530
32546
32538
32443
32486
32480
32575
32518
32458
32505
32421
32423
32441
32594
32505
32588
32489
32550
32561
32592
32362
32541
32479
32529
32486
32624
32545
32395
32539
32488
32365
32515
32540
32413
32562
32451
32457
32426
32589
32438
32582
32553
32377
32479
32516
32458
32537
32515
32544
32534
32540
32514
32536
32498
32482
32459
32438
32414
32353
32441
32528
32497
32544
32406
32533
32529
32446
32453
32565
32528
32426
32465
32397
32614
32501
32536
32420
32509
32549
32524
32496
32505
32415
32369
32442
32401
32537
32549
32418
32592
32424
32516
32519
32463
32505
32444
32501
32538
32481
32505
32463
32503
32485
32466
32458
32589
32535
32537
32497
32532
32530
32476
32418
32460
32523
32502
32569
32424
32475
32593
32523
32501
32621
32490
32553
32420
32418
32390
32504
32504
32523
32502
32584
32359
32396
32464
32494
32401
32485
32534
32465
32568
32494
32451
32497
32485
32481
32469
32540
32402
32454
32472
32527
32471
32522
32474
32465
32449
32548
32430
32510
32494
32514
32592
32454
32569
32404
32474
32520
32570
32536
32556
32517
32450
32441
32470
32627
32608
32494
32405
32450
32523
32549
32453
32443
32542
32561
32456
32505
32495
32503
32568
32538
32453
32450
32523
32445
32594
32502
32414
32553
32514
32478
32501
32474
32474
32474
32474
32474
32474
32474
32474
32474
32474
32474
32474
32474
32474
32474
32474
32474
32474
32474
32474
32474
32474
32474
32474
32474
32474
