9884
32484
32568
32516
32667
32518
32452
32441
32489
32484
32585
32482
32491
32449
32511
32613
32591
32480
32518
32495
32469
32434
32442
32476
32576
32481
32434
32381
32472
32395
32455
32439
32490
32506
32520
32487
32482
32449
32469
32530
32512
32516
32531
32526
32444
32424
32559
32560
32344
32529
32421
32432
32420
32487
32432
32486
32419
32526
32602
32429
32442
32477
32477
32570
32491
32470
32502
32412
32579
32447
32532
32460
32465
32535
32534
32400
32565
32601
32547
32479
32440
32488
32455
32482
32538
32365
32440
32557
32593
32456
32556
32587
32488
32395
32503
32430
32451
32526
32588
32538
32353
32554
32528
32465
32435
32445
32459
32435
32464
32423
32545
32544
32406
32507
32447
32564
32535
32473
32509
32456
32448
32544
32443
32486
32456
32574
32391
32393
32483
32550
32592
32564
32469
32387
32566
32454
32479
32561
32559
32492
32500
32479
32494
32452
32430
32486
32433
32487
32464
32464
32508
32477
32519
32380
32430
32479
32620
32610
32529
32514
32547
32564
32473
32433
32589
32558
32521
32410
32536
32424
32526
32495
32638
32555
32405
32610
32536
32522
32533
32568
32608
32398
32453
32581
32522
32443
32434
32466
32481
32509
32419
32488
32546
32599
32435
32486
32448
32497
32479
32417
32487
32521
32527
32583
32403
32509
32464
32430
32457
32450
32449
32348
32508
32452
32422
32602
32419
32486
32512
32533
32529
32454
32487
32489
32448
32534
32608
32445
32498
32529
32560
32432
32533
32550
32466
32516
32578
32592
32571
32527
32601
32444
32461
32443
32338
32347
32435
32470
32445
32436
32534
32480
32523
32479
32410
32567
32461
32431
32518
32516
32431
32488
32458
32469
32409
32473
32435
32436
32434
32372
32457
32416
32586
32523
32516
32480
32560
32601
32545
32439
32486
32574
32502
32561
32468
32599
32436
32501
32522
32588
32403
32495
32454
32532
32562
32450
32544
32529
32576
32496
32493
32501
32515
32476
32553
32490
32582
32546
32399
32505
32485
32578
32409
32506
32474
32543
32456
32414
32562
32611
32486
32534
32454
32435
32451
32458
32445
32396
32458
32538
32501
32461
32468
32506
32387
32528
32546
32529
32424
32589
32453
32541
32558
32423
32620
32443
32418
32420
32577
32552
32552
32440
32447
32541
32479
32607
32536
32515
32460
32455
32482
32534
32543
32476
32535
32564
32456
32538
32437
32497
32526
32611
32477
32521
32554
32494
32468
32522
32501
32514
32517
32419
32548
32505
32454
32568
32542
32455
32476
32435
32435
32461
32543
32433
32533
32420
32469
32530
32458
32397
32569
32441
32468
32437
32518
32516
32483
32518
32302
32545
32419
32445
32504
32474
32447
32444
32523
32436
32571
32473
32474
32512
32474
32370
32553
32502
32482
32520
32537
32489
32586
32573
32503
32519
32414
32515
32512
32471
32448
32552
32467
32422
32489
32485
32478
32526
32483
32454
32492
32551
32515
32607
32591
32505
32496
32395
32492
32478
32482
32505
32450
32529
32486
32483
32510
32516
32462
32451
32496
32456
32461
32594
32584
32470
32489
32410
32418
32552
32576
32462
32576
32524
32532
32474
32478
32494
32460
32515
32513
32534
32598
32537
32514
32454
32410
32498
32556
32472
32453
32515
32471
32506
32337
32517
32394
32519
32439
32530
32443
32524
32410
32456
32572
32526
32592
32458
32599
32543
32604
32509
32397
32471
32571
32463
32617
32450
32507
32444
32383
32474
32553
32649
32524
32513
32536
32519
32524
32557
32551
32371
32368
32614
32573
32517
32585
32397
32512
32554
32404
32456
32470
32487
32537
32510
32588
32515
32608
32518
32380
32488
32483
32413
32485
32451
32499
32520
32574
32415
32448
32474
32536
32541
32506
32486
32366
32567
32505
32534
32544
32477
32587
32525
32470
32481
32414
32523
32470
32657
32586
32461
32498
32493
32403
32595
32485
32448
32499
32542
32374
32573
32483
32475
32509
32455
32522
32463
32426
32436
32529
32501
32561
32470
32536
32363
32530
32364
32620
32421
32442
32575
32399
32516
32549
32516
32439
32534
32411
32574
32474
32486
32531
32575
32467
32440
32632
32506
32595
32552
32532
32484
32518
32469
32534
32468
32434
32557
32544
32438
32538
32552
32475
32454
32472
32585
32340
32439
32501
32549
32507
32538
32496
32434
32458
32433
32544
32544
32394
32472
32600
32474
32425
32502
32530
32550
32530
32510
32442
32474
32524
32492
32454
32582
32541
32417
32450
32484
32386
32459
32475
32532
32631
32451
32459
32538
32445
32441
32467
32480
32383
32488
32596
32467
32475
32418
32523
32424
32499
32502
32496
32451
32545
32471
32538
32550
32582
32491
32518
32457
32514
32490
32444
32482
32500
32480
32555
32603
32539
32480
32585
32452
32436
32494
32523
32429
32476
32571
32551
32498
32562
32448
32616
32413
32468
32492
32475
32378
32466
32396
32522
32431
32590
32484
32506
32448
32438
32654
32506
32509
32496
32450
32517
32560
32560
32353
32469
32488
32543
32341
32473
32512
32557
32446
32483
32490
32486
32456
32536
32533
32555
32436
32466
32500
32483
32454
32502
32452
32535
32576
32389
32570
32445
32399
32458
32472
32404
32438
32555
32422
32346
32508
32432
32487
32477
32482
32494
32490
32448
32421
32571
32513
32617
32463
32370
32340
32505
32522
32454
32453
32587
32453
32488
32554
32492
32484
32438
32603
32564
32493
32494
32550
32537
32446
32528
32499
32471
32480
32422
32492
32411
32422
32450
32488
32456
32576
32426
32511
32445
32467
32454
32411
32429
32535
32538
32577
32418
32502
32516
32522
32498
32339
32564
32495
32463
32503
32504
32496
32495
32383
32384
32449
32459
32477
32500
32452
32458
32565
32534
32497
32535
32505
32536
32413
32473
32491
32530
32516
32469
32499
32423
32581
32444
32554
32454
32453
32582
32457
32580
32512
32441
32440
32566
32524
32506
32517
32376
32510
32487
32505
32496
32504
32478
32478
32441
32438
32545
32494
32530
32525
32464
32627
32411
32546
32504
32502
32293
32479
32490
32520
32474
32566
32530
32625
32546
32535
32522
32587
32437
32467
32503
32455
32409
32437
32493
32537
32552
32437
32420
32530
32548
32376
32474
32551
32458
32397
32519
32540
32559
32537
32518
32557
32482
32520
32441
32431
32589
32531
32467
32586
32616
32446
32475
32463
32563
32515
32515
32450
32539
32444
32460
32423
32638
32475
32472
32523
32532
32508
32544
32394
32635
32440
32561
32562
32457
32464
32396
32551
32519
32535
32515
32633
32452
32554
32559
32426
32422
32425
32473
32567
32449
32506
32510
32510
32417
32577
32484
32423
32473
32487
32527
32525
32491
32470
32527
32563
32560
32572
32495
32526
32450
32436
32460
32387
32444
32380
32544
32310
32497
32530
32498
32585
32462
32646
32466
32544
32427
32566
32371
32339
32427
32470
32466
32525
32547
32607
32437
32518
32433
32533
32489
32450
32466
32547
32496
32469
32594
32526
32547
32604
32558
32459
32585
32539
32502
32452
32486
32573
32524
32397
32477
32591
32507
32419
32406
32488
32354
32562
32540
32438
32456
32585
32527
32423
32494
32446
32455
32391
32512
32493
32577
32502
32307
32524
32435
32567
32563
32405
32517
32499
32581
32555
32461
32510
32446
32510
32491
32345
32580
32451
32404
32552
32432
32424
32494
32600
32462
32493
32598
32423
32447
32453
32458
32342
32442
32553
32425
32539
32431
32639
32455
32543
32458
32376
32549
32482
32493
32469
32512
32578
32455
32473
32504
32424
32555
32389
32432
32497
32419
32403
32413
32396
32498
32596
32490
32419
32473
32539
32407
32611
32472
32373
32612
32458
32576
32392
32529
32545
32355
32571
32423
32502
32511
32383
32532
32486
32538
32518
32509
32592
32543
32445
32503
32560
32436
32453
32532
32423
32513
32473
32578
32457
32402
32450
32507
32648
32528
32398
32501
32465
32496
32514
32448
32536
32522
32564
32493
32451
32538
32470
32572
32600
32501
32494
32403
32564
32501
32380
32443
32486
32404
32522
32458
32469
32448
32407
32587
32491
32484
32507
32471
32600
32566
32561
32470
32446
32538
32479
32425
32502
32537
32505
32499
32448
32412
32482
32462
32398
32459
32371
32465
32606
32500
32525
32475
32590
32442
32485
32368
32572
32523
32570
32560
32455
32423
32514
32485
32464
32497
32474
32541
32367
32516
32461
32446
32510
32567
32567
32436
32559
32453
32412
32407
32582
32454
32459
32504
32479
32452
32444
32481
32440
32477
32369
32510
32559
32418
32459
32518
32457
32480
32469
32421
32455
32530
32570
32463
32518
32548
32558
32495
32495
32463
32526
32456
32502
32570
32533
32536
32479
32408
32523
32405
32512
32521
32558
32459
32612
32541
32536
32486
32515
32556
32451
32554
32425
32472
32404
32517
32420
32569
32364
32590
32461
32500
32476
32419
32480
32514
32619
32418
32544
32494
32543
32477
32543
32432
32435
32520
32598
32486
32576
32529
32561
32579
32515
32553
32560
32508
32485
32619
32576
32449
32550
32353
32397
32611
32420
32547
32446
32486
32468
32483
32534
32407
32443
32535
32514
32573
32495
32525
32562
32505
32343
32505
32632
32474
32525
32536
32539
32451
32433
32393
32572
32448
32585
32408
32507
32434
32531
32496
32519
32471
32518
32596
32507
32443
32440
32526
32458
32544
32512
32437
32451
32444
32476
32440
32559
32513
32541
32535
32510
32558
32401
32566
32421
32525
32473
32439
32511
32431
32548
32477
32566
32531
32425
32488
32560
32451
32527
32446
32469
32459
32455
32485
32561
32498
32411
32479
32467
32443
32448
32482
32497
32488
32439
32483
32428
32414
32539
32420
32509
32487
32488
32383
32500
32604
32444
32414
32490
32452
32454
32461
32554
32476
32544
32432
32477
32419
32376
32486
32500
32495
32484
32489
32455
32471
32399
32446
32430
32539
32426
32554
32457
32374
32384
32542
32490
32406
32402
32571
32553
32557
32445
32512
32578
32436
32386
32459
32437
32510
32509
32469
32554
32592
32530
32568
32509
32529
32388
32490
32432
32538
32486
32475
32552
32432
32448
32524
32488
32497
32458
32540
32458
32419
32531
32458
32530
32421
32605
32458
32481
32525
32477
32549
32454
32471
32493
32491
32527
32416
32495
32502
32426
32525
32481
32442
32561
32596
32482
32483
32589
32486
32596
32501
32476
32327
32475
32495
32469
32531
32507
32447
32442
32425
32481
32569
32561
32531
32427
32590
32538
32474
32477
32372
32497
32475
32552
32486
32532
32510
32483
32637
32544
32607
32499
32392
32435
32432
32504
32458
32524
32463
32469
32538
32566
32526
32446
32502
32508
32457
32427
32543
32578
32451
32523
32563
32454
32501
32479
32518
32438
32454
32509
32403
32539
32383
32526
32495
32402
32506
32409
32464
32485
32556
32454
32456
32593
32384
32521
32501
32510
32508
32442
32451
32524
32469
32462
32618
32453
32465
32552
32476
32491
32455
32470
32537
32359
32584
32620
32474
32468
32415
32543
32543
32447
32498
32531
32474
32576
32568
32559
32429
32563
32471
32538
32430
32554
32487
32429
32498
32477
32467
32508
32608
32557
32490
32538
32449
32668
32527
32367
32562
32539
32546
32564
32453
32536
32523
32448
32444
32556
32439
32401
32455
32580
32502
32435
32456
32567
32592
32354
32509
32501
32541
32418
32506
32465
32545
32419
32482
32584
32422
32454
32467
32547
32595
32467
32516
32473
32554
32525
32429
32594
32530
32534
32506
32527
32517
32399
32510
32542
32505
32513
32434
32606
32429
32461
32524
32488
32456
32440
32469
32468
32469
32491
32559
32428
32451
32455
32507
32471
32530
32403
32489
32542
32464
32479
32541
32512
32556
32495
32494
32570
32419
32409
32539
32383
32544
32524
32520
32533
32423
32446
32474
32478
32501
32389
32467
32486
32562
32514
32566
32506
32502
32429
32556
32574
32513
32502
32428
32471
32490
32440
32531
32537
32479
32422
32532
32469
32511
32448
32600
32478
32450
32581
32396
32468
32521
32535
32554
32407
32382
32463
32566
32478
32470
32498
32564
32448
32465
32462
32484
32500
32502
32432
32593
32442
32614
32453
32485
32577
32571
32537
32580
32445
32443
32451
32524
32540
32533
32590
32381
32517
32463
32531
32489
32469
32514
32602
32449
32548
32525
32408
32483
32412
32413
32472
32518
32482
32458
32473
32538
32519
32567
32417
32494
32409
32520
32543
32477
32520
32507
32603
32536
32551
32587
32513
32461
32566
32466
32583
32539
32498
32528
32592
32500
32517
32485
32485
32466
32487
32538
32485
32559
32498
32486
32479
32482
32445
32519
32562
32421
32521
32433
32501
32528
32370
32539
32444
32560
32487
32513
32519
32470
32528
32506
32447
32469
32482
32485
32554
32502
32509
32363
32572
32392
32483
32475
32453
32474
32484
32552
32533
32550
32474
32547
32389
32472
32496
32442
32506
32538
32527
32449
32436
32480
32571
32445
32585
32451
32363
32493
32579
32537
32544
32515
32534
32447
32439
32472
32552
32458
32434
32519
32477
32492
32458
32490
32507
32480
32574
32480
32540
32524
32542
32593
32495
32602
32545
32407
32506
32551
32429
32529
32510
32571
32512
32509
32437
32512
32517
32473
32488
32526
32504
32477
32523
32442
32474
32448
32390
32576
32524
32439
32508
32382
32544
32445
32547
32534
32625
32510
32380
32457
32500
32487
32490
32483
32566
32341
32496
32462
32498
32562
32431
32500
32599
32413
32489
32441
32418
32373
32464
32494
32555
32567
32432
32474
32457
32453
32484
32511
32491
32381
32481
32448
32554
32482
32574
32495
32475
32437
32469
32578
32469
32500
32396
32477
32550
32524
32397
32547
32584
32485
32526
32491
32538
32478
32484
32490
32466
32456
32492
32426
32619
32568
32520
32565
32489
32442
32531
32497
32453
32510
32497
32439
32443
32568
32429
32360
32526
32546
32429
32456
32410
32468
32622
32492
32505
32509
32550
32504
32492
32608
32586
32452
32473
32550
32512
32480
32515
32524
32515
32408
32409
32482
32480
32306
32497
32542
32478
32430
32465
32460
32388
32550
32540
32482
32420
32523
32474
32484
32408
32577
32454
32504
32519
32561
32413
32540
32614
32528
32397
32513
32388
32479
32465
32491
32623
32425
32510
32475
32474
32506
32527
32578
32541
32507
32528
32422
32408
32520
32463
32468
32557
32504
32565
32605
32462
32545
32515
32435
32605
32513
32488
32365
32511
32556
32368
32540
32546
32449
32403
32560
32424
32390
32504
32487
32480
32484
32432
32409
32502
32523
32495
32606
32439
32437
32429
32442
32448
32565
32498
32551
32574
32483
32489
32472
32535
32471
32474
32481
32384
32444
32499
32580
32592
32619
32478
32436
32506
32470
32512
32524
32425
32547
32409
32439
32467
32437
32544
32459
32434
32507
32412
32549
32381
32470
32495
32500
32539
32512
32471
32547
32442
32439
32448
32412
32485
32465
32328
32574
32513
32526
32537
32464
32489
32604
32521
32351
32589
32560
32469
32531
32506
32537
32614
32559
32578
32599
32506
32419
32522
32481
32487
32420
32445
32579
32537
32499
32434
32508
32492
32459
32428
32433
32437
32592
32453
32486
32572
32427
32454
32585
32515
32546
32527
32590
32519
32565
32525
32469
32483
32566
32504
32584
32574
32456
32607
32491
32447
32603
32540
32565
32526
32456
32583
32565
32548
32391
32408
32516
32506
32489
32403
32361
32462
32473
32573
32417
32359
32563
32500
32502
32412
32482
32454
32433
32549
32447
32530
32353
32539
32628
32520
32503
32564
32540
32520
32456
32447
32435
32426
32370
32457
32492
32538
32409
32522
32417
32448
32605
32414
32534
32561
32537
32518
32575
32541
32494
32487
32471
32452
32388
32482
32507
32470
32409
32539
32493
32376
32540
32525
32474
32555
32468
32447
32569
32487
32428
32478
32481
32393
32548
32433
32566
32511
32492
32463
32501
32445
32502
32530
32457
32498
32559
32462
32532
32443
32481
32519
32491
32667
32512
32551
32521
32461
32529
32438
32423
32524
32608
32470
32544
32532
32534
32448
32474
32525
32531
32449
32476
32571
32466
32466
32457
32473
32483
32432
32501
32448
32488
32526
32473
32552
32447
32561
32575
32487
32464
32563
32433
32419
32426
32463
32512
32523
32441
32474
32470
32477
32505
32472
32410
32529
32454
32459
32593
32376
32594
32504
32478
32394
32557
32581
32364
32449
32489
32367
32430
32465
32506
32514
32630
32498
32471
32471
32610
32480
32542
32403
32583
32604
32521
32400
32525
32497
32582
32465
32310
32527
32549
32582
32523
32470
32419
32474
32492
32428
32554
32425
32424
32468
32567
32573
32510
32380
32628
32466
32455
32608
32562
32609
32541
32426
32599
32486
32392
32453
32428
32430
32630
32512
32454
32465
32445
32401
32456
32488
32556
32556
32498
32471
32488
32430
32459
32453
32504
32408
32599
32490
32477
32487
32512
32517
32523
32493
32484
32525
32609
32424
32574
32555
32487
32458
32478
32462
32493
32489
32454
32554
32501
32429
32512
32418
32400
32609
32580
32496
32513
32455
32473
32420
32612
32466
32486
32595
32578
32534
32632
32625
32566
32584
32524
32562
32475
32472
32426
32514
32463
32532
32476
32578
32529
32511
32486
32446
32504
32473
32343
32561
32488
32594
32419
32501
32470
32490
32497
32447
32410
32583
32505
32491
32490
32546
32436
32511
32561
32516
32400
32506
32440
32330
32462
32584
32529
32530
32432
32576
32466
32573
32460
32506
32458
32537
32350
32576
32488
32497
32469
32514
32550
32361
32430
32545
32556
32418
32514
32519
32426
32446
32574
32479
32512
32526
32527
32574
32441
32456
32525
32497
32416
32431
32532
32465
32513
32492
32422
32474
32563
32346
32492
32535
32610
32552
32445
32418
32518
32626
32449
32514
32535
32571
32541
32420
32489
32429
32526
32563
32456
32552
32617
32534
32465
32416
32537
32578
32434
32673
32474
32570
32586
32599
32452
32591
32442
32510
32632
32540
32572
32589
32503
32533
32523
32585
32554
32556
32435
32418
32450
32624
32463
32529
32475
32559
32574
32497
32503
32473
32553
32459
32373
32450
32392
32503
32503
32435
32466
32565
32551
32468
32555
32421
32509
32436
32480
32479
32347
32492
32542
32552
32398
32433
32440
32586
32528
32453
32543
32498
32581
32506
32427
32465
32547
32569
32496
32427
32493
32352
32488
32543
32462
32464
32595
32410
32597
32466
32555
32520
32546
32490
32536
32432
32565
32550
32506
32601
32533
32606
32439
32569
32537
32472
32569
32467
32606
32509
32428
32460
32627
32410
32461
32571
32395
32482
32441
32617
32471
32551
32435
32568
32494
32542
32528
32592
32506
32573
32562
32526
32472
32548
32487
32511
32591
32472
32460
32511
32505
32516
32581
32431
32489
32505
32419
32498
32532
32474
32339
32514
32582
32549
32554
32539
32444
32421
32494
32518
32342
32429
32583
32541
32568
32398
32436
32507
32460
32542
32557
32459
32522
32506
32408
32512
32500
32480
32483
32611
32506
32384
32494
32469
32451
32436
32468
32445
32506
32563
32496
32429
32474
32476
32436
32532
32527
32477
32551
32540
32472
32501
32585
32451
32520
32487
32550
32539
32536
32515
32510
32533
32554
32439
32479
32535
32467
32578
32547
32542
32588
32427
32424
32503
32451
32421
32545
32394
32545
32511
32479
32575
32478
32455
32436
32554
32556
32425
32434
32423
32520
32509
32454
32601
32434
32498
32581
32526
32542
32591
32417
32452
32438
32480
32372
32466
32548
32415
32508
32559
32561
32452
32377
32468
32519
32420
32552
32510
32455
32555
32549
32545
32518
32519
32466
32480
32587
32541
32418
32553
32484
32602
32466
32621
32417
32512
32568
32465
32511
32497
32534
32518
32546
32591
32541
32597
32468
32436
32489
32522
32544
32461
32480
32531
32451
32539
32518
32483
32439
32481
32517
32494
32471
32532
32504
32485
32594
32431
32516
32492
32409
32515
32538
32454
32472
32513
32509
32489
32583
32487
32446
32598
32558
32470
32477
32498
32574
32467
32488
32545
32492
32517
32602
32465
32562
32518
32432
32466
32598
32528
32413
32436
32537
32451
32449
32453
32543
32495
32452
32385
32591
32533
32447
32565
32410
32518
32595
32417
32517
32406
32482
32548
32592
32629
32532
32497
32487
32533
32431
32622
32487
32469
32478
32433
32558
32615
32519
32584
32571
32519
32410
32435
32386
32488
32535
32550
32526
32488
32405
32494
32549
32437
32429
32438
32525
32549
32515
32468
32454
32589
32499
32429
32510
32505
32375
32479
32452
32568
32562
32442
32445
32588
32440
32547
32510
32541
32524
32482
32616
32452
32500
32529
32516
32536
32558
32583
32572
32566
32564
32534
32498
32410
32475
32531
32431
32462
32506
32562
32472
32491
32506
32477
32495
32453
32437
32461
32522
32445
32449
32571
32467
32506
32424
32472
32474
32639
32471
32590
32535
32428
32592
32491
32505
32584
32544
32624
32487
32515
32479
32512
32505
32416
32445
32431
32475
32448
32369
32486
32541
32389
32593
32570
32410
32553
32472
32462
32496
32568
32503
32487
32481
32572
32469
32588
32488
32461
32474
32562
32505
32416
32425
32508
32465
32580
32563
32441
32570
32566
32515
32510
32522
32607
32372
32449
32480
32438
32429
32414
32485
32473
32514
32524
32442
32500
32542
32538
32470
32580
32446
32629
32578
32487
32525
32489
32600
32413
32490
32497
32495
32469
32365
32509
32459
32419
32501
32515
32539
32568
32615
32522
32558
32414
32550
32504
32568
32532
32426
32399
32425
32552
32435
32551
32573
32544
32425
32613
32544
32541
32491
32448
32509
32497
32408
32468
32502
32464
32595
32495
32533
32488
32434
32556
32612
32601
32436
32513
32518
32382
32577
32520
32401
32416
32452
32456
32472
32487
32508
32529
32528
32484
32529
32565
32449
32394
32467
32451
32383
32500
32501
32430
32489
32432
32472
32400
32449
32431
32505
32498
32602
32528
32418
32655
32413
32641
32561
32432
32524
32621
32482
32465
32474
32517
32505
32572
32526
32475
32411
32476
32495
32533
32518
32483
32526
32450
32589
32455
32649
32532
32470
32520
32510
32592
32485
32488
32507
32572
32394
32464
32553
32425
32461
32440
32522
32450
32498
32516
32537
32531
32435
32498
32561
32486
32438
32469
32483
32439
32462
32491
32437
32550
32554
32556
32559
32452
32542
32521
32399
32522
32423
32425
32550
32443
32494
32478
32450
32503
32524
32624
32563
32371
32531
32547
32526
32534
32564
32478
32566
32549
32625
32550
32478
32434
32514
32510
32555
32506
32449
32532
32403
32440
32554
32499
32380
32492
32436
32551
32515
32562
32612
32549
32554
32425
32561
32437
32630
32514
32509
32553
32485
32531
32409
32490
32518
32489
32531
32573
32515
32513
32467
32584
32485
32526
32492
32515
32571
32488
32498
32484
32462
32429
32529
32464
32404
32618
32464
32459
32516
32579
32520
32538
32503
32495
32494
32551
32498
32578
32476
32508
32436
32519
32553
32497
32530
32499
32457
32364
32481
32413
32458
32451
32534
32418
32530
32505
32436
32566
32571
32480
32463
32567
32418
32511
32494
32483
32546
32480
32535
32434
32489
32507
32488
32478
32529
32523
32486
32568
32579
32402
32571
32419
32482
32503
32612
32618
32568
32581
32476
32488
32552
32466
32432
32416
32480
32481
32464
32575
32585
32567
32524
32516
32390
32484
32447
32608
32596
32512
32462
32560
32525
32581
32492
32431
32488
32447
32529
32360
32485
32602
32486
32426
32596
32550
32428
32486
32502
32485
32472
32467
32445
32581
32439
32490
32504
32591
32477
32512
32623
32575
32459
32427
32498
32435
32566
32517
32578
32387
32665
32504
32455
32642
32436
32571
32509
32421
32476
32440
32563
32446
32558
32508
32558
32506
32479
32597
32464
32446
32595
32556
32623
32491
32442
32482
32414
32569
32583
32457
32614
32524
32561
32440
32435
32452
32537
32435
32496
32466
32388
32561
32494
32380
32544
32532
32460
32491
32439
32471
32412
32562
32530
32450
32466
32388
32486
32578
32439
32578
32454
32536
32457
32562
32495
32607
32549
32454
32524
32471
32548
32465
32486
32525
32512
32544
32537
32570
32521
32528
32541
32483
32495
32424
32542
32487
32513
32499
32446
32523
32490
32609
32560
32470
32533
32400
32502
32560
32494
32511
32574
32522
32502
32492
32544
32430
32517
32531
32490
32522
32486
32423
32483
32530
32470
32531
32438
32461
32574
32530
32522
32359
32437
32425
32464
32403
32421
32554
32488
32407
32401
32484
32426
32538
32540
32584
32476
32442
32512
32525
32569
32487
32445
32441
32530
32420
32485
32523
32451
32473
32408
32516
32459
32420
32468
32562
32594
32387
32492
32454
32521
32334
32419
32520
32531
32472
32565
32395
32486
32611
32502
32470
32417
32373
32546
32451
32453
32565
32536
32455
32441
32518
32388
32548
32514
32462
32438
32532
32534
32441
32475
32556
32386
32434
32411
32431
32493
32478
32472
32542
32438
32516
32468
32362
32452
32365
32430
32472
32632
32514
32415
32446
32561
32523
32454
32562
32396
32546
32543
32460
32515
32433
32437
32507
32539
32585
32434
32534
32538
32618
32496
32511
32483
32542
32498
32498
32568
32444
32513
32494
32550
32507
32488
32463
32528
32456
32472
32508
32521
32527
32525
32400
32511
32503
32565
32485
32485
32515
32457
32529
32384
32450
32589
32569
32593
32514
32436
32459
32543
32511
32505
32431
32492
32465
32553
32516
32590
32449
32528
32494
32479
32451
32449
32490
32480
32548
32524
32544
32486
32555
32556
32492
32432
32420
32567
32618
32462
32416
32517
32482
32527
32453
32551
32476
32582
32543
32408
32468
32476
32548
32552
32389
32558
32538
32526
32473
32580
32547
32494
32440
32425
32421
32568
32520
32521
32523
32537
32496
32475
32589
32449
32510
32524
32532
32406
32484
32414
32568
32473
32564
32576
32571
32566
32546
32456
32598
32495
32529
32463
32513
32555
32430
32612
32513
32475
32522
32470
32499
32475
32532
32538
32499
32464
32457
32506
32455
32576
32564
32558
32548
32533
32493
32516
32456
32632
32490
32584
32583
32472
32434
32569
32453
32523
32461
32502
32538
32574
32477
32565
32605
32511
32619
32418
32562
32460
32382
32493
32581
32433
32488
32420
32487
32386
32462
32423
32584
32508
32531
32484
32397
32515
32493
32567
32588
32475
32397
32633
32565
32517
32535
32551
32443
32340
32529
32486
32531
32491
32478
32512
32394
32574
32465
32467
32549
32539
32391
32464
32586
32490
32432
32550
32503
32429
32437
32531
32475
32521
32430
32404
32418
32558
32442
32422
32391
32573
32531
32464
32420
32532
32537
32467
32554
32445
32502
32458
32594
32637
32583
32490
32509
32569
32439
32550
32514
32465
32524
32603
32566
32452
32502
32476
32440
32438
32489
32514
32655
32475
32515
32415
32491
32500
32621
32502
32458
32579
32467
32568
32454
32608
32458
32522
32415
32466
32480
32549
32484
32550
32554
32457
32447
32465
32365
32540
32533
32408
32494
32475
32457
32490
32489
32551
32569
32476
32505
32486
32533
32549
32499
32544
32445
32521
32466
32520
32486
32567
32449
32585
32517
32512
32366
32572
32483
32436
32584
32453
32476
32526
32542
32478
32475
32530
32497
32501
32459
32558
32494
32489
32532
32588
32455
32537
32443
32538
32567
32470
32513
32502
32464
32557
32501
32593
32495
32578
32482
32486
32563
32574
32478
32478
32416
32499
32512
32617
32543
32334
32535
32524
32404
32575
32575
32395
32562
32393
32470
32455
32548
32422
32547
32404
32489
32474
32532
32453
32484
32550
32380
32553
32511
32539
32522
32499
32525
32533
32529
32429
32362
32541
32514
32455
32440
32482
32508
32524
32465
32572
32451
32433
32462
32518
32493
32513
32565
32435
32463
32599
32465
32333
32413
32510
32523
32448
32528
32609
32498
32565
32445
32560
32407
32473
32439
32495
32464
32457
32454
32453
32516
32498
32450
32501
32473
32520
32465
32445
32427
32420
32517
32538
32562
32442
32353
32469
32489
32540
32545
32591
32501
32420
32433
32514
32514
32544
32479
32434
32392
32409
32444
32418
32611
32520
32416
32480
32589
32481
32506
32483
32542
32584
32609
32485
32472
32457
32595
32624
32553
32481
32594
32477
32469
32477
32416
32476
32494
32470
32443
32568
32591
32430
32474
32543
32498
32562
32487
32512
32620
32444
32425
32528
32543
32459
32475
32437
32458
32520
32480
32424
32510
32459
32595
32447
32424
32450
32494
32485
32575
32378
32438
32446
32610
32450
32586
32493
32487
32566
32404
32580
32543
32519
32452
32567
32554
32480
32439
32474
32499
32462
32613
32559
32478
32504
32490
32427
32565
32473
32505
32466
32470
32421
32523
32448
32411
32469
32436
32538
32473
32451
32424
32604
32516
32562
32569
32439
32439
32561
32451
32488
32520
32525
32496
32413
32514
32515
32373
32584
32443
32468
32393
32400
32438
32554
32519
32659
32457
32443
32539
32555
32515
32487
32491
32533
32490
32500
32546
32424
32642
32511
32488
32431
32470
32452
32350
32538
32448
32421
32499
32521
32460
32511
32583
32444
32572
32512
32527
32454
32461
32417
32347
32416
32424
32498
32391
32486
32518
32393
32438
32608
32458
32512
32478
32454
32529
32457
32520
32469
32452
32469
32561
32486
32422
32613
32584
32444
32486
32502
32452
32458
32511
32365
32418
32500
32522
32549
32361
32632
32459
32563
32530
32469
32594
32429
32520
32439
32547
32480
32658
32526
32468
32479
32446
32524
32481
32409
32428
32475
32436
32542
32406
32454
32456
32449
32462
32418
32500
32468
32546
32508
32522
32483
32531
32597
32570
32489
32434
32520
32449
32544
32565
32522
32478
32491
32494
32420
32516
32523
32479
32556
32537
32473
32471
32454
32596
32531
32410
32469
32403
32523
32522
32599
32522
32483
32555
32458
32585
32540
32521
32520
32470
32526
32402
32450
32517
32506
32513
32442
32492
32387
32400
32469
32519
32475
32540
32500
32585
32572
32488
32527
32595
32396
32477
32527
32415
32512
32463
32542
32477
32506
32483
32469
32509
32503
32539
32464
32601
32408
32465
32532
32391
32538
32399
32532
32402
32489
32529
32573
32447
32533
32412
32414
32476
32483
32432
32449
32546
32510
32600
32460
32455
32537
32490
32505
32346
32581
32444
32547
32467
32505
32459
32381
32569
32523
32576
32539
32488
32431
32592
32403
32429
32429
32485
32488
32513
32424
32447
32520
32444
32459
32425
32607
32437
32534
32412
32442
32573
32563
32606
32501
32426
32436
32430
32438
32587
32429
32483
32547
32566
32450
32484
32580
32506
32474
32502
32544
32587
32590
32531
32560
32451
32454
32450
32594
32547
32496
32528
32502
32554
32553
32459
32390
32512
32516
32475
32437
32520
32556
32395
32599
32448
32599
32500
32512
32626
32462
32477
32542
32488
32542
32501
32452
32374
32493
32473
32484
32522
32447
32559
32479
32458
32452
32465
32603
32559
32556
32412
32531
32549
32498
32536
32573
32583
32473
32393
32446
32517
32549
32484
32519
32527
32525
32482
32456
32476
32545
32505
32568
32562
32454
32528
32400
32550
32474
32571
32442
32575
32508
32460
32550
32565
32518
32558
32521
32461
32473
32424
32405
32501
32565
32530
32519
32461
32533
32482
32539
32535
32400
32407
32441
32506
32590
32525
32497
32589
32546
32465
32504
32491
32501
32509
32448
32448
32548
32468
32570
32431
32469
32496
32506
32571
32470
32446
32516
32472
32501
32461
32455
32546
32579
32549
32508
32538
32576
32598
32540
32589
32555
32602
32463
32566
32476
32459
32517
32566
32457
32457
32553
32416
32470
32419
32464
32473
32507
32598
32447
32525
32398
32467
32470
32483
32499
32518
32548
32392
32438
32382
32627
32498
32469
32370
32615
32492
32563
32612
32537
32498
32479
32395
32528
32435
32556
32465
32463
32588
32613
32556
32548
32562
32451
32537
32604
32586
32433
32542
32510
32437
32511
32546
32619
32442
32606
32564
32475
32426
32438
32548
32485
32558
32472
32543
32493
32556
32558
32553
32498
32421
32540
32469
32437
32485
32585
32545
32518
32463
32572
32580
32447
32433
32487
32477
32476
32581
32654
32545
32565
32513
32528
32522
32472
32491
32526
32450
32541
32490
32542
32534
32426
32524
32468
32454
32476
32540
32473
32537
32575
32471
32480
32502
32532
32402
32447
32476
32516
32456
32591
32575
32523
32521
32570
32492
32546
32427
32574
32464
32516
32503
32558
32592
32504
32478
32456
32561
32468
32450
32534
32604
32466
32588
32638
32520
32470
32430
32493
32528
32486
32517
32534
32483
32400
32487
32467
32530
32607
32513
32516
32590
32450
32513
32579
32408
32578
32485
32535
32408
32485
32483
32514
32499
32461
32566
32570
32469
32429
32484
32427
32541
32473
32501
32482
32369
32401
32495
32489
32455
32505
32465
32535
32465
32654
32514
32528
32435
32543
32557
32560
32556
32536
32489
32443
32593
32514
32579
32413
32392
32357
32458
32468
32390
32466
32554
32561
32512
32504
32412
32538
32473
32500
32506
32501
32518
32477
32483
32530
32474
32456
32580
32486
32538
32576
32580
32500
32589
32524
32545
32531
32569
32544
32339
32555
32550
32496
32512
32505
32513
32587
32469
32510
32581
32489
32538
32571
32540
32577
32529
32574
32467
32522
32544
32595
32536
32513
32422
32578
32540
32436
32561
32546
32512
32448
32457
32462
32586
32458
32386
32515
32423
32431
32431
32449
32458
32434
32513
32529
32539
32545
32366
32511
32529
32548
32566
32402
32438
32487
32436
32462
32507
32480
32605
32519
32542
32539
32531
32563
32533
32463
32558
32428
32502
32574
32398
32521
32539
32442
32518
32602
32467
32464
32505
32440
32486
32558
32373
32499
32507
32498
32493
32445
32438
32629
32546
32484
32457
32498
32561
32480
32531
32415
32528
32387
32537
32470
32485
32505
32440
32465
32572
32540
32579
32545
32410
32480
32484
32413
32525
32465
32440
32447
32482
32445
32499
32448
32482
32418
32502
32564
32406
32388
32555
32406
32481
32553
32527
32570
32562
32553
32527
32494
32503
32529
32468
32526
32519
32494
32505
32463
32408
32472
32570
32454
32412
32548
32473
32464
32530
32588
32462
32450
32589
32473
32499
32447
32445
32525
32478
32427
32462
32584
32401
32514
32400
32375
32398
32441
32547
32548
32425
32580
32550
32453
32466
32447
32401
32559
32395
32497
32521
32533
32543
32543
32370
32520
32510
32530
32550
32478
32522
32580
32573
32604
32469
32500
32406
32474
32512
32461
32522
32527
32485
32554
32549
32480
32444
32479
32560
32523
32457
32546
32564
32510
32475
32332
32502
32525
32463
32520
32509
32494
32483
32546
32491
32537
32472
32459
32491
32505
32661
32544
32446
32485
32503
32598
32471
32465
32492
32502
32528
32496
32494
32470
32559
32500
32397
32492
32436
32446
32472
32470
32415
32450
32448
32435
32474
32547
32425
32561
32485
32528
32450
32523
32501
32520
32425
32571
32487
32639
32412
32541
32459
32539
32454
32435
32536
32453
32520
32603
32466
32466
32477
32492
32579
32498
32476
32416
32522
32593
32534
32576
32593
32480
32462
32562
32458
32419
32517
32523
32505
32528
32572
32520
32438
32451
32540
32539
32527
32568
32535
32396
32510
32467
32467
32510
32536
32573
32530
32585
32470
32384
32454
32569
32584
32482
32500
32624
32414
32541
32406
32570
32450
32504
32562
32504
32453
32438
32473
32386
32510
32395
32501
32538
32578
32388
32467
32436
32576
32458
32394
32450
32508
32460
32516
32540
32526
32512
32460
32384
32462
32516
32593
32459
32481
32384
32559
32517
32550
32515
32559
32407
32476
32529
32548
32565
32471
32452
32468
32517
32491
32451
32470
32501
32521
32543
32539
32553
32425
32497
32440
32575
32413
32463
32493
32428
32464
32481
32500
32486
32439
32496
32459
32520
32598
32552
32581
32481
32507
32576
32592
32374
32543
32589
32536
32464
32419
32474
32488
32531
32421
32452
32492
32477
32582
32545
32497
32482
32545
32556
32430
32569
32465
32519
32483
32451
32478
32531
32551
32500
32497
32496
32530
32498
32516
32530
32419
32522
32459
32492
32512
32451
32447
32516
32471
32489
32558
32494
32441
32456
32523
32539
32425
32519
32389
32477
32592
32528
32432
32501
32606
32541
32494
32517
32519
32417
32418
32365
32565
32518
32482
32589
32556
32558
32546
32453
32430
32557
32446
32484
32570
32453
32588
32462
32651
32529
32466
32551
32531
32400
32513
32584
32447
32410
32422
32518
32475
32425
32627
32618
32475
32584
32551
32435
32521
32549
32494
32452
32548
32500
32506
32569
32424
32563
32547
32438
32473
32612
32448
32558
32429
32533
32534
32446
32577
32393
32580
32546
32392
32426
32447
32582
32442
32512
32457
32405
32585
32534
32538
32548
32516
32529
32574
32471
32578
32544
32419
32552
32422
32373
32479
32490
32456
32545
32574
32469
32514
32447
32524
32470
32475
32417
32457
32492
32407
32544
32597
32404
32559
32454
32526
32490
32542
32527
32480
32593
32446
32415
32557
32594
32504
32605
32440
32533
32535
32529
32546
32408
32470
32536
32444
32409
32572
32492
32522
32538
32407
32446
32465
32498
32433
32441
32541
32502
32438
32439
32435
32490
32545
32487
32447
32457
32510
32498
32528
32553
32529
32459
32564
32481
32484
32453
32603
32515
32356
32514
32522
32490
32477
32528
32483
32594
32550
32388
32461
32458
32362
32533
32423
32496
32578
32433
32523
32445
32533
32474
32531
32485
32486
32421
32586
32427
32508
32476
32501
32431
32533
32435
32466
32422
32409
32508
32461
32600
32513
32496
32568
32562
32420
32451
32549
32502
32524
32392
32463
32500
32508
32559
32480
32463
32543
32436
32549
32486
32423
32607
32469
32488
32495
32483
32431
32557
32501
32548
32542
32551
32500
32575
32427
32546
32484
32509
32417
32530
32536
32520
32453
32478
32474
32522
32598
32523
32558
32452
32570
32512
32450
32556
32541
32543
32610
32404
32542
32510
32421
32563
32543
32433
32514
32524
32518
32451
32492
32604
32477
32488
32606
32532
32473
32538
32432
32427
32437
32550
32558
32500
32390
32454
32481
32483
32435
32374
32543
32431
32465
32459
32490
32422
32568
32503
32529
32403
32507
32591
32479
32406
32547
32442
32433
32431
32577
32455
32443
32493
32501
32496
32540
32448
32534
32449
32505
32482
32450
32396
32534
32555
32495
32514
32560
32421
32587
32587
32567
32548
32570
32452
32478
32502
32560
32564
32571
32474
32574
32489
32606
32456
32553
32503
32465
32440
32490
32589
32389
32568
32482
32444
32590
32454
32511
32420
32502
32572
32618
32496
32627
32499
32539
32594
32517
32431
32539
32513
32520
32569
32528
32453
32493
32459
32432
32465
32406
32451
32484
32551
32514
32464
32424
32472
32620
32641
32595
32471
32445
32465
32519
32448
32474
32531
32512
32506
32601
32514
32417
32392
32548
32522
32448
32424
32579
32501
32396
32471
32516
32522
32418
32553
32473
32443
32509
32474
32587
32471
32416
32508
32593
32426
32408
32494
32405
32429
32471
32571
32609
32445
32511
32534
32432
32553
32446
32508
32533
32412
32475
32459
32503
32533
32358
32533
32524
32526
32466
32372
32511
32438
32423
32516
32571
32482
32508
32418
32504
32438
32424
32515
32440
32528
32403
32555
32497
32548
32436
32441
32482
32461
32400
32395
32425
32530
32501
32492
32599
32475
32402
32447
32493
32626
32490
32477
32544
32465
32417
32391
32481
32546
32501
32553
32478
32532
32525
32520
32425
32409
32519
32387
32576
32526
32554
32488
32488
32538
32574
32510
32502
32561
32467
32569
32568
32362
32535
32534
32557
32494
32458
32576
32506
32506
32489
32490
32563
32567
32377
32485
32535
32556
32472
32458
32492
32459
32484
32596
32442
32583
32452
32543
32438
32528
32590
32489
32428
32536
32377
32394
32384
32540
32489
32488
32442
32440
32614
32466
32467
32470
32536
32385
32475
32624
32478
32563
32448
32509
32538
32547
32465
32398
32455
32470
32570
32415
32596
32517
32423
32468
32496
32545
32545
32558
32544
32410
32408
32483
32517
32546
32449
32484
32573
32506
32486
32556
32497
32578
32546
32555
32470
32405
32457
32424
32505
32493
32481
32524
32405
32480
32448
32507
32482
32550
32495
32492
32508
32524
32480
32521
32515
32468
32461
32403
32437
32402
32505
32475
32561
32476
32483
32518
32544
32555
32455
32443
32539
32409
32464
32513
32511
32549
32461
32489
32467
32578
32489
32594
32412
32576
32540
32521
32522
32485
32483
32489
32554
32494
32454
32568
32467
32572
32548
32530
32547
32475
32402
32520
32503
32490
32408
32532
32430
32488
32547
32524
32651
32564
32481
32485
32575
32447
32390
32456
32527
32587
32499
32553
32407
32486
32593
32606
32541
32495
32492
32560
32508
32472
32442
32527
32452
32517
32441
32583
32496
32552
32530
32482
32442
32559
32556
32644
32597
32494
32541
32501
32478
32513
32489
32382
32547
32636
32562
32471
32490
32531
32515
32371
32459
32456
32410
32504
32517
32568
32569
32491
32559
32560
32464
32597
32524
32463
32434
32502
32590
32615
32469
32585
32493
32504
32493
32486
32615
32418
32497
32519
32478
32556
32435
32493
32591
32524
32542
32573
32513
32483
32522
32496
32410
32543
32435
32475
32487
32516
32469
32436
32628
32453
32597
32483
32566
32449
32572
32469
32467
32493
32464
32437
32510
32470
32523
32568
32566
32539
32512
32477
32469
32442
32550
32498
32542
32499
32498
32613
32524
32487
32413
32480
32416
32477
32483
32492
32482
32364
32585
32625
32572
32426
32500
32456
32417
32470
32558
32458
32480
32479
32535
32511
32587
32458
32576
32458
32455
32434
32598
32517
32559
32514
32499
32446
32499
32505
32612
32513
32466
32471
32595
32399
32599
32564
32446
32503
32462
32486
32573
32475
32593
32506
32450
32471
32567
32516
32575
32408
32677
32462
32460
32490
32537
32547
32487
32509
32507
32551
32465
32496
32514
32572
32534
32483
32515
32570
32529
32580
32590
32544
32470
32459
32434
32574
32489
32468
32427
32502
32492
32506
32477
32504
32585
32467
32493
32499
32570
32486
32498
32544
32578
32508
32522
32502
32498
32484
32497
32572
32519
32519
32524
32643
32397
32404
32435
32454
32387
32533
32466
32604
32568
32533
32568
32453
32594
32610
32451
32598
32485
32596
32437
32519
32544
32486
32598
32575
32496
32631
32397
32474
32478
32601
32433
32395
32438
32527
32528
32503
32467
32585
32555
32412
32517
32484
32507
32514
32432
32436
32372
32574
32543
32556
32553
32461
32484
32540
32449
32495
32536
32471
32627
32501
32454
32452
32549
32510
32615
32515
32397
32531
32507
32509
32547
32532
32569
32523
32439
32493
32510
32487
32456
32524
32488
32575
32554
32350
32504
32455
32522
32550
32453
32576
32456
32432
32493
32585
32534
32486
32469
32481
32439
32497
32497
32457
32503
32442
32398
32532
32521
32368
32673
32571
32488
32544
32476
32433
32612
32445
32488
32492
32526
32479
32532
32552
32484
32561
32520
32479
32491
32553
32385
32474
32473
32518
32536
32503
32508
32524
32512
32497
32522
32586
32535
32561
32473
32512
32413
32550
32531
32559
32504
32498
32500
32475
32545
32502
32554
32492
32458
32587
32522
32556
32446
32561
32436
32547
32443
32521
32581
32490
32470
32550
32552
32623
32446
32532
32586
32474
32495
32450
32473
32533
32469
32505
32460
32502
32452
32454
32628
32523
32517
32463
32443
32508
32522
32512
32583
32474
32496
32504
32538
32471
32465
32437
32488
32558
32487
32576
32566
32544
32490
32463
32479
32507
32478
32373
32430
32602
32651
32422
32458
32522
32491
32603
32441
32550
32581
32498
32521
32572
32576
32554
32501
32520
32523
32473
32565
32462
32470
32567
32396
32430
32492
32368
32585
32459
32530
32590
32609
32570
32523
32609
32514
32539
32580
32462
32600
32434
32545
32537
32595
32398
32427
32506
32447
32484
32411
32579
32469
32532
32427
32500
32463
32529
32533
32577
32458
32538
32561
32556
32526
32429
32538
32424
32540
32542
32583
32471
32566
32432
32522
32482
32466
32513
32521
32537
32488
32462
32571
32450
32513
32448
32505
32450
32425
32568
32477
32544
32550
32419
32507
32563
32541
32503
32516
32520
32391
32533
32450
32370
32563
32595
32532
32456
32412
32449
32470
32548
32527
32539
32451
32508
32492
32495
32473
32517
32595
32478
32514
32656
32543
32496
32440
32542
32551
32471
32460
32444
32597
32475
32636
32572
32526
32456
32484
32437
32521
32458
32559
32652
32463
32521
32578
32505
32439
32551
32618
32475
32402
32437
32569
32539
32461
32473
32550
32514
32516
32497
32443
32488
32600
32466
32542
32434
32524
32549
32536
32414
32563
32482
32513
32463
32471
32410
32481
32537
32584
32508
32531
32508
32541
32516
32498
32431
32569
32566
32494
32531
32448
32549
32593
32579
32561
32463
32537
32543
32480
32542
32516
32582
32390
32469
32499
32450
32468
32454
32557
32547
32530
32456
32437
32448
32531
32427
32578
32505
32478
32400
32473
32398
32532
32599
32532
32447
32450
32431
32432
32655
32521
32491
32427
32537
32575
32464
32520
32445
32426
32422
32423
32546
32591
32368
32540
32437
32504
32514
32404
32472
32534
32536
32508
32440
32485
32479
32482
32607
32387
32528
32421
32487
32532
32612
32408
32463
32533
32508
32399
32589
32419
32442
32486
32510
32573
32500
32513
32591
32448
32534
32462
32434
32517
32464
32505
32516
32583
32434
32445
32491
32585
32434
32620
32581
32537
32550
32529
32494
32438
32494
32474
32436
32538
32617
32538
32500
32451
32391
32454
32602
32533
32542
32457
32488
32541
32603
32433
32528
32604
32564
32490
32516
32470
32552
32484
32558
32470
32491
32584
32582
32464
32515
32453
32420
32575
32468
32501
32436
32487
32481
32502
32509
32421
32483
32567
32471
32560
32466
32459
32436
32472
32503
32521
32442
32506
32535
32459
32479
32427
32533
32529
32571
32449
32412
32412
32457
32382
32564
32499
32470
32377
32547
32512
32476
32467
32466
32556
32454
32402
32565
32440
32446
32525
32550
32580
32569
32525
32372
32420
32468
32467
32467
32526
32507
32457
32433
32430
32446
32536
32547
32518
32472
32476
32533
32544
32422
32532
32586
32577
32461
32447
32491
32466
32478
32457
32475
32519
32500
32528
32573
32522
32554
32566
32606
32529
32568
32508
32440
32472
32541
32516
32429
32548
32481
32547
32612
32491
32502
32511
32512
32470
32453
32486
32530
32402
32468
32496
32514
32593
32476
32479
32489
32564
32446
32463
32520
32357
32513
32459
32494
32453
32562
32459
32484
32563
32521
32498
32477
32598
32573
32478
32531
32493
32509
32592
32551
32577
32502
32413
32385
32589
32460
32479
32495
32460
32498
32498
32448
32474
32517
32479
32496
32447
32630
32542
32531
32534
32427
32490
32535
32536
32540
32529
32462
32586
32503
32523
32505
32481
32555
32551
32395
32482
32601
32457
32497
32519
32635
32457
32425
32489
32455
32588
32518
32623
32488
32489
32600
32377
32506
32471
32525
32448
32530
32466
32425
32540
32496
32465
32481
32494
32528
32498
32497
32528
32601
32496
32509
32488
32534
32562
32533
32463
32561
32512
32545
32550
32496
32514
32614
32398
32449
32533
32504
32574
32551
32480
32439
32518
32543
32574
32490
32453
32459
32373
32563
32493
32516
32403
32649
32496
32493
32442
32576
32566
32382
32532
32380
32436
32424
32480
32483
32414
32552
32522
32484
32378
32555
32499
32554
32530
32520
32562
32508
32409
32513
32523
32572
32510
32516
32577
32651
32504
32521
32518
32572
32552
32570
32461
32461
32539
32489
32490
32497
32593
32479
32468
32593
32492
32497
32490
32577
32375
32521
32460
32490
32538
32439
32599
32502
32556
32478
32451
32541
32471
32433
32498
32568
32406
32533
32556
32511
32448
32580
32579
32409
32473
32457
32482
32482
32430
32412
32621
32375
32554
32595
32511
32478
32557
32547
32547
32471
32505
32442
32395
32516
32518
32610
32555
32639
32453
32497
32494
32457
32626
32631
32557
32573
32418
32320
32549
32541
32539
32573
32468
32569
32456
32472
32517
32468
32580
32480
32507
32548
32515
32516
32495
32474
32505
32629
32455
32515
32509
32524
32522
32450
32533
32458
32470
32523
32475
32461
32462
32601
32396
32458
32606
32500
32522
32537
32509
32521
32454
32485
32420
32556
32455
32608
32509
32505
32594
32514
32579
32515
32399
32514
32494
32594
32522
32463
32527
32490
32551
32418
32528
32478
32508
32501
32520
32540
32548
32508
32434
32642
32474
32542
32430
32552
32418
32511
32444
32467
32549
32414
32431
32573
32482
32457
32590
32542
32465
32495
32444
32508
32477
32433
32508
32392
32413
32537
32541
32546
32602
32447
32535
32496
32565
32544
32606
32571
32469
32532
32589
32531
32526
32600
32544
32448
32539
32421
32586
32663
32468
32479
32516
32516
32514
32466
32588
32583
32410
32451
32572
32614
32465
32465
32564
32465
32365
32502
32436
32477
32448
32382
32496
32376
32518
32596
32536
32655
32518
32399
32485
32544
32578
32446
32433
32517
32418
32415
32502
32552
32484
32489
32592
32423
32546
32486
32544
32472
32594
32435
32454
32452
32472
32470
32536
32469
32553
32450
32491
32438
32517
32623
32532
32601
32467
32447
32639
32467
32559
32554
32417
32390
32479
32512
32420
32538
32525
32536
32617
32505
32609
32502
32545
32434
32601
32569
32504
32412
32422
32468
32454
32469
32456
32457
32397
32447
32437
32574
32589
32516
32408
32527
32409
32456
32450
32549
32456
32534
32468
32428
32589
32490
32514
32468
32607
32569
32502
32550
32615
32485
32595
32444
32531
32411
32529
32418
32404
32500
32458
32468
32371
32510
32490
32462
32452
32412
32498
32568
32535
32488
32436
32493
32622
32442
32449
32486
32563
32512
32476
32511
32443
32490
32533
32580
32584
32553
32515
32454
32396
32569
32499
32587
32521
32513
32532
32493
32437
32484
32616
32498
32454
32514
32484
32483
32537
32521
32557
32539
32500
32423
32513
32571
32447
32538
32428
32461
32492
32443
32437
32537
32527
32364
32428
32367
32479
32403
32450
32612
32441
32528
32414
32587
32570
32466
32491
32518
32488
32555
32429
32533
32519
32572
32441
32560
32559
32411
32560
32515
32489
32458
32510
32437
32530
32585
32429
32600
32570
32474
32482
32611
32513
32549
32477
32570
32565
32494
32476
32493
32577
32510
32573
32497
32432
32423
32630
32562
32456
32588
32502
32485
32329
32483
32451
32450
32545
32540
32476
32505
32543
32592
32457
32550
32512
32554
32476
32570
32568
32552
32544
32542
32553
32511
32543
32531
32513
32518
32479
32626
32531
32548
32512
32369
32461
32486
32487
32555
32505
32499
32457
32474
32536
32477
32433
32418
32535
32535
32519
32634
32433
32455
32386
32496
32496
32422
32464
32409
32492
32578
32538
32492
32414
32494
32500
32559
32453
32512
32561
32436
32467
32485
32515
32476
32478
32364
32451
32500
32443
32517
32464
32534
32453
32497
32506
32513
32519
32555
32502
32426
32520
32464
32458
32422
32562
32397
32567
32511
32495
32556
32502
32487
32508
32412
32496
32571
32569
32575
32494
32570
32498
32451
32540
32552
32517
32587
32407
32447
32486
32595
32473
32440
32472
32490
32446
32540
32569
32582
32585
32466
32591
32495
32433
32451
32574
32534
32495
32598
32414
32421
32516
32573
32479
32542
32556
32607
32406
32405
32567
32547
32474
32521
32566
32441
32510
32415
32460
32476
32493
32571
32574
32478
32545
32503
32447
32512
32521
32478
32428
32390
32411
32512
32567
32534
32492
32543
32425
32596
32601
32469
32425
32450
32502
32429
32476
32444
32530
32551
32503
32475
32597
32605
32485
32523
32463
32490
32495
32536
32481
32475
32541
32581
32520
32431
32423
32545
32537
32518
32544
32505
32508
32415
32568
32489
32355
32514
32489
32485
32448
32594
32485
32521
32469
32458
32536
32469
32453
32423
32527
32446
32622
32436
32446
32508
32470
32515
32567
32560
32424
32498
32562
32546
32482
32524
32516
32434
32542
32631
32542
32630
32495
32495
32482
32428
32555
32373
32595
32628
32402
32469
32472
32501
32554
32456
32482
32438
32560
32547
32472
32422
32471
32541
32525
32502
32594
32511
32492
32384
32505
32547
32501
32625
32516
32459
32492
32618
32481
32571
32487
32487
32528
32590
32509
32470
32554
32470
32437
32572
32488
32419
32511
32557
32540
32471
32473
32574
32554
32444
32546
32472
32470
32564
32496
32516
32526
32503
32474
32515
32400
32464
32590
32492
32504
32506
32466
32586
32585
32454
32541
32499
32539
32548
32525
32552
32473
32543
32483
32533
32468
32503
32495
32602
32519
32435
32618
32450
32544
32496
32504
32473
32477
32530
32640
32590
32551
32412
32457
32543
32493
32475
32550
32628
32512
32425
32552
32461
32637
32499
32503
32440
32542
32540
32385
32504
32447
32589
32436
32458
32384
32523
32545
32531
32470
32592
32508
32436
32524
32442
32569
32580
32575
32466
32547
32471
32563
32557
32539
32406
32552
32428
32608
32526
32483
32599
32460
32580
32556
32545
32575
32609
32460
32475
32480
32509
32484
32402
32462
32455
32391
32470
32489
32516
32476
32579
32574
32483
32453
32523
32636
32498
32551
32381
32523
32499
32556
32558
32557
32507
32483
32494
32540
32491
32418
32553
32533
32542
32522
32533
32504
32484
32519
32515
32423
32467
32558
32542
32455
32497
32529
32525
32630
32530
32507
32527
32572
32537
32525
32487
32500
32552
32541
32494
32458
32598
32575
32420
32608
32435
32539
32644
32517
32513
32540
32581
32547
32532
32437
32527
32479
32505
32448
32467
32609
32542
32553
32409
32526
32550
32423
32486
32447
32494
32571
32489
32413
32560
32512
32594
32569
32518
32598
32532
32473
32520
32596
32536
32586
32423
32510
32628
32419
32511
32496
32504
32378
32548
32487
32519
32494
32550
32501
32578
32475
32492
32403
32492
32624
32450
32621
32509
32474
32490
32612
32595
32538
32497
32583
32428
32490
32422
32404
32460
32483
32493
32428
32606
32476
32526
32461
32491
32488
32461
32579
32603
32555
32547
32441
32508
32547
32536
32603
32385
32570
32510
32418
32565
32470
32366
32555
32597
32514
32511
32505
32474
32617
32532
32428
32488
32530
32418
32545
32512
32548
32479
32461
32517
32499
32586
32611
32470
32464
32506
32538
32446
32555
32494
32599
32485
32468
32579
32636
32420
32481
32440
32536
32452
32453
32460
32484
32567
32569
32540
32501
32515
32473
32563
32518
32432
32451
32434
32519
32539
32574
32414
32457
32484
32464
32500
32478
32526
32383
32577
32482
32496
32535
32436
32387
32502
32461
32598
32567
32550
32471
32584
32542
32599
32423
32507
32497
32500
32589
32472
32418
32522
32567
32556
32604
32574
32479
32433
32528
32499
32460
32462
32518
32494
32579
32474
32469
32535
32582
32545
32543
32458
32431
32571
32542
32524
32484
32395
32596
32482
32544
32483
32484
32419
32500
32480
32495
32588
32434
32532
32471
32506
32504
32444
32520
32545
32562
32489
32630
32510
32443
32455
32616
32560
32649
32478
32483
32493
32446
32530
32508
32511
32541
32562
32442
32513
32485
32579
32529
32560
32438
32481
32432
32421
32455
32438
32512
32453
32426
32557
32600
32555
32472
32462
32641
32523
32545
32530
32465
32464
32463
32502
32498
32475
32572
32552
32430
32558
32497
32498
32555
32519
32551
32489
32371
32541
32589
32492
32526
32612
32541
32389
32503
32552
32597
32510
32486
32490
32412
32494
32466
32619
32606
32499
32461
32480
32466
32433
32512
32433
32393
32515
32511
32426
32491
32409
32560
32564
32494
32459
32626
32475
32487
32468
32487
32404
32621
32538
32472
32627
32524
32584
32642
32497
32580
32518
32486
32610
32540
32435
32459
32456
32496
32492
32446
32492
32401
32570
32571
32505
32430
32444
32578
32441
32563
32428
32437
32452
32471
32498
32466
32586
32490
32499
32534
32537
32420
32513
32510
32576
32582
32467
32443
32481
32414
32546
32513
32374
32518
32546
32504
32586
32362
32537
32543
32496
32477
32555
32506
32457
32543
32410
32484
32470
32466
32512
32462
32388
32480
32556
32527
32416
32466
32435
32536
32554
32575
32549
32415
32538
32557
32511
32382
32589
32478
32482
32396
32440
32537
32539
32548
32575
32392
32500
32505
32516
32445
32551
32579
32629
32557
32470
32623
32552
32393
32446
32402
32477
32552
32479
32542
32516
32546
32549
32470
32401
32650
32620
32456
32443
32384
32386
32506
32439
32462
32626
32427
32424
32485
32477
32562
32454
32511
32562
32422
32575
32633
32482
32518
32479
32520
32579
32527
32507
32532
32457
32423
32420
32568
32562
32453
32465
32441
32578
32529
32486
32483
32531
32460
32484
32418
32502
32412
32516
32422
32442
32529
32602
32507
32422
32411
32467
32455
32526
32463
32513
32478
32469
32528
32542
32522
32455
32546
32557
32544
32466
32523
32407
32473
32631
32422
32390
32519
32513
32470
32574
32638
32563
32576
32543
32530
32484
32498
32449
32528
32369
32508
32555
32513
32625
32500
32481
32509
32496
32518
32522
32566
32387
32455
32450
32470
32444
32489
32445
32499
32486
32470
32536
32341
32533
32496
32555
32549
32479
32537
32457
32486
32445
32455
32491
32607
32585
32527
32502
32484
32462
32472
32405
32453
32501
32458
32439
32468
32403
32566
32568
32585
32482
32557
32565
32404
32542
32496
32523
32439
32531
32465
32424
32496
32456
32530
32430
32565
32485
32517
32515
32415
32572
32415
32526
32551
32468
32578
32446
32529
32640
32492
32484
32537
32631
32471
32573
32530
32531
32502
32396
32383
32543
32553
32536
32459
32451
32551
32413
32382
32608
32539
32364
32460
32566
32493
32631
32524
32507
32457
32572
32496
32503
32543
32600
32591
32554
32446
32464
32449
32443
32536
32507
32462
32454
32475
32532
32553
32549
32437
32577
32410
32449
32556
32604
32571
32578
32569
32554
32565
32561
32534
32515
32435
32566
32488
32473
32479
32583
32513
32498
32469
32619
32587
32449
32560
32518
32474
32582
32446
32468
32564
32548
32395
32557
32512
32556
32478
32433
32488
32519
32520
32379
32482
32491
32493
32478
32514
32450
32518
32570
32588
32468
32557
32543
32430
32516
32514
32478
32608
32469
32472
32560
32358
32543
32486
32570
32433
32448
32454
32460
32415
32582
32497
32570
32424
32500
32479
32453
32417
32559
32467
32489
32467
32464
32539
32542
32498
32589
32530
32555
32577
32467
32488
32404
32547
32496
32497
32522
32472
32432
32477
32454
32488
32392
32549
32482
32547
32486
32468
32477
32418
32514
32540
32632
32585
32465
32454
32418
32537
32545
32539
32458
32595
32439
32461
32594
32606
32451
32573
32494
32495
32502
32585
32442
32535
32530
32501
32489
32628
32557
32540
32536
32506
32444
32464
32396
32501
32472
32498
32384
32447
32530
32432
32428
32490
32448
32539
32423
32465
32525
32585
32416
32599
32630
32570
32473
32486
32588
32476
32574
32453
32380
32546
32438
32395
32506
32527
32445
32487
32578
32587
32538
32449
32565
32544
32554
32524
32488
32518
32460
32491
32388
32479
32568
32565
32576
32575
32529
32438
32486
32612
32517
32575
32554
32571
32569
32375
32417
32612
32446
32581
32489
32633
32536
32552
32485
32466
32584
32565
32497
32507
32518
32459
32537
32486
32452
32505
32506
32471
32512
32625
32513
32485
32399
32548
32501
32413
32410
32490
32492
32515
32425
32422
32463
32504
32521
32495
32493
32576
32484
32466
32562
32461
32578
32419
32586
32438
32468
32598
32585
32540
32510
32396
32454
32434
32551
32462
32531
32400
32394
32515
32572
32488
32478
32567
32501
32508
32510
32460
32458
32460
32534
32512
32461
32574
32454
32559
32505
32362
32557
32627
32487
32434
32497
32556
32565
32483
32441
32414
32471
32506
32542
32498
32505
32566
32478
32599
32512
32451
32485
32470
32585
32410
32501
32580
32578
32517
32488
32498
32549
32458
32440
32557
32607
32520
32528
32562
32521
32550
32622
32513
32463
32542
32545
32495
32549
32496
32458
32533
32408
32515
32483
32386
32564
32501
32497
32496
32529
32516
32558
32510
32432
32520
32574
32456
32602
32559
32593
32416
32562
32532
32510
32531
32593
32507
32378
32407
32538
32444
32510
32491
32641
32536
32422
32519
32422
32431
32565
32438
32435
32488
32553
32416
32465
32519
32505
32368
32532
32557
32428
32527
32480
32525
32509
32518
32546
32418
32419
32561
32586
32567
32467
32499
32509
32569
32501
32517
32600
32352
32557
32590
32546
32522
32484
32439
32489
32489
32432
32578
32582
32483
32489
32425
32467
32517
32510
32596
32457
32464
32454
32484
32535
32469
32547
32416
32521
32430
32567
32556
32526
32552
32430
32588
32476
32469
32362
32526
32455
32406
32518
32472
32487
32425
32509
32552
32574
32508
32518
32530
32467
32437
32522
32460
32589
32429
32542
32619
32515
32464
32508
32506
32594
32463
32480
32394
32472
32522
32582
32601
32562
32577
32518
32377
32606
32461
32470
32632
32486
32463
32528
32474
32577
32567
32531
32408
32432
32505
32599
32430
32415
32495
32459
32413
32513
32523
32491
32418
32526
32542
32378
32546
32480
32587
32485
32539
32516
32482
32570
32449
32416
32406
32512
32615
32468
32375
32536
32601
32573
32418
32449
32391
32544
32463
32534
32533
32408
32574
32497
32486
32524
32519
32409
32497
32478
32468
32509
32438
32456
32490
32504
32518
32569
32576
32444
32469
32457
32527
32474
32594
32512
32548
32477
32503
32598
32511
32503
32384
32454
32454
32470
32469
32516
32513
32434
32534
32459
32490
32458
32568
32497
32459
32418
32546
32458
32403
32534
32543
32494
32394
32467
32540
32362
32412
32541
32561
32534
32572
32568
32583
32503
32493
32384
32552
32454
32481
32596
32424
32565
32520
32528
32423
32397
32564
32504
32547
32464
32453
32564
32558
32423
32455
32466
32517
32561
32501
32464
32495
32538
32543
32508
32579
32473
32394
32601
32453
32542
32544
32493
32534
32589
32398
32503
32463
32422
32484
32535
32580
32463
32501
32578
32510
32494
32484
32537
32408
32472
32452
32490
32518
32477
32509
32434
32510
32545
32545
32502
32616
32368
32559
32420
32580
32496
32555
32539
32495
32416
32474
32494
32396
32497
32476
32459
32396
32522
32487
32541
32480
32361
32559
32457
32395
32544
32479
32462
32527
32579
32415
32375
32621
32531
32475
32498
32537
32475
32405
32541
32354
32500
32583
32569
32520
32448
32488
32607
32480
32422
32504
32402
32576
32578
32646
32466
32526
32449
32538
32622
32475
32569
32491
32584
32468
32459
32522
32494
32479
32422
32577
32467
32588
32473
32651
32409
32490
32560
32506
32565
32478
32518
32486
32537
32469
32456
32456
32482
32421
32388
32589
32470
32478
32549
32449
32440
32605
32395
32554
32428
32502
32481
32567
32492
32478
32610
32600
32506
32375
32478
32543
32488
32452
32544
32557
32357
32481
32620
32476
32505
32597
32618
32424
32516
32385
32474
32543
32459
32565
32541
32642
32587
32495
32479
32495
32569
32626
32426
32410
32503
32549
32476
32525
32503
32626
32527
32342
32432
32459
32530
32550
32458
32477
32527
32476
32408
32512
32524
32504
32555
32547
32418
32496
32460
32557
32477
32392
32505
32462
32462
32413
32566
32452
32560
32430
32459
32445
32482
32428
32407
32438
32471
32556
32572
32376
32539
32471
32444
32378
32342
32446
32411
32513
32581
32599
32364
32525
32502
32546
32489
32534
32485
32501
32549
32637
32592
32425
32400
32495
32516
32430
32547
32560
32534
32599
32512
32560
32498
32585
32523
32627
32502
32482
32555
32524
32565
32527
32500
32519
32542
32532
32437
32562
32496
32487
32548
32577
32555
32539
32455
32591
32498
32528
32596
32520
32438
32426
32598
32564
32459
32546
32428
32543
32403
32474
32406
32392
32494
32498
32449
32586
32538
32582
32512
32482
32615
32398
32557
32599
32552
32400
32582
32555
32442
32567
32462
32597
32501
32406
32447
32610
32475
32584
32477
32499
32407
32469
32469
32469
32469
32469
32469
32469
32469
32469
32469
32469
32469
32469
32469
32469
32469
32469
32469
32469
32469
32469
32469
32469
32469
32469
32469
