9948
32397
32276
32377
32475
32397
32373
32392
32469
32359
32440
32281
32410
32351
32407
32320
32452
32403
32399
32513
32445
32343
32465
32449
32411
32456
32521
32516
32421
32446
32497
32521
32382
32485
32460
32403
32428
32389
32395
32502
32371
32424
32403
32409
32438
32407
32412
32389
32371
32487
32451
32443
32393
32472
32434
32473
32397
32468
32443
32311
32460
32412
32461
32488
32478
32463
32365
32464
32499
32440
32365
32484
32449
32522
32400
32328
32347
32390
32453
32387
32535
32342
32429
32535
32380
32401
32434
32395
32317
32394
32400
32365
32381
32535
32468
32352
32466
32504
32532
32391
32394
32474
32492
32467
32379
32357
32454
32472
32343
32482
32325
32446
32433
32340
32462
32425
32410
32449
32384
32370
32369
32340
32478
32453
32442
32468
32435
32466
32467
32464
32451
32390
32543
32333
32539
32565
32405
32516
32395
32482
32485
32406
32419
32484
32354
32471
32419
32533
32382
32500
32447
32425
32452
32481
32375
32424
32400
32479
32357
32509
32384
32504
32415
32484
32322
32354
32466
32476
32494
32397
32389
32394
32484
32350
32462
32466
32438
32380
32323
32520
32417
32326
32544
32525
32398
32464
32412
32447
32369
32441
32408
32434
32402
32411
32536
32405
32365
32349
32504
32340
32484
32387
32512
32446
32449
32402
32449
32412
32426
32311
32363
32392
32534
32477
32400
32555
32384
32445
32347
32465
32477
32406
32514
32505
32524
32493
32323
32464
32499
32362
32448
32395
32475
32361
32544
32497
32342
32386
32367
32415
32414
32519
32314
32410
32411
32426
32378
32391
32369
32424
32397
32511
32429
32453
32381
32432
32479
32329
32341
32334
32391
32398
32527
32389
32520
32410
32441
32437
32480
32475
32484
32396
32488
32352
32504
32421
32452
32418
32466
32503
32483
32425
32361
32416
32378
32501
32417
32477
32375
32518
32453
32511
32533
32343
32490
32411
32514
32463
32465
32470
32418
32565
32500
32412
32318
32482
32450
32350
32422
32363
32421
32433
32418
32464
32347
32407
32454
32439
32553
32486
32378
32390
32296
32338
32376
32492
32446
32434
32446
32438
32395
32381
32425
32470
32472
32504
32433
32280
32434
32410
32498
32376
32433
32433
32482
32383
32428
32423
32446
32322
32373
32432
32331
32356
32460
32428
32456
32422
32411
32404
32531
32405
32380
32437
32508
32404
32372
32453
32422
32492
32470
32477
32434
32441
32439
32439
32433
32587
32386
32446
32432
32549
32442
32450
32458
32434
32504
32478
32380
32359
32468
32304
32326
32446
32488
32538
32527
32412
32402
32452
32479
32448
32485
32448
32490
32443
32494
32415
32495
32579
32413
32393
32556
32451
32424
32449
32465
32542
32414
32466
32316
32516
32404
32353
32456
32472
32352
32325
32405
32448
32444
32465
32391
32455
32384
32436
32547
32548
32441
32350
32419
32393
32433
32505
32508
32379
32293
32400
32432
32524
32389
32486
32450
32476
32509
32343
32416
32354
32435
32400
32500
32500
32432
32504
32419
32480
32430
32387
32492
32435
32496
32489
32464
32345
32378
32426
32405
32536
32298
32511
32453
32398
32439
32326
32426
32502
32403
32382
32407
32411
32408
32468
32525
32483
32363
32434
32417
32461
32466
32393
32402
32374
32399
32362
32403
32476
32396
32471
32401
32429
32474
32403
32486
32378
32413
32381
32442
32346
32423
32416
32445
32347
32342
32380
32395
32520
32428
32479
32493
32492
32400
32504
32454
32489
32355
32507
32350
32396
32389
32504
32429
32381
32472
32406
32403
32425
32496
32441
32439
32454
32509
32396
32390
32539
32418
32402
32472
32444
32361
32544
32476
32398
32494
32356
32469
32481
32437
32428
32317
32498
32335
32449
32380
32426
32451
32430
32474
32485
32470
32409
32384
32467
32390
32494
32495
32416
32442
32476
32380
32447
32504
32459
32342
32371
32436
32334
32420
32518
32450
32414
32419
32386
32488
32385
32455
32478
32418
32400
32394
32499
32372
32451
32428
32418
32499
32312
32381
32393
32435
32423
32469
32363
32572
32530
32416
32458
32439
32485
32418
32486
32482
32482
32480
32444
32498
32455
32429
32382
32446
32405
32387
32497
32414
32413
32365
32444
32472
32432
32432
32381
32342
32584
32400
32520
32414
32358
32502
32393
32424
32503
32500
32388
32437
32336
32460
32342
32402
32401
32492
32388
32395
32509
32482
32404
32476
32521
32482
32418
32308
32446
32381
32491
32393
32395
32423
32432
32493
32524
32515
32430
32407
32438
32480
32339
32372
32451
32381
32365
32416
32355
32431
32262
32517
32489
32396
32434
32445
32486
32483
32427
32465
32441
32466
32337
32409
32498
32444
32369
32412
32401
32484
32334
32490
32462
32390
32414
32427
32470
32432
32346
32374
32423
32319
32318
32481
32354
32407
32430
32368
32434
32367
32399
32477
32390
32409
32486
32528
32478
32381
32376
32433
32438
32338
32491
32390
32493
32443
32467
32427
32474
32442
32356
32539
32511
32430
32434
32390
32468
32491
32411
32351
32419
32343
32461
32431
32416
32403
32345
32393
32354
32355
32419
32479
32470
32396
32379
32358
32424
32364
32590
32356
32474
32390
32494
32480
32410
32370
32303
32442
32464
32384
32513
32425
32479
32390
32474
32399
32449
32410
32437
32366
32404
32426
32499
32484
32556
32464
32502
32484
32457
32375
32378
32454
32478
32376
32474
32416
32490
32401
32432
32498
32488
32433
32518
32493
32513
32351
32449
32327
32395
32456
32398
32480
32351
32466
32453
32398
32397
32460
32428
32453
32443
32472
32391
32394
32498
32487
32463
32437
32524
32465
32440
32457
32415
32419
32370
32348
32480
32422
32327
32392
32404
32539
32401
32424
32427
32446
32395
32449
32497
32454
32362
32465
32474
32368
32586
32433
32457
32358
32515
32425
32465
32338
32372
32333
32354
32362
32426
32406
32421
32380
32449
32489
32326
32394
32458
32352
32370
32480
32422
32324
32427
32450
32331
32494
32506
32317
32452
32483
32488
32454
32437
32489
32396
32457
32359
32357
32463
32510
32507
32507
32394
32457
32436
32276
32412
32503
32337
32381
32383
32469
32441
32348
32499
32441
32490
32365
32374
32361
32485
32562
32463
32445
32394
32543
32405
32353
32424
32404
32361
32410
32403
32502
32510
32465
32438
32394
32532
32345
32503
32342
32532
32440
32440
32416
32476
32457
32439
32489
32468
32424
32474
32425
32398
32476
32413
32463
32461
32447
32452
32398
32369
32479
32468
32423
32435
32451
32471
32370
32469
32477
32345
32459
32481
32295
32461
32537
32391
32402
32373
32343
32453
32467
32461
32378
32358
32463
32474
32312
32368
32498
32338
32453
32420
32402
32494
32366
32485
32397
32419
32326
32479
32427
32434
32452
32458
32451
32446
32426
32446
32468
32450
32569
32453
32416
32379
32384
32409
32380
32458
32401
32468
32413
32469
32354
32444
32450
32438
32440
32401
32442
32358
32452
32444
32510
32416
32457
32388
32378
32446
32499
32422
32549
32410
32421
32409
32351
32421
32384
32358
32444
32391
32497
32475
32366
32534
32438
32454
32440
32430
32431
32544
32428
32439
32420
32394
32450
32411
32320
32455
32445
32532
32414
32379
32309
32412
32434
32433
32453
32473
32314
32390
32466
32338
32486
32426
32421
32488
32428
32452
32480
32349
32429
32389
32388
32406
32429
32472
32410
32462
32419
32456
32311
32322
32461
32423
32382
32420
32335
32478
32534
32438
32504
32475
32470
32456
32464
32466
32513
32417
32470
32419
32331
32327
32410
32418
32430
32456
32381
32446
32478
32341
32430
32444
32434
32388
32415
32510
32419
32422
32477
32347
32503
32403
32433
32458
32400
32385
32415
32455
32472
32487
32481
32496
32461
32510
32501
32547
32494
32466
32495
32393
32430
32438
32464
32452
32398
32343
32407
32437
32434
32465
32370
32429
32372
32420
32467
32356
32507
32473
32418
32434
32442
32498
32415
32465
32384
32369
32494
32347
32304
32441
32394
32396
32436
32398
32455
32507
32533
32429
32462
32430
32461
32400
32530
32419
32424
32413
32316
32455
32415
32467
32477
32487
32458
32390
32484
32501
32501
32486
32430
32496
32458
32515
32367
32492
32462
32393
32304
32487
32382
32381
32518
32448
32441
32375
32468
32478
32381
32474
32424
32375
32377
32519
32469
32501
32448
32477
32480
32408
32408
32493
32467
32456
32446
32405
32442
32470
32434
32387
32443
32450
32378
32439
32358
32447
32465
32369
32471
32362
32414
32424
32440
32330
32434
32341
32386
32482
32444
32347
32486
32502
32470
32384
32411
32458
32504
32419
32421
32316
32417
32464
32486
32496
32435
32511
32401
32506
32410
32381
32392
32490
32466
32441
32348
32409
32543
32484
32478
32309
32526
32446
32416
32483
32429
32402
32434
32442
32530
32381
32412
32418
32425
32365
32344
32410
32396
32403
32478
32441
32451
32413
32456
32375
32405
32370
32498
32360
32497
32324
32473
32390
32478
32483
32347
32491
32465
32459
32389
32471
32445
32473
32374
32453
32447
32496
32514
32377
32384
32378
32319
32310
32337
32460
32332
32407
32423
32383
32328
32465
32352
32460
32418
32398
32371
32387
32496
32405
32394
32411
32360
32520
32372
32518
32499
32478
32505
32495
32457
32347
32401
32466
32520
32532
32468
32416
32502
32542
32438
32454
32422
32452
32426
32394
32548
32446
32412
32511
32425
32407
32450
32437
32399
32290
32409
32395
32485
32445
32415
32473
32381
32409
32412
32425
32482
32442
32344
32403
32505
32494
32402
32322
32389
32411
32462
32484
32519
32377
32486
32362
32418
32390
32516
32429
32504
32363
32358
32528
32372
32453
32337
32357
32429
32292
32407
32423
32425
32433
32444
32381
32434
32474
32347
32511
32340
32377
32460
32424
32502
32491
32413
32434
32428
32458
32512
32452
32526
32444
32554
32406
32490
32441
32469
32357
32407
32378
32448
32477
32531
32374
32399
32527
32417
32459
32406
32393
32486
32385
32512
32494
32442
32454
32421
32486
32577
32435
32326
32457
32541
32421
32435
32471
32444
32434
32500
32510
32447
32550
32454
32386
32441
32514
32453
32528
32404
32520
32281
32480
32423
32432
32513
32495
32416
32337
32512
32307
32335
32442
32445
32465
32439
32459
32428
32498
32490
32532
32511
32435
32449
32484
32364
32508
32482
32354
32316
32510
32457
32437
32409
32420
32495
32382
32462
32411
32475
32398
32439
32411
32480
32418
32437
32443
32384
32454
32504
32462
32439
32494
32345
32454
32353
32488
32370
32543
32458
32503
32453
32351
32456
32542
32476
32431
32444
32476
32467
32476
32441
32555
32530
32419
32436
32533
32411
32450
32420
32473
32320
32399
32436
32532
32324
32421
32452
32427
32478
32481
32424
32250
32469
32374
32344
32409
32400
32415
32404
32399
32394
32405
32457
32469
32506
32399
32454
32402
32428
32504
32443
32534
32570
32505
32378
32386
32376
32375
32433
32383
32394
32482
32473
32521
32412
32465
32555
32472
32498
32470
32356
32454
32449
32505
32389
32486
32449
32378
32367
32415
32364
32510
32426
32381
32416
32418
32391
32417
32351
32391
32481
32504
32482
32343
32438
32479
32390
32389
32461
32303
32460
32446
32383
32455
32395
32435
32456
32462
32374
32398
32430
32431
32385
32464
32342
32448
32427
32457
32392
32442
32393
32463
32417
32329
32389
32444
32444
32408
32469
32338
32493
32449
32491
32354
32366
32389
32400
32323
32390
32435
32409
32393
32398
32468
32376
32441
32473
32438
32424
32479
32453
32435
32359
32409
32344
32386
32388
32418
32507
32449
32449
32384
32413
32508
32470
32386
32392
32511
32431
32380
32437
32487
32393
32479
32478
32435
32471
32372
32424
32470
32383
32437
32355
32409
32354
32293
32428
32410
32426
32400
32453
32400
32450
32332
32531
32334
32410
32380
32490
32408
32438
32400
32464
32440
32467
32286
32409
32412
32359
32481
32377
32379
32322
32417
32540
32374
32382
32540
32463
32419
32533
32439
32399
32422
32554
32472
32481
32365
32456
32525
32497
32424
32495
32410
32467
32337
32402
32350
32341
32457
32552
32440
32392
32462
32444
32364
32378
32350
32497
32485
32438
32519
32380
32472
32395
32402
32421
32430
32392
32526
32486
32508
32435
32409
32326
32466
32410
32439
32392
32478
32403
32460
32343
32403
32358
32420
32432
32498
32501
32365
32391
32452
32484
32426
32506
32568
32345
32357
32374
32532
32374
32435
32558
32418
32438
32410
32378
32520
32409
32384
32276
32490
32382
32404
32416
32428
32481
32393
32440
32444
32388
32316
32431
32447
32419
32439
32440
32437
32346
32422
32368
32470
32447
32422
32481
32498
32424
32391
32375
32434
32481
32366
32320
32458
32460
32462
32394
32483
32307
32390
32341
32534
32395
32443
32418
32330
32469
32509
32427
32497
32329
32387
32436
32469
32431
32339
32371
32548
32433
32431
32487
32336
32564
32259
32327
32443
32458
32479
32503
32358
32377
32466
32513
32463
32473
32368
32498
32384
32393
32480
32385
32462
32464
32437
32504
32454
32506
32420
32396
32365
32507
32383
32366
32495
32452
32358
32450
32381
32457
32435
32360
32486
32383
32480
32349
32432
32444
32523
32448
32418
32410
32429
32459
32491
32333
32454
32351
32384
32352
32482
32440
32399
32511
32474
32466
32441
32499
32365
32407
32472
32360
32426
32422
32412
32477
32459
32384
32324
32340
32433
32409
32415
32457
32458
32528
32436
32431
32447
32473
32469
32390
32415
32421
32399
32405
32469
32432
32437
32447
32406
32394
32326
32376
32414
32369
32551
32303
32411
32362
32371
32432
32447
32472
32418
32466
32373
32410
32515
32370
32395
32505
32512
32396
32343
32405
32440
32498
32350
32433
32347
32358
32497
32342
32409
32418
32324
32436
32531
32450
32470
32484
32486
32476
32433
32472
32453
32386
32471
32486
32365
32434
32519
32396
32472
32418
32583
32394
32386
32556
32343
32402
32412
32412
32360
32462
32436
32404
32494
32377
32472
32496
32473
32335
32456
32536
32520
32487
32412
32489
32424
32351
32481
32485
32491
32436
32420
32316
32421
32373
32510
32369
32393
32456
32484
32504
32407
32302
32519
32404
32466
32414
32438
32475
32430
32345
32513
32420
32418
32419
32439
32457
32443
32349
32491
32392
32424
32552
32363
32363
32448
32514
32507
32337
32449
32446
32472
32387
32400
32469
32495
32393
32384
32435
32348
32407
32461
32393
32402
32397
32438
32422
32445
32485
32460
32392
32450
32317
32368
32426
32419
32329
32439
32331
32439
32377
32401
32468
32469
32550
32414
32466
32425
32433
32474
32336
32480
32394
32447
32427
32467
32518
32435
32389
32434
32395
32436
32376
32421
32424
32428
32328
32433
32438
32406
32560
32399
32486
32445
32510
32307
32392
32406
32356
32366
32401
32443
32453
32408
32522
32444
32458
32473
32330
32291
32545
32505
32417
32261
32456
32406
32470
32438
32484
32500
32534
32422
32480
32546
32487
32414
32483
32423
32481
32525
32370
32521
32353
32471
32339
32427
32485
32466
32438
32358
32443
32477
32393
32476
32456
32481
32448
32381
32413
32476
32524
32401
32406
32430
32489
32476
32396
32455
32432
32370
32360
32377
32499
32465
32383
32444
32448
32437
32437
32394
32446
32435
32448
32483
32484
32389
32455
32359
32411
32386
32404
32426
32379
32456
32362
32422
32371
32348
32481
32496
32435
32385
32425
32436
32502
32414
32375
32327
32429
32352
32442
32374
32420
32471
32392
32426
32393
32426
32410
32414
32437
32487
32430
32466
32480
32446
32447
32408
32470
32519
32392
32487
32447
32390
32445
32428
32365
32406
32408
32399
32502
32398
32367
32478
32522
32457
32437
32403
32410
32461
32429
32414
32490
32387
32424
32412
32506
32464
32407
32429
32445
32407
32463
32388
32512
32383
32416
32412
32368
32368
32474
32426
32416
32398
32421
32401
32409
32449
32366
32416
32479
32553
32438
32443
32377
32458
32381
32502
32415
32475
32430
32404
32411
32426
32359
32378
32398
32490
32352
32380
32348
32390
32407
32390
32433
32366
32447
32367
32313
32488
32499
32400
32477
32361
32447
32449
32478
32360
32421
32460
32395
32432
32468
32372
32396
32377
32412
32466
32455
32420
32473
32510
32381
32481
32377
32492
32476
32394
32408
32426
32502
32422
32517
32428
32443
32371
32434
32459
32404
32411
32407
32441
32385
32483
32416
32465
32397
32433
32326
32365
32457
32446
32492
32402
32398
32448
32443
32336
32538
32480
32480
32342
32362
32449
32480
32349
32452
32425
32285
32458
32469
32472
32509
32425
32446
32441
32474
32434
32410
32474
32411
32489
32396
32529
32329
32432
32393
32314
32274
32381
32506
32534
32402
32480
32382
32398
32401
32428
32428
32404
32331
32414
32431
32434
32443
32406
32366
32417
32496
32364
32457
32472
32503
32389
32441
32415
32432
32347
32346
32376
32388
32472
32454
32405
32499
32466
32436
32480
32537
32379
32430
32333
32492
32480
32372
32439
32479
32440
32513
32427
32488
32430
32410
32491
32421
32359
32443
32376
32328
32492
32398
32391
32393
32362
32444
32334
32433
32383
32410
32429
32494
32430
32412
32517
32450
32367
32452
32383
32490
32394
32502
32533
32383
32477
32534
32378
32492
32383
32382
32377
32480
32450
32382
32510
32475
32435
32405
32414
32405
32396
32452
32409
32441
32377
32484
32322
32478
32435
32517
32537
32456
32336
32392
32374
32407
32387
32352
32455
32407
32505
32436
32437
32427
32399
32548
32475
32504
32509
32435
32425
32419
32500
32409
32394
32386
32531
32373
32407
32468
32424
32397
32422
32389
32480
32450
32378
32525
32541
32489
32515
32424
32460
32549
32375
32427
32401
32505
32445
32407
32343
32464
32378
32494
32518
32477
32376
32352
32380
32439
32430
32378
32369
32408
32428
32435
32362
32481
32410
32491
32401
32285
32425
32383
32553
32413
32298
32467
32466
32470
32409
32381
32433
32342
32434
32494
32412
32430
32469
32324
32407
32364
32428
32489
32424
32377
32443
32479
32415
32355
32351
32541
32380
32483
32446
32419
32414
32490
32473
32338
32470
32413
32538
32464
32406
32490
32348
32578
32383
32383
32417
32373
32450
32496
32413
32424
32401
32367
32565
32437
32518
32396
32425
32459
32373
32462
32437
32498
32415
32492
32388
32461
32355
32375
32458
32453
32434
32412
32454
32411
32450
32347
32429
32438
32319
32418
32403
32531
32452
32422
32444
32454
32429
32258
32359
32447
32361
32397
32465
32435
32486
32440
32342
32388
32467
32371
32411
32469
32392
32394
32556
32304
32448
32506
32286
32478
32461
32450
32473
32449
32435
32424
32381
32330
32397
32320
32385
32380
32510
32405
32451
32455
32386
32273
32449
32555
32454
32536
32412
32420
32444
32402
32403
32432
32454
32458
32444
32336
32502
32362
32356
32433
32356
32452
32429
32418
32419
32485
32517
32460
32530
32455
32461
32347
32362
32451
32440
32387
32344
32526
32371
32480
32491
32418
32344
32490
32409
32469
32337
32319
32409
32450
32425
32374
32400
32447
32332
32382
32329
32533
32396
32505
32344
32344
32480
32334
32506
32400
32387
32482
32514
32374
32431
32374
32394
32459
32426
32466
32457
32376
32304
32485
32340
32388
32392
32505
32321
32364
32413
32385
32334
32406
32395
32365
32495
32447
32392
32394
32396
32473
32387
32493
32415
32427
32459
32460
32401
32387
32313
32455
32411
32405
32399
32389
32485
32323
32381
32438
32491
32465
32412
32326
32406
32438
32464
32380
32360
32394
32376
32499
32471
32474
32370
32374
32372
32464
32467
32407
32391
32332
32499
32403
32396
32335
32522
32414
32384
32386
32386
32441
32389
32426
32395
32482
32367
32466
32421
32433
32302
32458
32381
32462
32387
32508
32522
32323
32424
32389
32441
32416
32524
32508
32405
32430
32489
32493
32405
32471
32394
32524
32412
32448
32386
32458
32447
32411
32370
32424
32419
32457
32506
32398
32416
32498
32465
32387
32408
32306
32323
32502
32466
32363
32476
32320
32457
32393
32429
32385
32347
32430
32430
32495
32369
32478
32476
32372
32483
32465
32447
32394
32408
32424
32503
32445
32526
32364
32394
32381
32511
32388
32517
32534
32505
32366
32348
32464
32429
32395
32451
32460
32402
32433
32425
32374
32336
32285
32490
32339
32383
32479
32325
32346
32431
32446
32468
32393
32442
32396
32374
32403
32468
32373
32428
32442
32470
32522
32516
32404
32418
32438
32462
32389
32426
32462
32412
32350
32404
32456
32354
32456
32390
32420
32436
32292
32423
32430
32430
32387
32336
32449
32479
32421
32442
32433
32473
32482
32384
32412
32511
32502
32402
32439
32374
32467
32330
32293
32521
32454
32394
32386
32396
32411
32401
32439
32432
32333
32442
32388
32486
32446
32460
32425
32457
32393
32354
32310
32398
32429
32348
32412
32477
32460
32385
32458
32423
32379
32436
32384
32392
32402
32470
32521
32519
32437
32418
32448
32423
32373
32480
32348
32372
32470
32482
32395
32519
32454
32475
32453
32465
32343
32408
32436
32445
32490
32400
32538
32465
32438
32507
32437
32491
32455
32460
32412
32400
32498
32470
32416
32384
32482
32414
32503
32535
32337
32456
32493
32403
32435
32467
32361
32411
32493
32495
32452
32432
32304
32391
32314
32482
32405
32478
32319
32469
32460
32457
32454
32394
32412
32368
32411
32428
32430
32332
32404
32386
32464
32526
32431
32391
32375
32528
32369
32449
32398
32329
32489
32370
32493
32389
32524
32360
32436
32403
32319
32354
32408
32470
32392
32339
32314
32439
32480
32414
32420
32420
32397
32452
32469
32379
32418
32384
32383
32382
32478
32342
32384
32339
32467
32432
32391
32466
32439
32488
32386
32465
32488
32361
32416
32430
32487
32455
32350
32487
32460
32486
32541
32445
32476
32418
32476
32506
32486
32325
32394
32453
32420
32415
32366
32403
32334
32438
32419
32430
32420
32513
32369
32383
32524
32417
32404
32435
32470
32400
32388
32458
32342
32469
32448
32477
32359
32481
32405
32455
32363
32490
32442
32428
32402
32457
32446
32405
32369
32395
32447
32555
32390
32513
32319
32530
32430
32414
32484
32526
32510
32370
32495
32382
32440
32469
32429
32477
32466
32465
32479
32496
32449
32339
32490
32383
32399
32543
32375
32461
32520
32421
32393
32425
32446
32437
32424
32538
32486
32480
32421
32419
32446
32440
32407
32479
32442
32348
32448
32554
32441
32343
32543
32354
32365
32336
32389
32411
32412
32383
32330
32370
32468
32451
32354
32451
32303
32454
32483
32434
32448
32388
32470
32537
32391
32448
32559
32505
32375
32432
32507
32378
32447
32558
32536
32435
32484
32379
32448
32390
32444
32450
32423
32497
32402
32542
32358
32366
32539
32402
32474
32535
32408
32426
32471
32447
32385
32390
32374
32456
32498
32445
32391
32401
32409
32300
32474
32406
32487
32453
32398
32515
32424
32479
32373
32334
32338
32483
32410
32299
32416
32416
32529
32454
32402
32456
32365
32492
32400
32375
32377
32439
32459
32391
32426
32408
32388
32398
32409
32471
32470
32490
32399
32434
32391
32315
32379
32378
32433
32518
32414
32413
32436
32350
32353
32383
32551
32464
32378
32496
32385
32312
32445
32320
32534
32477
32440
32415
32549
32440
32426
32405
32382
32419
32442
32453
32408
32387
32417
32435
32471
32272
32420
32431
32406
32457
32444
32537
32307
32316
32378
32489
32353
32486
32352
32472
32510
32309
32460
32359
32378
32408
32407
32397
32458
32392
32431
32407
32402
32450
32402
32421
32440
32414
32451
32413
32431
32444
32501
32507
32496
32365
32306
32448
32405
32418
32391
32504
32353
32475
32439
32469
32528
32496
32453
32578
32434
32382
32365
32389
32395
32371
32399
32302
32383
32325
32542
32494
32441
32394
32444
32375
32476
32366
32351
32406
32422
32456
32394
32352
32468
32484
32489
32476
32458
32448
32378
32415
32346
32372
32498
32472
32482
32440
32488
32419
32510
32514
32500
32439
32350
32424
32378
32522
32428
32506
32414
32450
32456
32470
32408
32503
32446
32494
32408
32514
32451
32395
32519
32413
32441
32335
32482
32461
32397
32403
32397
32443
32467
32407
32390
32398
32383
32414
32370
32420
32501
32467
32424
32415
32511
32346
32477
32336
32424
32433
32554
32361
32528
32440
32383
32412
32465
32425
32503
32372
32475
32474
32388
32394
32443
32474
32390
32438
32458
32398
32422
32395
32407
32391
32431
32399
32384
32522
32291
32413
32482
32434
32465
32516
32396
32475
32377
32434
32341
32450
32313
32429
32450
32461
32506
32437
32414
32386
32467
32408
32452
32420
32357
32472
32308
32405
32445
32532
32456
32506
32510
32521
32515
32309
32449
32387
32398
32372
32383
32487
32449
32403
32478
32470
32446
32414
32425
32482
32453
32476
32393
32419
32356
32323
32404
32422
32398
32411
32395
32478
32360
32433
32441
32468
32412
32462
32456
32462
32442
32380
32414
32440
32483
32439
32595
32437
32511
32471
32492
32429
32451
32445
32385
32442
32423
32273
32454
32390
32425
32426
32318
32474
32457
32439
32380
32453
32429
32412
32494
32490
32452
32495
32424
32402
32450
32419
32399
32517
32469
32384
32473
32427
32394
32493
32474
32516
32347
32325
32395
32501
32374
32439
32473
32510
32438
32425
32433
32468
32463
32457
32425
32433
32429
32430
32363
32417
32527
32481
32437
32431
32449
32489
32331
32480
32489
32371
32417
32437
32418
32354
32425
32408
32453
32480
32371
32420
32488
32381
32427
32440
32387
32487
32388
32429
32588
32485
32364
32408
32490
32446
32447
32522
32376
32425
32547
32437
32407
32352
32401
32366
32451
32465
32366
32456
32451
32528
32417
32393
32479
32441
32479
32465
32334
32417
32390
32497
32575
32488
32398
32433
32478
32371
32377
32496
32394
32433
32551
32495
32413
32470
32447
32503
32331
32548
32398
32408
32420
32514
32421
32444
32422
32464
32411
32429
32437
32392
32316
32429
32481
32301
32489
32370
32450
32489
32490
32396
32432
32495
32501
32477
32543
32384
32373
32455
32360
32426
32442
32378
32354
32530
32499
32522
32476
32437
32490
32525
32432
32374
32443
32480
32380
32405
32364
32463
32537
32405
32508
32541
32511
32430
32463
32464
32420
32421
32497
32455
32396
32493
32403
32425
32477
32528
32413
32394
32319
32418
32406
32451
32490
32482
32395
32405
32455
32456
32541
32454
32448
32417
32291
32415
32485
32410
32461
32287
32498
32519
32449
32433
32454
32392
32473
32339
32451
32425
32382
32503
32453
32435
32389
32421
32376
32427
32401
32436
32482
32476
32562
32420
32458
32354
32407
32421
32541
32431
32433
32536
32455
32401
32538
32460
32419
32446
32335
32479
32447
32465
32520
32472
32430
32373
32498
32390
32438
32409
32375
32491
32423
32434
32399
32427
32408
32437
32480
32353
32496
32449
32412
32450
32448
32321
32429
32385
32554
32427
32482
32450
32352
32412
32446
32433
32469
32424
32401
32492
32385
32394
32399
32465
32330
32377
32345
32446
32396
32428
32267
32381
32481
32318
32334
32450
32506
32460
32379
32341
32456
32468
32409
32398
32493
32415
32395
32532
32324
32448
32539
32488
32446
32484
32359
32484
32465
32491
32446
32430
32407
32343
32508
32438
32466
32344
32370
32341
32321
32457
32348
32382
32446
32463
32414
32401
32531
32376
32419
32560
32438
32482
32414
32435
32339
32420
32578
32346
32428
32512
32344
32561
32408
32499
32482
32426
32508
32387
32519
32463
32410
32366
32389
32454
32454
32427
32490
32385
32475
32483
32489
32479
32383
32523
32358
32455
32435
32400
32483
32547
32494
32325
32344
32507
32392
32539
32402
32410
32496
32449
32488
32393
32393
32390
32529
32370
32415
32420
32398
32412
32337
32407
32432
32503
32349
32481
32382
32402
32458
32461
32358
32414
32333
32430
32417
32508
32380
32361
32430
32480
32449
32337
32392
32347
32386
32458
32474
32382
32378
32399
32440
32340
32389
32407
32504
32352
32408
32475
32332
32445
32415
32309
32421
32378
32407
32465
32471
32488
32401
32356
32299
32396
32357
32404
32523
32371
32439
32566
32408
32450
32263
32309
32416
32504
32388
32410
32420
32403
32447
32374
32516
32484
32438
32429
32497
32419
32356
32490
32476
32436
32483
32415
32348
32370
32456
32422
32455
32418
32448
32522
32370
32436
32464
32481
32429
32337
32452
32424
32390
32363
32504
32464
32379
32389
32328
32408
32473
32509
32394
32491
32348
32463
32479
32506
32455
32437
32419
32332
32351
32390
32510
32530
32528
32475
32526
32400
32371
32487
32381
32485
32493
32504
32343
32430
32436
32412
32496
32577
32452
32451
32452
32483
32450
32444
32357
32443
32347
32341
32469
32365
32501
32400
32511
32408
32489
32357
32370
32462
32501
32351
32492
32415
32389
32466
32358
32296
32330
32434
32391
32465
32436
32375
32461
32477
32339
32535
32380
32529
32414
32414
32388
32371
32490
32443
32393
32433
32430
32403
32385
32357
32386
32488
32488
32363
32323
32434
32383
32385
32524
32444
32512
32419
32426
32406
32519
32374
32423
32445
32462
32420
32444
32490
32446
32405
32391
32397
32357
32404
32377
32365
32508
32355
32371
32451
32435
32481
32443
32453
32442
32465
32382
32424
32334
32383
32365
32396
32530
32323
32397
32465
32438
32330
32454
32354
32355
32463
32451
32462
32432
32459
32424
32461
32392
32425
32366
32457
32480
32514
32510
32424
32342
32334
32429
32404
32374
32437
32456
32423
32480
32369
32460
32446
32486
32433
32461
32424
32453
32417
32383
32424
32386
32404
32428
32484
32482
32372
32427
32430
32485
32410
32441
32387
32470
32526
32415
32509
32479
32423
32458
32341
32426
32533
32489
32399
32494
32308
32416
32470
32388
32299
32416
32474
32446
32464
32426
32351
32402
32373
32478
32370
32361
32424
32410
32441
32474
32412
32404
32320
32525
32418
32479
32393
32381
32421
32343
32386
32368
32309
32375
32415
32372
32367
32475
32332
32434
32430
32352
32544
32427
32488
32329
32404
32366
32422
32362
32352
32378
32428
32522
32442
32488
32422
32555
32421
32373
32384
32369
32524
32416
32430
32466
32428
32398
32353
32400
32392
32501
32453
32457
32465
32419
32331
32415
32500
32343
32419
32386
32434
32405
32435
32445
32501
32322
32422
32341
32516
32463
32407
32389
32546
32448
32283
32419
32365
32476
32407
32437
32407
32377
32399
32476
32506
32321
32429
32452
32500
32352
32502
32398
32438
32408
32306
32414
32408
32397
32510
32465
32494
32439
32444
32408
32497
32509
32463
32410
32446
32424
32310
32380
32400
32535
32432
32427
32400
32406
32455
32347
32426
32474
32483
32383
32454
32447
32396
32373
32381
32457
32474
32408
32411
32440
32368
32357
32370
32398
32380
32511
32477
32469
32405
32450
32460
32410
32345
32463
32443
32512
32440
32483
32390
32561
32358
32348
32457
32359
32467
32416
32395
32538
32377
32361
32441
32432
32462
32436
32417
32422
32498
32368
32415
32405
32378
32502
32482
32340
32464
32443
32403
32484
32337
32376
32522
32416
32349
32346
32471
32447
32448
32483
32382
32468
32479
32389
32411
32412
32334
32437
32395
32481
32402
32519
32476
32451
32324
32450
32396
32346
32410
32550
32466
32395
32478
32447
32478
32477
32485
32489
32300
32432
32415
32451
32432
32432
32446
32478
32450
32474
32461
32309
32431
32494
32374
32461
32313
32462
32351
32469
32416
32462
32428
32468
32422
32405
32321
32400
32331
32524
32532
32325
32299
32332
32427
32410
32350
32426
32429
32541
32408
32410
32412
32262
32470
32436
32447
32534
32297
32300
32478
32404
32459
32440
32408
32450
32412
32423
32379
32440
32373
32394
32364
32394
32445
32405
32359
32398
32418
32419
32512
32384
32404
32486
32405
32399
32465
32381
32501
32407
32383
32449
32475
32412
32394
32473
32501
32401
32363
32515
32337
32441
32452
32491
32410
32456
32394
32453
32500
32338
32430
32379
32366
32421
32532
32386
32402
32447
32274
32514
32454
32362
32391
32527
32452
32320
32468
32493
32365
32382
32450
32403
32461
32372
32320
32494
32480
32502
32509
32487
32439
32489
32394
32373
32406
32370
32481
32351
32441
32345
32384
32542
32398
32473
32371
32412
32425
32538
32350
32526
32453
32532
32368
32398
32447
32437
32432
32416
32459
32420
32419
32403
32454
32438
32399
32464
32352
32470
32422
32449
32433
32399
32454
32302
32323
32398
32447
32483
32423
32408
32394
32501
32491
32427
32383
32356
32435
32411
32426
32417
32391
32435
32432
32375
32402
32421
32490
32515
32499
32440
32391
32340
32419
32458
32363
32333
32555
32517
32413
32401
32454
32406
32366
32445
32345
32383
32485
32470
32388
32383
32422
32413
32431
32415
32467
32378
32337
32384
32443
32333
32420
32466
32429
32432
32487
32322
32465
32418
32371
32406
32353
32374
32325
32458
32407
32402
32501
32422
32285
32433
32465
32496
32252
32388
32398
32356
32472
32438
32482
32357
32404
32434
32409
32442
32426
32480
32449
32378
32523
32510
32386
32463
32478
32408
32510
32417
32400
32578
32459
32500
32327
32446
32441
32468
32395
32419
32463
32411
32419
32433
32507
32340
32414
32406
32372
32430
32430
32399
32372
32511
32452
32436
32535
32447
32442
32344
32424
32367
32391
32354
32430
32468
32337
32419
32406
32364
32433
32458
32434
32349
32407
32477
32454
32449
32398
32490
32483
32518
32368
32513
32397
32339
32492
32452
32411
32428
32399
32400
32347
32364
32387
32395
32424
32339
32354
32512
32487
32352
32407
32351
32511
32393
32435
32460
32301
32427
32390
32541
32468
32394
32446
32469
32426
32423
32400
32527
32357
32459
32485
32494
32433
32431
32415
32420
32439
32487
32334
32320
32404
32351
32429
32351
32410
32414
32410
32356
32426
32467
32403
32420
32398
32458
32377
32416
32448
32479
32370
32372
32445
32455
32395
32392
32427
32391
32407
32417
32370
32439
32443
32351
32470
32435
32399
32371
32495
32396
32426
32424
32440
32536
32447
32271
32404
32518
32369
32428
32434
32438
32458
32432
32441
32404
32470
32470
32404
32519
32441
32407
32492
32422
32435
32480
32430
32449
32476
32366
32501
32454
32380
32485
32433
32390
32389
32425
32426
32466
32467
32341
32420
32435
32427
32466
32460
32474
32488
32500
32499
32550
32290
32414
32458
32432
32371
32421
32456
32496
32436
32457
32384
32444
32443
32393
32371
32391
32418
32470
32473
32470
32409
32447
32536
32440
32484
32434
32404
32356
32472
32476
32415
32374
32376
32349
32377
32411
32505
32376
32501
32297
32403
32386
32507
32353
32388
32426
32460
32484
32387
32392
32388
32349
32404
32414
32505
32379
32495
32489
32411
32490
32355
32477
32416
32412
32449
32465
32375
32468
32428
32441
32435
32535
32494
32450
32416
32499
32504
32448
32413
32495
32561
32483
32382
32435
32414
32478
32485
32546
32489
32513
32482
32450
32409
32423
32438
32459
32399
32453
32465
32530
32403
32448
32414
32481
32485
32400
32341
32466
32537
32345
32420
32396
32477
32468
32424
32341
32501
32341
32500
32494
32492
32421
32516
32385
32406
32466
32358
32384
32477
32396
32348
32428
32433
32474
32493
32457
32362
32423
32381
32587
32361
32344
32467
32424
32406
32523
32459
32463
32503
32443
32403
32444
32420
32525
32478
32369
32420
32419
32497
32388
32409
32412
32490
32403
32434
32513
32458
32441
32389
32483
32501
32477
32446
32458
32453
32409
32319
32518
32418
32501
32420
32419
32451
32409
32387
32380
32448
32431
32418
32446
32411
32347
32287
32505
32460
32372
32445
32367
32390
32478
32421
32496
32534
32427
32476
32447
32364
32489
32460
32450
32386
32509
32428
32423
32402
32458
32452
32519
32436
32434
32344
32437
32506
32440
32351
32510
32462
32515
32349
32476
32442
32402
32368
32387
32389
32320
32386
32387
32505
32419
32482
32438
32368
32423
32465
32396
32451
32429
32432
32420
32421
32510
32373
32472
32383
32400
32440
32493
32429
32494
32388
32382
32466
32477
32357
32427
32368
32457
32298
32380
32397
32456
32359
32455
32435
32462
32441
32496
32344
32437
32360
32513
32338
32456
32325
32440
32463
32345
32442
32433
32419
32453
32415
32348
32442
32415
32439
32386
32440
32376
32425
32401
32407
32523
32436
32427
32497
32525
32292
32475
32400
32533
32487
32468
32386
32499
32358
32383
32473
32411
32428
32434
32455
32437
32475
32408
32413
32299
32341
32462
32476
32316
32398
32495
32347
32337
32413
32368
32454
32381
32404
32528
32362
32419
32488
32478
32425
32430
32394
32381
32415
32414
32448
32389
32490
32417
32431
32334
32461
32397
32515
32378
32371
32506
32419
32505
32440
32358
32530
32404
32403
32422
32328
32505
32406
32473
32440
32410
32445
32362
32425
32404
32508
32436
32460
32457
32436
32405
32363
32330
32259
32327
32482
32438
32499
32496
32449
32470
32421
32447
32412
32422
32419
32366
32519
32375
32346
32534
32365
32387
32523
32479
32430
32431
32403
32388
32407
32478
32388
32454
32461
32459
32358
32333
32431
32450
32479
32360
32426
32382
32382
32332
32505
32466
32439
32385
32462
32491
32478
32434
32458
32399
32418
32386
32428
32460
32436
32548
32348
32374
32497
32293
32517
32452
32473
32520
32383
32494
32411
32491
32402
32402
32363
32391
32395
32538
32463
32451
32439
32514
32434
32390
32436
32422
32403
32441
32420
32383
32464
32356
32512
32379
32514
32468
32489
32425
32498
32427
32396
32314
32389
32497
32401
32425
32507
32358
32434
32448
32530
32371
32530
32442
32380
32311
32398
32439
32329
32432
32376
32402
32461
32300
32394
32532
32400
32482
32368
32469
32415
32434
32522
32551
32392
32443
32422
32456
32466
32420
32424
32358
32457
32446
32449
32473
32544
32352
32444
32417
32386
32423
32426
32475
32456
32410
32408
32293
32389
32382
32440
32442
32345
32480
32370
32356
32446
32371
32517
32543
32470
32475
32385
32441
32499
32334
32350
32546
32434
32459
32445
32388
32464
32463
32450
32329
32384
32474
32540
32469
32393
32398
32409
32351
32528
32355
32418
32328
32395
32498
32422
32494
32344
32444
32434
32493
32421
32397
32469
32482
32433
32362
32454
32505
32460
32408
32520
32381
32470
32350
32484
32510
32382
32444
32439
32446
32395
32428
32387
32446
32517
32353
32427
32384
32352
32520
32376
32523
32507
32404
32519
32445
32377
32532
32452
32539
32306
32365
32420
32415
32453
32434
32454
32342
32414
32425
32436
32301
32485
32405
32501
32474
32431
32421
32333
32478
32468
32377
32357
32528
32466
32385
32352
32350
32481
32538
32490
32432
32477
32435
32374
32453
32453
32406
32430
32369
32450
32355
32337
32479
32434
32443
32391
32396
32436
32487
32467
32378
32537
32443
32366
32485
32511
32413
32454
32379
32347
32436
32501
32469
32342
32473
32469
32444
32495
32388
32338
32501
32407
32496
32399
32433
32475
32434
32446
32464
32412
32370
32371
32444
32422
32362
32392
32431
32430
32304
32479
32336
32424
32451
32418
32356
32410
32411
32487
32614
32474
32382
32488
32449
32351
32475
32372
32587
32434
32353
32384
32382
32390
32375
32402
32434
32530
32456
32356
32406
32458
32394
32434
32380
32409
32419
32352
32477
32362
32389
32424
32517
32414
32504
32387
32390
32472
32484
32371
32410
32346
32412
32410
32460
32474
32413
32414
32409
32295
32478
32481
32490
32318
32464
32456
32517
32503
32439
32338
32446
32398
32371
32416
32472
32385
32351
32556
32454
32466
32514
32447
32527
32352
32409
32322
32431
32417
32495
32372
32448
32439
32437
32468
32429
32463
32348
32469
32468
32464
32302
32440
32423
32426
32430
32389
32287
32467
32423
32412
32426
32389
32456
32456
32487
32402
32384
32423
32436
32374
32452
32506
32473
32372
32501
32386
32302
32438
32398
32326
32455
32407
32374
32309
32477
32361
32550
32484
32524
32384
32383
32405
32439
32352
32455
32430
32515
32362
32383
32360
32422
32440
32468
32415
32414
32411
32505
32412
32377
32488
32372
32532
32370
32387
32421
32354
32461
32510
32313
32399
32433
32465
32474
32355
32473
32344
32446
32484
32407
32475
32431
32483
32423
32487
32345
32449
32425
32518
32370
32394
32457
32422
32486
32514
32392
32424
32459
32428
32463
32479
32412
32517
32322
32368
32408
32413
32457
32526
32524
32378
32466
32296
32460
32483
32414
32487
32384
32460
32481
32472
32530
32454
32291
32390
32447
32418
32430
32336
32333
32412
32408
32428
32492
32439
32459
32361
32404
32450
32426
32396
32402
32435
32383
32389
32373
32348
32422
32440
32473
32418
32403
32418
32485
32415
32363
32382
32428
32454
32428
32354
32402
32410
32304
32485
32441
32408
32379
32440
32372
32387
32409
32367
32371
32423
32429
32426
32436
32483
32412
32420
32391
32412
32366
32387
32342
32402
32474
32436
32430
32481
32384
32512
32427
32376
32426
32411
32409
32402
32310
32421
32452
32491
32534
32466
32397
32453
32410
32457
32410
32476
32380
32431
32449
32495
32411
32443
32385
32508
32386
32390
32452
32499
32418
32442
32394
32475
32447
32381
32434
32404
32482
32446
32356
32371
32394
32414
32452
32422
32386
32447
32479
32359
32433
32404
32442
32485
32476
32376
32506
32384
32476
32442
32458
32391
32428
32373
32393
32488
32417
32436
32443
32427
32489
32446
32364
32529
32429
32439
32413
32400
32422
32454
32296
32346
32371
32410
32404
32446
32514
32482
32408
32373
32471
32418
32472
32309
32558
32413
32388
32403
32301
32471
32372
32512
32311
32350
32377
32378
32475
32451
32416
32394
32400
32477
32440
32537
32498
32379
32421
32372
32435
32347
32394
32447
32404
32475
32404
32441
32426
32487
32465
32426
32509
32480
32429
32368
32449
32393
32453
32363
32465
32300
32358
32439
32403
32465
32355
32291
32515
32354
32461
32386
32475
32384
32436
32381
32426
32423
32453
32389
32484
32458
32403
32366
32383
32455
32353
32526
32436
32512
32384
32336
32487
32339
32484
32382
32417
32446
32415
32467
32337
32412
32404
32500
32495
32346
32488
32511
32426
32467
32453
32388
32408
32420
32373
32378
32396
32458
32408
32414
32396
32325
32371
32426
32486
32483
32476
32374
32412
32354
32415
32384
32412
32445
32395
32487
32501
32442
32381
32364
32467
32472
32407
32416
32520
32357
32446
32474
32374
32313
32426
32398
32424
32474
32417
32380
32517
32438
32388
32449
32462
32472
32441
32491
32443
32477
32339
32541
32332
32443
32470
32343
32417
32421
32545
32471
32385
32518
32428
32390
32484
32353
32437
32434
32404
32434
32450
32486
32394
32425
32313
32435
32426
32515
32419
32414
32324
32454
32390
32504
32388
32417
32395
32466
32433
32307
32254
32372
32428
32498
32317
32420
32355
32401
32372
32440
32260
32432
32450
32437
32311
32421
32339
32436
32330
32338
32440
32464
32432
32378
32443
32467
32428
32439
32404
32407
32413
32373
32442
32407
32334
32302
32450
32468
32384
32507
32367
32531
32506
32274
32409
32428
32490
32348
32458
32469
32363
32455
32450
32503
32409
32377
32462
32438
32342
32382
32352
32405
32397
32449
32486
32333
32479
32329
32406
32402
32404
32407
32443
32397
32449
32389
32362
32401
32428
32498
32446
32454
32500
32414
32419
32370
32449
32411
32455
32363
32478
32488
32350
32490
32426
32426
32413
32449
32379
32484
32422
32494
32356
32508
32431
32399
32429
32381
32489
32405
32358
32516
32422
32463
32393
32413
32536
32380
32310
32432
32409
32449
32382
32425
32440
32477
32421
32328
32347
32393
32401
32487
32399
32544
32429
32369
32403
32426
32392
32447
32430
32451
32451
32339
32473
32449
32464
32522
32290
32497
32424
32419
32436
32476
32437
32485
32337
32357
32445
32498
32494
32382
32406
32410
32450
32478
32359
32380
32378
32385
32317
32466
32363
32339
32430
32445
32418
32380
32281
32344
32446
32349
32347
32416
32499
32479
32530
32368
32439
32465
32275
32329
32476
32402
32532
32496
32390
32375
32481
32430
32434
32364
32388
32474
32493
32526
32362
32413
32379
32383
32365
32429
32492
32386
32414
32475
32475
32433
32399
32307
32502
32478
32387
32353
32342
32370
32403
32459
32486
32555
32484
32439
32327
32463
32377
32503
32441
32357
32392
32510
32390
32299
32515
32392
32460
32423
32459
32468
32378
32487
32480
32441
32523
32347
32507
32441
32440
32317
32366
32411
32517
32434
32490
32321
32457
32487
32448
32356
32454
32435
32532
32571
32491
32402
32453
32434
32450
32392
32503
32441
32460
32427
32447
32405
32342
32318
32496
32527
32348
32401
32473
32389
32404
32394
32466
32438
32356
32486
32432
32487
32334
32399
32354
32417
32405
32495
32473
32449
32383
32329
32408
32276
32512
32412
32524
32510
32416
32313
32456
32374
32498
32374
32427
32467
32426
32390
32416
32506
32471
32384
32401
32339
32456
32369
32539
32412
32416
32447
32355
32432
32329
32447
32438
32292
32400
32497
32393
32377
32458
32523
32418
32431
32422
32438
32492
32445
32460
32412
32476
32418
32342
32405
32362
32435
32334
32462
32478
32458
32467
32496
32386
32454
32466
32416
32430
32443
32468
32370
32404
32386
32392
32336
32509
32410
32430
32431
32448
32358
32436
32439
32489
32334
32508
32375
32423
32465
32431
32517
32417
32473
32468
32417
32356
32354
32459
32405
32485
32456
32444
32343
32414
32567
32534
32361
32387
32527
32475
32456
32428
32488
32414
32466
32521
32347
32432
32386
32342
32417
32515
32398
32436
32475
32344
32572
32350
32429
32461
32396
32418
32387
32498
32411
32488
32336
32384
32342
32411
32383
32421
32394
32389
32488
32400
32399
32508
32428
32413
32326
32491
32362
32402
32490
32422
32490
32494
32407
32430
32368
32463
32383
32352
32439
32399
32528
32427
32406
32489
32442
32414
32531
32362
32571
32400
32505
32388
32417
32570
32387
32474
32406
32316
32487
32332
32438
32425
32519
32460
32442
32399
32444
32451
32386
32529
32480
32487
32462
32472
32353
32427
32365
32396
32322
32382
32354
32487
32394
32423
32398
32378
32503
32341
32418
32518
32447
32387
32391
32387
32443
32384
32421
32395
32489
32503
32485
32476
32400
32348
32413
32405
32484
32406
32409
32484
32469
32407
32413
32411
32419
32429
32296
32438
32331
32315
32458
32357
32359
32477
32410
32373
32457
32411
32417
32374
32436
32372
32427
32476
32424
32456
32319
32375
32500
32494
32362
32339
32502
32370
32318
32405
32465
32387
32443
32396
32490
32463
32574
32462
32415
32381
32370
32425
32365
32419
32519
32437
32440
32354
32521
32391
32477
32392
32544
32390
32372
32433
32462
32376
32435
32555
32336
32485
32384
32312
32411
32546
32458
32348
32439
32396
32430
32407
32458
32457
32415
32534
32407
32456
32484
32422
32482
32468
32456
32385
32332
32498
32465
32308
32357
32507
32323
32365
32424
32388
32384
32386
32438
32415
32385
32387
32423
32447
32436
32432
32338
32455
32454
32380
32433
32379
32455
32498
32426
32403
32549
32403
32518
32398
32364
32396
32463
32334
32386
32379
32506
32466
32336
32383
32420
32489
32395
32398
32447
32398
32307
32472
32412
32334
32501
32412
32381
32475
32556
32445
32518
32431
32446
32458
32381
32464
32406
32415
32390
32519
32477
32494
32472
32449
32369
32558
32446
32329
32410
32432
32326
32475
32382
32362
32445
32373
32432
32341
32411
32454
32465
32360
32433
32340
32389
32413
32467
32352
32321
32437
32361
32433
32429
32441
32498
32500
32473
32422
32451
32366
32485
32377
32337
32383
32422
32440
32365
32414
32480
32414
32395
32439
32310
32413
32492
32485
32494
32365
32405
32414
32483
32462
32425
32469
32460
32401
32382
32360
32419
32412
32466
32365
32506
32396
32518
32407
32438
32520
32391
32465
32401
32419
32499
32395
32426
32424
32456
32418
32446
32402
32400
32422
32403
32446
32469
32391
32432
32498
32495
32429
32420
32461
32384
32523
32471
32383
32381
32539
32477
32366
32389
32476
32510
32346
32406
32530
32328
32497
32398
32419
32380
32309
32477
32457
32340
32416
32411
32471
32441
32475
32330
32401
32445
32423
32363
32344
32382
32382
32487
32432
32314
32439
32449
32429
32431
32274
32429
32481
32356
32419
32437
32407
32380
32422
32335
32382
32366
32426
32416
32429
32405
32420
32459
32343
32383
32519
32398
32308
32412
32473
32440
32324
32402
32437
32462
32417
32448
32490
32358
32472
32427
32361
32400
32529
32502
32366
32409
32394
32432
32384
32366
32487
32462
32463
32403
32353
32435
32466
32422
32414
32355
32390
32436
32373
32368
32404
32446
32464
32375
32442
32326
32322
32410
32446
32404
32436
32416
32433
32429
32352
32509
32532
32505
32421
32366
32330
32396
32405
32390
32452
32436
32488
32441
32365
32350
32469
32407
32407
32484
32472
32392
32517
32485
32423
32447
32472
32387
32461
32362
32484
32445
32405
32375
32477
32476
32348
32389
32460
32414
32473
32342
32332
32373
32391
32437
32348
32458
32362
32495
32436
32410
32459
32402
32460
32446
32351
32361
32448
32468
32376
32417
32393
32420
32350
32414
32426
32490
32417
32520
32387
32406
32379
32374
32404
32357
32429
32554
32498
32452
32518
32444
32491
32488
32513
32397
32489
32558
32436
32339
32386
32526
32442
32351
32506
32402
32435
32491
32400
32451
32432
32541
32393
32466
32455
32381
32446
32511
32422
32419
32416
32399
32422
32537
32472
32362
32421
32485
32473
32538
32427
32394
32482
32385
32339
32408
32457
32444
32434
32373
32369
32380
32392
32435
32346
32376
32388
32469
32337
32431
32385
32362
32425
32414
32476
32412
32448
32434
32301
32400
32325
32345
32436
32482
32420
32373
32498
32372
32317
32355
32557
32435
32442
32403
32497
32442
32480
32387
32451
32518
32420
32374
32414
32428
32403
32428
32339
32495
32416
32486
32404
32393
32429
32349
32417
32414
32412
32364
32462
32460
32489
32440
32299
32394
32439
32452
32406
32402
32367
32398
32473
32513
32391
32490
32438
32461
32336
32514
32462
32432
32390
32370
32430
32392
32494
32458
32386
32309
32390
32436
32367
32336
32424
32436
32407
32503
32426
32544
32396
32392
32508
32414
32416
32389
32460
32436
32473
32387
32453
32388
32459
32482
32370
32434
32512
32402
32451
32485
32444
32449
32409
32413
32442
32424
32418
32383
32431
32433
32377
32486
32413
32419
32532
32433
32416
32378
32425
32337
32402
32390
32442
32482
32404
32490
32517
32422
32455
32465
32303
32475
32420
32492
32371
32454
32474
32312
32360
32466
32373
32376
32459
32448
32404
32517
32348
32427
32381
32424
32433
32317
32428
32398
32346
32386
32462
32506
32472
32425
32387
32491
32583
32436
32392
32367
32516
32380
32348
32508
32515
32336
32348
32486
32466
32446
32421
32451
32431
32414
32496
32353
32379
32373
32416
32388
32422
32507
32291
32490
32454
32397
32387
32434
32451
32394
32429
32405
32527
32423
32455
32446
32415
32385
32385
32483
32401
32443
32405
32345
32458
32396
32453
32355
32387
32500
32485
32499
32421
32410
32454
32502
32520
32436
32419
32400
32510
32520
32453
32443
32445
32408
32324
32510
32420
32366
32363
32467
32415
32413
32397
32413
32481
32324
32422
32415
32465
32491
32473
32404
32518
32478
32427
32427
32378
32557
32441
32390
32445
32474
32405
32489
32395
32405
32396
32381
32384
32438
32394
32471
32418
32444
32261
32327
32358
32496
32436
32470
32385
32392
32371
32396
32335
32434
32399
32400
32361
32501
32346
32412
32505
32444
32341
32421
32507
32468
32436
32267
32381
32415
32322
32450
32429
32500
32436
32409
32466
32384
32312
32453
32341
32297
32495
32377
32416
32349
32451
32533
32319
32432
32479
32448
32410
32514
32478
32420
32492
32424
32496
32479
32419
32429
32429
32527
32434
32377
32404
32394
32446
32471
32364
32420
32439
32515
32491
32407
32452
32374
32475
32530
32389
32360
32460
32457
32509
32386
32451
32450
32471
32481
32356
32444
32335
32360
32445
32461
32341
32454
32445
32458
32468
32458
32451
32529
32399
32506
32532
32461
32452
32378
32500
32369
32446
32408
32482
32426
32457
32429
32458
32431
32436
32557
32470
32432
32405
32362
32378
32437
32438
32449
32431
32447
32423
32498
32409
32455
32377
32405
32374
32375
32394
32437
32442
32431
32443
32424
32481
32443
32287
32436
32378
32448
32367
32371
32423
32479
32315
32457
32404
32413
32442
32499
32432
32393
32388
32482
32490
32399
32469
32418
32486
32523
32461
32504
32419
32474
32422
32356
32369
32447
32391
32453
32345
32393
32439
32366
32459
32456
32454
32435
32340
32417
32430
32390
32349
32450
32388
32390
32509
32415
32356
32323
32434
32441
32397
32371
32323
32441
32495
32447
32512
32404
32388
32312
32339
32456
32450
32483
32389
32411
32474
32380
32389
32338
32361
32483
32362
32477
32429
32466
32521
32493
32409
32389
32394
32371
32370
32466
32433
32538
32406
32355
32467
32398
32337
32464
32505
32416
32432
32497
32502
32431
32532
32365
32393
32442
32381
32357
32439
32380
32450
32468
32399
32383
32382
32402
32495
32324
32497
32431
32415
32482
32428
32475
32374
32453
32407
32351
32528
32422
32482
32505
32380
32472
32382
32446
32392
32382
32326
32416
32464
32354
32493
32413
32357
32429
32386
32457
32468
32382
32397
32490
32502
32347
32372
32439
32463
32458
32396
32355
32386
32465
32434
32436
32303
32404
32389
32386
32419
32535
32443
32445
32456
32450
32427
32433
32457
32384
32406
32494
32452
32406
32275
32453
32420
32538
32418
32426
32498
32445
32405
32437
32508
32435
32406
32451
32449
32450
32483
32414
32404
32471
32373
32484
32417
32340
32447
32389
32445
32387
32468
32440
32339
32344
32411
32396
32369
32357
32410
32442
32526
32390
32366
32398
32516
32391
32418
32369
32321
32281
32356
32362
32397
32317
32349
32431
32450
32403
32435
32344
32409
32392
32422
32361
32529
32481
32449
32398
32537
32341
32451
32360
32373
32417
32507
32404
32359
32482
32389
32479
32512
32385
32487
32328
32419
32456
32446
32443
32415
32390
32338
32407
32448
32354
32352
32454
32577
32444
32481
32343
32360
32526
32482
32464
32359
32455
32382
32414
32416
32427
32459
32461
32398
32321
32428
32421
32473
32479
32553
32412
32412
32411
32435
32383
32367
32471
32377
32375
32357
32562
32446
32524
32372
32479
32392
32350
32378
32430
32413
32394
32373
32475
32396
32415
32495
32471
32286
32394
32381
32487
32438
32329
32469
32408
32286
32381
32488
32393
32486
32449
32409
32393
32399
32294
32487
32400
32354
32467
32459
32414
32485
32437
32452
32407
32374
32448
32440
32464
32456
32425
32447
32507
32348
32397
32533
32404
32413
32383
32465
32405
32465
32539
32403
32401
32485
32401
32366
32494
32474
32473
32340
32362
32415
32366
32423
32436
32415
32330
32386
32392
32464
32332
32325
32364
32442
32400
32490
32449
32471
32450
32405
32434
32385
32406
32391
32376
32362
32390
32446
32499
32449
32464
32404
32378
32376
32409
32348
32463
32472
32423
32367
32391
32466
32437
32416
32383
32427
32423
32394
32411
32496
32402
32458
32449
32447
32391
32396
32514
32345
32411
32425
32374
32363
32476
32486
32391
32347
32494
32460
32412
32497
32374
32461
32369
32410
32458
32511
32470
32414
32360
32492
32426
32456
32561
32410
32414
32344
32377
32425
32500
32542
32382
32360
32435
32406
32384
32399
32264
32465
32404
32427
32329
32395
32379
32457
32435
32400
32356
32409
32535
32438
32372
32370
32418
32384
32428
32414
32432
32356
32381
32381
32476
32491
32387
32360
32481
32378
32403
32426
32470
32381
32369
32438
32403
32476
32425
32314
32489
32357
32505
32436
32415
32399
32345
32445
32504
32358
32348
32446
32417
32348
32513
32415
32318
32370
32490
32415
32444
32415
32391
32450
32341
32458
32398
32507
32473
32422
32384
32473
32360
32416
32398
32335
32422
32497
32354
32399
32387
32436
32487
32328
32339
32417
32388
32432
32401
32382
32430
32447
32365
32468
32282
32515
32292
32431
32424
32440
32503
32389
32421
32365
32450
32327
32335
32465
32332
32423
32447
32486
32383
32444
32498
32496
32374
32319
32436
32388
32424
32498
32381
32406
32394
32452
32477
32448
32408
32458
32445
32397
32521
32516
32412
32393
32419
32518
32480
32321
32406
32438
32414
32400
32348
32446
32428
32388
32499
32397
32456
32385
32469
32413
32362
32401
32437
32456
32357
32347
32431
32419
32460
32441
32351
32380
32363
32478
32319
32466
32469
32411
32443
32443
32491
32410
32508
32387
32326
32394
32507
32478
32465
32441
32342
32350
32343
32356
32462
32378
32406
32349
32408
32343
32492
32457
32386
32470
32390
32448
32359
32417
32468
32421
32497
32355
32392
32398
32478
32445
32454
32377
32361
32437
32432
32343
32405
32474
32346
32439
32354
32459
32393
32372
32463
32387
32400
32440
32485
32455
32377
32336
32483
32415
32442
32375
32353
32338
32508
32407
32414
32352
32336
32395
32312
32439
32489
32350
32407
32342
32486
32460
32411
32469
32410
32508
32484
32384
32524
32495
32400
32382
32477
32443
32422
32425
32428
32450
32472
32469
32356
32421
32461
32440
32464
32410
32352
32341
32424
32472
32287
32468
32334
32452
32416
32381
32471
32411
32391
32494
32390
32398
32485
32418
32457
32372
32430
32384
32468
32337
32367
32413
32390
32435
32375
32476
32410
32424
32297
32427
32498
32445
32350
32438
32282
32413
32499
32499
32345
32340
32446
32414
32410
32486
32406
32388
32441
32422
32352
32422
32462
32444
32445
32426
32470
32416
32421
32441
32508
32446
32486
32430
32409
32502
32426
32510
32402
32559
32382
32337
32465
32545
32474
32455
32427
32441
32421
32427
32405
32427
32410
32494
32409
32457
32421
32449
32487
32476
32404
32377
32413
32334
32505
32398
32415
32271
32453
32453
32344
32432
32457
32408
32448
32411
32363
32465
32461
32366
32326
32487
32447
32460
32480
32430
32484
32445
32394
32404
32344
32314
32460
32395
32349
32452
32413
32496
32435
32315
32462
32450
32411
32378
32422
32446
32515
32429
32397
32502
32375
32478
32426
32446
32390
32432
32472
32533
32494
32457
32309
32440
32416
32344
32364
32413
32354
32516
32344
32413
32500
32437
32410
32447
32457
32513
32437
32385
32409
32485
32450
32449
32394
32407
32504
32359
32514
32435
32438
32473
32401
32395
32404
32350
32432
32397
32484
32436
32453
32307
32519
32314
32396
32498
32497
32402
32431
32467
32468
32324
32460
32336
32429
32378
32456
32329
32505
32354
32491
32397
32468
32468
32500
32385
32421
32351
32375
32447
32425
32413
32432
32393
32421
32448
32422
32370
32284
32360
32338
32454
32440
32343
32487
32424
32417
32410
32330
32475
32453
32466
32433
32375
32521
32393
32525
32379
32398
32379
32372
32422
32465
32463
32394
32418
32323
32563
32407
32366
32384
32390
32260
32409
32425
32419
32477
32454
32426
32451
32441
32487
32342
32459
32407
32359
32475
32447
32385
32301
32487
32493
32332
32493
32461
32378
32416
32369
32427
32498
32458
32422
32520
32500
32413
32410
32527
32462
32398
32569
32463
32400
32403
32419
32496
32404
32433
32415
32487
32348
32436
32362
32369
32439
32374
32518
32327
32393
32503
32447
32338
32430
32432
32491
32375
32452
32336
32477
32303
32508
32427
32523
32384
32340
32414
32422
32429
32457
32324
32450
32449
32436
32513
32339
32483
32450
32504
32341
32446
32367
32502
32423
32369
32528
32480
32403
32508
32449
32511
32382
32484
32400
32502
32367
32458
32494
32389
32411
32390
32361
32420
32513
32382
32472
32392
32376
32392
32440
32499
32390
32428
32432
32356
32399
32377
32434
32398
32505
32444
32329
32514
32393
32429
32367
32458
32444
32471
32470
32445
32487
32363
32422
32540
32472
32398
32310
32427
32486
32409
32326
32455
32470
32383
32488
32384
32474
32453
32358
32447
32501
32337
32376
32421
32408
32552
32461
32414
32406
32378
32451
32442
32444
32435
32448
32451
32414
32488
32357
32464
32472
32485
32481
32464
32409
32363
32514
32345
32540
32494
32521
32450
32412
32368
32394
32491
32410
32526
32363
32400
32492
32394
32430
32452
32384
32521
32532
32375
32484
32435
32389
32431
32386
32356
32440
32406
32502
32447
32489
32400
32428
32426
32406
32423
32497
32427
32333
32408
32474
32448
32486
32429
32378
32463
32384
32481
32410
32421
32515
32532
32385
32352
32492
32357
32384
32412
32455
32431
32488
32408
32471
32335
32461
32417
32543
32428
32511
32388
32383
32332
32426
32506
32363
32443
32386
32462
32418
32310
32398
32377
32475
32470
32334
32336
32360
32483
32478
32514
32432
32424
32430
32420
32465
32457
32518
32460
32578
32479
32449
32372
32435
32419
32388
32493
32451
32453
32340
32345
32402
32352
32441
32535
32439
32376
32305
32420
32458
32398
32440
32480
32445
32491
32442
32336
32531
32432
32489
32312
32389
32327
32397
32484
32381
32409
32524
32360
32504
32370
32429
32405
32432
32548
32393
32433
32394
32434
32350
32514
32489
32447
32424
32472
32479
32386
32441
32382
32512
32376
32340
32420
32414
32455
32340
32436
32438
32340
32472
32432
32355
32504
32305
32404
32488
32347
32506
32369
32421
32378
32430
32467
32456
32478
32483
32448
32453
32347
32413
32314
32505
32449
32292
32473
32332
32480
32480
32521
32393
32501
32386
32472
32379
32464
32457
32373
32422
32440
32386
32426
32403
32397
32474
32432
32486
32443
32382
32523
32345
32398
32412
32427
32424
32441
32390
32372
32392
32283
32352
32400
32452
32510
32515
32438
32335
32476
32449
32460
32492
32359
32419
32445
32490
32366
32404
32399
32336
32487
32367
32442
32411
32498
32470
32362
32496
32369
32490
32440
32504
32334
32400
32335
32366
32394
32436
32442
32404
32474
32513
32412
32473
32564
32523
32312
32353
32397
32448
32404
32356
32516
32374
32337
32362
32431
32469
32479
32458
32457
32410
32362
32382
32330
32400
32429
32405
32488
32370
32486
32379
32457
32503
32351
32401
32528
32448
32586
32506
32426
32408
32513
32466
32518
32416
32511
32450
32364
32417
32447
32482
32435
32421
32472
32437
32376
32386
32286
32490
32430
32401
32400
32469
32492
32393
32523
32527
32477
32410
32445
32417
32424
32356
32350
32413
32408
32351
32457
32489
32390
32480
32499
32400
32293
32419
32449
32433
32446
32370
32526
32436
32363
32326
32487
32417
32452
32472
32397
32405
32338
32486
32430
32485
32379
32387
32368
32499
32395
32393
32386
32432
32352
32328
32345
32370
32471
32485
32465
32528
32436
32474
32406
32434
32390
32376
32437
32495
32438
32392
32384
32373
32439
32410
32500
32312
32419
32507
32470
32459
32341
32442
32390
32464
32388
32410
32507
32452
32379
32420
32546
32495
32474
32363
32522
32456
32387
32388
32503
32460
32410
32496
32421
32484
32377
32445
32399
32463
32412
32427
32498
32357
32396
32462
32387
32394
32350
32489
32399
32422
32460
32428
32469
32468
32378
32484
32417
32394
32336
32396
32445
32361
32461
32446
32546
32474
32421
32433
32393
32407
32269
32464
32414
32359
32385
32365
32420
32334
32423
32418
32422
32504
32510
32414
32402
32413
32495
32457
32487
32558
32413
32306
32500
32389
32415
32489
32321
32442
32445
32328
32468
32550
32453
32364
32411
32470
32381
32350
32466
32370
32454
32340
32494
32470
32434
32451
32524
32336
32333
32358
32456
32415
32441
32368
32374
32341
32378
32440
32377
32430
32430
32447
32435
32400
32478
32478
32501
32376
32469
32417
32461
32424
32454
32421
32394
32370
32440
32408
32512
32436
32458
32495
32441
32394
32469
32466
32421
32492
32487
32442
32345
32367
32505
32344
32409
32498
32318
32437
32529
32449
32450
32427
32384
32498
32332
32437
32453
32396
32325
32478
32398
32462
32461
32451
32368
32427
32426
32394
32418
32404
32425
32449
32399
32451
32435
32444
32430
32354
32400
32369
32483
32437
32393
32386
32472
32461
32468
32303
32415
32443
32364
32453
32353
32385
32467
32477
32426
32417
32506
32469
32407
32404
32474
32527
32325
32492
32405
32363
32446
32419
32554
32327
32400
32438
32368
32526
32405
32350
32430
32439
32324
32476
32425
32391
32380
32466
32450
32497
32499
32414
32318
32472
32370
32466
32392
32470
32362
32345
32491
32511
32396
32396
32396
32396
32396
32396
32396
32396
32396
32396
32396
32396
32396
32396
32396
32396
32396
32396
32396
32396
32396
32396
32396
32396
32396
32396
