9910
95318
95790
95898
95558
95583
95525
95865
95856
95961
95813
95581
95418
95864
95828
95881
95896
95732
95503
95479
95846
95722
95645
95446
95728
95439
95530
95722
95940
95412
95618
95792
95855
95389
95819
95440
95657
95521
95760
95890
95534
95638
95849
95897
95502
95912
95769
95539
95839
95998
95771
95869
95476
95806
95381
95528
95829
95652
95555
95829
95492
95884
95419
95823
95838
95457
95884
95768
95477
95826
95486
95551
95714
95680
95467
95705
95422
95843
95790
95381
95855
95545
95820
95533
95631
95564
95885
95602
95387
95721
95569
95665
95828
95746
95852
95513
95866
95733
95444
95740
95490
95865
95612
95538
95568
95689
95520
95502
95627
95413
95612
95786
95548
95578
95821
95580
95528
95758
95557
95675
95511
95507
95777
95650
95564
95613
95344
95540
95641
95492
95842
95352
95832
95435
95637
95583
95412
95817
95768
95406
95559
95548
95508
95845
95506
95855
95542
95661
95602
95518
95813
95463
95829
95772
95726
95449
95842
95359
95907
95559
95613
95381
95649
95712
95904
95569
95850
95443
95373
95486
95437
95711
95748
95529
95410
95830
95632
95837
95570
95735
95327
95614
95757
95788
95590
95627
95889
95851
95508
95592
95750
95472
95345
95481
95703
95668
95631
95490
95343
95654
95626
95506
95839
95457
95532
95729
95526
95565
95867
95778
95928
95807
95686
95660
95814
95527
95455
95516
95754
95364
95540
95835
95846
95566
95466
95582
95528
95779
95421
95604
95489
95861
95883
95553
95444
95735
95515
95476
95432
95440
95475
95693
95778
95812
95504
95540
95810
95752
95687
95807
95478
95430
95630
95625
95396
95583
95873
95574
95477
95484
95551
95863
95555
95407
95709
95675
95860
95392
95453
95651
95816
95413
95381
95384
95720
95456
95798
95481
95620
95483
95564
95647
95800
95581
95573
95837
95802
95356
95342
95403
95347
95750
95795
95613
95499
95437
95384
95619
95463
95734
95701
95574
95455
95821
95653
95738
95361
95615
95571
95451
95584
95560
95464
95648
95728
95917
95399
95820
95681
95383
95364
95512
95373
95411
95664
95646
95333
95390
95550
95847
95851
95534
95765
95379
95368
95394
95468
95876
95413
95705
95902
95758
95784
95533
95848
95425
95727
95778
95405
95772
95603
95715
95515
95406
95778
95740
95767
95521
95501
95337
95821
95396
95784
95410
95361
95375
95776
95336
95615
95788
95452
95581
95345
95415
95464
95589
95498
95460
95597
95797
95812
95409
95420
95830
95332
95432
95390
95483
95767
95520
95596
95387
95600
95462
95458
95514
95475
95395
95336
95318
95427
95733
95549
95366
95396
95775
95492
95348
95806
95798
95376
95478
95339
95648
95423
95587
95415
95464
95559
95395
95771
95498
95476
95354
95335
95380
95521
95580
95554
95837
95878
95857
95357
95418
95684
95847
95911
95446
95742
95826
95511
95462
95780
95689
95589
95518
95404
95353
95667
95369
95369
95328
95359
95554
95454
95700
95822
95423
95690
95639
95479
95330
95347
95427
95404
95590
95605
95350
95433
95330
95366
95669
95902
95562
95511
95398
95657
95758
95767
95360
95508
95382
95835
95726
95520
95407
95543
95766
95699
95350
95794
95658
95860
95555
95639
95698
95531
95526
95758
95606
95666
95892
95831
95332
95414
95404
95515
95323
95313
95414
95345
95375
95378
95791
95564
95565
95587
95761
95796
95529
95660
95687
95681
95743
95774
95505
95504
95603
95383
95765
95376
95452
95591
95341
95525
95492
95558
95694
95732
95816
95429
95827
95834
95464
95565
95752
95718
95389
95788
95789
95669
95797
95717
95549
95621
95767
95881
95377
95462
95461
95581
95840
95377
95359
95378
95732
95806
95418
95702
95527
95757
95753
95936
95812
95998
95773
95662
95777
95777
95355
95436
95618
95873
95558
95554
95800
95832
95900
95810
95610
95595
95402
95879
95758
95850
95917
95616
95564
95830
95615
95671
95832
95489
95691
95834
95896
95821
95686
95525
95503
95802
95702
95642
95723
95864
95799
95841
95743
95903
95837
95504
95736
95462
95445
95355
95428
95379
95841
95938
95890
95743
95921
95763
95606
95885
95814
95518
95760
95791
95834
95717
95728
95564
95684
95856
95614
95660
95712
95667
95379
95384
95391
95791
95827
95798
95878
95778
95450
95701
95826
95869
95902
95697
95719
95521
95783
95648
95522
95387
95795
95733
95774
95412
95662
95454
95894
95683
95792
95491
95496
95683
95664
95790
95719
95784
95810
95481
95603
95811
95641
95615
95669
95866
95470
95815
95876
95893
95759
95862
95773
95482
95535
95768
95667
95481
95346
95587
95536
95478
95474
95744
95599
95683
95614
95664
95546
95301
95779
95689
95754
95789
95691
95783
95551
95658
95833
95821
95610
95471
95446
95546
95291
95589
95305
95715
95368
95787
95807
95621
95565
95547
95554
95374
95630
95514
95677
95554
95739
95676
95486
95704
95762
95613
95744
95785
95873
95598
95573
95500
95399
95701
95843
95836
95856
95414
95765
95885
95794
95544
95387
95707
95769
95679
95815
95471
95610
95735
95503
95844
95785
95587
95764
95768
95768
95852
95770
95577
95810
95864
95808
95654
95689
95927
95805
95825
95780
95790
95485
95527
95487
95490
95765
95530
95477
95713
95781
95566
95430
95872
95741
95786
95733
95732
95662
95473
95575
95476
95460
95754
95421
95480
95703
95884
95671
95553
95564
95389
95760
95611
95878
95408
95423
95832
95792
95459
95441
95831
95612
95510
95442
95641
95684
95736
95704
95802
95789
95794
95845
95875
95423
95611
95660
95433
95655
95692
95493
95895
95458
95529
95673
95800
95789
95841
95823
95841
95886
95777
95794
95449
95856
95660
95846
95890
95599
95449
95743
95845
95889
95570
95911
95542
95567
95429
95879
95631
95871
95478
95745
95735
95878
95722
95353
95644
95750
95842
95826
95900
95794
95759
95871
95845
95646
95821
95738
95674
95560
95382
95788
95821
95800
95571
95493
95468
95473
95832
95843
95537
95438
95449
95811
95798
95771
95765
95687
95760
95813
95665
95668
95544
95308
95782
95784
95675
95680
95532
95848
95681
95473
95765
95869
95762
95840
95793
95839
95719
95736
95451
95531
95468
95646
95646
95453
95876
95784
95358
95900
95495
95572
95680
95627
95907
95502
95746
95633
95389
95705
95468
95739
95753
95824
95782
95791
95607
95471
95336
95782
95358
95356
95565
95786
95818
95777
95797
95692
95731
95679
95432
95451
95867
95814
95624
95388
95462
95778
95671
95797
95817
95678
95639
95398
95431
95434
95804
95776
95845
95780
95766
95529
95430
95588
95869
95429
95550
95345
95570
95409
95812
95689
95764
95366
95744
95733
95774
95863
95780
95842
95797
95550
95431
95555
95421
95425
95414
95360
95518
95789
95569
95455
95424
95570
95740
95506
95390
95781
95779
95725
95430
95416
95702
95911
95832
95694
95822
95538
95581
95458
95693
95367
95743
95790
95679
95444
95699
95960
95607
95548
95578
95447
95793
95807
95717
95661
95580
95390
95654
95892
95679
95879
95522
95839
95814
95918
95805
95372
95630
95784
95769
95462
95681
95764
95692
95532
95857
95852
95800
95726
95517
95607
95833
95517
95490
95642
95882
95936
95859
95715
95439
95836
95624
95457
95737
95547
95978
95794
95720
95469
95850
95642
95516
95812
95835
95806
95801
95817
95882
95775
95827
95613
95366
95773
95568
95858
95806
95444
95647
95677
95858
95826
95538
95897
95861
95620
95386
95479
95740
95666
95848
95832
95876
95813
95918
95902
95920
95775
95842
95513
95626
95560
95388
95428
95788
95936
95892
95680
95512
95811
95756
95655
95432
95679
95980
95784
95612
95426
95597
95917
95810
95797
95604
95383
95716
95836
95898
95710
95860
95833
95867
95700
95757
95360
95371
95728
95882
95746
95532
95355
95854
95714
95730
95803
95818
95559
95374
95598
95476
95816
95714
95369
95513
95791
95716
95792
95675
95440
95837
95786
95752
95593
95365
95793
95642
95718
95564
95639
95937
95832
95468
95724
95796
95852
95732
95812
95822
95550
95777
95722
95609
95426
95626
95755
95836
95682
95520
95795
95949
95830
95751
95861
95756
95637
95825
95869
95789
95450
95450
95832
95595
95917
95636
95698
95342
95806
95946
95901
95753
95511
95432
95782
95389
95699
95681
95445
95858
95369
95853
95506
95798
95379
95816
95753
95698
95482
95426
95701
95410
95830
95556
95854
95742
95604
95833
95892
95766
95383
95842
95851
95716
95728
95555
95679
95436
95880
95611
95533
95837
95597
95611
95401
95911
95679
95863
95350
95867
95775
95727
95550
95382
95766
95848
95902
95633
95547
95603
95899
95734
95837
95932
95519
95574
95455
95780
95846
95713
95729
95767
95982
95970
95777
95551
95539
95848
95680
95398
95810
95718
95707
95620
95611
95521
95538
95723
95831
95873
95522
95861
95730
95396
95717
95668
95750
95382
95700
95389
95837
95810
95594
95865
95835
95665
95391
95680
95924
95790
95856
95811
95525
95557
95377
95607
95675
95750
95742
95874
95829
95792
95759
95674
95507
95471
95773
95672
95420
95812
95894
95816
95841
95617
95514
95414
95764
95639
95707
95714
95422
95480
95873
95741
95357
95759
95527
95479
95782
95635
95654
95475
95543
95392
95895
95801
95823
95886
95743
95779
95866
95846
95504
95526
95908
95818
95755
95632
95451
95829
95859
95841
95791
95609
95879
95795
95859
95633
95580
95404
95791
95607
95826
95509
95906
95832
95744
95693
95408
95791
95496
95770
95798
95806
95508
95773
95940
95763
95821
95780
95739
95775
95881
95849
95611
95418
95496
95742
95803
95905
95834
95426
95482
95397
95468
95613
95711
95536
95827
95835
95771
95607
95497
95401
95756
95345
95705
95721
95273
95636
95376
95357
95760
95720
95243
95775
95841
95747
95788
95676
95527
95286
95454
95466
95644
95391
95610
95733
95404
95735
95345
95655
95356
95627
95717
95458
95559
95631
95671
95362
95788
95754
95695
95683
95292
95671
95771
95808
95639
95552
95411
95687
95711
95365
95329
95514
95805
95671
95568
95382
95343
95841
95627
95479
95756
95737
95686
95781
95866
95310
95771
95681
95778
95818
95762
95675
95642
95341
95780
95851
95638
95493
95810
95886
95512
95713
95767
95863
95621
95511
95507
95411
95835
95591
95664
95404
95795
95668
95520
95463
95597
95555
95310
95767
95668
95383
95566
95700
95479
95750
95417
95415
95691
95745
95556
95571
95777
95632
95354
95266
95373
95392
95749
95627
95807
95653
95364
95676
95546
95429
95793
95823
95850
95818
95813
95383
95607
95396
95815
95876
95857
95784
95505
95717
95734
95761
95474
95356
95832
95353
95532
95800
95726
95566
95368
95796
95760
95665
95497
95810
95872
95629
95410
95838
95481
95776
95789
95644
95481
95496
95784
95933
95542
95439
95707
95691
95448
95717
95768
95416
95561
95724
95729
95484
95726
95779
95837
95653
95312
95641
95540
95798
95605
95545
95568
95574
95664
95393
95435
95809
95802
95827
95797
95813
95703
95398
95559
95778
95838
95821
95507
95553
95770
95478
95850
95771
95769
95350
95655
95729
95503
95373
95827
95468
95463
95720
95754
95710
95760
95715
95784
95634
95482
95420
95400
95776
95437
95357
95760
95750
95525
95344
95435
95683
95821
95869
95596
95699
95577
95610
95785
95500
95831
95427
95821
95855
95791
95842
95893
95725
95402
95781
95457
95747
95830
95817
95452
95890
95810
95484
95610
95826
95729
95626
95551
95441
95842
95829
95845
95814
95604
95458
95840
95674
95350
95528
95462
95531
95742
95832
95466
95711
95743
95553
95483
95727
95527
95594
95877
95895
95831
95759
95511
95858
95412
95479
95459
95642
95810
95911
95821
95644
95459
95586
95531
95834
95825
95885
95515
95788
95644
95473
95770
95833
95551
95393
95815
95809
95736
95438
95747
95876
95834
95612
95797
95579
95330
95758
95696
95834
95596
95407
95433
95634
95379
95405
95748
95776
95819
95832
95691
95572
95450
95485
95801
95712
95524
95841
95948
95877
95488
95851
95794
95750
95687
95654
95399
95632
95874
95825
95713
95440
95849
95588
95432
95735
95826
95790
95757
95843
95599
95509
95548
95500
95535
95641
95401
95797
95453
95483
95462
95439
95519
95422
95721
95587
95827
95583
95649
95793
95748
95262
95825
95706
95811
95552
95519
95678
95414
95834
95799
95720
95857
95763
95588
95427
95803
95801
95594
95685
95522
95445
95813
95595
95834
95879
95548
95459
95796
95459
95833
95691
95673
95646
95709
95923
95716
95406
95434
95496
95770
95757
95720
95525
95397
95599
95836
95723
95825
95670
95439
95798
95535
95447
95371
95796
95735
95382
95838
95801
95393
95394
95748
95456
95469
95729
95910
95494
95484
95820
95467
95487
95689
95703
95401
95691
95508
95362
95805
95787
95654
95374
95771
95758
95860
95817
95527
95559
95681
95702
95464
95572
95767
95825
95695
95418
95778
95764
95573
95460
95524
95633
95789
95841
95518
95801
95837
95746
95613
95449
95302
95800
95613
95591
95618
95343
95524
95316
95826
95732
95527
95596
95742
95462
95379
95418
95582
95795
95559
95430
95797
95866
95831
95460
95634
95444
95749
95587
95448
95659
95805
95639
95418
95612
95774
95547
95781
95904
95818
95930
95753
95399
95474
95377
95830
95891
95508
95574
95750
95761
95514
95402
95542
95364
95812
95557
95644
95572
95438
95703
95823
95461
95814
95699
95354
95661
95868
95402
95511
95694
95787
95880
95648
95509
95356
95695
95810
95669
95531
95908
95828
95770
95709
95676
95768
95592
95401
95533
95475
95375
95777
95762
95503
95387
95778
95848
95406
95756
95805
95815
95698
95872
95497
95398
95855
95698
95821
95682
95586
95819
95858
95788
95825
95532
95780
95968
95811
95732
95870
95729
95787
95505
95762
95823
95516
95379
95824
95783
95562
95366
95846
95870
95476
95705
95647
95437
95812
95777
95857
95807
95577
95372
95795
95926
95837
95544
95478
95825
95762
95755
95891
95806
95918
95890
95497
95716
95782
95760
95484
95784
95438
95696
95499
95613
95724
95362
95573
95354
95807
95375
95777
95445
95843
95584
95597
95579
95792
95732
95712
95676
95522
95702
95522
95775
95777
95626
95447
95826
95532
95389
95645
95809
95687
95442
95823
95890
95573
95823
95537
95762
95726
95678
95472
95576
95788
95594
95325
95803
95671
95424
95741
95582
95849
95591
95598
95476
95858
95869
95841
95503
95541
95592
95621
95392
95343
95456
95832
95566
95353
95815
95527
95735
95412
95588
95428
95611
95511
95844
95763
95308
95764
95815
95803
95628
95672
95825
95765
95732
95409
95439
95739
95381
95771
95812
95519
95440
95842
95675
95487
95403
95805
95808
95728
95843
95796
95580
95429
95573
95549
95847
95873
95608
95399
95654
95371
95643
95844
95543
95405
95466
95341
95739
95813
95789
95801
95661
95498
95413
95511
95485
95470
95812
95583
95503
95697
95701
95402
95834
95675
95618
95392
95705
95636
95461
95417
95545
95794
95325
95543
95517
95784
95788
95807
95682
95591
95321
95811
95771
95794
95299
95554
95390
95554
95650
95783
95871
95843
95818
95435
95523
95527
95710
95780
95375
95396
95728
95383
95612
95409
95770
95842
95792
95831
95420
95774
95565
95853
95881
95769
95735
95438
95826
95764
95780
95856
95676
95721
95457
95746
95394
95760
95371
95604
95893
95784
95702
95651
95539
95343
95579
95830
95611
95748
95297
95769
95861
95650
95356
95773
95750
95697
95446
95448
95574
95787
95834
95508
95466
95639
95492
95655
95565
95801
95540
95781
95376
95490
95711
95368
95820
95799
95404
95443
95707
95764
95801
95561
95377
95740
95563
95400
95624
95515
95385
95443
95777
95649
95836
95821
95885
95814
95515
95817
95800
95872
95516
95414
95783
95742
95716
95822
95365
95768
95680
95730
95610
95795
95562
95513
95427
95610
95561
95816
95868
95543
95387
95353
95808
95741
95634
95452
95787
95864
95655
95779
95636
95581
95806
95700
95838
95779
95473
95648
95437
95716
95816
95729
95800
95773
95812
95661
95404
95735
95578
95461
95401
95431
95800
95710
95699
95611
95627
95358
95763
95777
95722
95822
95811
95775
95393
95739
95404
95755
95772
95781
95715
95740
95635
95776
95416
95776
95789
95800
95766
95527
95448
95683
95823
95768
95609
95351
95727
95785
95591
95385
95606
95727
95799
95801
95734
95821
95336
95389
95375
95449
95705
95394
95752
95758
95702
95452
95834
95720
95688
95649
95533
95435
95829
95783
95821
95805
95947
95521
95404
95665
95456
95370
95835
95573
95431
95825
95806
95814
95877
95821
95592
95391
95622
95794
95706
95632
95416
95509
95736
95503
95645
95578
95729
95857
95728
95740
95547
95376
95809
95420
95719
95785
95797
95814
95397
95459
95628
95384
95834
95691
95461
95397
95605
95311
95731
95433
95408
95728
95743
95698
95596
95348
95538
95332
95530
95809
95762
95427
95676
95699
95370
95592
95442
95444
95710
95496
95497
95478
95838
95707
95559
95556
95348
95858
95774
95855
95732
95788
95895
95876
95825
95812
95389
95726
95549
95580
95810
95456
95753
95792
95915
95830
95529
95456
95814
95825
95567
95798
95796
95742
95669
95690
95738
95408
95820
95475
95539
95823
95873
95538
95628
95804
95390
95631
95607
95513
95485
95793
95845
95871
95553
95824
95885
95714
95856
95839
95712
95416
95522
95488
95683
95600
95627
95828
95870
95850
95922
95514
95359
95565
95783
95731
95784
95874
95809
95791
95540
95626
95557
95300
95739
95716
95435
95568
95566
95777
95799
95863
95437
95484
95664
95487
95581
95787
95507
95773
95562
95499
95792
95743
95696
95592
95545
95475
95506
95469
95737
95889
95767
95869
95678
95484
95794
95731
95625
95496
95567
95777
95653
95503
95658
95807
95868
95770
95839
95905
95768
95885
95905
95936
95440
95530
95384
95635
95511
95790
95434
95431
95801
95766
95378
95385
95704
95778
95786
95682
95684
95724
95799
95347
95763
95763
95455
95857
95666
95477
95667
95873
95488
95379
95400
95839
95732
95331
95828
95577
95327
95786
95453
95576
95624
95401
95869
95656
95489
95774
95815
95586
95780
95832
95562
95352
95447
95806
95660
95439
95769
95821
95531
95564
95740
95573
95435
95548
95788
95771
95725
95792
95823
95743
95418
95692
95781
95495
95795
95742
95344
95571
95841
95715
95777
95901
95835
95451
95889
95805
95871
95751
95655
95634
95514
95383
95781
95431
95870
95815
95749
95848
95634
95609
95884
95903
95681
95445
95636
95593
95767
95764
95900
95501
95670
95882
95825
95911
95496
95437
95869
95862
95648
95844
95752
95793
95829
95891
95887
95751
95638
95384
95841
95857
95453
95849
95794
95855
95871
95758
95535
95764
95813
95770
95893
95837
95658
95393
95750
95745
95797
95611
95351
95625
95414
95812
95583
95501
95825
95776
95477
95623
95765
95758
95502
95858
95821
95740
95529
95609
95418
95620
95900
95683
95512
95714
95499
95703
95737
95819
95737
95756
95483
95451
95604
95348
95815
95813
95864
95658
95340
95709
95489
95485
95676
95517
95512
95626
95905
95637
95527
95872
95739
95824
95639
95371
95763
95470
95864
95676
95454
95732
95568
95419
95422
95424
95747
95821
95723
95609
95582
95743
95513
95428
95784
95829
95493
95441
95750
95890
95743
95651
95573
95402
95746
95716
95826
95784
95521
95422
95571
95355
95523
95313
95776
95729
95764
95898
95511
95789
95579
95307
95786
95631
95339
95802
95760
95654
95798
95454
95818
95822
95790
95836
95778
95684
95461
95476
95645
95778
95619
95721
95735
95758
95389
95653
95665
95845
95482
95708
95818
95282
95699
95519
95431
95715
95642
95511
95450
95838
95745
95834
95845
95502
95518
95608
95771
95696
95788
95436
95839
95783
95690
95513
95660
95693
95528
95844
95498
95390
95464
95802
95793
95631
95545
95405
95397
95448
95863
95470
95834
95640
95764
95472
95752
95499
95853
95811
95546
95844
95899
95722
95795
95578
95675
95725
95468
95834
95909
95645
95463
95756
95638
95612
95629
95427
95694
95520
95850
95763
95812
95689
95858
95857
95432
95759
95417
95678
95860
95731
95783
95757
95403
95637
95547
95408
95841
95740
95738
95577
95410
95576
95479
95683
95519
95343
95719
95804
95750
95389
95441
95512
95857
95649
95877
95850
95915
95744
95483
95310
95794
95837
95805
95675
95431
95731
95868
95902
95463
95527
95565
95492
95825
95361
95899
95352
95849
95706
95869
95774
95628
95672
95538
95386
95490
95834
95544
95753
95871
95789
95589
95661
95807
95847
95793
95736
95619
95425
95848
95793
95277
95475
95643
95658
95415
95819
95666
95402
95775
95743
95830
95776
95789
95577
95824
95716
95566
95552
95399
95849
95396
95853
95716
95588
95807
95879
95809
95687
95519
95528
95814
95760
95769
95720
95868
95526
95756
95548
95463
95812
95742
95797
95897
95778
95765
95536
95846
95419
95783
95899
95709
95761
95695
95494
95815
95712
95886
95686
95447
95574
95838
95744
95772
95810
95783
95837
95742
95516
95485
95757
95537
95675
95869
95857
95623
95621
95418
95632
95700
95688
95440
95455
95397
95707
95578
95359
95387
95733
95820
95833
95915
95889
95825
95734
95572
95426
95667
95872
95484
95494
95686
95710
95828
95648
95726
95491
95695
95818
95709
95832
95755
95580
95438
95800
95525
95863
95808
95821
95524
95566
95808
95816
95919
95849
95897
95814
95718
95595
95445
95814
95521
95590
95803
95814
95474
95680
95793
95521
95876
95844
95638
95823
95540
95568
95837
95784
95757
95767
95696
95462
95822
95766
95478
95784
95408
95660
95478
95903
95665
95792
95507
95745
95454
95498
95684
95807
95774
95514
95654
95441
95764
95563
95521
95771
95601
95889
95514
95738
95683
95345
95509
95340
95797
95826
95442
95473
95817
95458
95739
95428
95384
95545
95807
95742
95515
95399
95655
95825
95804
95477
95490
95707
95434
95444
95687
95820
95796
95933
95761
95785
95545
95410
95501
95805
95770
95600
95686
95503
95371
95785
95628
95408
95685
95488
95829
95766
95774
95775
95457
95420
95823
95420
95770
95732
95463
95405
95831
95533
95364
95670
95530
95797
95334
95712
95474
95415
95791
95622
95731
95852
95655
95528
95362
95798
95829
95492
95401
95390
95646
95669
95378
95785
95820
95747
95749
95606
95376
95795
95404
95521
95725
95759
95411
95600
95629
95735
95804
95749
95356
95665
95796
95801
95828
95711
95718
95786
95477
95392
95580
95687
95541
95359
95399
95784
95858
95465
95641
95600
95411
95292
95418
95321
95677
95567
95668
95821
95607
95743
95614
95581
95858
95730
95781
95775
95471
95603
95637
95759
95401
95389
95706
95483
95760
95266
95608
95407
95397
95704
95716
95436
95581
95308
95769
95691
95481
95551
95691
95508
95499
95713
95814
95541
95314
95319
95345
95727
95792
95566
95328
95636
95360
95590
95719
95552
95402
95674
95433
95770
95396
95803
95867
95880
95744
95439
95688
95611
95737
95442
95761
95833
95630
95772
95889
95812
95475
95801
95650
95396
95833
95821
95326
95796
95784
95663
95691
95433
95480
95738
95701
95561
95391
95399
95872
95856
95667
95400
95787
95687
95824
95560
95527
95753
95705
95790
95489
95598
95701
95426
95605
95467
95436
95504
95556
95359
95810
95690
95356
95723
95790
95821
95732
95616
95299
95795
95608
95358
95838
95758
95790
95758
95423
95406
95379
95797
95712
95334
95799
95859
95775
95798
95635
95328
95733
95764
95661
95402
95798
95802
95726
95814
95537
95334
95741
95702
95782
95467
95426
95825
95865
95714
95857
95775
95664
95341
95666
95484
95416
95866
95649
95415
95725
95709
95503
95661
95388
95849
95907
95861
95697
95338
95546
95344
95833
95570
95661
95827
95903
95861
95590
95493
95411
95712
95568
95587
95750
95817
95551
95417
95697
95552
95427
95784
95747
95519
95807
95390
95494
95536
95379
95495
95438
95365
95616
95795
95623
95572
95472
95384
95419
95644
95686
95678
95450
95486
95471
95853
95807
95630
95376
95588
95847
95809
95389
95947
95840
95782
95596
95499
95396
95809
95616
95528
95459
95473
95718
95668
95398
95332
95739
95563
95711
95365
95549
95758
95816
95700
95479
95322
95779
95429
95820
95474
95625
95556
95508
95808
95576
95457
95451
95479
95790
95627
95310
95596
95453
95392
95814
95841
95743
95774
95802
95718
95408
95739
95733
95339
95813
95703
95358
95519
95360
95803
95345
95731
95840
95545
95423
95538
95858
95623
95370
95761
95479
95382
95783
95704
95739
95814
95547
95499
95716
95432
95452
95393
95757
95471
95580
95805
95761
95627
95883
95447
95717
96003
95857
95849
95822
95841
95508
95599
95544
95345
95730
95402
95310
95356
95818
95646
95444
95631
95402
95736
95835
95828
95663
95687
95789
95513
95707
95816
95865
95798
95417
95455
95442
95547
95590
95751
95706
95807
95705
95620
95447
95406
95734
95758
95392
95446
95673
95497
95773
95813
95867
95658
95528
95386
95405
95869
95567
95546
95796
95771
95699
95722
95782
95786
95820
95610
95454
95714
95271
95770
95624
95641
95757
95452
95817
95760
95827
95720
95500
95331
95708
95526
95770
95346
95793
95396
95702
95908
95797
95719
95674
95797
95760
95786
95866
95892
95738
95407
95736
95387
95639
95493
95654
95756
95791
95793
95399
95573
95287
95515
95348
95788
95787
95463
95396
95657
95681
95464
95817
95495
95388
95604
95517
95824
95736
95735
95719
95405
95355
95598
95763
95556
95891
95775
95748
95618
95463
95852
95609
95322
95475
95550
95257
95807
95502
95396
95796
95296
95780
95743
95848
95406
95462
95552
95581
95475
95474
95491
95756
95793
95762
95820
95865
95795
95689
95514
95371
95798
95918
95723
95633
95445
95393
95792
95877
95491
95405
95588
95620
95496
95556
95856
95881
95618
95323
95772
95665
95667
95384
95420
95500
95650
95705
95515
95523
95718
95496
95366
95804
95533
95727
95502
95394
95771
95694
95572
95503
95837
95831
95456
95522
95377
95498
95333
95803
95576
95356
95678
95779
95784
95583
95729
95347
95821
95831
95404
95814
95691
95661
95462
95401
95667
95386
95345
95756
95649
95587
95405
95793
95730
95409
95772
95795
95814
95399
95513
95826
95782
95773
95649
95518
95802
95755
95693
95451
95824
95878
95463
95829
95818
95513
95680
95682
95396
95841
95675
95479
95832
95662
95512
95804
95424
95475
95735
95524
95385
95375
95759
95688
95557
95651
95860
95819
95806
95610
95385
95598
95831
95672
95452
95308
95790
95811
95815
95822
95736
95510
95488
95358
95667
95565
95747
95756
95710
95769
95550
95784
95762
95411
95864
95891
95802
95798
95821
95585
95403
95809
95653
95389
95718
95479
95704
95815
95700
95439
95629
95518
95755
95608
95553
95357
95865
95306
95599
95464
95848
95774
95451
95795
95800
95820
95447
95720
95778
95797
95791
95530
95388
95855
95557
95377
95382
95584
95343
95795
95448
95661
95434
95585
95797
95887
95791
95811
95645
95878
95603
95584
95389
95413
95543
95776
95838
95978
95623
95449
95838
95430
95322
95688
95821
95714
95584
95399
95347
95783
95381
95420
95719
95743
95891
95473
95363
95578
95748
95446
95417
95460
95721
95798
95503
95369
95718
95714
95619
95330
95686
95593
95352
95568
95396
95300
95524
95744
95730
95635
95385
95766
95781
95760
95453
95346
95751
95416
95394
95783
95779
95569
95758
95698
95727
95565
95350
95805
95421
95376
95604
95695
95609
95439
95848
95786
95644
95648
95432
95824
95601
95452
95806
95737
95676
95508
95437
95815
95412
95654
95729
95735
95754
95376
95407
95413
95831
95809
95542
95489
95364
95812
95689
95592
95838
95712
95555
95689
95847
95868
95808
95587
95324
95539
95604
95417
95918
95855
95795
95495
95406
95760
95822
95833
95764
95476
95539
95795
95634
95426
95502
95828
95865
95801
95866
95421
95847
95628
95338
95796
95571
95813
95790
95712
95368
95788
95755
95685
95706
95619
95410
95567
95653
95770
95685
95316
95447
95609
95302
95581
95490
95367
95808
95751
95858
95626
95432
95804
95715
95654
95704
95341
95821
95563
95351
95736
95312
95570
95720
95773
95790
95718
95702
95651
95579
95459
95586
95616
95424
95566
95458
95516
95467
95753
95621
95627
95836
95803
95741
95661
95444
95804
95781
95787
95718
95864
95577
95494
95793
95794
95826
95793
95607
95555
95844
95356
95624
95416
95740
95811
95388
95722
95504
95862
95630
95497
95535
95444
95816
95840
95760
95459
95747
95775
95835
95735
95790
95414
95701
95756
95439
95645
95717
95424
95710
95808
95564
95446
95681
95771
95625
95786
95514
95842
95598
95420
95543
95813
95698
95568
95781
95659
95405
95866
95823
95792
95787
95786
95786
95893
95837
95575
95421
95730
95334
95794
95571
95528
95775
95785
95832
95725
95574
95452
95782
95779
95828
95778
95649
95553
95731
95479
95723
95467
95727
95953
95663
95458
95871
95585
95609
95809
95752
95657
95833
95398
95900
95830
95691
95558
95883
95926
95848
95881
95420
95802
95778
95454
95771
95641
95332
95779
95848
95467
95512
95791
95524
95849
95882
95833
95770
95791
95859
95613
95828
95655
95503
95409
95795
95736
95833
95692
95567
95470
95577
95779
95612
95330
95666
95628
95497
95430
95450
95765
95725
95577
95352
95839
95467
95526
95406
95811
95615
95450
95589
95768
95811
95564
95830
95554
95402
95457
95788
95746
95771
95641
95501
95770
95811
95538
95619
95775
95771
95720
95652
95435
95852
95907
95675
95444
95761
95805
95717
95404
95775
95515
95417
95804
95536
95341
95661
95345
95579
95349
95792
95376
95560
95481
95832
95804
95392
95767
95756
95425
95349
95696
95383
95763
95776
95686
95663
95479
95295
95533
95745
95790
95570
95311
95406
95737
95437
95443
95442
95627
95387
95724
95612
95826
95695
95473
95405
95453
95565
95762
95804
95515
95367
95604
95891
95862
95639
95786
95802
95656
95582
95795
95550
95812
95600
95445
95411
95360
95747
95602
95300
95574
95460
95754
95373
95492
95683
95693
95756
95559
95383
95754
95829
95740
95717
95728
95783
95829
95515
95775
95646
95329
95788
95763
95445
95746
95685
95733
95676
95526
95828
95459
95597
95759
95859
95788
95865
95701
95583
95399
95841
95673
95392
95621
95546
95819
95533
95415
95748
95492
95573
95757
95557
95459
95770
95324
95748
95467
95842
95644
95344
95317
95475
95849
95736
95827
95613
95626
95431
95770
95850
95848
95874
95572
95360
95749
95743
95700
95798
95540
95369
95739
95453
95681
95673
95275
95748
95406
95255
95606
95836
95728
95403
95411
95366
95668
95783
95783
95745
95801
95829
95444
95774
95599
95399
95755
95624
95706
95562
95390
95589
95367
95665
95537
95529
95457
95401
95547
95428
95334
95579
95460
95737
95735
95762
95691
95757
95299
95632
95696
95715
95462
95741
95877
95771
95747
95506
95630
95557
95494
95740
95762
95687
95601
95699
95655
95661
95635
95397
95626
95546
95653
95477
95773
95794
95432
95420
95754
95820
95855
95488
95415
95481
95429
95712
95641
95553
95641
95831
95778
95739
95718
95751
95714
95696
95799
95746
95656
95458
95472
95407
95656
95489
95718
95554
95309
95642
95402
95563
95418
95757
95739
95368
95815
95566
95330
95736
95458
95534
95822
95713
95359
95784
95527
95409
95876
95726
95709
95540
95550
95686
95598
95380
95565
95777
95605
95360
95830
95618
95704
95391
95785
95594
95516
95799
95409
95717
95458
95895
95433
95719
95498
95797
95783
95803
95748
95713
95752
95719
95821
95566
95340
95521
95796
95458
95403
95301
95509
95345
95315
95759
95672
95343
95731
95323
95778
95747
95610
95633
95517
95722
95612
95618
95834
95815
95692
95785
95334
95784
95410
95426
95735
95481
95371
95838
95748
95591
95445
95769
95762
95567
95397
95329
95748
95659
95824
95723
95662
95379
95764
95638
95442
95712
95420
95689
95625
95481
95516
95783
95751
95569
95400
95646
95816
95721
95783
95754
95666
95666
95433
95681
95427
95380
95347
95379
95740
95521
95362
95650
95773
95786
95713
95697
95633
95392
95780
95513
95760
95693
95790
95744
95867
95751
95390
95835
95817
95721
95514
95371
95806
95434
95507
95727
95456
95409
95740
95424
95424
95740
95460
95489
95434
95829
95422
95378
95533
95779
95775
95598
95345
95339
95788
95500
95620
95763
95377
95727
95559
95639
95566
95830
95410
95471
95359
95767
95563
95475
95471
95802
95579
95375
95755
95591
95708
95602
95436
95734
95444
95610
95700
95675
95601
95355
95449
95467
95381
95756
95371
95781
95779
95383
95511
95790
95586
95600
95560
95538
95788
95473
95466
95711
95762
95585
95837
95754
95816
95794
95799
95778
95446
95589
95846
95759
95511
95847
95672
95826
95852
95750
95401
95836
95848
95596
95860
95818
95769
95807
95637
95372
95500
95570
95768
95708
95392
95444
95336
95836
95829
95363
95850
95811
95704
95613
95834
95645
95798
95827
95843
95783
95616
95545
95395
95746
95416
95487
95769
95613
95543
95434
95662
95553
95379
95629
95855
95777
95585
95599
95507
95883
95778
95817
95840
95820
95470
95833
95859
95631
95332
95643
95778
95388
95362
95603
95537
95787
95708
95400
95803
95537
95481
95716
95497
95679
95652
95407
95508
95544
95518
95580
95661
95802
95466
95400
95707
95604
95450
95836
95694
95682
95782
95782
95508
95769
95750
95759
95572
95829
95876
95736
95811
95466
95667
95903
95829
95387
95589
95342
95797
95869
95430
95793
95825
95784
95876
95625
95501
95397
95541
95653
95658
95765
95675
95620
95835
95551
95704
95894
95640
95336
95779
95472
95756
95436
95378
95377
95748
95469
95774
95779
95767
95675
95451
95751
95810
95613
95706
95397
95817
95532
95872
95868
95742
95723
95298
95637
95591
95369
95701
95591
95439
95568
95323
95501
95423
95759
95924
95795
95711
95717
95573
95380
95706
95595
95468
95732
95725
95379
95554
95779
95479
95466
95442
95765
95783
95682
95468
95533
95428
95331
95475
95766
95777
95652
95630
95387
95642
95849
95851
95882
95776
95557
95458
95489
95781
95838
95813
95337
95695
95583
95794
95766
95831
95867
95812
95823
95423
95363
95766
95839
95824
95483
95486
95438
95832
95590
95448
95822
95724
95693
95430
95349
95894
95772
95827
95781
95859
95899
95843
95904
95898
95855
95595
95448
95844
95853
95624
95360
95850
95788
95428
95652
95434
95429
95727
95342
95648
95436
95817
95858
95607
95382
95775
95852
95618
95792
95551
95798
95483
95813
95778
95552
95459
95747
95587
95417
95810
95431
95778
95605
95450
95538
95400
95796
95752
95802
95870
95591
95360
95790
95512
95386
95823
95762
95645
95478
95576
95301
95823
95801
95643
95522
95776
95787
95580
95412
95513
95774
95652
95447
95434
95723
95842
95693
95782
95754
95749
95444
95429
95840
95778
95758
95400
95769
95714
95842
95623
95732
95776
95621
95502
95387
95805
95830
95829
95746
95764
95765
95420
95602
95418
95828
95790
95529
95420
95639
95393
95617
95833
95378
95827
95706
95688
95396
95587
95791
95740
95603
95351
95533
95556
95726
95766
95467
95498
95588
95501
95584
95792
95581
95816
95504
95493
95737
95795
95790
95757
95830
95753
95339
95406
95408
95390
95377
95345
95800
95818
95498
95309
95757
95825
95307
95408
95759
95553
95411
95451
95327
95763
95481
95666
95833
95571
95447
95872
95674
95869
95805
95681
95488
95885
95783
95587
95398
95418
95456
95542
95461
95371
95887
95416
95630
95801
95613
95590
95809
95590
95436
95836
95849
95786
95712
95387
95873
95614
95466
95817
95615
95425
95377
95873
95738
95619
95452
95851
95787
95506
95588
95421
95858
95748
95490
95842
95508
95835
95762
95665
95920
95779
95443
95544
95611
95423
95563
95767
95509
95529
95377
95763
95549
95561
95646
95717
95456
95903
95749
95864
95850
95880
95849
95562
95374
95886
95472
95609
95869
95878
95837
95470
95758
95782
95839
95926
95540
95746
95450
95471
95648
95523
95841
95474
95839
95632
95717
95547
95815
95842
95930
95665
95794
95576
95456
95405
95468
95371
95677
95869
95901
95818
95468
95623
95513
95781
95746
95680
95443
95585
95865
95283
95730
95749
95480
95639
95375
95869
95637
95485
95778
95719
95455
95414
95450
95717
95871
95843
95844
95428
95534
95861
95693
95798
95700
95483
95633
95516
95829
95627
95438
95753
95875
95762
95738
95640
95452
95518
95442
95814
95875
95734
95775
95817
95654
95410
95702
95593
95795
95846
95755
95639
95451
95833
95783
95812
95751
95836
95606
95329
95767
95714
95777
95717
95580
95767
95627
95309
95816
95748
95737
95727
95657
95564
95366
95736
95520
95473
95831
95866
95425
95719
95485
95798
95859
95460
95530
95794
95464
95436
95442
95463
95817
95528
95660
95572
95411
95711
95728
95586
95487
95450
95761
95766
95798
95500
95328
95551
95631
95422
95796
95798
95812
95781
95741
95922
95490
95425
95798
95600
95795
95805
95615
95430
95618
95732
95841
95902
95875
95772
95712
95823
95751
95452
95835
95837
95809
95967
95525
95843
95441
95841
95583
95384
95821
95720
95685
95439
95775
95860
95747
95644
95443
95873
95551
95410
95506
95872
95799
95465
95735
95721
95821
95682
95338
95414
95884
95827
95575
95477
95710
95809
95943
95867
95402
95726
95634
95412
95806
95729
95779
95564
95496
95622
95379
95717
95796
95874
95807
95723
95659
95654
95441
95603
95797
95599
95524
95639
95759
95747
95753
95840
95831
95806
95661
95690
95349
95386
95771
95625
95375
95725
95673
95569
95393
95789
95796
95853
95469
95732
95668
95524
95475
95775
95680
95417
95615
95563
95331
95790
95436
95768
95395
95267
95480
95772
95445
95680
95847
95892
95691
95431
95536
95760
95584
95405
95795
95624
95390
95713
95585
95553
95773
95825
95900
95843
95663
95639
95549
95601
95807
95556
95600
95803
95677
95421
95633
95479
95816
95499
95833
95736
95492
95552
95789
95578
95809
95565
95499
95770
95471
95761
95842
95690
95560
95556
95866
95804
95670
95785
95632
95352
95523
95684
95797
95750
95745
95813
95727
95315
95315
95787
95396
95374
95458
95821
95800
95783
95437
95837
95444
95822
95807
95593
95758
95779
95807
95658
95490
95848
95825
95488
95513
95371
95499
95487
95503
95790
95786
95702
95377
95537
95453
95728
95411
95515
95402
95789
95728
95754
95591
95472
95685
95369
95745
95563
95662
95737
95787
95671
95387
95801
95710
95629
95455
95707
95431
95565
95357
95323
95415
95773
95454
95880
95789
95699
95472
95828
95811
95645
95380
95838
95693
95652
95583
95380
95853
95612
95467
95501
95734
95519
95313
95795
95912
95627
95365
95506
95803
95857
95592
95418
95805
95399
95638
95697
95894
95553
95358
95796
95762
95519
95410
95766
95528
95740
95457
95777
95908
95908
95847
95664
95388
95450
95642
95906
95822
95763
95729
95609
95435
95595
95836
95824
95744
95787
95455
95431
95404
95430
95870
95849
95724
95404
95805
95972
95851
95898
95780
95495
95909
95739
95494
95665
95491
95364
95760
95829
95918
95572
95498
95698
95827
95794
95863
95824
95769
95476
95859
95833
95895
95777
95807
95498
95834
95672
95521
95811
95519
95497
95773
95899
95723
95640
95467
95890
95348
95843
95676
95399
95725
95472
95774
95544
95689
95457
95785
95486
95486
95819
95759
95619
95443
95617
95739
95501
95585
95651
95761
95459
95475
95494
95406
95362
95808
95389
95587
95761
95772
95576
95514
95358
95782
95771
95566
95837
95410
95862
95729
95727
95433
95455
95669
95798
95560
95463
95891
95641
95732
95513
95887
95873
95654
95832
95917
95647
95706
95846
95891
95577
95521
95802
95824
95567
95418
95638
95496
95478
95476
95815
95592
95847
95854
95524
95760
95756
95805
95779
95776
95671
95552
95420
95717
95808
95627
95415
95526
95464
95708
95789
95695
95597
95487
95831
95817
95566
95362
95810
95813
95831
95811
95818
95820
95755
95692
95827
95459
95795
95852
95861
95561
95544
95772
95794
95902
95834
95748
95814
95767
95703
95459
95764
95738
95698
95439
95831
95824
95787
95583
95467
95395
95774
95671
95706
95414
95655
95422
95507
95424
95855
95821
95392
95348
95381
95613
95772
95856
95525
95467
95854
95888
95606
95472
95789
95606
95378
95799
95710
95694
95515
95828
95696
95541
95591
95788
95751
95844
95811
95637
95467
95715
95530
95646
95350
95387
95362
95765
95393
95328
95712
95537
95758
95799
95837
95768
95805
95695
95434
95740
95604
95398
95690
95652
95455
95725
95481
95475
95646
95425
95726
95729
95835
95840
95641
95480
95722
95672
95437
95803
95784
95842
95506
95598
95455
95827
95851
95838
95583
95413
95813
95765
95846
95588
95667
95290
95633
95427
95414
95718
95677
95845
95649
95327
95373
95366
95761
95792
95683
95751
95654
95739
95637
95678
95535
95360
95819
95810
95581
95446
95417
95714
95341
95408
95841
95504
95761
95568
95336
95700
95817
95622
95442
95555
95696
95464
95684
95835
95884
95558
95589
95421
95379
95654
95760
95531
95523
95762
95424
95767
95806
95896
95852
95837
95823
95449
95727
95432
95623
95789
95850
95768
95881
95595
95777
95757
95318
95444
95713
95793
95697
95908
95811
95682
95481
95852
95863
95869
95473
95506
95800
95566
95857
95450
95495
95694
95471
95827
95378
95848
95547
95418
95594
95802
95569
95809
95752
95766
95775
95815
95796
95441
95824
95791
95494
95448
95807
95842
95368
95419
95769
95578
95308
95742
95776
95575
95900
95615
95351
95600
95517
95377
95718
95696
95382
95782
95569
95383
95474
95368
95501
95434
95775
95548
95655
95791
95761
95427
95747
95550
95347
95784
95743
95618
95771
95635
95414
95529
95799
95672
95872
95775
95705
95780
95473
95339
95754
95741
95705
95781
95466
95683
95821
95731
95713
95487
95369
95771
95303
95715
95737
95435
95760
95891
95777
95807
95366
95663
95380
95624
95330
95799
95805
95465
95501
95728
95689
95427
95855
95876
95727
95777
95509
95822
95318
95661
95766
95541
95353
95644
95780
95598
95405
95815
95392
95551
95413
95793
95783
95711
95471
95841
95753
95563
95744
95403
95834
95842
95505
95738
95814
95600
95497
95516
95548
95287
95656
95513
95434
95751
95775
95652
95447
95711
95659
95722
95754
95808
95519
95363
95858
95857
95522
95825
95813
95599
95498
95718
95863
95776
95649
95470
95611
95515
95774
95538
95402
95575
95877
95752
95634
95821
95840
95667
95812
95734
95727
95390
95371
95450
95742
95823
95856
95733
95837
95438
95503
95790
95837
95603
95522
95782
95580
95657
95436
95832
95724
95639
95433
95620
95389
95839
95621
95421
95792
95805
95818
95769
95775
95357
95830
95619
95599
95822
95820
95792
95803
95466
95862
95809
95751
95648
95678
95844
95706
95460
95505
95523
95441
95698
95707
95796
95740
95480
95443
95759
95504
95345
95842
95787
95707
95849
95427
95830
95833
95639
95363
95798
95691
95334
95820
95684
95578
95349
95627
95440
95759
95632
95490
95402
95613
95323
95850
95776
95715
95996
95667
95556
95513
95736
95688
95467
95792
95846
95852
95838
95728
95503
95733
95697
95749
95538
95733
95783
95802
95711
95802
95826
95794
95749
95776
95703
95480
95817
95633
95461
95464
95352
95435
95395
95326
95773
95613
95743
95858
95851
95792
95587
95389
95745
95820
95666
95455
95467
95765
95803
95647
95709
95427
95620
95533
95400
95803
95778
95761
95715
95833
95658
95402
95812
95759
95827
95859
95412
95627
95493
95478
95777
95758
95776
95654
95440
95685
95698
95485
95388
95749
95723
95521
95772
95763
95784
95370
95687
95592
95630
95754
95611
95364
95696
95719
95837
95737
95584
95471
95685
95446
95331
95773
95736
95645
95366
95742
95529
95356
95780
95342
95794
95772
95642
95469
95459
95690
95730
95505
95314
95708
95503
95389
95731
95811
95458
95616
95764
95592
95825
95670
95794
95739
95791
95559
95715
95851
95762
95762
95627
95609
95390
95655
95520
95675
95508
95767
95649
95540
95846
95449
95526
95868
95604
95530
95401
95671
95680
95466
95604
95763
95779
95697
95829
95545
95488
95749
95779
95442
95395
95714
95789
95872
95514
95617
95387
95862
95579
95736
95481
95497
95769
95756
95881
95547
95795
95629
95693
95438
95766
95740
95833
95834
95618
95349
95823
95805
95819
95331
95671
95746
95692
95404
95807
95756
95765
95514
95480
95784
95549
95285
95530
95851
95789
95771
95635
95577
95573
95372
95839
95866
95716
95636
95763
95758
95772
95755
95829
95720
95383
95419
95822
95444
95787
95479
95464
95477
95713
95789
95849
95760
95735
95617
95575
95496
95711
95522
95724
95732
95700
95834
95868
95785
95837
95494
95411
95638
95461
95908
95859
95626
95427
95436
95638
95697
95845
95392
95840
95803
95885
95593
95512
95826
95750
95668
95408
95892
95859
95832
95800
95882
95311
95860
95690
95782
95538
95377
95739
95313
95613
95571
95739
95740
95753
95605
95814
95620
95461
95491
95593
95494
95841
95864
95784
95878
95736
95390
95868
95860
95816
95861
95687
95603
95488
95495
95480
95434
95843
95659
95765
95727
95815
95496
95667
95703
95335
95727
95845
95506
95819
95650
95546
95852
95467
95593
95692
95589
95774
95603
95389
95739
95772
95447
95442
95561
95500
95775
95829
95776
95783
95504
95656
95831
95783
95633
95539
95485
95759
95793
95537
95706
95463
95738
95713
95492
95507
95851
95595
95891
95828
95770
95737
95717
95595
95753
95557
95558
95811
95585
95837
95968
95944
95849
95710
95562
95853
95945
95771
95402
95448
95839
95471
95412
95808
95489
95693
95767
95836
95525
95458
95678
95715
95582
95782
95737
95563
95386
95779
95499
95732
95472
95794
95567
95600
95355
95645
95407
95818
95764
95816
95817
95332
95535
95336
95817
95741
95421
95526
95525
95786
95579
95332
95798
95539
95717
95753
95432
95650
95652
95401
95705
95858
95718
95425
95670
95636
95361
95522
95421
95830
95884
95446
95675
95788
95840
95447
95894
95835
95739
95668
95878
95809
95758
95511
95381
95481
95748
95461
95915
95854
95420
95827
95802
95542
95538
95606
95646
95709
95434
95839
95861
95685
95424
95785
95790
95404
95851
95892
95810
95456
95501
95847
95788
95888
95638
95688
95493
95555
95846
95834
95386
95706
95621
95483
95374
95459
95807
95441
95742
95516
95453
95772
95782
95777
95755
95670
95515
95397
95424
95805
95613
95375
95677
95419
95643
95819
95666
95530
95740
95818
95802
95773
95745
95666
95768
95827
95604
95287
95800
95307
95770
95472
95636
95842
95718
95547
95444
95820
95398
95701
95448
95403
95676
95792
95804
95659
95817
95668
95768
95787
95807
95764
95582
95523
95456
95735
95768
95735
95517
95803
95784
95456
95711
95631
95343
95560
95722
95515
95728
95721
95494
95358
95813
95738
95697
95530
95719
95529
95338
95667
95458
95485
95620
95391
95589
95376
95789
95718
95581
95442
95405
95517
95695
95663
95671
95389
95781
95819
95781
95756
95496
95404
95619
95656
95581
95403
95717
95919
95543
95764
95781
95669
95503
95802
95746
95789
95567
95440
95479
95728
95710
95740
95855
95615
95378
95803
95832
95522
95534
95760
95889
95584
95498
95378
95418
95545
95571
95586
95323
95314
95727
95488
95479
95805
95869
95768
95496
95360
95719
95628
95799
95808
95714
95599
95489
95749
95797
95813
95594
95669
95516
95748
95800
95819
95413
95586
95495
95886
95711
95365
95819
95845
95492
95479
95440
95836
95911
95820
95543
95450
95815
95342
95869
95627
95534
95736
95393
95740
95835
95750
95589
95382
95692
95851
95758
95510
95509
95421
95732
95826
95822
95640
95447
95877
95722
95471
95847
95661
95511
95533
95692
95491
95540
95361
95644
95381
95541
95848
95829
95552
95813
95415
95824
95366
95410
95474
95816
95748
95418
95616
95490
95781
95423
95780
95746
95792
95749
95563
95446
95770
95765
95811
95569
95822
95687
95445
95737
95675
95409
95507
95559
95864
95658
95720
95723
95437
95423
95825
95771
95802
95648
95397
95750
95895
95463
95751
95647
95713
95552
95439
95663
95505
95397
95749
95606
95782
95895
95826
95722
95678
95468
95554
95569
95849
95754
95769
95602
95595
95338
95769
95739
95418
95763
95793
95702
95733
95611
95349
95605
95701
95833
95882
95506
95454
95777
95360
95769
95796
95552
95368
95787
95695
95442
95580
95346
95691
95382
95767
95954
95611
95551
95771
95816
95627
95431
95498
95832
95457
95821
95404
95702
95537
95735
95785
95894
95705
95329
95749
95791
95687
95832
95793
95828
95639
95426
95406
95690
95555
95401
95534
95709
95448
95816
95704
95374
95829
95421
95746
95404
95771
95796
95632
95571
95622
95464
95805
95834
95729
95477
95824
95514
95486
95731
95636
95753
95758
95508
95508
95849
95763
95421
95357
95809
95522
95608
95770
95510
95475
95668
95368
95845
95421
95870
95841
95650
95427
95840
95761
95791
95600
95376
95925
95534
95407
95392
95342
95808
95537
95299
95632
95578
95427
95765
95439
95584
95412
95850
95840
95369
95777
95745
95374
95308
95587
95692
95611
95463
95746
95328
95770
95700
95739
95810
95846
95842
95637
95479
95791
95778
95409
95758
95749
95781
95760
95789
95844
95343
95612
95779
95824
95494
95654
95420
95695
95359
95391
95815
95541
95339
95609
95549
95413
95811
95435
95828
95610
95425
95781
95641
95773
95548
95645
95461
95698
95641
95666
95417
95393
95605
95796
95790
95582
95322
95696
95844
95595
95580
95654
95423
95563
95606
95665
95782
95500
95726
95696
95861
95792
95827
95447
95412
95809
95817
95814
95576
95554
95714
95528
95359
95488
95445
95483
95765
95662
95527
95852
95805
95693
95377
95845
95662
95801
95449
95891
95740
95450
95798
95790
95891
95941
95481
95444
95738
95715
95422
95711
95699
95834
95701
95626
95455
95576
95508
95539
95820
95826
95595
95410
95458
95746
95659
95411
95400
95827
95495
95437
95588
95685
95787
95583
95381
95736
95768
95548
95362
95824
95800
95820
95811
95854
95662
95489
95607
95749
95563
95788
95487
95335
95728
95372
95541
95416
95700
95503
95749
95624
95643
95937
95911
95682
95634
95431
95804
95783
95792
95425
95450
95482
95829
95694
95492
95550
95778
95909
95737
95508
95504
95849
95709
95417
95858
95835
95677
95402
95850
95885
95802
95734
95642
95779
95780
95778
95425
95668
95532
95763
95510
95675
95643
95831
95747
95497
95627
95682
95521
95534
95745
95771
95696
95713
95511
95696
95753
95751
95490
95397
95418
95803
95475
95839
95770
95673
95410
95702
95372
95783
95414
95828
95733
95535
95844
95727
95475
95365
95692
95608
95384
95819
95713
95445
95707
95687
95654
95758
95411
95813
95610
95473
95589
95380
95786
95568
95397
95643
95543
95463
95772
95587
95679
95824
95875
95829
95490
95534
95414
95786
95782
95463
95579
95431
95393
95817
95592
95854
95633
95642
95578
95759
95856
95442
95841
95724
95850
95835
95661
95609
95405
95584
95803
95560
95669
95405
95860
95773
95788
95627
95761
95751
95819
95810
95617
95468
95660
95752
95758
95567
95298
95668
95458
95685
95842
95617
95366
95648
95872
95700
95844
95741
95743
95757
95450
95593
95808
95668
95374
95545
95501
95705
95454
95728
95475
95822
95485
95384
95756
95415
95360
95311
95490
95391
95525
95558
95435
95466
95440
95672
95713
95763
95636
95787
95768
95813
95687
95692
95745
95683
95305
95696
95352
95782
95796
95636
95405
95472
95441
95347
95710
95683
95398
95492
95325
95711
95373
95554
95822
95701
95720
95501
95312
95775
95631
95332
95778
95582
95387
95765
95731
95790
95649
95719
95659
95469
95675
95837
95474
95314
95757
95602
95506
95294
95529
95316
95766
95635
95845
95713
95420
95421
95360
95742
95472
95557
95704
95454
95772
95716
95558
95301
95464
95327
95651
95624
95465
95572
95800
95772
95552
95683
95540
95383
95834
95466
95728
95681
95406
95519
95682
95553
95327
95745
95686
95772
95780
95661
95341
95523
95640
95647
95438
95523
95419
95388
95571
95744
95823
95750
95626
95338
95681
95455
95841
95584
95335
95778
95781
95641
95395
95685
95750
95410
95632
95394
95587
95519
95325
95677
95582
95459
95576
95386
95826
95796
95871
95853
95762
95772
95529
95429
95875
95670
95566
95555
95811
95757
95881
95402
95448
95628
95537
95809
95842
95809
95870
95600
95588
95421
95768
95868
95770
95432
95824
95802
95477
95432
95618
95838
95837
95575
95439
95864
95449
95716
95864
95873
95686
95356
95336
95848
95918
95685
95843
95844
95857
95849
95787
95793
95807
95849
95750
95825
95736
95387
95643
95780
95782
95775
95662
95414
95586
95843
95651
95748
95778
95856
95771
95865
95905
95536
95441
95521
95788
95857
95658
95435
95806
95590
95477
95861
95653
95471
95593
95340
95792
95411
95780
95625
95649
95490
95415
95787
95461
95525
95553
95528
95781
95829
95732
95781
95585
95357
95881
95350
95480
95518
95474
95482
95380
95792
95761
95604
95662
95715
95754
95668
95721
95594
95326
95809
95776
95584
95520
95482
95436
95775
95371
95772
95375
95815
95428
95346
95825
95672
95367
95687
95467
95440
95636
95384
95814
95557
95865
95748
95566
95454
95759
95446
95455
95757
95808
95801
95811
95690
95520
95833
95859
95422
95665
95804
95817
95829
95938
95650
95545
95458
95832
95447
95837
95496
95452
95680
95830
95814
95502
95748
95537
95851
95869
95470
95804
95691
95457
95779
95743
95597
95519
95759
95739
95748
95750
95516
95539
95786
95810
95649
95521
95408
95822
95618
95859
95508
95659
95717
95902
95671
95520
95471
95792
95863
95588
95798
95770
95859
95806
95715
95906
95886
95796
95891
95836
95478
95450
95377
95856
95918
95641
95871
95471
95427
95461
95444
95615
95843
95753
95487
95713
95860
95816
95931
95488
95391
95823
95988
95566
95435
95701
95873
95593
95784
95435
95819
95789
95792
95623
95780
95809
95872
95768
95628
95720
95746
95572
95713
95840
95791
95880
95843
95639
95409
95814
95588
95335
95822
95440
95775
95707
95452
95890
95545
95406
95814
95729
95890
95893
95525
95814
95892
96012
95717
95435
95757
95534
95396
95910
95650
95422
95613
95378
95868
95822
95843
95420
95687
95374
95803
95426
95998
95937
95679
95579
95474
95700
95471
95516
95790
95861
95765
95606
95890
95886
95864
95625
95402
95815
95575
95793
95771
95934
95648
95517
95618
95860
95824
95709
95782
95518
95976
95845
95831
95884
95948
95689
95810
95955
95585
95698
95449
95569
95757
95879
95866
95894
95809
95890
95507
95850
95889
95796
95830
95722
95505
95789
95726
95828
95847
95455
95707
95687
95774
95817
95447
95701
95651
95494
95765
95407
95843
95926
95720
95371
95457
95850
95830
95844
95687
95478
95871
95863
95859
95655
95341
95656
95636
95508
95846
95762
95414
95637
95552
95455
95401
95838
95804
95864
95527
95789
95460
95831
95795
95877
95746
95648
95523
95700
95414
95840
95545
95485
95890
95766
95791
95522
95698
95880
95858
95884
95744
95515
95880
95719
95820
95919
95763
95487
95594
95867
95629
95408
95726
95517
95632
95793
95773
95414
95740
95912
95892
95842
95863
95649
95433
95508
95767
95437
95779
95603
95592
95866
95803
95666
95507
95792
95811
95748
95901
95501
95861
95774
95558
95719
95545
95795
95504
95886
95786
95853
95819
95731
95707
95403
95532
95470
95887
95493
95607
95469
95532
95420
95716
95812
95866
95712
95598
95765
95719
95408
95755
95616
95409
95523
95729
95340
95791
95783
95782
95764
95837
95783
95458
95593
95517
95861
95831
95732
95409
95844
95611
95580
95435
95454
95826
95468
95640
95436
95404
95742
95735
95860
95814
95727
95597
95752
95669
95339
95828
95553
95787
95490
95495
95889
95870
95580
95403
95865
95884
95536
95580
95871
95824
95830
95633
95440
95568
95908
95448
95684
95915
95878
95856
95847
95665
95459
95407
95444
95855
95338
95727
95612
95480
95840
95722
95845
95354
95783
95394
95732
95573
95870
95637
95392
95760
95363
95713
95317
95654
95365
95787
95796
95837
95783
95587
95481
95799
95816
95717
95630
95522
95528
95439
95735
95443
95507
95839
95717
95368
95731
95758
95487
95881
95610
95829
95799
95805
95836
95828
95882
95574
95844
95703
95787
95531
95333
95861
95465
95853
95877
95832
95731
95433
95880
95895
95849
95849
95786
95679
95713
95389
95407
95806
95819
95527
95448
95707
95833
95366
95729
95468
95766
95641
95439
95604
95739
95923
95651
95371
95515
95386
95723
95438
95633
95756
95749
95654
95463
95439
95355
95900
95837
95585
95361
95831
95724
95873
95775
95658
95557
95349
95852
95741
95855
95735
95494
95745
95613
95430
95737
95482
95374
95623
95689
95535
95399
95375
95630
95825
95690
95799
95782
95865
95505
95706
95763
95878
95651
95460
95671
95807
95597
95887
95654
95480
95799
95566
95449
95770
95604
95541
95797
95797
95490
95455
95751
95526
95417
95840
95819
95604
95757
95733
95632
95481
95675
95786
95756
95479
95559
95613
95879
95702
95745
95791
95791
95742
95377
95651
95862
95829
95807
95778
95868
95865
95772
95412
95800
95843
95749
95539
95529
95745
95806
95762
95615
95779
95751
95891
95843
95838
95872
95795
95782
95450
95797
95583
95419
95408
95741
95707
95488
95494
95781
95682
95774
95555
95425
95775
95837
95635
95526
95622
95609
95344
95435
95442
95713
95767
95330
95757
95802
95385
95589
95789
95813
95541
95770
95785
95621
95720
95443
95695
95519
95502
95627
95339
95543
95436
95753
95707
95626
95379
95787
95785
95862
95430
95794
95583
95581
95418
95579
95758
95637
95346
95700
95746
95690
95535
95491
95421
95817
95664
95438
95791
95542
95804
95646
95732
95420
95757
95708
95415
95617
95822
95732
95776
95820
95574
95331
95798
95759
95688
95899
95819
95643
95612
95777
95699
95775
95479
95761
95618
95544
95772
95550
95808
95737
95649
95446
95907
95668
95923
95780
95456
95815
95390
95610
95825
95848
95711
95444
95679
95871
95673
95293
95746
95740
95706
95721
95630
95596
95611
95607
95342
95791
95870
95474
95723
95836
95467
95503
95816
95404
95541
95787
95649
95497
95846
95796
95848
95544
95396
95802
95836
95619
95467
95723
95412
95641
95475
95602
95846
95649
95528
95516
95581
95529
95382
95749
95651
95399
95613
95378
95826
95780
95858
95888
95719
95511
95454
95508
95383
95612
95445
95760
95508
95602
95795
95817
95486
95808
95814
95728
95342
95784
95552
95478
95518
95439
95861
95800
95762
95493
95577
95493
95616
95686
95464
95406
95791
95721
95866
95832
95892
95846
95862
95814
95888
95814
95483
95685
95940
95917
95823
95845
95841
95826
95668
95440
95622
95504
95478
95794
95413
95677
95695
95675
95556
95554
95878
95482
95761
95443
95669
95811
95835
95575
95811
95495
95710
95436
95817
95662
95421
95549
95764
95596
95480
95561
95408
95410
95773
95413
95757
95874
95572
95373
95658
95503
95870
95756
95534
95362
95799
95803
95693
95327
95775
95500
95442
95776
95358
95758
95859
95785
95493
95748
95917
95723
95464
95880
95967
95465
95856
95901
95828
95758
95514
95758
95950
95766
95752
95545
95767
95831
95579
95514
95399
95764
95727
95823
95298
95818
95823
95903
95862
95825
95551
95501
95791
95849
95444
95461
95747
95598
95370
95394
95775
95581
95473
95811
95843
95836
95522
95810
95814
95883
95423
95825
95704
95460
95430
95819
95421
95653
95752
95551
95503
95753
95715
95737
95469
95806
95782
95513
95459
95803
95530
95905
95952
95489
95446
95386
95757
95508
95492
95805
95640
95695
95442
95626
95443
95865
95693
95467
95605
95395
95759
95859
95617
95459
95886
95689
95540
95389
95753
95600
95535
95603
95808
95487
95873
95530
95870
95843
95920
95869
95876
95660
95820
95479
95501
95841
95803
95851
95862
95708
95407
95821
95702
95735
95874
95879
95806
95563
95453
95734
95615
95368
95732
95863
95906
95824
95491
95486
95863
95760
95434
95843
95744
95501
95833
95861
95821
95398
95732
95500
95622
95441
95672
95808
95837
95652
95337
95714
95864
95832
95361
95765
95436
95794
95645
95804
95845
95507
95553
95395
95816
95619
95606
95357
95707
95615
95453
95707
95785
95771
95780
95500
95557
95804
95811
95529
95421
95713
95812
95423
95767
95733
95635
95482
95697
95699
95767
95564
95796
95403
95601
95825
95829
95483
95473
95747
95798
95645
95409
95588
95821
95619
95342
95790
95866
95810
95800
95531
95720
95439
95456
95401
95436
95765
95847
95744
95599
95415
95827
95659
95447
95834
95783
95703
95611
95393
95841
95793
95668
95551
95641
95573
95485
95591
95734
95829
95633
95530
95651
95722
95419
95698
95785
95606
95347
95788
95511
95735
95585
95450
95439
95615
95762
95795
95738
95793
95810
95614
95469
95471
95724
95510
95576
95665
95464
95850
95825
95807
95988
95804
95770
95756
95621
95393
95822
95832
95457
95611
95468
95769
95511
95759
95570
95872
95783
95580
95414
95836
95791
95773
95363
95554
95453
95833
95524
95595
95821
95448
95382
95712
95819
95468
95351
95653
95410
95459
95329
95785
95480
95401
95807
95699
95447
95568
95755
95421
95630
95577
95395
95817
95624
95851
95821
95706
95833
95627
95728
95438
95825
95827
95681
95476
95508
95440
95590
95896
95822
95428
95798
95723
95773
95698
95785
95786
95598
95701
95525
95439
95834
95642
95354
95344
95415
95461
95802
95713
95685
95795
95368
95685
95438
95643
95783
95767
95734
95416
95752
95722
95676
95759
95790
95641
95619
95495
95507
95709
95460
95470
95512
95655
95677
95514
95517
95764
95838
95609
95418
95499
95726
95839
95748
95887
95740
95513
95723
95518
95540
95523
95346
95484
95795
95804
95536
95364
95548
95820
95791
95406
95800
95564
95373
95872
95681
95473
95868
95843
95325
95718
95490
95602
95846
95806
95532
95708
95774
95756
95607
95640
95757
95852
95793
95603
95821
95773
95686
95710
95504
95701
95638
95525
95427
95774
95667
95354
95629
95809
95874
95850
95703
95566
95427
95817
95702
95614
95710
95721
95638
95463
95684
95990
95718
95615
95703
95659
95475
95768
95567
95421
95807
95854
95518
95826
95685
95895
95737
95899
95523
95819
95894
95724
95873
95816
95506
95563
95857
95863
95898
95891
95399
95456
95786
95760
95849
95845
95775
95634
95926
95833
95863
95545
95813
95538
95529
95771
95762
95772
95792
95662
95793
95882
95637
95475
95569
95309
95816
95780
95611
95368
95704
95779
95483
95539
95397
95732
95532
95581
95775
95392
95666
95782
95791
95648
95759
95379
95822
95862
95702
95492
95320
95451
95821
95768
95494
95723
95463
95624
95407
95776
95859
95670
95665
95353
95831
95877
95766
95867
95631
95420
95847
95572
95491
95582
95514
95681
95909
95562
95481
95812
95611
95558
95892
95790
95916
95386
95854
95419
95665
95860
95808
95791
95503
95440
95800
95824
95426
95816
95632
95316
95320
95870
95451
95691
95827
95836
95860
95386
95608
95784
95526
95794
95540
95836
95675
95460
95826
95788
95429
95726
95615
95473
95824
95809
95821
95669
95344
95565
95439
95328
95475
95406
95824
95779
95670
95402
95584
95553
95742
95585
95838
95784
95867
95829
95591
95505
95598
95443
95612
95548
95525
95376
95831
95399
95409
95792
95722
95426
95844
95757
95576
95487
95355
95438
95534
95446
95794
95533
95471
95696
95478
95577
95612
95834
95587
95461
95928
95675
95757
95502
95467
95776
95771
95620
95509
95783
95405
95451
95495
95797
95566
95772
95638
95631
95776
95676
95383
95807
95821
95367
95748
95695
95796
95556
95680
95421
95858
95826
95589
95819
95860
95820
95734
95566
95822
95872
95585
95454
95445
95762
95928
95813
95803
95666
95500
95835
95408
95720
95916
95666
95345
95831
95575
95368
95369
95686
95867
95700
95684
95466
95367
95368
95757
95473
95772
95780
95584
95530
95879
95516
95630
95469
95738
95343
95811
95691
95534
95316
95803
95664
95483
95671
95750
95803
95776
95899
95738
95587
95375
32640
32640
32640
32640
32640
32640
32640
32640
32640
32640
32640
32640
32640
32640
32640
32640
32640
32640
32640
32640
32640
32640
32640
32640
32640
