9845
95391
95312
95417
95173
95351
95376
95201
95059
95510
95287
95533
95269
95481
95469
95436
95468
95048
95479
95117
95443
95518
95114
95601
95283
95165
95219
95506
95184
95499
95236
95315
95273
95141
95483
94987
95418
95294
95304
95108
95441
95294
95140
95543
95318
95378
95283
95164
95360
95199
95075
95357
95068
95011
95501
95502
95391
95341
95054
95505
95382
95293
95251
95081
95303
95200
95246
95087
95331
95066
95352
95435
95071
95456
95261
95057
95189
95100
95467
95392
95516
95469
95184
95087
95151
95170
95404
95091
95384
95460
95436
95103
95214
95160
95523
95217
95486
95333
95226
95341
95368
95412
95253
95142
95368
95253
95306
95049
95351
95439
95292
95141
95294
95323
95320
95058
95233
95485
95375
95407
95528
95206
95446
95325
95529
95066
95525
95133
95526
95052
95119
95172
95441
95221
95499
95332
95378
95230
95028
95352
95081
95389
95513
95324
95153
95163
95287
95075
95284
95354
95249
95321
95523
95032
95215
95515
95105
95245
95450
95067
95466
95237
95295
95503
95044
95131
95190
95096
95469
95202
95519
95131
95091
95210
95418
95204
95150
95323
95552
95237
95523
95159
95463
95151
95481
95203
95208
95532
95080
95327
95512
95222
95145
95106
95566
95156
95562
95025
95115
95289
95491
95338
95584
95165
95235
95458
95590
95037
95472
95092
95214
95230
95437
95409
95123
95231
95459
95268
95491
95187
95122
95377
95118
95441
95117
95176
95422
95490
95352
95383
95044
95359
95411
95388
95151
95508
95446
95193
95511
95193
95259
95103
95283
95370
95430
95205
95373
95427
95443
95359
95309
95531
95500
95208
95416
95305
95289
95262
95064
95217
95201
95481
95449
94993
95303
95411
95007
95019
94998
95104
95394
95568
95126
95555
95239
95326
95593
95101
95093
95381
95293
95193
95310
95410
95323
95060
95201
95281
95244
95057
95304
95539
95445
95175
95349
95504
95321
95277
95032
95103
95139
95448
95502
95455
95183
95394
95080
95152
95084
95001
95176
95373
95380
95114
95344
95306
95417
95497
95334
95052
95344
95295
94991
95083
95016
95200
95417
95511
95212
95285
95072
95074
95049
95033
95047
95328
95008
95052
95237
95489
95508
95355
95489
95487
95291
95367
95045
95187
95117
95175
95082
95126
95024
95359
95051
95296
95341
95515
95457
95377
95378
95525
95134
95175
95410
95171
95100
95151
95131
95206
95114
95431
95594
95515
95386
95156
95193
95269
95108
95253
95275
95250
95463
95066
95138
95202
95184
95481
95226
95510
95421
95102
95188
95293
95394
95381
95509
95319
95279
95453
95314
95539
95539
95301
95147
95362
95480
95512
95219
95221
95192
95130
95564
95249
95410
95465
95266
95206
95087
95458
95095
95043
95121
95296
95500
95578
95104
95494
95405
95305
95035
95518
95385
95467
95400
95111
95129
95157
95161
95119
95170
95079
95097
95093
95475
95419
95234
95156
95402
95119
95180
95185
95261
95483
95486
95558
95298
95233
95392
95560
95515
95374
95510
95374
95360
95421
95161
95223
95150
95162
95351
95508
95460
95263
95452
95559
95150
95205
95472
95075
95350
95202
95208
95368
95459
95427
95260
95093
95133
95285
95156
95419
95580
95512
95507
95353
95413
95211
95382
95069
95352
95204
95118
95183
95064
95285
95320
95041
95125
95353
95275
95306
95123
95269
95487
95285
95194
95183
95337
95559
95422
95173
95452
95453
95075
95326
95122
95492
95573
95090
95449
95117
95148
95254
95192
95152
95158
95257
95570
95099
95424
95626
95500
95607
95406
95584
95505
95377
95172
95157
95516
95241
95177
95088
95113
95216
95378
95527
95555
95193
95154
95124
95538
95337
95522
95291
95490
95433
95511
95381
95371
95282
95554
95530
95444
95556
95597
95594
95229
95632
95273
95560
95537
95510
95484
95219
95452
95494
95163
95520
95162
95541
95155
95318
95322
95210
95540
95531
95531
95576
95511
95507
95467
95498
95614
95422
95399
95478
95408
95628
95324
95165
95345
95336
95437
95311
95191
95130
95078
95553
95603
95478
95265
95144
95369
95393
95413
95175
95409
95368
95654
95438
95406
95376
95596
95454
95612
95576
95593
95527
95476
95196
95286
95282
95229
95456
95504
95595
95559
95543
95552
95355
95582
95586
95583
95565
95573
95486
95624
95515
95607
95545
95396
95293
95129
95542
95438
95411
95582
95547
95559
95487
95506
95574
95518
95566
95493
95616
95626
95533
95571
95441
95407
95285
95424
95372
95136
95545
95405
95243
95068
95315
95568
95505
95526
95452
95445
95286
95391
95519
95183
95055
95597
95522
95497
95490
95498
95338
95424
95477
95295
95309
95380
95455
95290
95479
95530
95435
95371
95178
95414
95523
95303
95277
95129
95212
95492
95561
95574
95634
95497
95619
95608
95552
95483
95471
95241
95527
95558
95579
95265
95258
95141
95181
95486
95605
95557
95366
95435
95316
95561
95298
95593
95618
95547
95586
95523
95381
95265
95523
95268
95254
95467
95426
95415
95354
95587
95549
95540
95524
95394
95268
95154
95525
95365
95312
95434
95461
95214
95553
95534
95399
95332
95584
95517
95445
95569
95607
95405
95443
95559
95299
95635
95351
95573
95172
95580
95503
95123
95519
95526
95519
95442
95385
95239
95548
95540
95529
95540
95556
95576
95237
95190
95411
95389
95266
95586
95281
95543
95490
95165
95077
95386
95512
95529
95343
95225
95548
95207
95495
95232
95498
95487
95416
95563
95476
95449
95182
95402
95298
95445
95483
95620
95600
95365
95346
95547
95189
95079
95416
95490
95197
95321
95039
95408
95134
95488
95451
95407
95233
95531
95489
95353
95445
95159
95570
95489
95471
95530
95235
95390
95440
95553
95537
95304
95514
95325
95584
95324
95257
95132
95530
95554
95533
95582
95442
95403
95638
95438
95313
95431
95119
95280
95473
95415
95046
95089
95370
95482
95623
95516
95171
95214
95567
95613
95311
95124
95458
95371
95251
95483
95555
95604
95363
95309
95052
95259
95462
95431
95514
95274
95257
95574
95587
95317
95228
95264
95491
95276
95120
95257
95159
95542
95579
95267
95156
95527
95494
95492
95513
95257
95127
95403
95589
95587
95461
95255
95508
95234
95293
95271
95114
95516
95306
95292
95503
95174
95346
95122
95284
95135
95464
95526
95163
95153
95372
95092
95474
95440
95454
95165
95464
95478
95596
95529
95583
95529
95321
95203
95387
95540
95348
95417
95331
95175
95145
95182
95525
95410
95622
95415
95312
95488
95533
95503
95482
95467
95579
95467
95256
95189
95522
95558
95523
95154
95544
95551
95485
95419
95558
95295
95566
95359
95376
95202
95162
95491
95563
95299
95586
95473
95558
95477
95341
95027
95332
95375
95551
95348
95073
95526
95194
95184
95479
95237
95530
95208
95146
95412
95554
95445
95298
95132
95518
95517
95533
95313
95239
95402
95346
95074
95122
95499
95385
95146
95569
95507
95397
95052
95420
95412
95524
95580
95306
95490
95164
95555
95554
95319
95171
95170
95474
95211
95029
95501
95501
95338
95298
95101
95518
95544
95333
95174
95104
95232
95208
95588
95525
95533
95392
95249
95551
95325
95149
95228
95541
95480
95105
95479
95487
95439
95202
95162
95509
95507
95528
95403
95380
95204
95301
95404
95137
95522
95491
95325
95188
95049
95421
95118
95159
95377
95570
95529
95539
95459
95475
95314
95505
95159
95174
95303
95364
95133
95094
95227
95458
95383
95429
95559
95334
95244
95109
95489
95299
95547
95532
95479
95579
95511
95239
95237
95529
95507
95592
95463
95262
95184
95537
95555
95400
95235
95105
95149
95378
95365
95281
95197
95168
94992
95465
95424
95368
95408
95121
95439
95139
95031
95495
95103
95283
95429
95471
95168
95402
95298
95096
95518
95526
95431
95144
95172
95542
95397
95317
95041
95585
95381
95438
95203
95266
95240
95458
95486
95405
95179
95376
95411
95353
95562
95511
95547
95392
95102
95542
95234
95360
95161
95070
95528
95588
95379
95101
95314
95592
95516
95418
95355
95412
95251
95197
95304
95204
95370
95480
95555
95483
95394
95170
95559
95385
95200
95172
95482
95371
95264
95312
95557
95444
95248
95142
95580
95542
95441
95290
95175
95165
95380
95198
95141
95453
95403
95330
95131
95466
95221
95104
95490
95229
95122
95558
95531
95516
95511
95370
95160
95078
95557
95544
95379
95130
95585
95526
95376
95289
95307
95565
95522
95195
95082
95279
95578
95553
95514
95419
95366
95127
95211
95546
95538
95478
95369
95057
95376
95309
95507
95529
95360
95328
95155
95190
95578
95515
95429
95165
95530
95488
95535
95286
95258
95327
95403
95485
95261
95126
95586
95474
95401
95358
95550
95442
95561
95182
95269
95125
95496
95458
95531
95589
95172
95361
95350
95043
95067
95111
95265
95587
95486
95407
95065
95512
95371
95208
95288
95537
95540
95287
95213
95579
95558
95267
95576
95539
95248
95196
95544
95487
95407
95468
95120
95516
95517
95391
95205
95279
95574
95621
95601
95285
95152
95263
95479
95593
95564
95525
95162
95195
95429
95540
95526
95463
95385
95140
95547
95482
95498
95487
95559
95396
95177
95541
95497
95476
95213
95093
95339
95196
95528
95484
95288
95324
95088
95118
95576
95330
95095
95503
95470
95218
95294
95198
95228
95539
95528
95285
95068
95413
95490
95427
95598
95568
95395
95434
95341
95025
95182
95188
95450
95290
95154
95567
95576
95333
95211
95548
95547
95555
95292
95041
95519
95285
95534
95520
95481
95214
95470
95432
95441
95463
95469
95125
95379
95322
95413
95490
95521
95348
95189
95517
95444
95512
95041
95021
95487
95467
95256
95168
95347
95117
95319
95532
95493
95283
95053
95516
95462
95394
95514
95523
95174
95237
95559
95502
95290
95087
95535
95370
95148
95522
95444
95536
95481
95422
95051
95487
95413
95259
95166
95354
95550
95422
95095
95213
95517
95167
95543
95550
95246
95209
95173
95518
95141
95478
95113
95096
95448
95577
95465
95308
95261
95432
95376
95357
95241
95138
95439
95034
95470
95440
95095
95302
95498
95530
95499
95398
95299
95287
95203
95049
95192
95108
95473
95303
95234
95557
95492
95306
95229
95434
95299
95324
95147
95371
95552
95538
95323
95566
95484
95321
95249
95572
95554
95493
95515
95489
95427
95123
95463
95553
95396
95079
95258
95254
95550
95455
95457
95323
95094
95329
95495
95517
95561
95609
95346
95443
95349
95131
95441
95289
95486
95426
95370
95074
95486
95571
95448
95125
95445
95354
95527
95293
95494
95378
95402
95528
95092
95379
95447
95497
95506
95163
95193
95544
95330
95384
95140
95458
95383
95486
95574
95147
95570
95564
95227
95231
95523
95529
95383
95092
95345
95286
95588
95572
95521
95319
95456
95598
95278
95090
95519
95513
95281
95222
95140
95527
95559
95435
95323
95037
95339
95521
95458
95524
95296
95134
95447
95001
95447
95035
95495
95491
95471
95380
95551
95559
95237
95292
95555
95544
95344
95037
95334
95250
95411
95196
95187
95106
95540
95169
95110
95220
95511
95557
95298
95158
95517
95363
95269
95107
95503
95484
95339
95272
95132
95414
95519
95382
95047
95285
95547
95361
95106
95103
95402
95529
95306
95527
95412
95550
95548
95224
95181
95547
95471
95378
95193
95189
95564
95249
95450
95171
95537
95410
95358
95157
95498
95523
95573
95396
95068
95523
95323
95289
95334
95584
95515
95211
95194
95563
95292
95108
95384
95377
95410
95274
95263
95509
95229
95207
95085
95407
95251
95250
95372
95557
95571
95401
95280
95138
95153
95207
95329
95557
95518
95312
95264
95141
95441
95365
95134
95518
95506
95331
95141
95563
95389
95143
95557
95541
95353
95309
95110
95540
95519
95518
95450
95247
95128
95534
95301
95570
95568
95367
95167
95519
95554
95530
95552
95482
95429
95191
95485
95106
95458
95589
95387
95247
95128
95483
95236
95270
95248
95351
95624
95606
95407
95093
95485
95160
95545
95213
95131
95158
95439
95590
95283
95095
95532
95457
95585
95589
95496
95456
95268
95044
95276
95208
95581
95595
95300
95217
95338
95269
95560
95484
95568
95602
95350
95267
95552
95578
95236
95567
95578
95550
95617
95251
95215
95081
95588
95375
95384
95543
95466
95520
95254
95077
95450
95244
95312
95096
95496
95435
95091
95345
95076
95547
95408
95089
95550
95219
95444
95500
95145
95493
95491
95443
95349
95036
95207
95541
95451
95210
95506
95509
95201
95073
95530
95538
95272
95124
95363
95394
95115
95498
95520
95235
95125
95314
95541
95155
95303
95411
95196
95309
95442
95178
95156
95204
95232
95532
95412
95074
95579
95542
95250
95117
95478
95332
95174
95521
95403
95323
95573
95574
95319
95091
95197
95463
95479
95344
95130
95379
95640
95437
95386
95057
95592
95492
95174
95137
95509
95410
95429
95320
95326
95567
95425
95074
95413
95182
95210
95551
95416
95210
95501
95370
95129
95250
95319
95390
95522
95593
95387
95256
95532
95409
95332
95471
95310
95142
95388
95165
95297
95560
95510
95129
95340
95553
95141
95131
95493
95448
95110
95299
95087
95203
95495
95641
95355
95118
95202
95583
95688
95328
95154
95534
95543
95481
95457
95534
95129
95512
95600
95525
95205
95550
95113
95531
95222
95164
95587
95589
95281
95310
95481
95092
95461
95526
95475
95423
95437
95094
95619
95462
95126
95300
95549
95433
95387
95557
95048
95531
95424
95369
95087
95540
95441
95462
95398
95141
95537
95373
95152
95584
95129
95095
95434
95198
95345
95196
95363
95474
95438
95252
95101
95594
95197
95540
95361
95101
95557
95418
95336
95118
95508
95400
95276
95599
95571
95356
95152
95573
95579
95505
95390
95287
95173
95502
95380
95547
95600
95171
95152
95452
95569
95424
95337
95350
95246
95254
95596
95523
95530
95376
95413
95612
95507
95362
95182
95580
95517
95269
95126
95130
95601
95671
95617
95443
95544
95116
95353
95599
95336
95457
95642
95520
95572
95457
95492
95501
95458
95185
95229
95180
95554
95535
95575
95388
95063
95515
95540
95519
95351
95174
95107
95410
95399
95313
95113
95568
95172
95434
95517
95212
95292
95524
95515
95169
95574
95415
95559
95185
95245
95444
95554
95544
95311
95133
95512
95182
95407
95539
95421
95397
95317
95501
95470
95227
95158
95085
95176
95262
95202
95150
95258
95512
95514
95360
95113
95400
95423
95223
95304
95397
95293
95429
95565
95553
95160
95306
95497
95610
95534
95139
95531
95527
95232
95589
95560
95308
95169
95271
95553
95254
95098
95521
95539
95324
95199
95156
95510
95167
95306
95583
95534
95361
95154
95585
95309
95327
95200
95483
95565
95123
95379
95118
95190
95133
95567
95439
95304
95097
95545
95576
95406
95133
95344
95220
95631
95548
95464
95452
95618
95531
95658
95350
95233
95119
95577
95331
95520
95133
95105
95431
95358
95333
95221
95267
95149
95320
95291
95066
95521
95508
95516
95326
95213
95353
95272
95117
95364
95488
95235
95230
95579
95499
95297
95278
95560
95200
95095
95386
95415
95201
95540
95472
95452
95505
95482
95196
95429
95566
95560
95282
95185
95611
95394
95381
95123
95379
95532
95519
95142
95551
95590
95239
95088
95411
95534
95226
95411
95393
95474
95271
95112
95544
95599
95366
95547
95090
95206
95345
95538
95560
95489
95085
95299
95513
95556
95361
95234
95550
95541
95509
95350
95191
95498
95379
95275
95440
95393
95258
95538
95565
95597
95327
95572
95362
95342
95038
95498
95531
95442
95379
95307
95540
95557
95298
95530
95371
95100
95568
95200
95482
95541
95222
95556
95461
95537
95518
95185
95543
95481
95396
95157
95372
95525
95183
95273
95476
95537
95477
95177
95473
95531
95300
95105
95338
95162
95571
95260
95203
95084
95486
95563
95368
95073
95247
95531
95463
95199
95180
95368
95398
95391
95222
95504
95158
95292
95524
95527
95215
95105
95155
95298
95555
95436
95088
95477
95525
95298
95109
95520
95093
95483
95306
95110
95344
95439
95374
95193
95326
95472
95164
95203
95506
95548
95564
95443
95189
95528
95254
95134
95576
95493
95363
95095
95495
95536
95168
95275
95446
95529
95126
95503
95245
95482
95376
95109
95442
95641
95232
95555
95512
95185
95291
95544
95205
95229
95546
95545
95378
95427
95520
95233
95545
95425
95499
95474
95424
95414
95341
95222
95232
95162
95239
95454
95511
95512
95227
95363
95262
95546
95217
95425
95431
95471
95400
95087
95507
95306
95090
95469
95261
95555
95506
95169
95356
95331
95336
95124
95438
95375
95121
95587
95557
95394
95249
95548
95255
95175
95142
95133
95251
95504
95355
95108
95286
95504
95421
95324
95152
95451
95542
95466
95373
95294
95277
95317
95401
95142
95370
95559
95322
95259
95086
95439
95492
95127
95503
95451
95414
95463
95468
95457
95101
95419
95076
95184
95025
95322
95195
95055
95488
95302
95055
95489
95450
95235
95193
95572
95438
95246
95104
95339
95093
95514
95359
95475
95529
95273
95397
95168
95401
95064
95373
95036
95545
95143
95160
95502
95159
95052
95279
95469
95525
95575
95409
95011
95541
95571
95523
95434
95332
95515
95274
95141
95529
95382
95139
95565
95491
95294
95386
95375
95404
95165
95186
95590
95316
95197
95325
95394
95181
95525
95588
95415
95164
95504
95160
95124
95208
95494
95570
95373
95296
95226
95577
95614
95170
95448
95436
95424
95549
95187
95572
95193
95497
95377
95592
95206
95551
95525
95441
95249
95561
95433
95244
95494
95272
95188
95569
95273
95170
95082
95452
95572
95563
95269
95557
95464
95504
95223
95073
95408
95551
95190
95092
95508
95426
95420
95423
95513
95188
95527
95422
95128
95255
95189
95352
95483
95179
95536
95438
95391
95310
95098
95218
95510
95420
95349
95268
95130
95413
95295
95156
95178
95548
95593
95301
95170
95558
95518
95341
95252
95567
95472
95324
95078
95126
95292
95573
95592
95404
95070
95229
95227
95560
95423
95066
95567
95477
95147
95539
95483
95460
95415
95396
95391
95340
95042
95488
95167
95159
95517
95351
95380
95197
95489
95413
95255
95117
95309
95160
95068
95330
95477
95459
95285
95140
95309
95414
95520
95267
95141
95551
95437
95197
95020
95514
95368
95043
95307
95305
95024
95159
95476
95368
95271
95494
95287
95161
95081
95103
95102
95514
95486
95301
95026
95449
95495
95470
95514
95147
95453
95102
95528
95457
95181
95228
95550
95492
95282
95137
95461
95121
95525
95527
95428
95371
95069
95528
95538
95094
95414
95308
95059
95063
95505
95273
95075
95401
95421
95551
95258
95465
95517
95366
95202
95271
95565
95534
95215
95099
95493
95489
95136
95376
95477
95240
95258
95290
95487
95443
95197
95056
95496
95438
95299
95126
95512
95515
95338
95089
95437
95234
95176
95544
95496
95274
95129
95118
95279
95463
95462
95128
95530
95194
95074
95445
95501
95019
95474
95429
95330
95056
95519
95507
95308
95176
95350
95515
95198
95080
95428
95485
95522
95180
95107
95092
95506
95537
95348
95390
95543
95487
95485
95143
95510
95421
95195
95181
95370
95359
95276
95490
95237
95329
95266
95545
95302
95180
95249
95535
95430
95366
95297
95280
95490
95477
95239
95427
95425
95323
95432
95089
95521
95521
95444
95068
95519
95410
95217
95147
95284
95554
95454
95216
95183
95328
95176
95447
95400
95306
95202
95079
95512
95600
95230
95529
95318
95073
95486
95206
95108
95459
95525
95076
95146
95404
95246
95453
95345
95239
95475
95434
95108
95530
95436
95325
95092
95362
95037
95049
95214
95547
95522
95247
95121
95426
95341
95143
95122
95506
95387
95424
95393
95243
95105
95546
95503
95337
95274
95326
95131
95274
95547
95524
95344
95392
95099
95047
95421
95316
95117
95247
95312
95148
95270
95539
95434
95207
95554
95252
95131
95468
95278
95543
95531
95517
95096
95522
95559
95112
95546
95263
95140
95545
95145
95555
95523
95563
95301
95405
95544
95565
95451
95474
95417
95184
95518
95540
95268
95030
95510
95528
95604
95348
95541
95201
95307
95323
95154
95496
95561
95172
95164
95536
95130
95485
95507
95382
95183
95497
95349
95509
95526
95470
95340
95279
95143
95191
95495
95502
95558
95192
95322
95603
95582
95207
95594
95422
95282
95078
95574
95557
95385
95375
95376
95552
95556
95461
95578
95602
95261
95567
95549
95603
95417
95346
95317
95514
95447
95177
95379
95303
95118
95505
95036
95536
95337
95487
95507
95171
95421
95533
95465
95137
95579
95231
95100
95304
95115
95541
95110
95153
95569
95389
95261
95367
95219
95362
95405
95414
95265
95538
95612
95515
95525
95316
95539
95516
95253
95463
95238
95138
95488
95126
95489
95565
95354
95123
95531
95378
95435
95570
95342
95154
95061
95523
95408
95159
95254
95181
95126
95388
95114
95525
95503
95345
95160
95365
95534
95190
95058
95557
95183
95556
95220
95513
95278
95183
95410
95116
95289
95210
95134
95151
95537
95388
95439
95510
95516
95349
95143
95472
95537
95515
95454
95114
95513
95260
95359
95134
95274
95332
95095
95340
95540
95435
95320
95306
95276
95491
95335
95188
95375
95566
95221
95140
95506
95438
95525
95478
95425
95539
95390
95063
95515
95316
95234
95571
95477
95276
95081
95595
95522
95440
95299
95202
95590
95535
95344
95090
95420
95536
95373
95355
95202
95566
95551
95583
95482
95463
95530
95551
95372
95364
95188
95508
95550
95527
95164
95191
95515
95564
95225
95532
95510
95163
95454
95157
95500
95317
95122
95356
95130
95499
95349
95150
95544
95110
95110
95551
95532
95435
95156
95511
95635
95429
95119
95341
95168
95408
95124
95480
95580
95546
95574
95556
95400
95179
95265
95553
95291
95086
95317
95541
95433
95504
95110
95335
95299
95573
95425
95521
95378
95155
95535
95196
95279
95061
95423
95093
95496
95493
95534
95418
95231
95392
95518
95520
95132
95074
95516
95153
95111
95383
95517
95560
95423
95051
95571
95344
95156
95121
95358
95298
95225
95515
95525
95495
95420
95223
95179
95540
95358
95206
95421
95356
95162
95591
95549
95054
95556
95574
95593
95658
95412
95200
95528
95361
95519
95375
95205
95130
95552
95511
95460
95544
95433
95573
95295
95258
95544
95492
95574
95080
95503
95539
95028
95504
95554
95355
95252
95591
95506
95115
95224
95082
95471
95589
95205
95369
95310
95128
95284
95335
95167
95069
95476
95454
95546
95481
95327
95153
95539
95436
95410
95154
95331
95478
95200
95193
95099
95453
95537
95434
95486
95571
95616
95340
95147
95277
95412
95527
95216
95273
95540
95283
95560
95540
95665
95553
95355
95503
95493
95503
95107
95496
95522
95131
95482
95546
95078
95318
95511
95194
95121
95460
95545
95469
95318
95203
95574
95373
95332
95272
95133
95501
95147
95133
95186
95516
95305
95248
95559
95554
95234
95502
95381
95596
95469
95280
95237
95511
95555
95192
95399
95444
95536
95062
95188
95303
95590
95468
95195
95486
95244
95495
95293
95115
95417
95536
95528
95411
95063
95106
95078
95505
95539
95206
95244
95512
95123
95363
95485
95377
95160
95343
95340
95470
95330
95038
95319
95128
95461
95489
95432
95549
95518
95216
95503
95240
95096
95513
95432
95469
95268
95303
95065
95489
95127
95020
95221
95477
95581
95249
95434
95503
95442
95588
95179
95148
95539
95050
95141
95244
95131
95059
95061
95526
95345
95273
95507
95356
95055
95542
95406
95153
95231
95137
95021
95394
95512
95352
95200
95078
95501
95439
95459
95528
95524
95432
95404
95548
95437
95180
95330
95507
95492
95178
95280
95140
95103
95311
95318
95193
95331
95261
95497
95477
95250
95192
95078
95462
95534
95601
95441
95525
95177
95427
95341
95539
95433
95313
95201
95395
95103
95524
95184
95363
95267
95484
95523
95163
95163
95479
95294
95170
95135
95458
95517
95380
95167
95556
95501
95337
95498
95501
95532
95376
95668
95116
95121
95548
95590
95302
95198
95279
95197
95201
95444
95535
95205
95195
95465
95500
95396
95511
95486
95562
95425
95108
95357
95572
95336
95185
95356
95020
95438
95233
95073
95086
95126
95494
95180
95224
95310
95173
95448
95174
95562
95366
95041
95527
95230
95174
95161
95583
95523
95432
95310
95169
95388
95557
95356
95213
95538
95403
95209
95499
95464
95161
95307
95323
95617
95520
95377
95228
95597
95451
95477
95133
95612
95435
95088
95136
95326
95148
95529
95541
95413
95167
95496
95572
95303
95094
95419
95405
95299
95466
95123
95413
95445
95449
95620
95581
95616
95235
95401
95443
95153
95492
95500
95525
95377
95203
95595
95481
95271
95181
95540
95393
95566
95357
95297
95286
95090
95169
95443
95566
95489
95295
95091
95502
95585
95564
95326
95144
95485
95381
95588
95208
95558
95078
95583
95613
95590
95600
95305
95582
95605
95538
95348
95377
95188
95549
95576
95484
95435
95559
95211
95107
95146
95157
95498
95363
95318
95529
95328
95058
95394
95336
95207
95449
95471
95113
95531
95501
95381
95393
95579
95190
95546
95407
95375
95084
95535
95375
95162
95581
95647
95606
95122
95350
95477
95367
95224
95566
95466
95260
95108
95273
95158
95391
95214
95505
95508
95241
95412
95136
95038
95540
95461
95354
95426
95512
95230
95370
95202
95418
95280
95382
95541
95129
95255
95211
95513
95356
95130
95504
95267
95208
95479
95250
95123
95510
95560
95400
95172
95251
95533
95509
95363
95486
95178
95491
95310
95501
95106
95261
95607
95520
95341
95229
95175
95437
95138
95187
95432
95577
95443
95423
95149
95501
95515
95357
95561
95551
95222
95059
95578
95403
95089
95274
95476
95099
95125
95548
95550
95258
95529
95531
95316
95163
95124
95450
95377
95207
95347
95532
95502
95153
95474
95517
95496
95305
95134
95552
95495
95214
95583
95119
95494
95338
95548
95518
95549
95252
95572
95184
95170
95514
95332
95070
95488
95176
95529
95504
95235
95096
95524
95290
95176
95181
95503
95428
95462
95380
95225
95222
95560
95155
95559
95536
95523
95306
95389
95545
95123
95322
95201
95601
95257
95133
95558
95598
95453
95085
95506
95269
95102
95413
95199
95294
95607
95600
95348
95130
95580
95553
95416
95233
95585
95585
95224
95104
95240
95234
95162
95080
95182
95507
95134
95151
95285
95354
95123
95446
95559
95246
95049
95434
95569
95354
95161
95056
95174
95480
95331
95258
95470
95541
95521
95435
95421
95488
95329
95165
95531
95546
95572
95187
95165
95538
95267
95577
95582
95535
95452
95328
95134
95155
95236
95029
95524
95442
95179
95536
95159
95320
95540
95083
95466
95121
95196
95370
95076
95476
95553
95310
95167
95043
95347
95493
95475
95181
95368
95064
95237
95376
95114
95190
95524
95550
95364
95588
95519
95413
95278
95191
95432
95162
95104
95541
95511
95547
95184
95313
95558
95493
95368
95488
95409
95148
95436
95156
95582
95576
95130
95517
95277
95134
95253
95268
95429
95553
95192
95330
95578
95516
95173
95146
95542
95421
95339
95537
95342
95193
95144
95444
95563
95325
95526
95501
95473
95131
95122
95135
95554
95486
95090
95543
95592
95482
95235
95590
95078
95338
95466
95341
95452
95570
95624
95412
95166
95096
95336
95564
95134
95561
95347
95319
95165
95576
95588
95333
95172
95435
95324
95131
95507
95477
95369
95099
95309
95153
95563
95348
95105
95555
95369
95458
95090
95251
95465
95234
95517
95529
95530
95611
95417
95401
95118
95541
95521
95531
95496
95467
95167
95297
95500
95581
95488
95198
95161
95508
95201
95186
95519
95361
95497
95612
95570
95508
95401
95130
95428
95373
95314
95602
95575
95236
95116
95234
95380
95450
95152
95205
95529
95531
95246
95254
95180
95511
95367
95106
95547
95490
95100
95407
95472
95059
95156
95299
95554
95208
95395
95353
95325
95542
95305
95251
95228
95539
95475
95357
95472
95525
95549
95299
95293
95143
95577
95526
95574
95275
95120
95217
95169
95245
95120
95080
95549
95507
95619
95442
95219
95540
95426
95148
95152
95366
95099
95593
95161
95562
95185
95576
95585
95365
95480
95354
95562
95501
95362
95179
95416
95187
95450
95472
95374
95500
95294
95475
95513
95604
95117
95560
95318
95124
95600
95482
95313
95579
95116
95553
95607
95200
95435
95629
95587
95310
95219
95641
95465
95196
95215
95115
95549
95335
95510
95356
95083
95163
95572
95292
95133
95210
95086
95169
95450
95533
95143
95466
95593
95650
95483
95275
95500
95298
95565
95305
95229
95585
95588
95554
95502
95264
95091
95593
95263
95122
95524
95346
95478
95152
95501
95614
95543
95382
95264
95430
95451
95494
95146
95096
95335
95431
95156
95207
95559
95130
95464
95098
95567
95481
95328
95063
95543
95468
95118
95514
95089
95373
95253
95422
95195
95514
95466
95461
95268
95585
95568
95583
95267
95296
95602
95383
95455
95457
95543
95285
95101
95538
95455
95173
95487
95524
95347
95178
95537
95163
95310
95431
95373
95154
95375
95480
95078
95520
95345
95099
95233
95228
95570
95434
95262
95621
95436
95080
95518
95517
95607
95490
95193
95149
95431
95119
95451
95189
95489
95443
95546
95602
95421
95215
95552
95498
95152
95556
95492
95601
95283
95397
95531
95573
95400
95119
95511
95510
95485
95563
95187
95141
95471
95552
95387
95479
95566
95425
95176
95204
95606
95568
95447
95501
95112
95574
95302
95360
95429
95296
95384
95238
95534
95546
95362
95535
95541
95150
95491
95176
95411
95546
95491
95450
95359
95185
95155
95558
95555
95579
95099
95375
95393
95393
95197
95401
95443
95290
95413
95451
95628
95378
95157
95432
95396
95218
95170
95567
95142
95639
95503
95577
95322
95154
95541
95343
95464
95301
95450
95449
95304
95641
95545
95130
95637
95521
95128
95187
95349
95583
95511
95620
95341
95224
95608
95463
95517
95568
95329
95215
95518
95627
95190
95613
95471
95277
95647
95511
95193
95391
95508
95272
95361
95221
95231
95617
95570
95201
95592
95568
95379
95218
95649
95613
95642
95441
95324
95662
95648
95576
95613
95226
95476
95547
95450
95199
95553
95537
95448
95145
95338
95163
95343
95098
95327
95199
95478
95619
95480
95211
95114
95537
95551
95276
95436
95623
95305
95488
95163
95557
95322
95555
95602
95312
95282
95058
95455
95480
95308
95368
95174
95576
95561
95392
95242
95633
95534
95352
95560
95430
95291
95369
95220
95602
95666
95542
95309
95149
95570
95499
95363
95584
95488
95166
95576
95207
95549
95535
95086
95297
95147
95511
95471
95177
95583
95475
95366
95132
95134
95307
95531
95393
95570
95516
95217
95266
95548
95533
95304
95570
95563
95468
95249
95418
95158
95320
95579
95439
95207
95576
95387
95158
95568
95326
95347
95548
95396
95596
95585
95572
95295
95408
95603
95315
95327
95134
95572
95589
95266
95153
95583
95595
95339
95455
95519
95263
95148
95466
95320
95242
95128
95570
95426
95217
95130
95616
95500
95184
95508
95183
95137
95555
95420
95331
95621
95474
95208
95528
95598
95413
95438
95520
95606
95523
95312
95134
95098
95568
95589
95333
95496
95593
95625
95420
95212
95447
95544
95557
95331
95266
95567
95429
95336
95108
95573
95196
95268
95493
95533
95138
95222
95456
95180
95548
95368
95235
95615
95605
95285
95346
95499
95612
95311
95121
95171
95380
95600
95540
95319
95352
95507
95519
95177
95606
95595
95312
95499
95491
95251
95225
95556
95547
95500
95487
95413
95088
95633
95340
95161
95271
95544
95403
95396
95254
95609
95413
95293
95097
95206
95122
95534
95614
95296
95522
95550
95491
95305
95478
95438
95336
95471
95202
95114
95222
95389
95560
95539
95453
95537
95589
95503
95130
95537
95458
95520
95411
95200
95519
95528
95239
95182
95157
95159
95531
95572
95443
95568
95619
95107
95439
95550
95205
95507
95239
95555
95358
95198
95359
95150
95531
95275
95149
95607
95619
95437
95411
95420
95324
95542
95361
95186
95445
95315
95098
95583
95447
95465
95414
95190
95599
95597
95446
95369
95133
95384
95266
95246
95566
95584
95373
95197
95307
95233
95281
95560
95289
95117
95119
95532
95276
95572
95546
95543
95274
95194
95561
95422
95390
95606
95172
95587
95574
95243
95122
95457
95391
95176
95304
95151
95140
95355
95161
95069
95626
95530
95299
95464
95426
95464
95511
95392
95626
95493
95093
95185
95554
95322
95111
95502
95583
95358
95279
95437
95300
95456
95478
95364
95190
95029
95261
95345
95202
95200
95472
95552
95493
95481
95410
95283
95544
95516
95166
95258
95365
95119
95393
95443
95101
95493
95114
95151
95230
95553
95402
95207
95064
95569
95421
95538
95383
95106
95311
95508
95185
95414
95524
95534
95240
95281
95198
95245
95583
95428
95121
95429
95224
95229
95553
95553
95214
95062
95529
95577
95592
95410
95162
95596
95502
95514
95276
95173
95318
95537
95155
95576
95497
95182
95235
95620
95327
95099
95543
95054
95170
95565
95360
95344
95138
95544
95469
95195
95324
95590
95509
95547
95251
95563
95501
95212
95155
95541
95205
95274
95541
95370
95308
95352
95509
95233
95589
95425
95477
95250
95135
95299
95551
95606
95305
95113
95395
95546
95283
95328
95422
95144
95409
95353
95202
95448
95373
95310
95163
95329
95210
95561
95342
95064
95473
95284
95312
95422
95212
95192
95614
95548
95434
95390
95226
95366
95239
95454
95511
95369
95083
95552
95363
95161
95176
95512
95439
95070
95493
95279
95166
95328
95466
95324
95214
95286
95479
95212
95492
95459
95134
95555
95491
95511
95125
95447
95107
95548
95522
95486
95190
95600
95603
95305
95104
95177
95055
95537
95496
95241
95056
95464
95316
95210
95310
95118
95548
95466
95482
95550
95429
95217
95613
95524
95412
95268
95412
95519
95149
95582
95499
95553
95515
95464
95516
95536
95236
95354
95335
95271
95323
95182
95255
95505
95435
95587
95553
95187
95357
95538
95236
95335
95523
95648
95291
95537
95153
95557
95500
95182
95131
95162
95506
95229
95444
95111
95209
95343
95214
95465
95382
95203
95293
95442
95187
95574
95676
95381
95340
95611
95435
95537
95518
95180
95157
95603
95590
95547
95154
95145
95594
95564
95581
95209
95167
95537
95441
95112
95555
95615
95293
95537
95560
95518
95352
95539
95200
95149
95495
95601
95545
95497
95195
95186
95540
95414
95114
95189
95558
95416
95538
95452
95334
95142
95347
95214
95405
95116
95499
95368
95540
95508
95490
95357
95167
95441
95327
95568
95159
95505
95455
95212
95544
95491
95205
95570
95389
95176
95564
95593
95480
95116
95361
95169
95327
95289
95127
95479
95580
95576
95187
95211
95636
95621
95225
95506
95149
95587
95532
95614
95604
95555
95158
95485
95397
95583
95591
95516
95556
95587
95608
95594
95138
95572
95568
95460
95567
95612
95291
95393
95421
95216
95410
95259
95494
95602
95394
95264
95583
95445
95471
95377
95145
95608
95541
95301
95115
95519
95527
95555
95210
95481
95242
95113
95494
95461
95095
95573
95287
95469
95142
95275
95180
95316
95547
95499
95242
95084
95424
95096
95405
95103
95547
95467
95292
95250
95553
95357
95506
95195
95550
95620
95570
95118
95583
95608
95460
95491
95170
95432
95176
95263
95525
95133
95313
95164
95513
95067
95453
95607
95401
95306
95430
95508
95404
95263
95096
95450
95137
95540
95345
95436
95278
95218
95519
95402
95213
95393
95526
95540
95579
95142
95274
95102
95581
95533
95262
95108
95511
95458
95347
95563
95537
95504
95470
95435
95597
95499
95455
95236
95592
95459
95501
95534
95169
95454
95558
95319
95245
95638
95551
95423
95117
95347
95198
95570
95463
95206
95538
95652
95227
95151
95503
95586
95245
95093
95361
95081
95528
95396
95192
95166
95559
95164
95204
95548
95307
95165
95566
95557
95585
95529
95324
95612
95312
95184
95541
95448
95438
95520
95476
95528
95542
95242
95450
95469
95031
95545
95447
95511
95432
95296
95282
95374
95317
95411
95081
95416
95553
95256
95483
95314
95106
95405
95193
95496
95217
95089
95332
95195
95121
95485
95188
95490
95347
95139
95567
95560
95408
95563
95455
95092
95273
95551
95425
95363
95651
95477
95106
95108
95263
95092
95487
95523
95156
95310
95033
95299
95230
95294
95555
95484
95356
95345
95400
95233
95463
95207
95233
95093
95233
95422
95588
95504
95429
95136
95553
95177
95502
95487
95503
95142
95387
95504
95488
95526
95400
95080
95539
95487
95310
95276
95117
95508
95167
95372
95311
95236
95493
95267
95513
95447
95243
95534
95419
95479
95426
95119
95342
95105
95483
95304
95226
95549
95353
95114
95494
95513
95335
95101
95233
95542
95198
95230
95106
95487
95203
95051
95568
95373
95224
95410
95141
95245
95054
95516
95572
95180
95422
95502
95342
95211
95293
95547
95385
95189
95082
95459
95492
95495
95513
95419
95210
95096
95365
95497
95394
95224
95145
95412
95538
95537
95115
95307
95378
95485
95085
95585
95495
95474
95363
95075
95053
95096
95416
95524
95465
95237
95062
95229
95279
95208
95124
95422
95320
95098
95465
95526
95583
95141
95200
95560
95608
95561
95385
95137
95483
95576
95206
95143
95572
95592
95473
95563
95518
95561
95268
95233
95573
95496
95468
95552
95467
95180
95400
95449
95434
95250
95599
95308
95257
95140
95541
95581
95379
95376
95203
95438
95118
95546
95341
95526
95511
95215
95558
95521
95464
95398
95139
95570
95370
95445
95543
95420
95156
95580
95189
95498
95416
95313
95451
95586
95301
95337
95305
95196
95524
95596
95189
95558
95214
95091
95511
95510
95182
95534
95116
95457
95521
95523
95308
95381
95097
95570
95267
95555
95523
95323
95155
95224
95143
95516
95117
95527
95538
95121
95603
95370
95138
95545
95460
95633
95100
95413
95541
95542
95563
95257
95213
95479
95579
95335
95146
95072
95327
95589
95065
95559
95410
95094
95581
95535
95619
95231
95289
95243
95269
95119
95582
95323
95094
95134
95595
95512
95542
95547
95562
95459
95168
95516
95519
95084
95370
95425
95364
95471
95172
95510
95566
95422
95205
95214
95123
95229
95561
95469
95174
95241
95580
95604
95355
95104
95567
95547
95533
95612
95620
95352
95237
95581
95540
95334
95240
95437
95538
95325
95127
95196
95527
95463
95211
95542
95486
95220
95182
95588
95440
95202
95395
95242
95413
95580
95278
95338
95648
95559
95453
95113
95565
95196
95143
95583
95614
95229
95544
95442
95551
95564
95629
95431
95516
95491
95370
95179
95598
95248
95448
95560
95521
95497
95279
95197
95087
95595
95240
95154
95367
95153
95558
95203
95153
95569
95451
95145
95137
95321
95475
95257
95167
95550
95323
95415
95282
95162
95134
95201
95365
95293
95251
95562
95388
95544
95588
95242
95592
95643
95347
95645
95595
95418
95219
95350
95506
95323
95202
95549
95517
95377
95299
95572
95581
95304
95574
95352
95438
95530
95594
95475
95323
95594
95636
95317
95189
95216
95134
95429
95384
95639
95409
95115
95491
95573
95293
95142
95572
95474
95167
95606
95664
95385
95568
95442
95146
95301
95297
95167
95560
95573
95135
95539
95410
95560
95590
95577
95378
95568
95241
95333
95161
95257
95239
95585
95234
95506
95514
95597
95580
95612
95440
95182
95580
95576
95563
95449
95117
95545
95293
95178
95333
95386
95067
95350
95223
95581
95502
95220
95398
95477
95379
95530
95339
95163
95128
95425
95180
95130
95150
95562
95554
95577
95549
95245
95117
95586
95324
95202
95193
95539
95553
95618
95091
95561
95516
95334
95366
95292
95477
95512
95300
95134
95522
95558
95419
95571
95338
95180
95510
95396
95339
95123
95372
95349
95227
95403
95503
95513
95565
95576
95250
95403
95088
95569
95494
95091
95468
95555
95290
95593
95633
95607
95663
95185
95402
95579
95512
95136
95474
95123
95303
95440
95379
95560
95556
95585
95256
95102
95562
95576
95314
95084
95355
95101
95516
95467
95188
95498
95457
95270
95149
95155
95474
95467
95518
95359
95308
95127
95141
95550
95537
95530
95519
95356
95511
95229
95537
95482
95436
95527
95272
95108
95135
95292
95189
95534
95388
95103
95378
95529
95253
95443
95209
95537
95568
95348
95171
95360
95599
95512
95309
95488
95267
95339
95454
95156
95579
95532
95427
95363
95356
95480
95532
95600
95375
95247
95581
95222
95550
95127
95460
95498
95556
95416
95264
95115
95155
95285
95125
95565
95326
95265
95182
95534
95241
95555
95095
95564
95582
95368
95148
95191
95449
95470
95429
95585
95399
95151
95128
95541
95500
95348
95100
95547
95558
95511
95199
95530
95503
95160
95295
95484
95327
95114
95460
95355
95066
95554
95505
95638
95497
95231
95093
95563
95353
95137
95497
95543
95404
95084
95399
95117
95529
95519
95589
95288
95137
95504
95565
95463
95648
95245
95135
95479
95370
95109
95385
95519
95287
95154
95555
95412
95407
95218
95443
95382
95147
95578
95366
95182
95272
95481
95573
95197
95340
95637
95521
95351
95541
95193
95250
95205
95602
95475
95424
95269
95587
95328
95164
95191
95471
95212
95228
95496
95504
95294
95246
95521
95479
95518
95549
95513
95215
95295
95630
95429
95143
95375
95378
95545
95497
95203
95138
95552
95479
95394
95224
95551
95510
95420
95254
95583
95512
95530
95197
95325
95325
95533
95508
95453
95556
95542
95218
95071
95555
95565
95563
95510
95553
95339
95420
95166
95538
95487
95478
95202
95572
95505
95308
95179
95404
95514
95362
95468
95545
95293
95090
95571
95480
95424
95113
95300
95405
95197
95445
95408
95226
95439
95349
95195
95192
95532
95134
95378
95543
95355
95475
95542
95517
95141
95399
95236
95185
95472
95498
95485
95539
95497
95453
95055
95557
95434
95238
95535
95382
95526
95063
95473
95216
95086
95471
95162
95493
95495
95222
95334
95339
95098
95573
95535
95235
95465
95608
95462
95363
95074
95483
95592
95546
95433
95636
95498
95382
95277
95257
95505
95537
95482
95131
95533
95495
95344
95523
95595
95291
95170
95254
95030
95586
95563
95476
95477
95139
95559
95262
95298
95538
95340
95545
95313
95115
95188
95421
95538
95229
95058
95345
95088
95256
95161
95468
95380
95469
95345
95097
95509
95269
95164
95310
95359
95500
95446
95178
95573
95376
95510
95359
95155
95400
95606
95312
95189
95507
95391
95085
95540
95537
95058
95500
95414
95528
95141
95348
95143
95148
95153
95338
95169
95134
95223
95144
95434
95522
95619
95230
95274
95603
95567
95346
95347
95573
95585
95328
95521
95499
95371
95372
95113
95527
95472
95555
95624
95349
95175
95582
95441
95380
95123
95467
95485
95443
95143
95142
95562
95484
95155
95110
95432
95319
95426
95284
95339
95533
95530
95286
95394
95226
95088
95290
95589
95539
95200
95473
95125
95325
95472
95443
95135
95509
95566
95373
95519
95467
95369
95124
95558
95520
95570
95424
95517
95462
95331
95283
95094
95140
95547
95477
95408
95558
95570
95499
95278
95126
95440
95570
95519
95527
95482
95511
95124
95296
95452
95056
95569
95422
95087
95250
95071
95547
95419
95532
95413
95406
95166
95555
95282
95113
95565
95568
95123
95518
95400
95428
95521
95479
95156
95459
95218
95440
95484
95542
95527
95300
95205
95578
95603
95374
95322
95571
95464
95558
95483
95597
95520
95400
95297
95606
95502
95173
95239
95578
95583
95258
95506
95654
95244
95167
95148
95368
95133
95611
95234
95354
95272
95214
95069
95568
95488
95422
95616
95272
95116
95500
95239
95235
95103
95370
95364
95155
95214
95264
95605
95512
95107
95488
95110
95498
95204
95216
95222
95535
95563
95422
95252
95537
95545
95407
95178
95536
95629
95503
95593
95415
95475
95179
95534
95477
95294
95140
95558
95269
95286
95458
95184
95581
95499
95418
95121
95107
95393
95454
95409
95437
95283
95129
95421
95335
95144
95547
95488
95395
95228
95329
95190
95118
95544
95472
95073
95557
95612
95509
95571
95387
95444
95569
95508
95087
95294
95135
95458
95563
95380
95117
95250
95583
95514
95181
95456
95347
95119
95112
95149
95504
95275
95445
95186
95560
95280
95169
95088
95603
95403
95263
95077
95537
95455
95527
95537
95180
95530
95076
95081
95462
95277
95254
95134
95278
95113
95391
95184
95139
95225
95538
95472
95178
95444
95573
95282
95166
95109
95494
95361
95276
95141
95183
95261
95307
95308
95135
95187
95131
95487
95571
95132
95515
95537
95079
95156
95519
95490
95059
95451
95417
95409
95144
95149
95332
95089
95175
95347
95542
95101
95504
95474
95205
95251
95545
95515
95523
95164
95393
95518
95322
95165
95523
95462
95352
95607
95504
95268
95145
95119
95567
95488
95439
95228
95413
95551
95501
95242
95179
95520
95539
95249
95421
95406
95132
95340
95069
95562
95464
95482
95510
95553
95305
95163
95502
95311
95122
95560
95345
95376
95129
95159
95453
95227
95121
95127
95388
95093
95235
95298
95339
95174
95538
95555
95463
95409
95280
95366
95571
95363
95079
95560
95578
95378
95388
95470
95294
95295
95178
95249
95061
95106
95331
95316
95137
95533
95515
95539
95364
95195
95382
95584
95279
95070
95555
95396
95557
95507
95468
95375
95106
95527
95370
95379
95508
95314
95374
95268
95402
95516
95565
95289
95108
95592
95275
95516
95378
95443
95094
95571
95281
95113
95579
95156
95148
95537
95545
95191
95562
95542
95608
95181
95105
95470
95501
95495
95070
95561
95171
95493
95483
95512
95262
95165
95594
95591
95187
95115
95479
95178
95500
95365
95305
95095
95599
95545
95539
95239
95563
95477
95369
95136
95426
95210
95354
95356
95506
95543
95135
95567
95453
95262
95359
95567
95398
95300
95316
95285
95570
95194
95556
95589
95583
95346
95139
95549
95369
95174
95525
95417
95540
95343
95217
95411
95320
95588
95569
95495
95169
95579
95442
95358
95157
95492
95555
95288
95198
95577
95513
95266
95177
95592
95560
95538
95325
95541
95373
95154
95384
95164
95368
95419
95051
95499
95565
95546
95420
95170
95222
95494
95575
95110
95195
95288
95336
95069
95223
95106
95106
95213
95509
95327
95467
95480
95247
95430
95484
95135
95257
95056
95445
95281
95078
95492
95528
95483
95358
95266
95436
95326
95095
95184
95042
95452
95595
95446
95454
95268
95085
95478
95454
95378
95361
95278
95079
95253
95060
95240
95089
95552
95156
95392
95212
95444
95243
95212
95156
95251
95288
95034
95163
95254
95523
95458
95473
95490
95079
95236
95178
95513
95531
95533
95457
95116
95490
95497
95354
95577
95373
95231
95466
95465
95563
95445
95374
95108
95502
95528
95591
95490
95366
95091
95443
95565
95249
95254
95521
95226
95051
95091
95387
95489
95369
95099
95210
95353
95265
95141
95390
95510
95389
95056
95148
95548
95451
95372
95245
95519
95107
95119
95473
95060
95463
95431
95273
95465
95322
95244
95243
95343
95236
95328
95262
95231
95136
95133
95250
95538
95182
95489
95264
95243
95494
95538
95211
95208
95335
95492
95539
95253
95496
95511
95484
95330
95304
95156
95511
95474
95423
95233
95112
95529
95226
95140
95223
95478
95509
95190
95304
95493
95377
95473
95335
95091
95077
95145
95351
95196
95104
95298
95434
95153
95406
95401
95106
95212
95523
95500
95059
95433
95339
95231
95334
95204
95395
95323
95035
95054
95434
95457
95469
95549
95471
95307
95036
95421
95221
95035
95539
95286
95596
95363
95228
95187
95425
95182
95147
95424
95268
95231
95094
95514
95359
95472
95310
95179
95505
95365
95108
95298
95384
95238
95025
95553
95553
95425
95537
95419
95207
95487
95414
95331
95144
95321
95390
95251
95398
95434
95555
95525
95139
95486
95417
95482
95507
95511
95534
95416
95109
95198
95474
95494
95450
95253
95116
95386
95414
95073
95399
95079
95349
95052
95347
95334
95193
95543
95442
95513
95258
95511
95271
95069
95401
95194
95063
95206
95163
95478
95508
95249
95280
95530
95490
95081
95115
95462
95386
95173
95557
95494
95193
95022
95545
95382
95243
95037
95012
95369
95478
95534
95533
95482
95429
95430
95204
95509
95533
95336
95167
95542
95438
95073
95116
95521
95497
95290
95085
95491
95170
95097
95289
95476
95113
95517
95216
95061
95478
95421
95566
95242
95043
95313
95412
95042
95283
95380
95204
95428
95346
95265
95122
95420
95574
95523
95171
95506
95373
95443
95268
95146
95520
95445
95195
95209
95539
95436
95150
95369
95316
95144
95198
95519
95550
95533
95190
95504
95508
95410
94992
95489
95282
95144
95069
95252
95166
95412
95174
95130
95232
95125
95305
95276
95456
95388
95108
95217
95487
95042
95387
95515
95425
95420
95100
95517
95022
95249
95152
95465
95373
95333
95054
95333
95268
95202
95140
95484
95425
95305
95229
95479
95129
95202
95496
95452
95229
95071
95491
95404
95049
95466
95407
95257
95297
95233
95025
95439
95464
95496
95140
95067
95564
95407
95288
95515
95042
95203
95509
95466
95261
95242
95206
95525
95433
95112
95179
95477
95448
95501
95144
95385
95494
95520
95503
95229
95300
95209
95047
95160
95290
95242
94989
95451
95387
95514
95121
95246
95384
95087
95332
95329
95133
95194
95418
95068
95351
95349
95085
95488
95510
95216
95109
95184
95489
95479
95362
95472
95074
95386
95343
95019
95392
95551
95522
95171
95048
95550
95308
95025
95543
95300
95073
95504
95021
95491
95411
95241
95191
95103
95507
95422
95241
95359
95037
95490
95291
95382
95088
95499
95468
95305
95520
95216
95060
95208
95086
95335
95088
95582
95274
95214
95023
95435
95358
95153
95588
95366
95508
95086
95548
95531
95212
95584
95636
95599
95535
95192
95086
95333
95486
95493
95535
95492
95068
95523
95648
95502
95606
95313
95236
95235
95245
95490
95275
95604
95324
95117
95468
95561
95473
95337
95278
95286
95194
95501
95228
95102
95114
95349
95055
95031
95477
95256
95327
95213
95575
95169
95268
95523
95207
95140
95391
95556
95299
95137
95566
95540
95138
95198
95382
95586
95527
95184
95409
95520
95508
95195
95136
95533
95165
95292
95587
95598
95352
95137
95605
95321
95137
95385
95566
95497
95427
95125
95254
95145
95252
95278
95334
95583
95574
95323
95149
95566
95603
95542
95628
95365
95171
95503
95347
95296
95172
95558
95618
95532
95478
95056
95363
95238
95274
95457
95074
95120
95498
95611
95434
95098
95528
95124
95555
95487
95163
95409
95515
95579
95099
95249
95200
95306
95564
95545
95181
95490
95479
95532
95187
95125
95519
95454
95361
95070
95313
95515
95543
95311
95324
95398
95397
95145
95487
95490
95514
95233
95111
95583
95529
95424
95083
95028
95472
95322
95138
95532
95415
95540
95551
95266
95206
95525
95309
95174
95423
95240
95144
95572
95563
95060
95299
95512
95167
95134
95551
95417
95074
95450
95279
95080
95513
95413
95478
95449
95486
95495
95476
95365
95527
95052
95341
95119
95012
95494
95428
95407
95510
95350
95271
95229
95518
95304
95497
95499
95140
95350
95510
95364
95074
95589
95583
95083
95273
95510
95412
95420
95552
95307
95591
95577
95318
95150
95064
95193
95514
95446
95450
95462
95168
95343
95103
95500
95590
95486
95439
95163
95246
95543
95390
95130
95488
95157
95343
95282
95134
95563
95593
95155
95321
95132
95441
95472
95297
95087
95401
95200
95317
95534
95541
95320
95085
95197
95281
95371
95467
95128
95271
95511
95562
95260
95568
95459
95562
95511
95140
95495
95190
95247
95185
95066
95445
95233
95376
95565
95247
95119
95584
95227
95147
95583
95533
95379
95225
95544
95341
95116
95476
95076
95415
95500
95349
95136
95582
95420
95212
95577
95484
95063
95592
95355
95238
95556
95218
95350
95403
95345
95183
95595
95487
95136
95569
95438
95398
95093
95546
95480
95441
95177
95646
95477
95321
95178
95566
95583
95520
95125
95519
95374
95258
95402
95322
95102
95233
95125
95397
95406
95598
95451
95288
95215
95597
95438
95116
95514
95561
95589
95498
95434
95429
95096
95439
95472
95506
95328
95548
95574
95368
95067
95238
95477
95424
95322
95170
95583
95485
95322
95174
95525
95523
95527
95303
95549
95506
95313
95201
95508
95410
95581
95531
95598
95326
95161
95443
95615
95504
95345
95108
95551
95415
95516
95401
95466
95121
95319
95351
95512
95544
95508
95531
95538
95274
95113
95483
95362
95116
95502
95530
95537
95468
95338
95095
95332
95225
95471
95500
95114
95503
95407
95485
95300
95206
95549
95208
95361
95346
95283
95337
95191
95569
95397
95529
95374
95246
95268
95156
95433
95093
95180
95522
95342
95032
95504
95458
95095
95494
95499
95426
95343
95299
95517
95519
95173
95146
95066
95519
95263
95551
95191
95524
95277
95142
95572
95588
95377
95369
95183
95037
95346
95320
95103
95412
95191
95261
95497
95208
95516
95442
95195
95099
95485
95288
95163
95540
95386
95443
95320
95269
95331
95529
95202
95165
95548
95599
95296
95193
95495
95405
95279
95019
95518
95085
95556
95448
95317
95321
95451
95497
95529
95494
95129
95397
95481
95514
95563
95529
95327
95305
95135
95390
95328
95530
95453
95402
95465
95445
95125
95377
95527
95470
95309
95480
95534
95377
95160
95356
95550
95429
95233
95146
95239
95097
95288
95096
95506
95520
95540
95439
95295
95581
95397
95249
95282
95291
95213
95057
95551
95387
95312
95322
95556
95351
95055
95366
95390
95103
95249
95132
95493
95095
95564
95562
95186
95196
95585
95454
95480
95149
95185
95448
95140
95458
95235
95110
95459
95176
95541
95491
95390
95329
95537
95444
95572
95437
95105
95201
95106
95208
95141
95308
95460
95443
95074
95348
95523
95453
95369
95079
95069
95394
95215
95379
95045
95523
95454
95121
95343
95582
95562
95164
95590
95534
95511
95313
95572
95338
95225
95238
95561
95310
95509
95507
95371
95139
95494
95491
95373
95126
95309
95078
95346
95132
95041
95494
95183
95257
95558
95368
95079
95600
95229
95089
95227
95076
95184
95190
95383
95172
95385
95555
95231
95317
95567
95649
95341
95131
95512
95091
95299
95503
95406
95394
95514
95151
95587
95425
95534
95529
95418
95546
95525
95478
95324
95502
95415
95507
95092
95570
95541
95314
95173
95447
95167
95346
95527
95269
95532
95553
95015
95378
95565
95423
95272
95540
95538
95452
95378
95453
95471
95136
95243
95544
95459
95298
95426
95413
95288
95109
95559
95412
95080
95306
95370
95425
95538
95571
95546
95555
95498
95141
95442
95585
95147
95465
95130
95424
95089
95145
95324
95471
95222
95196
95563
95402
95407
95294
95326
95113
95519
95525
95275
95251
95520
95513
95065
95470
95371
95503
95331
95527
95476
95457
95203
95562
95587
95444
95106
95479
95146
95135
95376
95136
95378
95159
95374
95595
95437
95121
95404
95595
95557
95369
95209
95563
95300
95056
95310
95109
95535
95535
95234
95059
95079
95444
95498
95255
95345
95156
95409
95509
95184
95476
95558
95415
95410
95215
95287
95572
95370
95223
95371
95446
95250
95320
95155
95324
95523
95106
95470
95165
95268
95070
95465
95611
95162
95114
95272
95297
95408
95394
95100
95393
95093
95500
95111
95530
95303
95072
95340
95179
95394
95220
95449
95557
95256
95060
95124
95337
95412
95449
95568
95485
95346
95177
95033
95548
95316
95521
95511
95330
95093
95557
95320
95124
95488
95161
95106
95332
95448
95493
95154
95313
95355
95399
95562
95533
95262
95455
95106
95432
95458
95100
95398
95232
95485
95304
95188
95248
95562
95515
95334
95204
95536
95539
95583
95535
95290
95181
95545
95508
95281
95215
95522
95526
95382
95517
95407
95493
95433
95422
95518
95578
95293
95221
95407
95560
95502
95558
95493
95529
95176
95466
95246
95042
95293
95358
95143
95484
95347
95329
95406
95377
95503
95222
95477
95480
95406
95153
95485
95534
95081
95242
95294
95455
95183
95521
95488
95559
95349
95052
95243
95111
95152
95502
95194
95482
95305
95526
95276
95144
95502
95035
95435
95149
95373
95476
95494
95274
95082
95547
95273
95047
95493
95491
95463
95234
95016
95466
95290
95122
95320
95487
95379
95085
95549
95478
95204
95341
95043
95471
95174
95470
95098
95361
95341
95127
95455
95525
95418
95470
95277
95339
95013
95466
95391
95418
95422
95162
95251
95327
95238
95114
95461
95375
95438
95224
95135
95509
95299
95144
95524
95409
95317
95081
95427
95076
95533
95463
95371
95131
95451
95278
95145
95317
95259
95248
95067
95557
95481
95414
95538
95525
95247
95118
95447
95495
95494
95061
95501
95472
95132
95485
95316
95490
95512
95183
95030
95514
95322
95168
95342
95326
95469
95415
95531
95084
95340
95441
95554
95368
95171
95079
95466
95467
95085
95511
95303
95255
95154
95147
95260
95153
95510
95051
95451
95397
95458
95447
95433
95297
95279
95259
95529
95468
95315
95418
95079
95400
95272
95393
95239
95199
95182
95322
95566
95461
95346
95253
95309
95535
95330
95438
95381
95479
95078
95319
95459
95557
95509
95517
95458
95486
95525
95509
95258
95123
95562
95424
95189
95080
95552
95479
95336
95191
95077
95435
95282
95177
95535
95535
95388
95104
95224
95565
95303
95095
95510
95137
95542
95554
95462
95448
95364
95145
95538
95470
95563
95386
95386
95162
95513
95481
95089
95496
95575
95529
95157
95516
95249
95007
95286
95222
95515
95391
95112
95374
95499
95495
95524
95538
95171
95529
95471
95138
95539
95531
95335
95092
95459
95480
95199
95157
95479
95547
95430
95394
95417
95433
95399
95405
95418
95122
95362
95201
95356
95402
95545
95296
95488
95556
95517
95596
95351
95071
95549
95534
95352
95144
95540
95525
95471
95439
95432
95091
95437
95560
95371
95423
95083
95421
95520
95541
95240
95077
95481
95276
95507
95143
95509
95474
95343
95112
95272
95240
95448
95382
95322
95276
95010
95306
95118
95591
95458
95384
95513
95288
95120
95286
95560
95155
95256
95537
95465
95041
95512
95543
95283
95065
95112
95101
95317
95584
95270
95147
95503
95464
95508
95178
95524
95234
95117
95554
95448
95315
95006
95510
95406
95510
95388
95258
95110
95543
95321
95204
95563
95387
95460
95458
95302
95187
95486
95488
95537
95401
95200
95569
95508
95308
95112
95234
95100
95546
95480
95365
95514
95147
95130
95550
95248
95096
95448
95174
95205
95469
95285
95491
95232
95183
95550
95595
95404
95440
95454
95281
95392
95447
95123
95207
95506
95537
95066
95504
95374
95147
95326
95236
95129
95516
95542
95200
95411
95254
95155
95510
95314
95191
95451
95230
95464
95132
95412
95528
95320
95071
95447
95183
95062
95470
95558
95551
95583
95437
95259
95299
95371
95436
95242
95334
95463
95446
95155
95242
95496
95552
95343
95114
95532
95379
95300
95172
95107
95498
95502
95538
95438
95334
95413
95181
95529
95428
95332
95125
95569
95554
95555
95319
95310
95529
95527
95417
95166
95246
95543
95416
95473
95490
95037
95515
95555
95589
95359
95253
95479
95218
95024
95351
95290
95536
95348
95155
95590
95496
95358
95116
95527
95349
95485
95565
95562
95503
95490
95420
95545
95575
95359
95052
95368
95094
95496
95410
95155
95494
95449
95507
95490
95214
95542
95544
95102
95493
95427
95131
95474
95364
95145
95261
95483
95452
95505
95347
95038
95259
95439
95349
95132
95553
95522
95237
95446
95181
95457
95347
95109
95069
95429
95202
95102
95403
95494
95273
95044
95400
95101
95164
94999
95120
95126
95433
95366
95161
95077
95369
95197
95338
95355
95085
95001
95363
95094
95384
95357
95581
95097
95350
95445
95365
95238
95334
95284
95195
95518
95286
95211
95295
95224
95283
95556
95385
95159
95569
95372
95530
95552
95599
95211
95388
95326
95337
95323
95058
95461
95251
95270
95548
95432
95055
95417
95567
95532
95371
95213
95242
95365
95135
95344
95557
95530
95181
95490
95094
95204
95461
95323
95038
95459
95383
95204
95081
95281
95343
95355
95194
95152
95378
95187
95097
95417
95244
95120
95260
95527
95524
95248
95062
95397
95562
95455
95328
95352
95232
95151
95373
95545
95555
95328
95083
95413
95064
95554
95290
95246
95214
95291
95142
95453
95492
95053
95261
95463
95137
95326
95548
95456
95312
95129
95460
95458
95572
95330
95097
95541
95422
95281
95391
95324
95510
95402
95224
95440
95528
95525
95461
95377
95373
95513
95388
95126
95569
95594
95165
95076
95487
95334
95164
95337
95200
95351
95487
95577
95337
95515
95393
95251
95296
95365
95140
95122
95534
95317
95036
95562
95524
95444
95161
95496
95483
95344
95146
95142
95356
95057
95485
95585
95532
95096
95473
95346
95559
95430
95463
95445
95210
95256
95059
95152
95089
95564
95407
95090
95180
95459
95503
95490
95416
95116
95557
95553
95540
95569
95325
95359
95103
95267
95176
95514
95103
95230
95105
95463
95494
95441
95486
95376
95237
95037
95567
95584
95262
95103
95249
95137
95338
95521
95389
95201
95570
95621
95467
95353
95094
95502
95414
95515
95503
95612
95392
95217
95463
95601
95433
95134
95172
95518
95240
95601
95464
95506
95556
95563
95563
95609
95108
95281
95606
95506
95303
95167
95178
95588
95430
95188
95321
95528
95466
95225
95498
95599
95429
95149
95210
95226
95571
95538
95587
95568
95471
95316
95079
95551
95324
95216
95583
95511
95333
95550
95346
95148
95377
95157
95334
95425
95445
95589
95339
95207
95598
95606
95227
95541
95518
95239
95297
95508
95597
95376
95266
95445
95057
95519
95444
95598
95256
95268
95348
95568
95410
95070
95579
95531
95477
95330
95177
95460
95343
95045
95135
95197
95203
95067
95512
95476
95209
95510
95618
95499
95464
95497
95356
95562
95506
95407
95091
95551
95513
95369
95318
95227
95078
95523
95225
95387
95113
95555
95407
95086
95523
95503
95386
95322
95202
95147
95464
95487
95585
95456
95126
95543
95489
95521
95475
95448
95172
95504
95453
95093
95589
95489
95502
95248
95183
95554
95502
95419
95576
95477
95454
95174
95484
95523
95518
95121
95435
95195
95137
95597
95487
95398
95368
95570
95386
95605
95444
95356
95138
95531
95444
95115
95392
95515
95219
95111
95443
95502
95277
95351
95452
95440
95442
95464
95169
95206
95263
95185
95496
95297
95184
95523
95094
95131
95129
95387
95068
95389
95500
95510
95505
95415
95545
95472
95401
95272
95526
95521
95278
95430
95113
95311
95522
95534
95532
95201
95138
95526
95478
95429
95191
95340
95377
95355
95519
95413
95134
95212
95073
95532
95426
95293
95097
95478
95373
95224
95499
95335
95197
95541
95524
95363
95345
95101
95565
95419
95457
95147
95576
95560
95234
95264
95570
95479
95098
95543
95569
95529
95213
95390
95047
95424
95521
95224
95152
95487
95318
95065
95504
95269
95155
95454
95280
95027
95571
95566
95324
95157
95413
95403
95279
95561
95443
95475
95552
95422
95138
95155
95340
95180
95474
95268
95179
95146
95561
95471
95523
95531
95433
95069
95466
95590
95413
95344
95167
95558
95482
95246
95170
95106
95364
95180
95500
95083
95158
95083
95567
95579
95577
95175
95221
95557
95589
95278
95141
95525
95521
95376
95655
95513
95287
95166
95479
95085
95621
95457
95149
95338
95235
95451
95333
95170
95480
95549
95571
95346
95118
95570
95468
95561
95622
95256
95264
95561
95605
95522
95281
95595
95571
95478
95251
95158
95468
95313
95418
95352
95186
95545
95545
95438
95179
95356
95565
95526
95414
95536
95515
95590
95126
95502
95603
95181
95334
95594
95482
95614
95571
95217
95148
95545
95393
95467
95621
95511
95367
95588
95370
95512
95549
95522
95104
95128
95124
95443
95231
95130
95500
95210
95277
95015
95123
95544
95249
95451
95589
95570
95340
95147
95430
95268
95251
95531
95554
95572
95270
95165
95510
95523
95470
95246
95214
95574
95427
95525
95453
95152
95422
95322
95295
95123
95132
95508
95134
95453
95299
95182
95546
95472
95478
95068
95593
95635
95400
95263
95033
95486
95516
95276
95253
95355
95549
95405
95174
95374
32653
32653
32653
32653
32653
32653
32653
32653
32653
32653
32653
32653
32653
32653
32653
32653
32653
32653
32653
32653
32653
32653
32653
32653
32653
