9910
95279
95704
95262
95430
95614
95499
95409
95160
95529
95650
95691
95431
95529
95673
95379
95348
95636
95375
95598
95757
95683
95566
95298
95363
95468
95354
95731
95509
95313
95241
95674
95308
95725
95590
95307
95542
95277
95523
95472
95433
95279
95695
95561
95330
95371
95617
95649
95626
95402
95674
95490
95740
95697
95719
95399
95421
95339
95382
95581
95454
95349
95681
95498
95352
95602
95300
95646
95651
95566
95561
95250
95635
95447
95712
95771
95250
95646
95331
95704
95514
95525
95289
95661
95602
95202
95676
95531
95454
95778
95414
95707
95460
95241
95617
95580
95458
95682
95568
95271
95716
95335
95578
95288
95682
95320
95713
95261
95477
95414
95618
95702
95349
95361
95344
95234
95576
95731
95512
95262
95667
95367
95767
95323
95662
95352
95441
95500
95467
95379
95569
95686
95718
95584
95692
95297
95375
95697
95256
95353
95444
95649
95383
95396
95671
95339
95495
95354
95721
95654
95590
95194
95291
95549
95748
95458
95693
95526
95620
95579
95399
95380
95559
95396
95509
95634
95720
95595
95269
95562
95281
95545
95384
95505
95346
95371
95550
95359
95468
95349
95408
95531
95293
95466
95670
95381
95712
95137
95567
95316
95685
95229
95307
95610
95583
95645
95334
95502
95669
95446
95386
95300
95245
95591
95232
95232
95653
95491
95441
95660
95786
95397
95514
95257
95465
95253
95479
95437
95286
95514
95518
95720
95669
95347
95289
95267
95581
95680
95273
95469
95282
95728
95385
95250
95262
95709
95376
95389
95268
95371
95295
95536
95729
95566
95340
95352
95740
95283
95439
95360
95689
95452
95318
95637
95587
95291
95399
95443
95364
95320
95265
95718
95615
95539
95302
95393
95651
95452
95301
95588
95492
95359
95485
95526
95695
95673
95675
95179
95351
95593
95738
95556
95534
95649
95729
95317
95319
95425
95543
95599
95476
95409
95597
95329
95723
95536
95283
95392
95328
95630
95311
95606
95705
95384
95319
95466
95279
95477
95270
95488
95499
95623
95180
95544
95694
95255
95371
95694
95442
95692
95693
95283
95702
95625
95223
95253
95225
95350
95415
95263
95276
95370
95678
95300
95640
95360
95701
95728
95502
95551
95255
95475
95529
95595
95349
95606
95336
95465
95254
95212
95256
95550
95666
95278
95280
95350
95270
95259
95703
95222
95295
95611
95324
95499
95282
95263
95323
95650
95310
95431
95190
95258
95552
95721
95485
95310
95213
95323
95318
95604
95706
95278
95288
95621
95473
95271
95422
95390
95278
95554
95224
95298
95695
95636
95178
95638
95650
95623
95267
95459
95433
95441
95249
95184
95195
95547
95249
95233
95404
95429
95314
95385
95499
95672
95661
95224
95242
95648
95458
95279
95289
95615
95681
95616
95620
95312
95358
95575
95396
95427
95446
95443
95667
95645
95281
95280
95513
95447
95434
95692
95750
95748
95293
95234
95496
95381
95435
95651
95402
95448
95651
95264
95407
95561
95380
95293
95242
95424
95659
95296
95375
95414
95701
95561
95548
95730
95772
95707
95342
95325
95246
95345
95250
95328
95590
95739
95593
95743
95612
95431
95264
95762
95264
95730
95556
95228
95343
95266
95493
95508
95547
95347
95338
95615
95644
95292
95671
95564
95455
95325
95333
95584
95330
95474
95558
95402
95438
95223
95299
95211
95342
95265
95402
95325
95368
95562
95619
95613
95661
95442
95167
95223
95286
95266
95371
95662
95365
95490
95656
95512
95380
95422
95374
95683
95638
95710
95674
95384
95655
95499
95571
95617
95757
95428
95611
95284
95633
95231
95278
95681
95659
95442
95421
95382
95626
95719
95431
95733
95609
95711
95664
95602
95602
95415
95453
95360
95676
95598
95579
95615
95687
95372
95334
95438
95492
95216
95589
95421
95669
95674
95702
95350
95241
95231
95651
95440
95661
95346
95653
95737
95700
95772
95749
95623
95741
95636
95585
95363
95678
95714
95651
95668
95688
95450
95724
95668
95527
95293
95607
95625
95502
95702
95721
95745
95783
95659
95679
95685
95493
95460
95467
95694
95462
95552
95508
95537
95706
95430
95739
95480
95695
95752
95507
95367
95444
95430
95754
95703
95718
95746
95656
95629
95324
95506
95373
95250
95674
95284
95578
95495
95407
95254
95737
95630
95319
95640
95683
95776
95625
95727
95698
95681
95516
95521
95428
95292
95511
95744
95692
95769
95636
95489
95255
95397
95685
95329
95263
95545
95317
95305
95328
95336
95684
95296
95258
95366
95269
95629
95271
95557
95753
95758
95786
95699
95758
95390
95743
95578
95262
95388
95277
95530
95635
95789
95627
95542
95811
95598
95737
95730
95767
95829
95702
95750
95647
95735
95712
95695
95647
95528
95335
95684
95378
95442
95613
95658
95675
95706
95738
95706
95466
95520
95728
95727
95642
95767
95660
95754
95653
95678
95715
95755
95761
95770
95629
95277
95697
95735
95585
95413
95389
95660
95508
95444
95728
95675
95300
95672
95671
95674
95723
95608
95709
95599
95504
95581
95677
95666
95650
95564
95583
95270
95291
95652
95247
95635
95477
95322
95279
95707
95684
95578
95379
95312
95694
95680
95642
95651
95681
95664
95702
95589
95556
95475
95227
95595
95713
95599
95669
95651
95511
95635
95350
95678
95612
95603
95711
95306
95267
95494
95694
95690
95686
95473
95491
95255
95385
95290
95538
95673
95696
95515
95564
95483
95262
95580
95360
95437
95269
95336
95632
95738
95676
95508
95235
95631
95724
95611
95772
95638
95771
95618
95601
95398
95473
95380
95367
95692
95785
95515
95563
95359
95399
95457
95666
95726
95764
95591
95754
95666
95692
95741
95701
95621
95710
95436
95461
95721
95778
95571
95511
95369
95641
95759
95745
95600
95564
95707
95648
95739
95511
95473
95282
95364
95609
95543
95529
95313
95650
95684
95747
95468
95268
95605
95631
95253
95583
95620
95780
95575
95738
95683
95396
95752
95693
95437
95324
95361
95747
95712
95622
95785
95382
95669
95322
95651
95611
95650
95652
95314
95712
95658
95734
95319
95635
95587
95637
95798
95549
95735
95672
95621
95635
95540
95668
95743
95556
95292
95598
95423
95245
95384
95391
95263
95461
95282
95660
95729
95686
95610
95234
95594
95621
95722
95681
95649
95665
95751
95673
95730
95508
95501
95317
95737
95633
95582
95331
95325
95387
95377
95318
95490
95673
95732
95657
95526
95764
95795
95602
95319
95550
95756
95779
95512
95374
95561
95550
95344
95767
95734
95285
95608
95702
95604
95299
95257
95484
95721
95669
95257
95406
95721
95512
95270
95449
95309
95268
95558
95774
95728
95457
95517
95387
95645
95745
95730
95633
95342
95360
95680
95714
95749
95827
95805
95660
95615
95328
95670
95562
95725
95722
95525
95278
95716
95428
95380
95731
95731
95652
95474
95447
95739
95756
95616
95246
95748
95711
95391
95288
95329
95554
95472
95391
95733
95692
95561
95580
95437
95610
95594
95671
95328
95333
95612
95512
95218
95681
95671
95454
95222
95346
95390
95687
95633
95379
95243
95738
95711
95531
95334
95243
95708
95485
95301
95669
95733
95487
95726
95726
95251
95479
95301
95739
95613
95563
95309
95185
95658
95315
95525
95612
95508
95353
95231
95451
95749
95739
95585
95362
95507
95271
95553
95291
95606
95641
95385
95714
95699
95724
95573
95760
95701
95754
95657
95667
95286
95280
95689
95370
95339
95471
95756
95781
95591
95452
95393
95741
95741
95540
95441
95351
95476
95524
95718
95711
95654
95456
95498
95702
95678
95718
95489
95702
95725
95719
95409
95431
95252
95590
95546
95615
95395
95717
95730
95403
95303
95596
95218
95240
95675
95630
95360
95234
95668
95521
95250
95657
95648
95661
95288
95461
95668
95430
95218
95377
95652
95218
95724
95736
95626
95623
95467
95236
95653
95682
95595
95568
95499
95548
95384
95370
95627
95452
95472
95546
95695
95428
95555
95479
95353
95543
95278
95689
95331
95573
95712
95502
95441
95680
95552
95684
95700
95631
95426
95365
95724
95694
95459
95576
95409
95463
95728
95721
95593
95539
95273
95589
95646
95715
95493
95250
95662
95646
95598
95297
95669
95334
95286
95697
95408
95487
95238
95639
95694
95614
95498
95564
95219
95579
95302
95641
95516
95375
95221
95658
95553
95355
95472
95696
95598
95275
95688
95820
95477
95364
95447
95608
95557
95276
95694
95619
95701
95766
95492
95468
95611
95649
95747
95613
95737
95506
95280
95481
95743
95800
95782
95320
95830
95721
95822
95756
95335
95762
95663
95282
95648
95452
95516
95433
95776
95820
95604
95779
95788
95837
95687
95416
95352
95652
95689
95445
95494
95272
95711
95633
95677
95369
95746
95487
95555
95657
95515
95569
95778
95644
95407
95639
95711
95750
95529
95740
95781
95762
95334
95626
95538
95434
95683
95746
95679
95706
95787
95593
95312
95548
95706
95705
95763
95671
95718
95550
95460
95436
95726
95740
95493
95310
95747
95575
95485
95718
95509
95361
95625
95566
95347
95728
95715
95569
95396
95814
95651
95489
95383
95618
95430
95801
95649
95466
95635
95364
95631
95407
95661
95637
95399
95535
95666
95620
95609
95487
95594
95762
95727
95722
95727
95755
95550
95333
95789
95641
95418
95630
95581
95370
95750
95532
95774
95474
95302
95673
95749
95300
95420
95433
95438
95723
95693
95657
95549
95596
95221
95603
95696
95440
95340
95307
95735
95819
95723
95372
95789
95457
95391
95244
95701
95376
95624
95717
95465
95348
95678
95346
95246
95701
95464
95312
95381
95695
95680
95304
95708
95580
95537
95697
95710
95309
95710
95293
95246
95329
95697
95569
95257
95684
95550
95451
95299
95574
95641
95412
95407
95287
95549
95299
95669
95411
95617
95582
95289
95679
95739
95483
95244
95212
95661
95462
95189
95725
95653
95494
95260
95335
95342
95366
95679
95601
95328
95357
95575
95374
95332
95652
95527
95626
95609
95581
95629
95274
95237
95383
95332
95334
95354
95602
95205
95420
95527
95227
95219
95347
95693
95667
95207
95685
95351
95252
95636
95346
95699
95574
95535
95655
95681
95588
95641
95470
95246
95780
95726
95485
95267
95396
95644
95347
95612
95716
95533
95440
95230
95701
95532
95623
95413
95422
95674
95694
95479
95233
95496
95150
95426
95606
95408
95624
95520
95468
95652
95468
95342
95527
95705
95599
95709
95554
95441
95670
95684
95235
95502
95553
95514
95696
95456
95276
95280
95556
95629
95709
95660
95702
95286
95570
95570
95671
95706
95717
95622
95569
95471
95325
95375
95313
95694
95643
95615
95433
95660
95770
95554
95458
95316
95665
95603
95457
95342
95580
95329
95656
95686
95620
95230
95685
95617
95542
95228
95629
95308
95625
95457
95615
95472
95330
95256
95494
95488
95524
95704
95645
95533
95343
95609
95786
95637
95503
95279
95736
95733
95434
95338
95583
95572
95702
95615
95686
95264
95494
95759
95710
95558
95469
95753
95765
95274
95555
95511
95583
95741
95704
95303
95768
95764
95421
95651
95644
95408
95357
95767
95657
95751
95599
95383
95455
95742
95640
95576
95690
95776
95677
95643
95427
95334
95462
95749
95673
95765
95217
95719
95778
95703
95542
95589
95273
95632
95624
95508
95316
95686
95719
95717
95500
95256
95722
95710
95328
95718
95542
95562
95352
95718
95699
95631
95406
95337
95406
95699
95756
95485
95369
95590
95446
95344
95678
95515
95295
95634
95658
95686
95624
95414
95418
95371
95626
95512
95381
95618
95427
95533
95422
95839
95715
95528
95657
95677
95382
95746
95700
95551
95381
95402
95703
95705
95438
95718
95732
95651
95510
95491
95297
95403
95287
95258
95675
95707
95629
95233
95672
95709
95798
95704
95421
95332
95739
95330
95381
95389
95653
95549
95388
95783
95397
95355
95427
95715
95526
95259
95322
95340
95696
95337
95725
95280
95621
95528
95322
95300
95323
95249
95629
95480
95245
95684
95530
95269
95478
95399
95360
95703
95733
95439
95571
95561
95381
95449
95331
95747
95730
95514
95256
95674
95709
95649
95706
95765
95744
95313
95738
95750
95310
95650
95486
95613
95589
95687
95492
95272
95650
95439
95248
95683
95643
95711
95356
95543
95698
95693
95537
95364
95612
95224
95452
95350
95218
95518
95330
95578
95367
95673
95385
95441
95411
95482
95317
95338
95438
95731
95548
95339
95629
95806
95469
95356
95338
95654
95414
95341
95597
95359
95434
95651
95293
95551
95705
95581
95423
95331
95611
95436
95739
95597
95491
95209
95712
95329
95721
95668
95489
95248
95655
95789
95406
95303
95634
95249
95479
95568
95475
95256
95508
95671
95427
95362
95692
95704
95395
95389
95748
95630
95541
95343
95601
95682
95647
95639
95398
95500
95758
95257
95596
95651
95694
95351
95517
95259
95715
95674
95764
95615
95559
95678
95518
95539
95352
95390
95680
95667
95427
95320
95674
95428
95375
95712
95544
95609
95575
95605
95296
95266
95638
95716
95330
95710
95293
95660
95606
95761
95680
95560
95191
95384
95297
95543
95421
95514
95679
95638
95256
95352
95684
95754
95699
95446
95367
95647
95517
95656
95696
95750
95603
95724
95591
95611
95468
95365
95296
95571
95426
95355
95446
95629
95505
95308
95688
95433
95296
95586
95354
95701
95461
95253
95600
95386
95435
95294
95678
95296
95454
95601
95408
95423
95718
95663
95394
95592
95701
95671
95482
95312
95688
95650
95222
95690
95563
95517
95699
95511
95352
95733
95682
95477
95429
95551
95511
95546
95738
95789
95780
95449
95692
95546
95319
95552
95646
95325
95668
95578
95596
95727
95656
95543
95430
95673
95514
95522
95676
95454
95682
95719
95613
95253
95397
95634
95724
95505
95581
95345
95730
95670
95224
95398
95701
95731
95639
95525
95723
95723
95369
95581
95698
95743
95458
95361
95688
95724
95307
95666
95635
95401
95510
95717
95642
95553
95416
95670
95357
95502
95704
95632
95640
95307
95726
95762
95412
95477
95303
95615
95274
95678
95481
95477
95745
95788
95308
95708
95238
95490
95336
95753
95633
95744
95715
95607
95308
95737
95668
95487
95450
95307
95747
95646
95417
95681
95614
95325
95698
95613
95515
95515
95292
95588
95709
95351
95396
95505
95292
95229
95338
95346
95711
95602
95444
95406
95566
95493
95626
95594
95505
95315
95744
95668
95373
95285
95741
95682
95559
95261
95694
95620
95343
95405
95501
95338
95569
95533
95373
95759
95500
95321
95727
95665
95531
95482
95335
95567
95716
95315
95262
95271
95370
95340
95671
95337
95761
95597
95257
95662
95369
95703
95719
95416
95448
95721
95699
95441
95484
95772
95472
95470
95673
95289
95716
95748
95659
95423
95289
95502
95699
95584
95635
95401
95467
95563
95418
95299
95684
95702
95593
95434
95408
95501
95715
95751
95595
95306
95459
95232
95585
95715
95369
95571
95633
95455
95611
95333
95293
95583
95405
95412
95687
95491
95267
95553
95431
95552
95350
95674
95489
95278
95513
95278
95676
95297
95667
95666
95567
95521
95445
95273
95691
95602
95573
95243
95588
95491
95539
95647
95378
95469
95398
95441
95694
95737
95629
95342
95444
95727
95355
95681
95360
95253
95619
95589
95643
95627
95608
95280
95199
95614
95612
95561
95442
95650
95729
95456
95684
95730
95583
95308
95457
95578
95418
95662
95683
95493
95440
95554
95431
95298
95708
95554
95323
95453
95422
95262
95443
95736
95569
95226
95550
95309
95578
95320
95584
95724
95593
95327
95717
95615
95391
95437
95512
95633
95636
95465
95644
95647
95771
95515
95384
95578
95695
95567
95736
95807
95653
95359
95541
95747
95755
95521
95304
95407
95477
95619
95658
95705
95545
95237
95582
95469
95231
95678
95601
95403
95517
95676
95596
95458
95339
95702
95709
95311
95538
95377
95668
95747
95699
95505
95410
95269
95643
95431
95571
95569
95425
95448
95312
95651
95617
95613
95489
95571
95276
95630
95381
95335
95702
95681
95347
95290
95539
95384
95485
95417
95320
95258
95584
95686
95259
95659
95601
95522
95348
95205
95188
95347
95707
95668
95512
95744
95645
95417
95360
95263
95451
95615
95652
95529
95399
95674
95589
95504
95264
95599
95721
95391
95175
95711
95393
95316
95432
95276
95644
95679
95689
95365
95439
95318
95304
95349
95667
95696
95477
95216
95286
95627
95685
95476
95574
95613
95712
95428
95251
95261
95703
95262
95543
95548
95524
95357
95736
95681
95371
95318
95484
95404
95694
95581
95306
95519
95703
95371
95207
95355
95710
95585
95389
95431
95583
95427
95574
95441
95350
95301
95716
95563
95584
95518
95234
95258
95668
95670
95618
95726
95364
95686
95441
95685
95384
95763
95342
95590
95705
95341
95289
95273
95588
95768
95766
95417
95422
95717
95747
95646
95404
95588
95315
95641
95444
95740
95630
95406
95344
95725
95727
95638
95374
95603
95427
95699
95681
95334
95360
95671
95741
95372
95480
95302
95439
95336
95754
95326
95755
95585
95381
95664
95674
95482
95702
95416
95477
95765
95507
95333
95689
95521
95333
95639
95633
95220
95746
95533
95350
95792
95688
95764
95590
95353
95496
95375
95756
95545
95500
95581
95394
95517
95485
95651
95502
95749
95685
95283
95319
95738
95599
95323
95300
95704
95732
95549
95494
95324
95579
95625
95468
95378
95739
95649
95549
95393
95610
95741
95722
95335
95777
95446
95731
95418
95311
95797
95351
95642
95477
95555
95348
95603
95744
95749
95433
95490
95784
95751
95489
95665
95335
95645
95311
95785
95729
95591
95371
95455
95718
95682
95375
95695
95652
95343
95731
95511
95554
95631
95431
95301
95698
95529
95476
95535
95498
95741
95689
95487
95440
95773
95722
95259
95710
95443
95266
95189
95448
95610
95571
95663
95678
95681
95672
95414
95329
95701
95356
95660
95671
95278
95499
95594
95701
95730
95647
95660
95690
95310
95595
95476
95741
95677
95638
95541
95360
95410
95315
95615
95560
95649
95400
95522
95407
95541
95227
95659
95545
95568
95627
95653
95539
95300
95683
95481
95573
95536
95590
95363
95727
95732
95543
95399
95603
95691
95457
95641
95704
95789
95265
95596
95577
95649
95352
95262
95656
95771
95463
95475
95746
95460
95270
95707
95485
95587
95594
95398
95736
95624
95269
95464
95647
95439
95238
95702
95455
95694
95614
95415
95767
95532
95471
95397
95695
95657
95378
95434
95670
95563
95267
95499
95735
95688
95409
95319
95617
95396
95632
95331
95501
95673
95575
95263
95271
95382
95642
95726
95726
95612
95537
95314
95708
95487
95261
95510
95659
95635
95599
95713
95761
95382
95257
95554
95729
95557
95258
95737
95572
95330
95709
95603
95561
95542
95223
95693
95231
95635
95708
95322
95271
95710
95731
95567
95319
95718
95460
95448
95205
95712
95627
95731
95648
95642
95326
95358
95567
95593
95307
95750
95509
95727
95647
95585
95497
95729
95663
95666
95757
95341
95695
95558
95242
95656
95679
95347
95658
95697
95236
95694
95745
95579
95352
95690
95669
95321
95369
95665
95284
95464
95335
95628
95682
95683
95577
95325
95729
95648
95697
95675
95738
95353
95307
95763
95621
95529
95517
95722
95800
95645
95653
95780
95672
95583
95388
95307
95656
95753
95569
95383
95463
95272
95720
95751
95386
95739
95419
95704
95658
95529
95478
95786
95710
95518
95348
95438
95448
95765
95711
95512
95319
95368
95565
95415
95300
95694
95464
95359
95631
95626
95327
95625
95347
95338
95779
95438
95734
95610
95591
95305
95689
95307
95786
95770
95775
95571
95306
95712
95645
95456
95302
95749
95725
95682
95634
95273
95707
95371
95286
95739
95257
95736
95675
95243
95723
95659
95481
95313
95475
95293
95691
95660
95248
95381
95600
95443
95637
95366
95321
95704
95485
95358
95651
95301
95658
95465
95257
95726
95561
95498
95285
95584
95553
95679
95722
95635
95660
95343
95242
95594
95303
95253
95616
95350
95257
95702
95627
95708
95605
95610
95249
95664
95698
95358
95330
95423
95254
95600
95323
95243
95702
95669
95311
95343
95648
95633
95585
95437
95236
95264
95453
95737
95587
95551
95298
95364
95691
95700
95407
95254
95519
95453
95274
95583
95718
95459
95233
95269
95687
95708
95648
95784
95685
95616
95588
95447
95697
95486
95411
95439
95667
95577
95293
95326
95317
95721
95238
95358
95700
95275
95748
95674
95730
95368
95525
95345
95266
95611
95579
95451
95208
95205
95424
95657
95658
95541
95620
95659
95450
95294
95658
95508
95657
95380
95459
95667
95670
95444
95417
95212
95588
95222
95629
95712
95415
95250
95395
95391
95233
95474
95202
95687
95573
95328
95423
95410
95264
95434
95330
95678
95633
95472
95589
95653
95602
95554
95241
95658
95374
95302
95687
95738
95472
95355
95597
95597
95285
95673
95565
95727
95461
95552
95704
95641
95369
95508
95507
95378
95280
95672
95709
95404
95572
95350
95663
95406
95311
95653
95509
95228
95624
95653
95596
95559
95597
95415
95335
95694
95383
95246
95506
95672
95452
95249
95768
95367
95509
95314
95396
95732
95344
95642
95717
95396
95785
95473
95370
95678
95596
95256
95297
95286
95429
95297
95347
95530
95286
95615
95251
95547
95730
95546
95413
95633
95565
95539
95770
95293
95230
95692
95325
95697
95763
95693
95310
95441
95477
95632
95426
95405
95707
95700
95568
95500
95322
95722
95689
95597
95385
95734
95725
95742
95547
95336
95649
95463
95309
95531
95654
95598
95366
95675
95651
95413
95665
95710
95442
95309
95693
95705
95631
95700
95646
95665
95290
95405
95616
95316
95728
95622
95533
95474
95463
95321
95642
95458
95296
95629
95594
95246
95664
95501
95438
95760
95532
95357
95731
95582
95469
95611
95598
95754
95535
95318
95704
95431
95244
95756
95695
95726
95713
95580
95661
95618
95726
95731
95532
95279
95703
95661
95491
95606
95472
95248
95478
95694
95491
95718
95604
95364
95332
95643
95402
95753
95445
95433
95299
95708
95609
95469
95247
95682
95470
95393
95741
95411
95317
95752
95743
95713
95698
95340
95676
95284
95539
95731
95331
95233
95470
95270
95729
95682
95301
95659
95687
95686
95467
95663
95418
95670
95240
95657
95642
95471
95302
95736
95405
95347
95281
95305
95585
95305
95407
95727
95748
95708
95567
95518
95229
95341
95741
95663
95664
95366
95303
95707
95420
95698
95572
95521
95352
95664
95385
95246
95667
95686
95675
95677
95488
95527
95635
95430
95238
95216
95673
95350
95635
95465
95365
95529
95201
95581
95712
95713
95650
95315
95333
95590
95704
95636
95567
95283
95699
95682
95499
95316
95680
95723
95744
95652
95263
95641
95454
95636
95322
95501
95445
95754
95628
95548
95690
95773
95337
95253
95280
95734
95417
95547
95277
95530
95323
95591
95388
95558
95654
95726
95465
95367
95766
95692
95266
95578
95728
95574
95347
95571
95712
95556
95290
95585
95727
95608
95580
95458
95343
95585
95504
95362
95293
95738
95283
95616
95603
95623
95326
95500
95239
95319
95360
95563
95378
95676
95450
95278
95720
95566
95555
95273
95774
95570
95259
95446
95619
95650
95596
95644
95690
95451
95448
95704
95579
95360
95448
95626
95511
95335
95556
95435
95446
95282
95714
95551
95508
95377
95463
95693
95348
95677
95498
95412
95379
95554
95742
95359
95712
95404
95563
95741
95322
95575
95344
95736
95766
95729
95305
95650
95420
95360
95676
95512
95706
95779
95563
95410
95545
95420
95741
95576
95447
95392
95718
95373
95293
95637
95730
95587
95633
95637
95563
95699
95660
95655
95367
95495
95647
95700
95642
95759
95840
95548
95278
95639
95639
95715
95686
95425
95423
95441
95717
95247
95467
95350
95806
95693
95485
95660
95350
95727
95338
95727
95636
95733
95678
95413
95631
95682
95684
95659
95365
95699
95347
95768
95507
95222
95429
95743
95758
95559
95688
95613
95400
95758
95759
95397
95654
95730
95479
95317
95643
95277
95260
95444
95613
95687
95461
95284
95706
95364
95679
95536
95457
95370
95626
95603
95286
95677
95479
95390
95747
95742
95607
95472
95386
95503
95393
95701
95555
95691
95350
95549
95682
95707
95443
95331
95554
95323
95720
95746
95697
95661
95751
95453
95311
95699
95697
95589
95311
95327
95716
95479
95521
95614
95629
95424
95392
95510
95416
95744
95691
95542
95339
95415
95386
95746
95273
95676
95729
95499
95694
95625
95569
95381
95394
95366
95767
95511
95527
95245
95754
95684
95657
95239
95695
95664
95431
95418
95786
95544
95318
95277
95428
95769
95412
95693
95834
95530
95287
95359
95744
95420
95293
95733
95326
95769
95347
95739
95510
95253
95217
95771
95381
95614
95707
95713
95641
95669
95750
95587
95399
95477
95760
95612
95305
95693
95535
95330
95668
95248
95726
95583
95395
95518
95621
95687
95306
95761
95761
95704
95438
95409
95431
95285
95663
95627
95358
95738
95667
95593
95266
95536
95657
95356
95319
95652
95589
95280
95488
95590
95607
95664
95719
95537
95276
95733
95434
95273
95744
95434
95224
95656
95495
95201
95694
95485
95247
95426
95303
95585
95516
95227
95681
95413
95574
95435
95291
95470
95271
95578
95463
95691
95688
95648
95648
95349
95682
95412
95337
95489
95773
95563
95595
95675
95465
95278
95395
95331
95671
95499
95301
95531
95309
95276
95468
95674
95395
95355
95693
95733
95750
95350
95298
95710
95736
95710
95665
95535
95548
95485
95736
95293
95705
95524
95285
95420
95714
95676
95661
95515
95578
95581
95722
95624
95494
95745
95612
95542
95319
95694
95606
95412
95289
95402
95558
95707
95621
95371
95595
95701
95549
95612
95242
95542
95768
95528
95764
95552
95509
95425
95720
95732
95454
95384
95304
95241
95648
95664
95328
95743
95327
95602
95354
95386
95343
95391
95708
95441
95690
95276
95345
95667
95625
95420
95256
95726
95711
95687
95735
95754
95661
95407
95668
95519
95726
95665
95340
95570
95704
95713
95370
95617
95449
95726
95852
95768
95732
95750
95696
95735
95357
95718
95327
95493
95520
95526
95509
95310
95688
95302
95512
95574
95646
95570
95614
95586
95374
95517
95351
95776
95699
95680
95577
95663
95686
95618
95295
95631
95398
95405
95551
95615
95544
95271
95401
95340
95660
95719
95384
95675
95613
95723
95701
95635
95456
95732
95338
95691
95519
95367
95363
95666
95342
95465
95715
95466
95795
95305
95717
95726
95529
95416
95426
95321
95709
95462
95663
95740
95578
95638
95499
95324
95701
95789
95460
95317
95701
95502
95767
95756
95450
95532
95507
95657
95483
95374
95620
95494
95688
95467
95311
95718
95712
95387
95671
95335
95728
95732
95729
95723
95491
95774
95699
95318
95703
95679
95487
95300
95771
95545
95706
95814
95586
95315
95784
95574
95359
95672
95473
95682
95739
95621
95282
95507
95410
95731
95740
95426
95342
95701
95692
95664
95679
95767
95687
95271
95583
95311
95738
95733
95467
95532
95737
95424
95379
95782
95784
95415
95768
95689
95600
95301
95709
95525
95291
95662
95432
95323
95230
95480
95195
95512
95313
95780
95762
95510
95350
95753
95707
95496
95259
95729
95359
95221
95625
95361
95467
95385
95394
95641
95711
95587
95765
95304
95692
95566
95428
95671
95456
95419
95291
95704
95662
95707
95652
95590
95538
95739
95338
95308
95689
95477
95299
95429
95377
95607
95448
95574
95736
95825
95312
95307
95687
95442
95749
95695
95644
95512
95705
95611
95621
95617
95705
95775
95628
95379
95340
95651
95284
95554
95496
95266
95211
95500
95588
95629
95351
95736
95477
95231
95485
95332
95701
95348
95747
95771
95727
95783
95784
95434
95741
95731
95482
95739
95794
95695
95343
95692
95681
95535
95294
95356
95337
95782
95582
95426
95439
95367
95709
95435
95311
95464
95683
95748
95588
95728
95745
95572
95274
95756
95634
95771
95689
95375
95395
95747
95659
95938
95822
95760
95421
95362
95599
95724
95705
95294
95723
95687
95780
95520
95497
95351
95594
95761
95704
95405
95775
95666
95546
95835
95782
95857
95447
95361
95763
95537
95273
95795
95849
95419
95336
95772
95703
95335
95751
95681
95702
95659
95522
95480
95730
95616
95635
95375
95468
95473
95772
95669
95434
95319
95787
95692
95772
95737
95603
95646
95323
95782
95663
95408
95351
95733
95308
95490
95237
95688
95648
95348
95621
95739
95590
95414
95354
95297
95702
95387
95538
95846
95498
95715
95787
95495
95398
95758
95798
95571
95699
95773
95376
95387
95589
95557
95340
95416
95394
95804
95505
95326
95450
95652
95472
95240
95563
95561
95672
95763
95715
95609
95421
95820
95794
95614
95800
95680
95391
95742
95313
95719
95651
95574
95644
95773
95619
95538
95425
95358
95655
95577
95387
95739
95463
95355
95760
95665
95528
95637
95666
95387
95790
95785
95498
95540
95791
95687
95405
95716
95784
95783
95589
95448
95697
95320
95726
95725
95717
95435
95316
95659
95377
95347
95690
95475
95424
95812
95633
95458
95381
95652
95457
95325
95613
95391
95458
95383
95668
95709
95346
95354
95367
95772
95683
95749
95317
95659
95456
95561
95372
95575
95734
95601
95675
95715
95731
95598
95429
95749
95481
95405
95417
95637
95694
95742
95731
95626
95710
95356
95434
95261
95744
95468
95363
95307
95574
95514
95308
95300
95595
95436
95339
95635
95270
95301
95570
95409
95742
95462
95374
95714
95367
95702
95733
95547
95675
95660
95285
95613
95441
95542
95710
95403
95566
95716
95751
95373
95291
95790
95736
95412
95675
95529
95308
95824
95639
95399
95560
95621
95527
95617
95544
95333
95533
95572
95268
95620
95662
95685
95322
95460
95493
95299
95671
95480
95267
95729
95733
95394
95344
95727
95637
95262
95694
95730
95571
95257
95734
95734
95770
95771
95681
95403
95378
95253
95707
95464
95420
95386
95730
95611
95264
95672
95653
95530
95591
95618
95251
95381
95455
95678
95461
95603
95466
95390
95694
95739
95504
95281
95337
95577
95617
95403
95772
95649
95300
95745
95738
95628
95660
95706
95535
95389
95768
95740
95572
95507
95231
95203
95642
95519
95390
95399
95431
95408
95409
95645
95687
95496
95259
95726
95763
95574
95366
95713
95529
95313
95282
95741
95748
95442
95278
95670
95617
95374
95438
95719
95731
95541
95323
95539
95756
95678
95487
95372
95767
95535
95767
95791
95790
95680
95282
95511
95666
95352
95707
95673
95500
95249
95387
95411
95772
95630
95402
95754
95629
95389
95585
95652
95428
95460
95699
95429
95720
95558
95588
95714
95722
95526
95298
95656
95630
95707
95332
95748
95441
95329
95358
95837
95588
95654
95783
95624
95536
95544
95779
95702
95263
95718
95659
95627
95677
95443
95716
95684
95642
95419
95307
95700
95700
95765
95448
95717
95660
95456
95311
95302
95727
95721
95436
95585
95315
95758
95710
95664
95524
95243
95587
95711
95600
95711
95603
95679
95639
95713
95803
95576
95504
95325
95783
95681
95284
95656
95645
95726
95685
95293
95290
95766
95713
95509
95602
95592
95580
95749
95687
95710
95455
95732
95714
95428
95382
95447
95302
95693
95518
95297
95696
95539
95711
95683
95764
95666
95277
95701
95404
95387
95558
95431
95571
95723
95638
95360
95763
95755
95618
95468
95555
95703
95393
95381
95780
95782
95745
95541
95526
95282
95653
95567
95408
95776
95606
95499
95630
95680
95483
95287
95711
95458
95335
95761
95779
95566
95601
95662
95295
95401
95437
95412
95691
95689
95539
95328
95556
95544
95482
95279
95691
95717
95515
95381
95767
95738
95553
95404
95785
95677
95784
95658
95340
95258
95699
95555
95682
95698
95700
95566
95338
95691
95553
95646
95271
95699
95612
95510
95642
95663
95717
95439
95760
95690
95627
95656
95402
95253
95708
95667
95577
95366
95449
95390
95296
95647
95631
95367
95278
95503
95608
95198
95291
95705
95285
95692
95439
95709
95632
95592
95340
95674
95381
95232
95686
95486
95461
95791
95619
95800
95574
95276
95702
95634
95502
95693
95585
95253
95651
95849
95668
95499
95524
95328
95278
95653
95607
95637
95372
95737
95606
95677
95748
95566
95250
95739
95554
95749
95278
95705
95414
95484
95791
95582
95306
95334
95347
95629
95673
95401
95226
95437
95282
95676
95578
95353
95523
95556
95244
95726
95704
95319
95604
95427
95357
95560
95360
95386
95232
95478
95687
95528
95513
95553
95472
95430
95791
95737
95606
95258
95601
95740
95371
95394
95785
95625
95505
95660
95559
95320
95627
95327
95765
95434
95312
95274
95568
95658
95393
95670
95528
95550
95412
95715
95381
95259
95644
95289
95604
95377
95730
95796
95626
95223
95700
95682
95616
95584
95733
95699
95559
95611
95451
95477
95525
95663
95381
95650
95726
95738
95585
95299
95693
95584
95515
95435
95371
95694
95423
95577
95756
95686
95485
95325
95314
95415
95264
95342
95747
95522
95406
95340
95728
95293
95434
95297
95639
95366
95433
95464
95295
95464
95262
95401
95320
95444
95531
95761
95569
95300
95580
95628
95459
95618
95351
95407
95302
95727
95733
95307
95625
95541
95274
95242
95606
95563
95529
95737
95457
95653
95385
95578
95738
95490
95349
95768
95716
95404
95706
95824
95748
95538
95328
95701
95686
95578
95598
95350
95576
95691
95623
95329
95785
95515
95283
95527
95247
95723
95607
95731
95633
95244
95432
95325
95724
95638
95668
95709
95686
95442
95508
95788
95718
95804
95372
95378
95569
95738
95635
95770
95362
95574
95424
95455
95387
95278
95269
95566
95699
95527
95235
95658
95222
95648
95625
95629
95461
95399
95234
95436
95373
95447
95597
95632
95586
95287
95522
95715
95449
95377
95514
95602
95670
95646
95758
95393
95369
95405
95642
95682
95330
95258
95479
95598
95744
95580
95290
95720
95607
95689
95402
95748
95577
95737
95527
95354
95636
95813
95535
95805
95781
95633
95478
95367
95311
95672
95626
95480
95319
95722
95619
95384
95735
95527
95414
95666
95352
95681
95692
95430
95379
95690
95768
95524
95869
95607
95326
95764
95829
95476
95584
95695
95639
95520
95248
95619
95359
95292
95586
95334
95342
95738
95187
95734
95367
95293
95643
95457
95289
95304
95675
95671
95400
95223
95480
95222
95329
95229
95592
95489
95270
95395
95644
95435
95270
95717
95251
95697
95630
95400
95746
95696
95525
95800
95651
95617
95453
95757
95718
95561
95785
95434
95322
95506
95433
95358
95622
95733
95543
95300
95384
95698
95723
95461
95687
95579
95285
95449
95671
95262
95374
95711
95645
95584
95384
95423
95521
95575
95323
95354
95695
95657
95699
95766
95698
95241
95678
95583
95364
95714
95555
95264
95526
95574
95285
95727
95505
95477
95279
95697
95585
95696
95618
95723
95674
95404
95357
95239
95628
95709
95672
95480
95333
95688
95743
95529
95539
95255
95537
95480
95338
95271
95257
95651
95478
95234
95438
95712
95639
95274
95666
95716
95539
95240
95631
95584
95293
95660
95490
95278
95421
95712
95709
95558
95342
95646
95698
95570
95677
95371
95651
95283
95443
95681
95555
95285
95693
95579
95315
95380
95684
95528
95487
95359
95396
95293
95403
95601
95615
95199
95420
95386
95531
95684
95377
95289
95682
95683
95422
95302
95480
95242
95647
95292
95649
95550
95243
95533
95762
95626
95547
95419
95784
95710
95567
95361
95337
95329
95639
95603
95727
95642
95463
95732
95469
95346
95714
95564
95286
95664
95737
95474
95228
95636
95313
95719
95299
95601
95756
95654
95627
95462
95447
95293
95600
95651
95278
95266
95534
95676
95423
95247
95703
95584
95632
95270
95701
95708
95733
95565
95280
95692
95444
95344
95615
95378
95683
95704
95421
95258
95663
95350
95267
95659
95241
95709
95611
95538
95601
95536
95578
95475
95313
95565
95349
95577
95543
95553
95388
95220
95343
95651
95678
95245
95639
95665
95549
95212
95700
95499
95238
95217
95542
95586
95293
95371
95663
95749
95658
95649
95659
95685
95646
95383
95366
95371
95237
95681
95621
95427
95316
95677
95307
95603
95515
95427
95239
95604
95367
95556
95463
95417
95379
95694
95619
95624
95716
95549
95609
95673
95689
95720
95304
95756
95674
95438
95221
95716
95567
95609
95423
95637
95437
95764
95632
95705
95737
95641
95685
95418
95390
95669
95551
95435
95347
95541
95718
95565
95303
95716
95443
95453
95732
95445
95358
95484
95496
95379
95639
95731
95328
95726
95386
95262
95626
95622
95393
95615
95749
95696
95624
95262
95556
95659
95301
95472
95684
95665
95616
95499
95323
95641
95600
95420
95305
95638
95637
95577
95479
95646
95266
95690
95410
95718
95636
95678
95621
95327
95559
95579
95524
95711
95686
95793
95618
95314
95703
95630
95393
95354
95490
95455
95503
95429
95602
95664
95252
95662
95612
95516
95372
95395
95765
95715
95757
95551
95281
95701
95719
95348
95486
95713
95617
95814
95395
95660
95701
95579
95728
95373
95589
95636
95363
95605
95380
95657
95410
95342
95652
95352
95375
95454
95794
95699
95565
95292
95770
95610
95609
95354
95778
95583
95323
95680
95628
95288
95677
95667
95564
95811
95214
95522
95708
95444
95587
95400
95718
95766
95578
95683
95708
95635
95420
95321
95494
95323
95391
95354
95669
95713
95722
95310
95702
95671
95695
95305
95736
95591
95770
95653
95642
95630
95763
95269
95729
95712
95643
95518
95277
95683
95708
95326
95323
95762
95733
95821
95699
95631
95382
95422
95781
95450
95428
95522
95561
95698
95717
95442
95688
95815
95567
95511
95685
95452
95610
95297
95705
95350
95678
95703
95363
95700
95505
95696
95275
95713
95639
95422
95726
95639
95436
95265
95671
95736
95691
95626
95316
95301
95684
95483
95655
95645
95711
95710
95420
95531
95724
95725
95566
95412
95642
95243
95557
95526
95693
95719
95726
95659
95611
95597
95691
95586
95761
95623
95683
95539
95334
95731
95242
95548
95412
95341
95781
95743
95723
95793
95778
95394
95362
95699
95409
95257
95539
95247
95717
95347
95476
95261
95417
95707
95621
95682
95344
95495
95499
95324
95722
95528
95427
95584
95271
95447
95485
95350
95753
95633
95700
95350
95673
95622
95604
95547
95405
95579
95324
95324
95457
95545
95694
95324
95697
95627
95174
95685
95174
95275
95669
95527
95262
95698
95274
95296
95631
95613
95339
95317
95644
95405
95651
95767
95567
95430
95657
95368
95470
95439
95272
95446
95724
95649
95387
95558
95735
95424
95307
95712
95714
95210
95319
95292
95413
95739
95728
95479
95341
95710
95639
95609
95305
95710
95509
95391
95748
95655
95356
95488
95747
95703
95361
95722
95602
95516
95261
95462
95263
95681
95616
95309
95237
95679
95519
95360
95515
95759
95748
95406
95312
95755
95591
95334
95724
95611
95273
95566
95267
95380
95604
95728
95591
95468
95460
95462
95722
95540
95405
95421
95677
95683
95478
95302
95564
95549
95575
95639
95431
95459
95819
95512
95391
95741
95732
95743
95335
95574
95755
95669
95339
95732
95607
95667
95385
95414
95522
95296
95598
95836
95759
95757
95330
95808
95482
95384
95556
95373
95513
95787
95743
95527
95375
95395
95749
95655
95612
95316
95532
95275
95715
95701
95715
95497
95398
95773
95705
95389
95619
95551
95465
95583
95752
95485
95486
95397
95271
95701
95456
95291
95714
95539
95201
95429
95693
95722
95582
95535
95530
95463
95510
95689
95691
95295
95734
95734
95436
95299
95738
95702
95548
95590
95230
95363
95410
95466
95289
95534
95684
95636
95577
95702
95698
95444
95752
95396
95297
95757
95443
95311
95641
95675
95665
95309
95621
95225
95673
95518
95270
95503
95619
95481
95281
95582
95439
95298
95745
95681
95719
95626
95396
95717
95619
95450
95639
95682
95245
95532
95330
95749
95507
95574
95626
95247
95640
95670
95386
95464
95711
95294
95215
95580
95486
95279
95459
95565
95614
95419
95612
95577
95462
95264
95509
95687
95736
95427
95298
95655
95595
95316
95707
95723
95778
95776
95519
95527
95714
95698
95701
95664
95340
95479
95753
95730
95694
95322
95661
95559
95280
95675
95526
95299
95468
95367
95741
95739
95449
95381
95316
95747
95839
95660
95285
95588
95772
95371
95466
95689
95756
95408
95281
95662
95361
95267
95768
95414
95264
95634
95310
95554
95673
95519
95647
95665
95719
95417
95532
95367
95725
95692
95717
95670
95467
95476
95486
95291
95248
95728
95602
95410
95294
95537
95476
95753
95729
95555
95398
95590
95276
95483
95695
95634
95390
95534
95290
95722
95663
95699
95462
95674
95704
95326
95471
95788
95678
95727
95724
95799
95410
95266
95470
95310
95674
95745
95724
95672
95764
95704
95415
95290
95713
95558
95739
95706
95410
95483
95363
95380
95680
95433
95575
95393
95304
95614
95299
95687
95366
95665
95495
95246
95726
95546
95361
95648
95466
95531
95693
95294
95697
95453
95785
95319
95612
95320
95671
95670
95707
95688
95727
95551
95375
95760
95652
95560
95256
95746
95633
95620
95679
95686
95617
95386
95638
95725
95669
95837
95698
95755
95680
95635
95565
95382
95770
95707
95793
95569
95507
95533
95741
95596
95276
95490
95708
95492
95347
95692
95557
95732
95718
95554
95377
95570
95582
95388
95704
95706
95541
95715
95698
95641
95386
95517
95354
95486
95271
95756
95715
95764
95365
95659
95678
95540
95748
95654
95370
95289
95496
95734
95727
95733
95313
95631
95381
95419
95666
95439
95678
95749
95419
95456
95286
95272
95236
95595
95260
95779
95332
95665
95555
95294
95461
95727
95559
95463
95441
95756
95713
95474
95677
95577
95329
95340
95548
95734
95653
95216
95333
95775
95551
95677
95367
95671
95712
95685
95388
95532
95754
95583
95358
95729
95492
95245
95726
95696
95520
95423
95688
95472
95345
95370
95333
95252
95608
95764
95341
95588
95740
95661
95331
95473
95306
95725
95274
95668
95652
95689
95722
95716
95364
95518
95561
95288
95545
95700
95590
95617
95618
95442
95299
95555
95228
95514
95232
95228
95471
95453
95658
95457
95636
95714
95391
95530
95575
95283
95604
95630
95719
95504
95452
95669
95253
95363
95679
95642
95331
95392
95403
95722
95716
95483
95488
95631
95497
95379
95284
95669
95617
95648
95150
95452
95669
95615
95382
95250
95703
95730
95403
95415
95460
95671
95463
95201
95656
95282
95471
95312
95276
95717
95707
95725
95518
95620
95669
95700
95321
95485
95291
95546
95352
95626
95677
95558
95318
95298
95714
95726
95666
95410
95268
95763
95744
95479
95252
95684
95687
95290
95619
95725
95402
95261
95658
95580
95280
95218
95338
95292
95675
95266
95540
95650
95662
95417
95708
95723
95642
95618
95195
95613
95727
95687
95693
95393
95608
95447
95289
95334
95327
95231
95529
95669
95434
95567
95742
95347
95302
95684
95746
95539
95400
95647
95701
95709
95336
95578
95631
95684
95542
95239
95540
95704
95583
95310
95723
95785
95347
95731
95491
95591
95742
95778
95707
95440
95484
95479
95200
95386
95331
95695
95575
95423
95421
95708
95718
95306
95229
95739
95747
95398
95696
95281
95611
95470
95444
95299
95708
95609
95590
95582
95356
95584
95522
95748
95778
95735
95468
95474
95784
95709
95646
95437
95667
95727
95628
95734
95552
95511
95358
95404
95755
95692
95706
95640
95641
95741
95322
95499
95738
95397
95653
95421
95604
95374
95250
95479
95287
95469
95640
95762
95508
95745
95519
95381
95719
95665
95357
95584
95496
95558
95559
95360
95636
95694
95365
95303
95722
95516
95762
95467
95320
95684
95675
95659
95524
95294
95475
95523
95386
95482
95518
95615
95340
95445
95614
95515
95702
95368
95364
95395
95788
95764
95726
95563
95690
95712
95488
95351
95742
95567
95545
95210
95709
95483
95405
95571
95394
95338
95745
95777
95545
95722
95777
95565
95697
95209
95321
95677
95456
95428
95690
95683
95283
95690
95460
95467
95792
95586
95710
95513
95553
95708
95446
95294
95522
95801
95734
95407
95720
95623
95232
95735
95263
95631
95666
95759
95739
95505
95433
95638
95668
95535
95313
95554
95812
95635
95624
95448
95251
95680
95750
95362
95279
95721
95394
95271
95651
95670
95730
95319
95589
95689
95283
95676
95395
95471
95311
95634
95700
95619
95460
95773
95553
95324
95771
95750
95694
95723
95439
95469
95609
95488
95337
95708
95682
95384
95344
95717
95751
95481
95696
95711
95650
95470
95685
95677
95547
95498
95803
95735
95574
95320
95688
95517
95266
95707
95470
95354
95716
95291
95764
95707
95435
95657
95558
95300
95252
95613
95716
95434
95531
95735
95744
95622
95327
95685
95780
95727
95671
95735
95702
95338
95550
95451
95386
95436
95790
95738
95608
95508
95350
95695
95483
95748
95789
95724
95377
95684
95509
95231
95592
95469
95638
95419
95491
95611
95789
95749
95633
95723
95400
95343
95616
95591
95666
95457
95235
95733
95523
95291
95580
95714
95511
95592
95432
95412
95761
95495
95543
95804
95647
95433
95335
95373
95354
95378
95507
95684
95543
95698
95650
95720
95517
95607
95782
95556
95337
95548
95463
95324
95738
95451
95304
95401
95414
95728
95283
95678
95516
95760
95653
95287
95541
95740
95737
95631
95798
95590
95329
95311
95505
95490
95277
95581
95585
95356
95496
95317
95612
95793
95591
95332
95399
95648
95331
95595
95720
95440
95580
95725
95432
95663
95348
95298
95568
95680
95349
95619
95528
95695
95444
95642
95481
95417
95507
95226
95598
95568
95647
95661
95276
95244
95652
95650
95450
95346
95677
95537
95231
95696
95555
95280
95689
95333
95640
95728
95716
95357
95532
95694
95454
95344
95353
95628
95678
95487
95403
95677
95375
95257
95406
95312
95394
95720
95689
95384
95355
95421
95603
95365
95628
95296
95246
95297
95688
95689
95685
95345
95709
95480
95256
95614
95455
95683
95267
95703
95491
95226
95703
95521
95351
95547
95423
95578
95325
95678
95572
95563
95257
95578
95669
95469
95230
95744
95303
95213
95718
95612
95520
95298
95568
95717
95530
95264
95266
95604
95497
95649
95429
95585
95299
95658
95531
95687
95561
95313
95198
95528
95548
95668
95404
95580
95659
95484
95652
95641
95711
95703
95598
95469
95220
95668
95635
95302
95305
95599
95668
95578
95708
95653
95471
95489
95638
95278
95599
95391
95324
95663
95678
95459
95162
95719
95407
95290
95633
95561
95594
95500
95230
95195
95370
95429
95227
95678
95477
95540
95563
95416
95540
95249
95564
95537
95398
95693
95490
95241
95261
95723
95637
95261
95633
95579
95311
95474
95580
95414
95319
95476
95480
95360
95687
95593
95352
95482
95699
95659
95315
95336
95746
95696
95389
95309
95745
95505
95344
95486
95643
95451
95255
95672
95412
95595
95627
95530
95298
95613
95714
95597
95733
95579
95319
95335
95271
95655
95513
95615
95677
95259
95661
95714
95474
95371
95687
95716
95448
95379
95508
95735
95716
95721
95669
95256
95400
95626
95772
95396
95285
95674
95250
95713
95594
95304
95760
95465
95782
95483
95549
95469
95522
95452
95437
95333
95621
95663
95301
95453
95672
95367
95373
95393
95730
95334
95436
95625
95401
95433
95674
95763
95758
95702
95609
95392
95369
95689
95582
95296
95382
95678
95723
95250
95711
95571
95435
95736
95734
95602
95360
95764
95742
95777
95554
95441
95583
95420
95337
95741
95612
95457
95758
95578
95285
95750
95634
95610
95387
95306
95509
95623
95355
95723
95692
95500
95349
95693
95333
95476
95354
95648
95337
95694
95359
95445
95666
95433
95357
95674
95510
95240
95716
95741
95470
95405
95525
95447
95729
95795
95722
95450
95362
95748
95793
95379
95300
95554
95243
95635
95427
95589
95390
95726
95396
95376
95708
95650
95596
95227
95693
95496
95560
95290
95500
95596
95315
95630
95692
95646
95392
95651
95253
95553
95442
95424
95260
95392
95390
95681
95555
95681
95668
95381
95488
95538
95196
95545
95362
95674
95584
95639
95323
95669
95441
95383
95722
95527
95272
95388
95630
95676
95642
95563
95678
95613
95661
95528
95726
95563
95713
95720
95570
95476
95484
95712
95572
95685
95725
95621
95695
95598
95375
95590
95468
95687
95314
95479
95518
95263
95705
95691
95500
95238
95294
95459
95614
95548
95702
95724
95505
95568
95280
95670
95331
95341
95623
95562
95754
95229
95579
95358
95655
95473
95321
95587
95294
95369
95450
95302
95311
95238
95535
95630
95261
95569
95694
95331
95375
95305
95393
95696
95674
95544
95322
95550
95626
95312
95681
95693
95360
95372
95677
95829
95692
95603
95389
95670
95721
95417
95360
95618
95680
95679
95521
95714
95563
95618
95594
95556
95486
95642
95648
95599
95334
95743
95615
95363
95746
95550
95337
95395
95444
95747
95574
95700
95708
95395
95393
95711
95700
95396
95597
95276
95593
95299
95708
95713
95665
95601
95466
95305
95517
95703
95649
95412
95299
95747
95524
95386
95528
95672
95704
95516
95340
95341
95555
95622
95731
95336
95251
95671
95599
95726
95656
95371
95732
95752
95739
95496
95289
95681
95631
95539
95689
95479
95472
95332
95581
95726
95657
95808
95567
95592
95827
95789
95461
95307
95529
95263
95732
95694
95536
95226
95706
95759
95507
95208
95716
95523
95705
95630
95555
95496
95521
95704
95263
95671
95465
95276
95665
95732
95473
95305
95666
95694
95794
95446
95432
95708
95539
95675
95654
95316
95316
95447
95293
95181
95666
95510
95320
95600
95686
95686
95615
95254
95739
95551
95605
95243
95617
95729
95450
95245
95660
95604
95389
95468
95261
95520
95229
95624
95697
95689
95721
95325
95677
95290
95615
95605
95588
95372
95480
95740
95478
95259
95666
95480
95244
95438
95638
95656
95693
95586
95319
95673
95463
95681
95430
95716
95312
95220
95506
95643
95425
95300
95288
95571
95288
95322
95286
95669
95265
95540
95677
95546
95277
95542
95790
95316
95300
95760
95632
95586
95329
95727
95481
95414
95214
95584
95295
95563
95744
95735
95547
95692
95500
95332
95609
95339
95735
95676
95613
95670
95317
95276
95812
95683
95581
95692
95716
95672
95709
95313
95516
95769
95605
95205
95548
95322
95539
95264
95561
95226
95481
95416
95337
95742
95615
95690
95540
95724
95527
95498
95332
95764
95620
95597
95647
95619
95672
95590
95629
95767
95504
95331
95508
95338
95716
95459
95333
95553
95741
95690
95543
95774
95715
95652
95726
95440
95412
95768
95709
95652
95310
95715
95597
95720
95792
95455
95349
95283
95709
95727
95634
95368
95717
95724
95504
95660
95771
95774
95624
95502
95374
95713
95413
95604
95699
95731
95420
95338
95476
95729
95742
95617
95391
95676
95736
95582
95678
95764
95461
95252
95439
95553
95511
95584
95726
95690
95509
95491
95685
95364
95246
95669
95644
95518
95328
95571
95646
95630
95527
95642
95458
95441
95316
95681
95423
95292
95333
95564
95299
95726
95554
95263
95626
95507
95454
95729
95455
95305
95321
95661
95661
95379
95229
95361
95566
95460
95705
95424
95601
95607
95482
95273
95674
95544
95596
95456
95525
95530
95474
95660
95605
95305
95696
95701
95514
95315
95457
95260
95576
95729
95513
95587
95662
95586
95216
95689
95643
95451
95618
95755
95596
95296
95577
95725
95358
95296
95574
95687
95648
95265
95687
95383
95277
95320
95319
95698
95430
95217
95488
95546
95729
95667
95717
95666
95576
95265
95692
95541
95327
95393
95328
95479
95276
95384
95255
95469
95675
95645
95580
95561
95524
95469
95471
95594
95286
95386
95741
95595
95311
95477
95761
95458
95707
95635
95508
95281
95378
95380
95667
95598
95730
95680
95393
95685
95310
95363
95374
95712
95606
95377
95567
95746
95552
95729
95801
95449
95382
95713
95803
95747
95840
95750
95579
95739
95658
95658
95468
95505
95571
95382
95491
95665
95403
95569
95470
95689
95680
95299
95707
95305
95723
95651
95403
95461
95701
95573
95529
95449
95274
95585
95701
95577
95314
95355
95744
95662
95494
95457
95431
95672
95437
95526
95658
95351
95569
95321
95714
95385
95617
95534
95368
95323
95272
95682
95601
95318
95720
95580
95522
95361
95721
95646
95388
95619
95485
95285
95482
95207
95686
95635
95723
95605
95283
95282
95687
95677
95423
95347
95261
95629
95677
95569
95393
95364
95286
95539
95486
95669
95484
95683
95265
95428
95368
95707
95737
95513
95547
95664
95519
95691
95711
95621
95512
95358
95323
95288
95331
95667
95465
95226
95674
95551
95486
95206
95679
95602
95592
95561
95264
95716
95692
95601
95336
95725
95651
95280
95710
95755
95472
95233
95624
95691
95697
95447
95450
95437
95366
95711
95400
95372
95614
95514
95523
95719
95606
95522
95409
95632
95484
95778
95704
95710
95477
95293
95768
95325
95330
95730
95762
95708
95711
95656
95632
95404
95653
95444
95647
95706
95767
95518
95736
95667
95332
95670
95712
95408
95777
95744
95668
95386
95266
95559
95538
95278
95482
95756
95621
95646
95339
95465
95338
95685
95564
95597
95298
95707
95653
95686
95627
95456
95371
95267
95602
95572
95436
95566
95316
95744
95472
95272
95753
95397
95429
95676
95576
95479
95356
95605
95646
95506
95272
95676
95559
95578
95196
95592
95629
95758
95434
95664
95309
95233
95635
95297
95671
95677
95536
95336
95321
95669
95610
95395
95247
95608
95402
95226
95351
95188
95522
95628
95716
95659
95316
95518
95309
95634
95439
95346
95761
95686
95448
95301
95711
95479
95384
95336
95225
95715
95331
95514
95614
95326
95679
95669
95639
95363
95301
95285
95488
95322
95437
95472
95192
95612
95341
95221
95633
95697
95700
95452
95243
95267
95291
95594
95583
95447
95289
95663
95550
95345
95505
95705
95583
95228
95394
95225
95699
95711
95484
95278
95625
95544
95669
95422
95326
95675
95651
95283
95220
95703
95265
95717
95523
95356
95633
95796
95726
95697
95498
95296
95495
95286
95685
95282
95691
95272
95294
95691
95435
95410
95748
95682
95258
95700
95479
95624
95501
95691
95481
95745
95701
95297
95693
95803
95341
95388
95646
95430
95452
95250
95679
95314
95433
95712
95465
95704
95278
95465
95273
95664
95384
95289
95653
95734
95675
95560
95218
95635
95581
95589
95712
95794
95675
95636
95691
95449
95696
95659
95703
95626
95525
95298
95414
95726
95589
95245
95704
95642
95648
95556
95269
95545
95655
95457
95712
95648
95287
95366
95562
95484
95278
95633
95758
95425
95342
95694
95510
95297
95257
95655
95387
95323
95615
95570
95337
95704
95712
95363
95258
95380
95653
95617
95419
95270
95488
95328
95660
95528
95236
95301
95287
95549
95426
95350
95732
95571
95625
95164
95684
95627
95689
95419
95501
95581
95215
95591
95337
95300
95468
95211
95656
95618
95597
95560
95318
95453
95705
95532
95320
95571
95581
95472
95502
95228
95696
95421
95569
95333
95725
95694
95521
95678
95639
95694
95309
95477
95362
95520
95258
95580
95638
95293
95690
95484
95698
95736
95744
95607
95443
95665
95690
95753
95747
95534
95459
95771
95808
95600
95618
95405
95453
95730
95748
95431
95703
95437
95472
95534
95414
95776
95316
95356
95745
95717
95258
95780
95732
95396
95710
95570
95534
95623
95331
95469
95639
95604
95321
95641
95440
95448
95726
95542
95245
95692
95491
95647
95569
95239
95604
95661
95648
95536
95561
95351
95728
95277
95540
95678
95371
95307
95745
95573
95518
95346
95403
95325
95583
95343
95564
95735
95684
95487
95281
95543
95575
95354
95248
95404
95648
95609
95664
95654
95415
95683
95692
95596
95545
95417
95537
95702
95512
95381
95639
95331
95469
95252
95477
95671
95283
95675
95266
95683
95609
95652
95495
95302
95261
95522
95313
95492
95677
95568
95733
95593
95779
95513
95401
95732
95504
95210
95441
95337
95667
95694
95705
95538
95485
95375
95634
95703
95456
95708
95397
95533
95639
95351
95735
95760
95535
95321
95358
95732
95725
95568
95762
95713
95304
95643
95791
95594
95272
95793
95776
95758
95738
95771
95588
95499
95443
95805
95681
95292
95440
95488
95516
95338
95452
95780
95421
95458
95566
95311
95697
95586
95520
95540
95415
95733
95731
95713
95622
95313
95416
95721
95734
95663
95705
95652
95852
95756
95808
95396
95693
95785
95518
95437
95561
95804
95720
95786
95795
95536
95575
95536
95395
95677
95486
95531
95802
95673
95567
95656
95520
95382
95711
95600
95846
95731
95660
95699
95812
95475
95381
95756
95763
95404
95412
95571
95354
95702
95757
95675
95763
95631
95651
95749
95687
95662
95274
95702
95434
95427
95441
95360
95427
95712
95448
95822
95812
95688
95765
95683
95425
95383
95666
95419
95834
95663
95782
95615
95444
95664
95319
95656
95311
95772
95717
95583
95378
95309
95578
95528
95489
95441
95767
95707
95544
95393
95730
95550
95717
95405
95666
95490
95392
95765
95670
95392
95577
95663
95421
95506
95329
95807
95626
95390
95657
95558
95253
95624
95342
95318
95734
95359
95738
95694
95436
95515
95486
95321
95684
95351
95635
95441
95251
95758
95810
95371
95385
95684
95698
95464
95380
95383
95759
95615
95320
95618
95787
95285
95324
95683
95582
95420
95283
95720
95462
95284
95607
95445
95330
95715
95668
95661
95548
95427
95686
95338
95288
95738
95696
95651
95267
95703
95708
95587
95376
95690
95535
95232
95611
95711
95351
95639
95795
95288
95220
95323
95590
95450
95602
95624
95276
95710
95343
95639
95551
95623
95399
95378
95262
95643
95337
95703
95620
95558
95454
95417
95749
95560
95411
95746
95775
95449
95721
95609
95676
95482
95276
95663
95495
95711
95598
95363
95548
95467
95358
95560
95329
95664
95697
95479
95718
95719
95568
95540
95576
95277
95488
95331
95693
95708
95370
95387
95627
95595
95345
95454
95331
95554
95729
95524
95327
95692
95569
95464
95283
95668
95715
95533
95391
95771
95517
95271
95550
95430
95716
95554
95639
95415
95569
95582
95261
95671
95519
95339
95779
95720
95610
95325
95678
95601
95533
95325
95487
95452
95333
95600
95661
95384
95327
95675
95363
95499
95686
95526
95519
95475
95390
95767
95605
95436
95418
95658
95471
95336
95728
95612
95455
95289
95738
95691
95550
95740
95587
95686
95458
95434
95382
95742
95732
95605
95643
95568
95492
95485
95614
95515
95567
95237
95691
95747
95371
95611
95283
95677
95638
95609
95817
95531
95397
95498
95486
95532
95599
95463
95585
95659
95541
95355
95623
95728
95467
95331
95754
95722
95696
95658
95374
95401
95669
95769
95516
95400
95436
95474
95285
95547
95741
95614
95400
95437
95760
95599
95731
95500
95793
95756
95796
95618
95433
95780
95673
95461
95307
95456
95278
95776
95726
95522
95355
95282
95797
95681
95720
95508
95387
95465
95610
95520
95385
95452
95612
95787
95682
95519
95410
95690
95699
95359
95248
95588
95586
95713
95522
95282
95661
95570
95634
95679
95700
95674
95324
95644
95727
95736
95311
95597
95705
95676
95590
95704
95576
95251
95788
95719
95744
95688
95594
95786
95597
95402
95706
95591
95784
95759
95751
95732
95691
95360
95506
95720
95560
95246
95373
95460
95728
95488
95444
95330
95796
95604
95583
95582
95271
95711
95364
95740
95645
95644
95676
95235
95696
95482
95294
95746
95671
95354
95297
95673
95357
95685
95380
95301
95770
95762
95631
95549
95824
95658
95459
95280
95763
95417
95625
95839
95798
95850
95657
95498
95636
95785
95646
95517
95362
95728
95727
95680
95715
95416
95420
95812
95548
95353
95705
95838
95760
95662
95502
95318
95623
95625
95501
95313
95755
95631
95454
95249
95710
95662
95642
95445
95388
95603
95382
95763
95760
95815
95775
95366
95695
95733
95697
95449
95349
95771
95762
95711
95314
95254
95654
95592
95414
95653
95545
95285
95462
95527
95450
95477
95801
95646
95729
95287
95389
95692
95780
95383
95694
95429
95306
95808
95779
95661
95593
95557
95318
95796
95751
95633
95379
95769
95747
95442
95367
95374
95473
95677
95626
95760
95693
95486
95372
95792
95572
95396
95452
95476
95796
95473
95279
95562
95412
95355
95596
95515
95410
95315
95744
95337
95299
95284
95518
95576
95325
95639
95482
95774
95678
95540
95343
95692
95480
95760
95681
95732
95814
95607
95648
95338
95872
95641
95430
95415
95775
95608
95621
95549
95357
95388
95803
95592
95320
95743
95668
95505
95288
95778
95616
95628
95789
95475
95485
95337
95801
95597
95538
95705
95524
95384
95310
95718
95327
95346
95328
95717
95317
95754
95547
95516
95684
95502
95416
95458
95828
95726
95763
95762
95612
95717
95663
95423
95471
95288
95273
95306
95767
95584
95361
95645
95738
95791
95519
95335
95641
95777
95353
95492
95694
95424
95703
95400
95816
95582
95379
95760
95687
95527
95347
95747
95637
95351
95751
95696
95722
95365
95416
95747
95673
95738
95412
95790
95610
95716
95650
95396
95651
95746
95727
95775
95723
95558
95741
95643
95561
95554
95815
95780
95604
95241
95598
95541
95471
95842
95699
95429
95812
95733
95308
95798
95498
95442
95800
95593
95424
95789
95790
95506
95471
95786
95411
95796
95756
95392
95720
95403
95779
95727
95690
95423
95774
95615
95526
95283
95749
95663
95606
95291
95625
95431
95694
95743
95643
95757
95579
95391
95755
95769
95377
95773
95787
95677
95749
95431
95417
95563
95809
95366
95729
95490
95339
95731
95792
95630
95788
95536
95322
95655
95792
95802
95549
95397
95809
95829
95759
95702
95298
95766
95370
95718
95518
95473
95681
95395
95692
95325
95795
95778
95341
95563
95755
95709
95548
95504
95278
95776
95757
95726
95768
95826
95738
95320
95765
95353
95774
95605
95317
95785
95733
95389
95811
95809
95611
95771
95708
95408
95777
95754
95349
95526
95821
95676
95343
95505
95312
95773
95860
95679
95720
95783
95510
95290
95724
95605
95315
95332
95597
95679
95739
95630
95583
95749
95671
95665
95321
95646
95445
95471
95799
95837
95604
95767
95447
95739
95372
95600
95744
95543
95378
95603
95758
95373
95673
95607
95288
95435
95674
95405
95378
95763
95680
95471
95700
95619
95344
95620
95657
95470
95363
95694
95609
95322
95481
95747
95427
95336
95733
95500
95310
95477
95264
95534
95684
95506
95312
95589
95542
95390
95451
95734
95328
95455
95724
95768
95747
95695
95675
95491
95785
95544
95380
95763
95825
95576
95390
95844
95738
95564
95734
95732
95393
95471
95718
95413
95704
95317
95676
95708
95715
95791
95745
95837
95689
95723
95605
95535
95716
95775
95416
95711
95317
95548
95697
95643
95690
95544
95403
95841
95741
95471
95490
95472
95469
95753
95626
95855
95694
95447
95516
95688
95614
95386
95491
95478
95341
95732
95600
95780
95800
95457
95390
95453
95576
95363
95259
95731
95734
95405
95476
95263
95703
95329
95605
95668
95283
95487
95832
95637
95391
95455
95673
95374
95641
95205
95530
95285
95589
95600
95435
95310
95315
95655
95441
95423
95663
95734
95430
95326
95569
95743
95446
95591
95791
95713
95575
95413
95763
95464
95710
95383
95764
95734
95614
95389
95731
95482
95611
95758
95317
95593
95582
95378
95642
95539
95751
95792
95656
95729
95365
95463
95296
95810
95339
95699
95586
95363
95452
95699
95750
95723
95271
95728
95699
95594
95333
95499
95730
95550
95784
95636
95444
95796
95444
95756
95739
95448
95392
95724
95575
95670
95305
95717
95685
95441
95297
95791
95526
95475
95554
95359
95382
95441
95664
95386
95380
95799
95704
95743
95647
95625
95797
95751
95563
95392
95770
95687
95509
95389
95411
95492
95725
95325
95617
95728
95698
95533
95391
95537
95432
95377
95514
95746
95649
95503
95246
95609
95725
95239
95653
95453
95271
95459
95446
95512
95551
95730
95578
95290
95713
95501
95720
95498
95329
95497
95322
95744
95770
95478
95507
95755
95781
95552
95556
95549
95530
95277
95671
95657
95710
95445
95469
95360
95735
95707
95709
95655
95566
95288
95326
95701
95663
95379
95246
95734
95718
95474
95383
95700
95512
95667
95469
95227
95486
95372
95723
95454
95357
95521
95539
95708
95662
95467
95237
95387
95683
95665
95755
95594
95316
95763
95712
95387
95318
95804
95553
95539
95484
95298
95762
95741
95485
95285
95757
95689
95571
95362
95770
95568
95320
95310
95595
95348
95333
95536
95296
95323
95736
95707
95606
95636
95679
95386
95383
95305
95471
95225
95356
95237
95602
95402
95299
95646
95792
95656
95614
95502
95720
95762
32716
32716
32716
32716
32716
32716
32716
32716
32716
32716
32716
32716
32716
32716
32716
32716
32716
32716
32716
32716
32716
32716
32716
32716
32716
