9910
95577
95367
95400
95841
95756
95770
95827
95854
95791
95784
95675
95486
95485
95725
95464
95815
95648
95443
95876
95756
95742
95722
95751
95535
95844
95771
95741
95440
95764
95704
95611
95393
95683
95414
95833
95815
95379
95560
95388
95772
95687
95447
95431
95620
95827
95527
95796
95452
95749
95820
95744
95387
95825
95689
95550
95483
95824
95435
95350
95843
95814
95883
95600
95470
95854
95422
95529
95778
95388
95707
95508
95688
95486
95841
95415
95720
95441
95781
95850
95552
95577
95843
95784
95424
95664
95643
95472
95375
95784
95532
95749
95507
95665
95539
95814
95921
95631
95782
95335
95810
95625
95405
95873
95535
95332
95386
95788
95435
95611
95666
95301
95516
95699
95345
95715
95548
95775
95539
95498
95438
95354
95723
95437
95799
95435
95838
95488
95800
95563
95687
95798
95656
95513
95813
95766
95520
95470
95414
95756
95406
95467
95452
95874
95419
95609
95764
95756
95466
95657
95450
95737
95496
95606
95882
95427
95708
95555
95507
95793
95857
95544
95755
95797
95557
95431
95738
95714
95463
95293
95839
95512
95379
95889
95516
95747
95830
95599
95789
95711
95648
95736
95646
95710
95857
95444
95410
95755
95659
95503
95345
95592
95589
95354
95474
95691
95582
95722
95364
95480
95726
95368
95377
95486
95465
95367
95453
95558
95326
95463
95443
95739
95314
95598
95651
95706
95642
95468
95631
95770
95462
95768
95385
95426
95607
95379
95543
95743
95354
95525
95407
95466
95665
95428
95453
95765
95574
95746
95358
95333
95594
95445
95750
95796
95785
95359
95326
95479
95430
95797
95346
95438
95789
95530
95429
95393
95518
95442
95405
95717
95528
95662
95384
95492
95658
95398
95616
95684
95438
95522
95767
95474
95427
95614
95744
95779
95506
95713
95440
95411
95642
95649
95727
95832
95467
95349
95530
95451
95534
95707
95793
95634
95548
95554
95344
95496
95672
95846
95626
95677
95750
95387
95848
95424
95429
95664
95793
95553
95431
95337
95387
95522
95711
95790
95749
95821
95726
95882
95834
95621
95658
95371
95525
95654
95370
95776
95417
95342
95341
95332
95283
95440
95740
95376
95666
95901
95684
95485
95365
95619
95834
95355
95767
95373
95391
95381
95529
95698
95876
95382
95425
95422
95836
95793
95795
95759
95881
95422
95439
95758
95442
95772
95592
95476
95585
95710
95622
95509
95789
95488
95681
95872
95890
95507
95623
95682
95743
95407
95369
95455
95631
95218
95564
95860
95285
95472
95451
95357
95551
95832
95476
95325
95380
95461
95855
95508
95729
95811
95436
95310
95687
95480
95431
95661
95415
95328
95274
95377
95322
95786
95628
95616
95675
95796
95481
95766
95346
95330
95713
95578
95727
95450
95640
95386
95470
95564
95779
95313
95454
95412
95711
95781
95622
95767
95466
95377
95593
95488
95756
95761
95674
95661
95650
95603
95783
95821
95388
95429
95561
95448
95685
95654
95327
95522
95680
95558
95461
95344
95442
95649
95337
95726
95756
95714
95687
95398
95430
95430
95712
95674
95555
95262
95428
95408
95304
95382
95387
95508
95490
95429
95608
95721
95422
95357
95536
95489
95741
95807
95700
95700
95797
95464
95767
95279
95373
95435
95362
95377
95606
95721
95424
95510
95544
95660
95544
95489
95234
95579
95719
95362
95729
95611
95725
95514
95490
95498
95586
95787
95803
95521
95481
95351
95347
95744
95385
95779
95679
95742
95762
95603
95449
95406
95457
95386
95452
95769
95589
95813
95630
95346
95776
95697
95803
95550
95627
95419
95708
95503
95464
95625
95580
95733
95688
95684
95264
95423
95379
95369
95369
95782
95815
95799
95672
95743
95561
95641
95569
95684
95807
95711
95703
95796
95708
95364
95854
95602
95555
95616
95704
95778
95715
95741
95654
95524
95494
95560
95358
95797
95700
95371
95558
95397
95417
95774
95741
95332
95313
95532
95615
95565
95631
95770
95713
95831
95631
95622
95598
95744
95492
95619
95796
95653
95820
95721
95640
95820
95707
95587
95858
95852
95609
95768
95446
95298
95443
95480
95580
95620
95497
95422
95757
95730
95802
95701
95823
95813
95762
95554
95416
95422
95381
95414
95755
95789
95793
95745
95628
95628
95565
95323
95666
95635
95468
95308
95811
95758
95438
95400
95414
95795
95823
95739
95359
95407
95407
95595
95770
95539
95353
95389
95765
95739
95622
95561
95328
95374
95756
95663
95748
95707
95575
95445
95427
95590
95714
95549
95716
95716
95673
95628
95405
95785
95697
95433
95514
95368
95666
95700
95328
95736
95395
95354
95765
95846
95852
95484
95607
95694
95783
95420
95531
95567
95616
95480
95595
95611
95808
95784
95433
95576
95490
95521
95454
95384
95360
95493
95758
95661
95755
95579
95400
95378
95507
95246
95405
95311
95326
95578
95723
95821
95790
95856
95846
95453
95522
95297
95706
95771
95660
95674
95473
95643
95631
95549
95547
95463
95670
95758
95420
95514
95718
95678
95501
95636
95761
95337
95479
95423
95403
95778
95712
95536
95307
95827
95569
95443
95696
95823
95602
95847
95450
95749
95740
95798
95921
95876
95906
95866
95805
95638
95665
95753
95652
95725
95724
95561
95605
95814
95493
95587
95554
95442
95413
95814
95747
95780
95771
95546
95376
95548
95406
95373
95435
95623
95630
95746
95891
95502
95425
95593
95820
95778
95450
95903
95820
95489
95606
95761
95910
95704
95790
95490
95590
95654
95753
95860
95817
95381
95519
95742
95824
95797
95620
95794
95572
95426
95778
95757
95633
95806
95848
95603
95821
95885
95570
95396
95835
95525
95777
95783
95823
95840
95829
95728
95844
95409
95808
95656
95554
95546
95385
95742
95533
95732
95870
95785
95369
95760
95791
95776
95809
95566
95752
95731
95849
95601
95743
95586
95876
95682
95524
95522
95681
95805
95755
95744
95694
95584
95767
95976
95787
95678
95631
95576
95531
95359
95821
95504
95692
95489
95718
95453
95601
95460
95492
95768
95840
95659
95850
95813
95501
95447
95769
95739
95461
95820
95796
95846
95759
95800
95781
95803
95467
95735
95782
95414
95555
95574
95567
95346
95327
95768
95692
95673
95358
95400
95638
95361
95817
95686
95858
95427
95580
95863
95577
95921
95707
95608
95361
95798
95646
95470
95827
95349
95446
95557
95815
95885
95552
95512
95850
95416
95734
95572
95648
95621
95425
95448
95692
95586
95451
95327
95799
95790
95475
95738
95697
95769
95847
95877
95742
95484
95708
95882
95615
95765
95722
95833
95823
95533
95463
95607
95448
95409
95792
95855
95862
95865
96004
95749
95804
95843
95836
95847
95747
95759
95750
95711
95594
95707
95811
95450
95607
95821
95767
95704
95757
95492
95446
95848
95390
95607
95729
95365
95608
95713
95469
95663
95663
95570
95666
95750
95766
95751
95433
95734
95745
95397
95834
95736
95347
95669
95837
95545
95762
95618
95550
95824
95699
95612
95783
95839
95924
95617
95416
95470
95536
95698
95864
95817
95691
95612
95843
95648
95505
95659
95361
95605
95854
95654
95489
95694
95487
95562
95730
95806
95911
95814
95837
95515
95419
95600
95644
95556
95487
95318
95502
95711
95835
95754
95438
95609
95418
95787
95681
95594
95431
95347
95806
95890
95441
95848
95693
95449
95560
95441
95825
95355
95790
95909
95769
95797
95572
95453
95799
95686
95480
95830
95533
95663
95704
95413
95445
95414
95674
95619
95731
95433
95478
95814
95846
95822
95424
95639
95425
95478
95787
95809
95847
95914
95734
95759
95493
95458
95470
95736
95372
95769
95628
95679
95882
95888
95840
95793
95620
95810
95838
95579
95371
95824
95818
95736
95866
95479
95435
95486
95564
95755
95437
95801
95810
95861
95810
95408
95713
95415
95590
95389
95666
95356
95389
95421
95393
95711
95782
95675
95505
95515
95863
95727
95358
95765
95805
95544
95442
95634
95698
95456
95586
95558
95718
95451
95380
95682
95881
95471
95701
95321
95754
95865
95554
95656
95372
95447
95822
95837
95658
95858
95827
95785
95899
95453
95533
95618
95421
95740
95821
95713
95334
95382
95814
95876
95699
95706
95487
95424
95490
95732
95817
95845
95789
95416
95751
95691
95750
95460
95779
95477
95856
95829
95740
95741
95492
95342
95533
95705
95456
95431
95338
95329
95785
95896
95782
95783
95684
95489
95352
95650
95834
95802
95835
95762
95705
95436
95400
95674
95836
95357
95516
95813
95516
95460
95620
95770
95712
95333
95379
95886
95605
95753
95655
95555
95444
95511
95802
95407
95722
95740
95702
95532
95458
95855
95802
95825
95672
95776
95754
95433
95714
95715
95852
95799
95373
95293
95438
95422
95435
95637
95485
95546
95665
95458
95463
95838
95766
95628
95479
95405
95527
95532
95447
95462
95401
95730
95344
95627
95392
95847
95441
95565
95861
95715
95692
95821
95661
95794
95476
95737
95739
95668
95806
95805
95707
95641
95659
95441
95772
95768
95825
95797
95393
95495
95752
95757
95376
95371
95663
95284
95663
95690
95803
95806
95835
95337
95621
95753
95354
95381
95487
95327
95451
95705
95346
95697
95676
95303
95665
95578
95725
95778
95712
95348
95619
95368
95726
95802
95385
95258
95660
95868
95846
95499
95767
95821
95751
95733
95443
95739
95831
95868
95725
95792
95678
95545
95667
95547
95427
95655
95732
95705
95490
95340
95529
95658
95485
95772
95771
95598
95706
95774
95673
95692
95315
95809
95635
95306
95555
95290
95570
95444
95531
95332
95726
95285
95533
95702
95267
95351
95351
95419
95628
95766
95662
95748
95650
95447
95655
95592
95412
95479
95301
95781
95724
95766
95408
95776
95772
95854
95796
95838
95776
95809
95857
95518
95690
95794
95742
95350
95779
95731
95464
95538
95384
95858
95597
95317
95813
95389
95361
95856
95684
95398
95371
95788
95571
95760
95786
95652
95767
95549
95319
95734
95826
95484
95661
95323
95442
95771
95747
95719
95513
95801
95802
95870
95736
95497
95503
95836
95737
95451
95729
95742
95608
95516
95626
95775
95836
95850
95433
95543
95828
95535
95642
95800
95810
95709
95639
95792
95741
95650
95433
95803
95824
95784
95728
95773
95816
95715
95493
95451
95497
95680
95757
95492
95867
95649
95521
95803
95870
95663
95364
95645
95675
95457
95494
95408
95399
95768
95747
95807
95480
95798
95661
95665
95413
95702
95813
95852
95744
95794
95791
95439
95706
95826
95766
95742
95541
95333
95586
95732
95793
95660
95602
95631
95430
95360
95782
95777
95634
95682
95361
95602
95387
95819
95636
95516
95340
95491
95472
95747
95664
95819
95690
95671
95460
95321
95810
95410
95656
95763
95362
95495
95390
95521
95797
95545
95729
95789
95710
95690
95515
95311
95803
95805
95728
95438
95361
95637
95656
95394
95334
95677
95734
95331
95770
95704
95792
95736
95677
95670
95440
95621
95753
95638
95543
95441
95420
95842
95827
95721
95726
95756
95855
95830
95770
95749
95542
95837
95783
95325
95771
95849
95812
95809
95731
95488
95735
95322
95774
95294
95676
95879
95868
95722
95816
95581
95374
95411
95526
95360
95514
95560
95796
95838
95838
95803
95377
95818
95731
95413
95509
95439
95480
95323
95389
95535
95429
95525
95349
95562
95798
95534
95393
95522
95519
95647
95415
95738
95321
95771
95813
95776
95622
95418
95651
95667
95668
95510
95349
95579
95697
95457
95398
95505
95395
95643
95751
95317
95306
95540
95730
95649
95643
95561
95821
95737
95775
95825
95820
95717
95609
95541
95765
95602
95741
95763
95618
95423
95283
95583
95628
95711
95693
95722
95577
95793
95781
95820
95321
95718
95860
95732
95346
95409
95425
95646
95329
95839
95820
95584
95480
95371
95732
95563
95718
95482
95436
95715
95776
95424
95766
95490
95684
95408
95677
95671
95633
95569
95355
95516
95430
95781
95549
95442
95482
95721
95790
95485
95385
95773
95862
95767
95735
95765
95852
95639
95752
95663
95445
95691
95817
95792
95786
95481
95807
95719
95460
95453
95402
95670
95750
95322
95720
95591
95733
95564
95313
95397
95386
95742
95793
95319
95752
95587
95814
95717
95822
95759
95529
95498
95717
95626
95453
95772
95795
95785
95540
95643
95383
95609
95450
95768
95590
95355
95762
95388
95784
95772
95569
95577
95663
95651
95808
95773
95328
95705
95379
95603
95659
95405
95512
95776
95690
95718
95701
95411
95398
95820
95668
95375
95416
95557
95339
95690
95646
95422
95443
95604
95346
95433
95725
95741
95795
95386
95617
95373
95464
95690
95781
95664
95362
95363
95710
95331
95571
95332
95596
95246
95770
95419
95345
95782
95742
95286
95550
95697
95482
95662
95299
95764
95755
95810
95822
95484
95616
95791
95558
95331
95522
95308
95728
95474
95835
95389
95681
95638
95549
95713
95382
95550
95706
95477
95359
95751
95621
95663
95812
95724
95710
95702
95710
95490
95298
95699
95362
95569
95338
95613
95488
95284
95662
95762
95762
95378
95588
95417
95758
95716
95440
95598
95414
95753
95527
95496
95706
95651
95374
95561
95715
95521
95796
95395
95497
95833
95645
95336
95705
95449
95334
95739
95399
95322
95753
95779
95655
95305
95383
95779
95364
95838
95790
95429
95580
95707
95305
95730
95478
95615
95552
95295
95655
95604
95343
95493
95770
95634
95580
95310
95345
95774
95731
95750
95592
95715
95860
95743
95392
95600
95693
95325
95449
95741
95382
95530
95745
95852
95295
95637
95638
95765
95690
95649
95690
95264
95681
95246
95731
95594
95457
95751
95645
95392
95454
95715
95624
95580
95464
95305
95608
95467
95642
95756
95824
95744
95354
95470
95421
95497
95332
95699
95566
95556
95756
95754
95680
95496
95766
95525
95738
95737
95809
95752
95327
95674
95703
95737
95772
95395
95565
95627
95594
95272
95544
95208
95675
95632
95272
95264
95708
95447
95413
95694
95305
95433
95503
95574
95608
95364
95675
95479
95799
95725
95426
95452
95593
95447
95821
95402
95633
95825
95782
95492
95727
95836
95601
95749
95717
95585
95517
95500
95275
95753
95761
95771
95609
95374
95731
95549
95517
95721
95649
95387
95838
95767
95776
95750
95699
95435
95349
95500
95532
95742
95349
95489
95775
95403
95756
95719
95640
95289
95491
95740
95783
95351
95440
95672
95790
95797
95822
95837
95465
95761
95345
95749
95315
95742
95699
95523
95709
95746
95524
95343
95828
95757
95443
95801
95803
95852
95754
95779
95711
95782
95821
95738
95596
95760
95347
95625
95818
95691
95362
95707
95499
95399
95309
95746
95765
95663
95488
95446
95769
95514
95347
95365
95439
95728
95769
95415
95778
95788
95847
95315
95615
95747
95753
95807
95771
95404
95779
95589
95769
95403
95406
95532
95727
95378
95390
95458
95565
95348
95724
95656
95671
95343
95725
95644
95439
95519
95537
95296
95469
95597
95413
95801
95528
95554
95419
95756
95628
95290
95670
95368
95771
95760
95794
95796
95742
95780
95915
95823
95801
95623
95804
95593
95354
95815
95776
95441
95718
95679
95690
95763
95427
95590
95806
95875
95795
95817
95781
95619
95403
95479
95748
95638
95362
95760
95584
95478
95731
95785
95794
95702
95517
95712
95348
95617
95381
95392
95367
95660
95505
95341
95468
95372
95673
95393
95319
95418
95772
95480
95725
95721
95764
95625
95557
95767
95442
95745
95741
95485
95830
95854
95813
95251
95553
95337
95747
95643
95458
95318
95675
95776
95684
95620
95347
95346
95585
95602
95774
95515
95727
95286
95600
95291
95487
95394
95743
95829
95777
95762
95354
95854
95763
95374
95559
95791
95673
95456
95345
95608
95402
95742
95680
95637
95501
95340
95403
95748
95478
95578
95770
95508
95358
95738
95348
95655
95859
95772
95656
95523
95710
95396
95860
95857
95765
95704
95699
95857
95734
95461
95455
95736
95750
95854
95825
95746
95577
95385
95730
95855
95644
95474
95432
95615
95844
95826
95808
95709
95806
95620
95358
95808
95346
95739
95778
95748
95482
95665
95674
95488
95523
95484
95733
95548
95400
95772
95667
95782
95590
95831
95903
95785
95854
95590
95450
95832
95817
95599
95508
95608
95793
95786
95777
95733
95379
95702
95588
95374
95718
95691
95687
95731
95739
95515
95369
95564
95774
95765
95412
95287
95830
95426
95753
95786
95727
95454
95476
95778
95553
95763
95834
95449
95434
95812
95762
95442
95835
95772
95820
95643
95466
95727
95329
95636
95783
95785
95614
95756
95524
95297
95439
95370
95578
95756
95296
95619
95356
95601
95619
95478
95892
95744
95551
95450
95559
95391
95712
95839
95597
95650
95802
95657
95739
95794
95419
95391
95713
95519
95308
95657
95554
95459
95667
95574
95718
95765
95515
95345
95810
95819
95418
95577
95558
95478
95332
95557
95291
95610
95392
95745
95482
95370
95729
95710
95404
95745
95847
95604
95384
95634
95806
95486
95884
95846
95834
95349
95731
95828
95706
95829
95842
95862
95499
95570
95391
95734
95811
95406
95711
95389
95830
95664
95535
95541
95866
95715
95981
95807
95822
95859
95400
95709
95867
95540
95781
95816
95833
95581
95492
95609
95395
95385
95745
95349
95715
95524
95560
95846
95705
95464
95825
95688
95353
95619
95706
95806
95792
95650
95479
95860
95816
95538
95353
95410
95814
95523
95594
95806
95770
95794
95733
95395
95750
95363
95843
95779
95443
95528
95735
95576
95657
95805
95664
95836
95782
95674
95403
95716
95421
95409
95780
95688
95853
95813
95478
95834
95543
95413
95612
95684
95556
95341
95526
95778
95722
95839
95875
95387
95586
95799
95700
95318
95754
95458
95518
95389
95406
95822
95768
95788
95519
95351
95691
95768
95721
95694
95377
95437
95758
95417
95394
95465
95443
95274
95442
95618
95794
95298
95777
95769
95354
95837
95505
95499
95309
95645
95332
95503
95612
95329
95835
95343
95592
95821
95520
95590
95816
95323
95495
95747
95817
95791
95608
95406
95822
95304
95336
95762
95438
95350
95685
95736
95563
95367
95653
95659
95333
95329
95773
95737
95402
95428
95416
95699
95361
95674
95632
95557
95694
95669
95427
95717
95376
95699
95691
95585
95274
95365
95771
95791
95386
95625
95837
95768
95614
95729
95424
95623
95753
95613
95509
95809
95826
95788
95871
95407
95805
95902
95797
95359
95547
95872
95613
95535
95290
95587
95302
95682
95419
95488
95466
95489
95704
95476
95344
95694
95791
95340
95491
95588
95793
95467
95371
95610
95309
95787
95592
95376
95794
95762
95769
95727
95711
95516
95397
95796
95779
95883
95823
95297
95456
95709
95474
95743
95531
95492
95880
95686
95499
95827
95843
95839
95849
95712
95370
95810
95644
95432
95433
95822
95762
95409
95766
95557
95457
95543
95753
95867
95539
95318
95585
95473
95525
95677
95436
95314
95738
95721
95406
95697
95751
95806
95648
95299
95624
95761
95465
95412
95839
95528
95756
95791
95700
95597
95431
95769
95803
95330
95810
95837
95854
95760
95578
95706
95753
95696
95544
95636
95739
95830
95590
95463
95765
95850
95851
95804
95773
95471
95715
95825
95339
95405
95789
95640
95718
95334
95769
95782
95441
95759
95780
95669
95811
95869
95752
95748
95796
95818
95853
95775
95778
95596
95796
95844
95495
95521
95531
95707
95413
95591
95333
95729
95599
95636
95409
95802
95853
95389
95804
95390
95795
95308
95680
95388
95767
95384
95544
95315
95807
95451
95809
95784
95670
95452
95367
95444
95823
95653
95808
95777
95436
95809
95454
95759
95601
95369
95453
95802
95771
95455
95409
95694
95867
95723
95800
95798
95809
95843
95871
95787
95536
95341
95840
95610
95352
95560
95773
95346
95790
95423
95390
95749
95562
95757
95565
95323
95803
95791
95751
95818
95733
95463
95397
95749
95437
95290
95401
95755
95487
95594
95820
95599
95337
95878
95603
95501
95393
95531
95342
95780
95797
95550
95241
95727
95709
95320
95398
95747
95836
95762
95688
95344
95803
95675
95607
95378
95519
95592
95771
95412
95604
95666
95703
95723
95783
95780
95666
95384
95634
95695
95305
95705
95788
95674
95811
95743
95509
95711
95381
95622
95731
95528
95749
95681
95666
95334
95669
95551
95369
95605
95370
95496
95687
95297
95747
95369
95683
95406
95515
95676
95749
95399
95842
95431
95323
95504
95577
95454
95514
95352
95451
95688
95753
95530
95506
95618
95376
95322
95775
95473
95335
95786
95658
95810
95741
95419
95408
95743
95731
95768
95299
95508
95657
95427
95410
95746
95387
95401
95740
95622
95409
95661
95581
95372
95685
95688
95448
95361
95272
95266
95335
95288
95712
95302
95644
95610
95628
95433
95358
95815
95421
95710
95313
95607
95795
95780
95842
95420
95582
95509
95530
95810
95791
95773
95792
95668
95645
95702
95531
95346
95644
95841
95678
95388
95755
95433
95448
95553
95313
95761
95456
95486
95708
95383
95328
95697
95431
95518
95612
95755
95713
95382
95784
95402
95402
95623
95480
95445
95817
95776
95762
95744
95860
95800
95468
95359
95801
95728
95573
95723
95680
95782
95412
95727
95786
95732
95876
95577
95367
95811
95391
95804
95417
95759
95794
95477
95508
95584
95585
95376
95799
95576
95393
95704
95602
95795
95710
95737
95824
95828
95634
95423
95525
95818
95673
95399
95482
95714
95394
95661
95424
95788
95804
95766
95796
95553
95424
95814
95805
95570
95797
95785
95604
95341
95465
95370
95691
95464
95687
95406
95385
95374
95644
95684
95753
95780
95827
95655
95515
95312
95778
95686
95614
95433
95323
95740
95285
95679
95595
95660
95753
95773
95463
95428
95708
95534
95335
95535
95547
95726
95820
95719
95366
95680
95504
95519
95345
95285
95757
95645
95836
95707
95785
95703
95825
95754
95623
95542
95278
95648
95642
95329
95389
95529
95384
95248
95730
95474
95294
95375
95648
95348
95763
95704
95377
95745
95472
95442
95818
95690
95724
95738
95711
95571
95348
95741
95554
95642
95398
95719
95335
95507
95302
95739
95334
95767
95727
95591
95708
95774
95521
95363
95460
95304
95471
95735
95527
95265
95638
95835
95797
95420
95346
95751
95756
95521
95522
95682
95800
95768
95744
95404
95499
95292
95366
95307
95527
95373
95535
95447
95842
95683
95458
95536
95795
95713
95612
95644
95787
95677
95484
95317
95482
95520
95352
95791
95669
95726
95742
95819
95406
95381
95673
95330
95573
95361
95616
95710
95699
95387
95280
95752
95390
95353
95763
95349
95728
95756
95725
95718
95729
95405
95591
95766
95517
95600
95800
95779
95413
95715
95727
95280
95828
95691
95742
95817
95620
95470
95783
95383
95699
95336
95842
95368
95363
95527
95427
95798
95425
95410
95511
95324
95743
95666
95367
95613
95805
95400
95613
95691
95733
95388
95431
95799
95341
95374
95361
95679
95566
95540
95310
95689
95749
95795
95760
95386
95647
95543
95741
95771
95355
95777
95386
95539
95734
95783
95728
95622
95770
95661
95343
95743
95429
95292
95519
95758
95489
95786
95747
95352
95389
95759
95754
95782
95342
95310
95446
95264
95722
95755
95627
95595
95386
95288
95697
95790
95746
95715
95469
95733
95745
95878
95746
95768
95665
95396
95324
95713
95861
95758
95488
95602
95601
95761
95379
95743
95793
95549
95325
95668
95801
95811
95887
95766
95573
95435
95593
95449
95332
95695
95600
95477
95579
95767
95768
95707
95666
95741
95748
95729
95556
95393
95741
95347
95504
95442
95587
95357
95386
95730
95508
95495
95410
95749
95395
95773
95638
95676
95423
95560
95675
95741
95324
95366
95751
95344
95674
95590
95386
95771
95411
95416
95825
95763
95781
95685
95548
95389
95810
95680
95656
95718
95737
95470
95387
95726
95830
95730
95747
95687
95416
95560
95589
95396
95588
95338
95657
95463
95758
95765
95458
95666
95770
95653
95405
95500
95773
95599
95360
95759
95767
95755
95774
95580
95590
95471
95662
95527
95439
95513
95440
95338
95607
95605
95310
95765
95811
95826
95853
95851
95651
95358
95410
95400
95611
95764
95757
95753
95702
95538
95331
95694
95613
95444
95514
95431
95811
95807
95507
95483
95451
95587
95410
95723
95641
95778
95370
95300
95757
95795
95708
95680
95389
95775
95750
95760
95519
95525
95823
95408
95462
95450
95631
95365
95589
95764
95630
95757
95725
95432
95378
95648
95410
95712
95682
95751
95683
95812
95716
95753
95717
95780
95696
95767
95617
95417
95402
95635
95796
95787
95432
95414
95741
95767
95763
95875
95871
95595
95578
95396
95579
95760
95457
95315
95747
95726
95401
95324
95678
95874
95838
95602
95341
95740
95725
95329
95476
95549
95314
95658
95413
95806
95475
95522
95829
95498
95484
95670
95604
95517
95391
95425
95754
95498
95764
95770
95401
95526
95364
95724
95356
95715
95778
95822
95782
95615
95400
95793
95777
95784
95807
95754
95530
95733
95696
95492
95295
95631
95381
95332
95806
95425
95475
95498
95728
95522
95706
95475
95715
95855
95549
95682
95568
95588
95862
95753
95449
95616
95645
95758
95423
95774
95804
95693
95610
95432
95409
95547
95519
95398
95877
95818
95656
95437
95737
95644
95856
95731
95719
95556
95452
95593
95488
95362
95699
95442
95660
95788
95744
95460
95841
95761
95817
95868
95827
95816
95684
95821
95711
95525
95481
95576
95334
95692
95409
95761
95390
95772
95587
95391
95320
95713
95304
95320
95347
95671
95391
95377
95789
95622
95579
95794
95746
95513
95863
95852
95769
95807
95748
95570
95711
95506
95539
95304
95569
95505
95791
95310
95689
95567
95326
95813
95449
95671
95492
95364
95717
95727
95459
95443
95715
95337
95778
95523
95731
95698
95340
95436
95436
95526
95452
95418
95613
95383
95792
95478
95373
95670
95482
95706
95354
95610
95710
95778
95752
95362
95737
95783
95847
95582
95389
95439
95579
95334
95534
95505
95538
95339
95549
95829
95504
95321
95764
95334
95426
95775
95284
95682
95426
95789
95456
95388
95342
95673
95781
95549
95500
95407
95525
95833
95747
95453
95570
95785
95422
95872
95795
95726
95543
95695
95757
95710
95393
95425
95797
95517
95400
95346
95460
95686
95397
95715
95371
95628
95419
95722
95774
95830
95755
95775
95732
95459
95645
95807
95805
95823
95654
95402
95754
95392
95329
95785
95805
95431
95479
95571
95822
95811
95551
95846
95557
95523
95381
95646
95592
95400
95613
95713
95897
95623
95512
95395
95720
95785
95840
95820
95353
95763
95839
95591
95354
95498
95585
95426
95704
95716
95434
95756
95734
95790
95759
95888
95728
95713
95544
95430
95805
95483
95593
95764
95630
95411
95311
95755
95413
95681
95598
95391
95430
95631
95314
95722
95733
95432
95569
95331
95452
95834
95781
95787
95656
95413
95720
95806
95629
95388
95417
95735
95702
95890
95800
95788
95336
95841
95738
95518
95466
95779
95599
95353
95597
95391
95722
95427
95725
95355
95717
95725
95550
95326
95476
95715
95841
95379
95758
95820
95439
95719
95410
95818
95805
95413
95771
95606
95562
95314
95500
95341
95500
95555
95441
95415
95780
95824
95443
95791
95526
95462
95801
95262
95777
95672
95680
95375
95846
95731
95496
95408
95549
95350
95377
95622
95503
95642
95816
95592
95367
95767
95727
95499
95443
95602
95710
95546
95560
95814
95630
95623
95306
95760
95761
95510
95323
95776
95457
95462
95812
95403
95414
95627
95363
95750
95318
95771
95693
95328
95630
95712
95462
95778
95491
95355
95507
95447
95558
95756
95618
95273
95820
95587
95406
95659
95535
95453
95347
95813
95466
95635
95584
95463
95415
95643
95736
95798
95465
95765
95828
95784
95766
95538
95473
95667
95572
95338
95741
95364
95439
95316
95751
95739
95719
95793
95575
95362
95664
95364
95563
95694
95717
95368
95736
95487
95677
95731
95518
95728
95376
95586
95697
95428
95756
95512
95657
95361
95628
95726
95500
95343
95691
95439
95359
95835
95755
95522
95555
95792
95476
95741
95739
95802
95716
95746
95628
95378
95774
95784
95735
95367
95776
95317
95623
95721
95575
95565
95555
95275
95353
95789
95833
95513
95434
95649
95767
95351
95596
95333
95619
95581
95346
95809
95535
95482
95524
95773
95619
95427
95399
95783
95746
95812
95480
95794
95330
95526
95294
95448
95670
95579
95395
95705
95544
95667
95524
95478
95658
95296
95578
95696
95771
95682
95683
95740
95706
95441
95755
95671
95862
95778
95326
95675
95616
95789
95462
95862
95687
95842
95724
95707
95685
95320
95493
95694
95416
95634
95383
95335
95804
95368
95396
95514
95284
95605
95399
95634
95527
95417
95657
95538
95734
95849
95857
95555
95628
95309
95674
95288
95501
95787
95546
95367
95438
95752
95774
95699
95599
95711
95671
95793
95660
95523
95303
95546
95703
95563
95766
95300
95631
95425
95791
95552
95551
95709
95473
95602
95838
95869
95538
95502
95647
95763
95652
95707
95726
95510
95791
95447
95705
95755
95629
95518
95804
95425
95793
95748
95390
95394
95753
95520
95410
95509
95760
95755
95331
95313
95778
95713
95749
95344
95420
95307
95600
95740
95673
95480
95390
95758
95726
95532
95332
95570
95401
95355
95690
95311
95635
95467
95360
95743
95632
95404
95387
95501
95412
95457
95580
95365
95772
95779
95293
95803
95762
95808
95629
95729
95533
95798
95362
95492
95729
95681
95811
95820
95846
95709
95764
95496
95638
95764
95609
95465
95295
95707
95722
95478
95301
95541
95676
95297
95694
95440
95827
95776
95720
95660
95561
95784
95410
95501
95475
95327
95661
95757
95676
95332
95680
95520
95773
95522
95480
95312
95711
95529
95449
95753
95374
95699
95705
95797
95718
95800
95447
95775
95379
95528
95797
95422
95752
95784
95682
95571
95700
95555
95516
95330
95665
95643
95448
95807
95828
95556
95448
95731
95370
95789
95755
95514
95346
95542
95755
95860
95312
95455
95543
95445
95318
95819
95568
95317
95647
95696
95785
95521
95366
95748
95698
95720
95682
95781
95775
95847
95515
95328
95807
95747
95783
95504
95628
95403
95502
95380
95767
95765
95475
95465
95836
95569
95389
95522
95588
95771
95485
95460
95825
95468
95827
95710
95426
95442
95542
95577
95572
95400
95582
95549
95485
95579
95760
95951
95855
95794
95885
95821
95787
95454
95665
95859
95851
95724
95756
95570
95497
95523
95457
95570
95516
95419
95473
95691
95715
95794
95677
95513
95383
95810
95868
95430
95794
95686
95411
95791
95309
95670
95529
95474
95534
95776
95860
95747
95809
95583
95515
95702
95823
95510
95340
95703
95719
95524
95337
95399
95374
95593
95338
95572
95337
95647
95840
95812
95581
95394
95348
95793
95532
95332
95603
95732
95338
95576
95811
95828
95562
95435
95554
95457
95620
95403
95598
95421
95832
95343
95619
95617
95390
95836
95747
95631
95333
95755
95720
95733
95813
95708
95532
95297
95627
95788
95845
95508
95337
95451
95552
95422
95299
95499
95613
95674
95685
95454
95777
95631
95637
95391
95467
95400
95380
95664
95725
95724
95409
95760
95717
95710
95665
95592
95318
95629
95710
95662
95513
95765
95343
95640
95333
95636
95335
95334
95522
95313
95589
95292
95739
95776
95644
95308
95615
95795
95467
95730
95638
95492
95261
95527
95841
95454
95379
95707
95301
95714
95371
95688
95653
95706
95668
95393
95725
95372
95527
95552
95265
95554
95697
95428
95339
95697
95672
95566
95611
95759
95796
95785
95699
95353
95347
95600
95529
95754
95690
95655
95364
95389
95759
95851
95739
95710
95873
95712
95515
95455
95706
95720
95536
95440
95674
95671
95638
95281
95630
95395
95670
95761
95826
95656
95341
95774
95542
95326
95361
95646
95373
95404
95732
95495
95526
95710
95324
95496
95409
95617
95559
95464
95666
95253
95609
95412
95322
95727
95379
95787
95678
95829
95803
95575
95317
95788
95802
95620
95406
95571
95570
95384
95727
95747
95465
95304
95562
95461
95374
95782
95772
95352
95735
95528
95383
95686
95350
95672
95401
95455
95615
95317
95665
95544
95387
95664
95770
95793
95646
95456
95730
95563
95689
95425
95651
95386
95515
95289
95643
95296
95583
95438
95737
95687
95686
95413
95613
95345
95474
95354
95592
95538
95655
95279
95778
95803
95705
95836
95744
95699
95552
95661
95514
95342
95723
95479
95701
95678
95476
95456
95323
95737
95650
95343
95673
95660
95727
95758
95722
95782
95371
95694
95631
95316
95319
95425
95255
95695
95457
95669
95619
95343
95590
95685
95471
95376
95744
95347
95487
95611
95367
95363
95432
95758
95662
95801
95391
95344
95595
95379
95412
95317
95787
95704
95396
95605
95385
95448
95292
95443
95450
95311
95709
95622
95377
95715
95348
95290
95766
95725
95770
95732
95329
95781
95636
95389
95800
95484
95569
95260
95732
95647
95337
95415
95725
95608
95325
95795
95585
95796
95667
95438
95761
95391
95314
95239
95645
95735
95737
95695
95343
95663
95659
95643
95488
95513
95751
95330
95486
95724
95546
95749
95839
95524
95789
95502
95336
95704
95787
95360
95803
95625
95409
95514
95780
95746
95499
95409
95770
95790
95322
95580
95633
95669
95614
95534
95421
95520
95350
95350
95805
95690
95463
95517
95779
95853
95498
95731
95482
95443
95781
95784
95872
95409
95709
95272
95406
95813
95731
95539
95352
95418
95315
95541
95733
95576
95409
95820
95791
95907
95433
95731
95470
95453
95667
95692
95791
95679
95800
95855
95664
95557
95784
95722
95727
95319
95327
95706
95537
95721
95739
95747
95857
95879
95766
95754
95828
95716
95498
95325
95611
95731
95388
95330
95417
95628
95675
95650
95946
95729
95663
95355
95816
95384
95590
95355
95487
95807
95699
95597
95533
95492
95816
95785
95783
95733
95672
95392
95590
95747
95770
95822
95645
95812
95496
95510
95360
95375
95461
95436
95742
95425
95753
95606
95598
95392
95807
95775
95329
95570
95671
95629
95452
95389
95550
95270
95776
95368
95466
95778
95643
95322
95750
95871
95431
95300
95638
95326
95788
95809
95750
95733
95806
95772
95559
95809
95666
95331
95560
95306
95616
95576
95309
95246
95739
95653
95435
95597
95397
95602
95625
95337
95598
95509
95682
95736
95734
95762
95676
95583
95490
95634
95772
95701
95357
95575
95720
95628
95466
95392
95816
95434
95775
95619
95388
95524
95394
95309
95539
95539
95387
95661
95855
95729
95758
95761
95870
95717
95600
95443
95546
95688
95801
95678
95609
95385
95643
95800
95700
95729
95855
95786
95813
95774
95401
95295
95362
95764
95534
95478
95359
95784
95689
95483
95484
95785
95693
95731
95713
95301
95446
95522
95296
95821
95816
95653
95369
95481
95349
95751
95407
95768
95722
95476
95399
95868
95801
95595
95489
95339
95789
95678
95340
95787
95490
95790
95801
95751
95580
95431
95779
95443
95493
95711
95822
95750
95351
95678
95605
95773
95718
95794
95450
95696
95781
95526
95498
95361
95638
95752
95470
95416
95609
95631
95463
95454
95715
95666
95674
95565
95606
95349
95509
95416
95635
95280
95865
95678
95576
95309
95678
95349
95679
95432
95803
95400
95366
95771
95665
95669
95830
95927
95851
95637
95380
95677
95442
95391
95389
95361
95678
95318
95411
95542
95624
95376
95771
95484
95633
95739
95516
95612
95655
95832
95568
95855
95823
95907
95706
95768
95812
95727
95459
95832
95927
95820
95873
95579
95470
95772
95650
95395
95633
95777
95815
95784
95753
95719
95743
95439
95517
95786
95680
95765
95769
95397
95610
95394
95375
95832
95817
95767
95540
95327
95640
95399
95398
95697
95667
95335
95646
95635
95599
95831
95591
95458
95294
95777
95815
95847
95837
95363
95579
95465
95792
95827
95367
95726
95421
95723
95451
95611
95387
95793
95653
95569
95386
95644
95646
95631
95453
95708
95355
95366
95710
95452
95545
95554
95379
95340
95619
95387
95564
95520
95600
95648
95378
95742
95675
95698
95561
95639
95426
95751
95450
95463
95758
95588
95716
95784
95722
95405
95760
95790
95641
95598
95429
95665
95613
95452
95749
95773
95545
95326
95397
95780
95610
95681
95790
95655
95479
95681
95737
95608
95683
95764
95704
95513
95559
95454
95444
95778
95604
95407
95519
95533
95486
95478
95679
95357
95598
95344
95423
95578
95590
95765
95503
95741
95671
95557
95287
95540
95750
95513
95315
95316
95726
95547
95743
95687
95540
95218
95765
95772
95412
95719
95657
95325
95316
95687
95541
95444
95563
95336
95466
95520
95363
95399
95273
95360
95734
95375
95594
95613
95293
95505
95829
95470
95608
95488
95646
95352
95743
95729
95622
95576
95413
95741
95515
95733
95795
95329
95756
95770
95795
95450
95358
95620
95814
95650
95396
95760
95387
95426
95770
95753
95334
95663
95386
95710
95335
95571
95413
95848
95802
95717
95477
95542
95719
95550
95324
95726
95425
95799
95754
95864
95855
95725
95367
95438
95487
95354
95589
95746
95655
95789
95808
95447
95367
95528
95407
95611
95402
95777
95711
95399
95516
95426
95589
95757
95360
95426
95849
95782
95836
95763
95358
95729
95679
95436
95808
95578
95307
95706
95759
95739
95411
95662
95863
95831
95502
95372
95555
95382
95563
95755
95691
95600
95363
95638
95314
95693
95734
95676
95843
95759
95677
95733
95356
95472
95872
95734
95733
95343
95296
95724
95762
95754
95844
95815
95803
95791
95334
95778
95564
95780
95641
95457
95735
95307
95420
95803
95436
95664
95483
95566
95402
95808
95790
95794
95551
95420
95689
95304
95840
95486
95604
95757
95772
95595
95485
95639
95285
95546
95376
95815
95867
95738
95393
95692
95581
95694
95376
95332
95757
95527
95786
95439
95620
95652
95374
95785
95424
95674
95835
95812
95824
95773
95552
95349
95799
95730
95446
95301
95554
95498
95667
95685
95730
95327
95745
95618
95364
95561
95747
95741
95659
95823
95370
95828
95605
95662
95361
95673
95701
95548
95602
95272
95679
95668
95784
95701
95755
95582
95379
95837
95803
95825
95293
95738
95364
95527
95705
95303
95629
95768
95325
95306
95678
95575
95702
95309
95399
95392
95342
95657
95599
95361
95818
95767
95847
95312
95789
95802
95705
95273
95840
95749
95318
95518
95788
95829
95736
95782
95565
95445
95614
95757
95682
95679
95347
95512
95610
95604
95694
95481
95818
95828
95782
95629
95390
95650
95389
95788
95460
95845
95690
95826
95876
95812
95688
95523
95324
95786
95817
95771
95352
95806
95718
95795
95411
95612
95571
95545
95773
95398
95680
95652
95376
95713
95769
95803
95698
95435
95688
95719
95367
95702
95775
95646
95324
95800
95451
95629
95527
95636
95694
95452
95569
95727
95783
95844
95888
95863
95653
95693
95425
95838
95714
95865
95732
95529
95616
95714
95322
95413
95718
95637
95773
95715
95464
95423
95681
95832
95795
95661
95598
95362
95671
95769
95710
95683
95638
95308
95694
95661
95688
95459
95723
95823
95858
95859
95709
95487
95394
95455
95467
95773
95490
95776
95823
95874
95935
95837
95716
95789
95584
95659
95763
95681
95866
95370
95611
95841
95742
95453
95774
95456
95597
95446
95549
95706
95380
95769
95810
95709
95607
95760
95860
95838
95724
95768
95503
95560
95653
95478
95812
95596
95384
95652
95349
95775
95609
95339
95596
95754
95595
95386
95736
95367
95672
95450
95490
95577
95857
95458
95376
95656
95479
95538
95515
95516
95819
95548
95480
95827
95695
95480
95673
95822
95484
95772
95660
95689
95455
95378
95750
95425
95635
95410
95546
95796
95391
95427
95788
95740
95426
95333
95535
95502
95387
95767
95565
95379
95635
95528
95505
95376
95704
95366
95741
95691
95722
95405
95777
95787
95386
95650
95801
95722
95374
95520
95616
95422
95524
95754
95687
95753
95663
95480
95587
95478
95763
95743
95622
95313
95370
95576
95469
95394
95783
95668
95388
95585
95811
95714
95370
95582
95652
95421
95363
95720
95484
95451
95809
95718
95312
95405
95728
95349
95715
95538
95349
95711
95347
95390
95712
95509
95465
95803
95448
95312
95716
95450
95308
95401
95685
95797
95770
95492
95666
95380
95719
95546
95764
95401
95736
95346
95318
95396
95384
95433
95622
95249
95681
95744
95747
95681
95671
95771
95841
95819
95600
95362
95605
95279
95633
95607
95347
95657
95672
95681
95601
95722
95814
95783
95784
95415
95550
95710
95683
95547
95443
95718
95427
95491
95752
95637
95371
95728
95255
95742
95793
95752
95773
95582
95673
95590
95555
95717
95559
95786
95869
95755
95561
95345
95757
95711
95694
95731
95704
95727
95417
95374
95584
95588
95370
95709
95796
95810
95689
95433
95737
95608
95426
95388
95276
95386
95328
95513
95800
95724
95583
95431
95504
95822
95700
95497
95800
95749
95869
95762
95348
95677
95766
95375
95769
95642
95326
95714
95767
95585
95435
95878
95667
95318
95742
95757
95373
95313
95706
95694
95441
95316
95730
95592
95525
95655
95781
95901
95597
95458
95665
95740
95504
95691
95685
95768
95654
95602
95806
95795
95692
95773
95553
95381
95601
95567
95472
95447
95766
95845
95779
95782
95908
95715
95702
95365
95337
95441
95679
95690
95487
95534
95775
95372
95613
95636
95323
95674
95513
95688
95573
95337
95622
95801
95763
95422
95786
95777
95773
95420
95338
95783
95642
95482
95649
95362
95881
95696
95568
95396
95824
95503
95833
95691
95816
95615
95703
95662
95888
95538
95791
95634
95639
95814
95486
95437
95816
95793
95687
95774
95504
95775
95916
95789
95634
95787
95739
95787
95531
95321
95568
95706
95771
95384
95706
95404
95816
95407
95743
95548
95776
95554
95712
95369
95776
95509
95770
95431
95671
95726
95445
95765
95682
95467
95494
95405
95549
95780
95451
95322
95763
95622
95826
95399
95539
95816
95711
95365
95663
95443
95601
95608
95386
95625
95679
95695
95395
95685
95366
95389
95697
95544
95637
95320
95539
95761
95773
95713
95331
95671
95653
95434
95726
95682
95347
95808
95820
95788
95710
95532
95743
95652
95450
95647
95685
95480
95428
95703
95755
95468
95489
95765
95428
95624
95786
95815
95371
95685
95634
95827
95836
95785
95743
95817
95477
95440
95372
95657
95836
95593
95884
95809
95766
95723
95787
95471
95562
95267
95822
95621
95359
95491
95580
95332
95776
95736
95815
95606
95476
95397
95310
95425
95645
95759
95721
95433
95776
95844
95795
95676
95310
95381
95601
95701
95385
95572
95424
95750
95696
95712
95390
95392
95738
95433
95587
95441
95701
95394
95618
95718
95729
95360
95380
95821
95370
95568
95852
95740
95847
95687
95530
95665
95624
95784
95657
95350
95384
95415
95534
95739
95400
95678
95543
95475
95670
95755
95598
95527
95708
95852
95848
95795
95570
95779
95845
95406
95695
95848
95772
95511
95813
95847
95507
95394
95463
95550
95824
95535
95507
95714
95742
95359
95501
95706
95790
95794
95798
95796
95832
95670
95461
95314
95635
95703
95800
95803
95860
95758
95586
95329
95583
95441
95623
95773
95447
95812
95370
95779
95560
95495
95390
95549
95800
95483
95874
95577
95737
95605
95490
95709
95790
95793
95721
95452
95575
95353
95306
95654
95406
95735
95542
95644
95836
95847
95776
95798
95344
95865
95283
95789
95663
95551
95687
95411
95391
95673
95713
95592
95329
95447
95620
95572
95456
95407
95765
95357
95626
95756
95712
95786
95452
95429
95758
95784
95819
95768
95737
95824
95441
95547
95545
95421
95764
95601
95440
95577
95313
95456
95499
95768
95435
95514
95455
95782
95636
95411
95591
95775
95711
95534
95383
95706
95355
95592
95767
95595
95539
95377
95766
95370
95809
95800
95847
95777
95760
95472
95446
95431
95694
95733
95575
95468
95293
95693
95759
95583
95366
95670
95766
95367
95602
95734
95681
95437
95708
95733
95447
95335
95722
95715
95747
95437
95802
95821
95635
95823
95839
95748
95397
95490
95445
95493
95753
95708
95669
95301
95854
95591
95701
95758
95461
95588
95568
95825
95740
95631
95478
95696
95678
95718
95285
95601
95429
95519
95317
95419
95621
95808
95476
95738
95869
95861
95655
95619
95598
95827
95694
95350
95453
95792
95747
95656
95504
95543
95373
95528
95472
95863
95674
95486
95648
95747
95760
95581
95357
95842
95753
95810
95583
95635
95821
95821
95898
95529
95812
95869
95846
95473
95546
95740
95375
95799
95510
95336
95673
95684
95377
95448
95802
95363
95841
95511
95649
95835
95757
95824
95823
95836
95414
95816
95422
95547
95704
95423
95837
95807
95742
95656
95656
95387
95717
95514
95663
95765
95719
95710
95341
95777
95400
95513
95722
95659
95483
95402
95784
95821
95903
95889
95784
95477
95791
95568
95311
95755
95484
95661
95565
95688
95794
95788
95722
95419
95377
95750
95496
95396
95760
95516
95427
95674
95350
95776
95766
95724
95824
95759
95497
95419
95700
95322
95778
95600
95379
95527
95632
95608
95359
95831
95648
95815
95729
95609
95272
95736
95791
95479
95704
95556
95615
95673
95329
95589
95358
95634
95501
95332
95773
95556
95331
95521
95757
95639
95563
95350
95399
95740
95490
95801
95716
95830
95802
95876
95735
95768
95693
95679
95791
95379
95445
95786
95896
95798
95775
95384
95394
95522
95404
95769
95529
95469
95596
95774
95598
95571
95340
95577
95818
95355
95557
95726
95400
95390
95586
95300
95749
95418
95713
95639
95542
95431
95844
95793
95859
95711
95365
95725
95757
95475
95366
95397
95380
95611
95492
95394
95746
95812
95689
95352
95383
95639
95797
95844
95353
95780
95790
95421
95610
95671
95692
95390
95740
95697
95761
95676
95335
95699
95747
95433
95511
95391
95411
95717
95338
95490
95794
95754
95829
95812
95739
95859
95400
95741
95489
95345
95757
95299
95784
95764
95664
95771
95714
95479
95675
95664
95394
95806
95775
95471
95453
95756
95546
95435
95598
95651
95328
95525
95370
95316
95265
95630
95495
95312
95618
95301
95468
95348
95586
95748
95636
95663
95811
95735
95510
95837
95821
95751
95626
95613
95544
95405
95360
95819
95824
95437
95316
95835
95774
95859
95838
95531
95293
95337
95784
95296
95843
95872
95885
95791
95852
95577
95756
95364
95623
95519
95281
95818
95494
95467
95756
95834
95751
95500
95701
95401
95765
95490
95376
95776
95374
95345
95426
95497
95351
95452
95815
95759
95777
95718
95800
95677
95663
95754
95351
95812
95358
95797
95452
95626
95453
95381
95532
95691
95273
95596
95741
95562
95433
95806
95520
95601
95325
95805
95828
95778
95815
95723
95775
95725
95355
95748
95517
95770
95327
95611
95817
95771
95810
95714
95664
95292
95684
95502
95347
95631
95647
95619
95391
95330
95392
95736
95638
95736
95388
95769
95684
95413
95719
95267
95673
95702
95398
95385
95780
95707
95441
95458
95475
95479
95805
95609
95511
95386
95460
95755
95465
95837
95825
95758
95486
95461
95710
95817
95575
95326
95745
95536
95406
95333
95613
95572
95315
95499
95672
95550
95626
95553
95440
95771
95622
95660
95530
95355
95885
95823
95788
95857
95421
95779
95372
95799
95383
95363
95573
95771
95499
95715
95556
95759
95771
95350
95420
95619
95408
95643
95414
95665
95506
95325
95833
95808
95768
95781
95790
95826
95632
95460
95744
95546
95792
95468
95794
95778
95399
95829
95388
95523
95803
95486
95284
95317
95335
95558
95223
95661
95803
95797
95414
95403
95721
95436
95735
95618
95366
95356
95732
95775
95666
95474
95511
95676
95750
95456
95718
95376
95697
95764
95637
95508
95751
95729
95671
95313
95483
95364
95700
95360
95821
95518
95773
95423
95676
95471
95459
95612
95540
95404
95604
95458
95349
95798
95767
95729
95583
95289
95477
95723
95709
95374
95668
95276
95590
95345
95305
95345
95359
95505
95470
95566
95279
95719
95731
95420
95477
95634
95435
95307
95270
95643
95665
95363
95731
95273
95400
95519
95336
95356
95576
95702
95597
95674
95735
95440
95754
95563
95660
95309
95746
95694
95722
95489
95390
95352
95457
95675
95415
95251
95768
95716
95723
95719
95280
95607
95727
95699
95429
95321
95593
95249
95659
95692
95547
95557
95332
95276
95705
95351
95465
95323
95711
95435
95585
95707
95746
95576
95630
95512
95376
95696
95573
95351
95587
95375
95377
95468
95293
95368
95528
95399
95390
95775
95418
95273
95579
95588
95441
95584
95387
95612
95464
95791
95824
95449
95380
95718
95581
95731
95450
95499
95535
95408
95514
95350
95412
95789
95821
95824
95378
95793
95674
95631
95737
95430
95450
95784
95599
95366
95750
95834
95770
95547
95345
95305
95826
95802
95529
95717
95335
95552
95747
95690
95760
95790
95350
95807
95367
95773
95624
95448
95778
95733
95335
95705
95599
95392
95328
95729
95743
95447
95612
95464
95342
95402
95337
95777
95371
95432
95514
95801
95802
95327
95777
95498
95701
95863
95808
95765
95389
95826
95471
95375
95798
95738
95596
95510
95807
95666
95383
95667
95470
95408
95569
95541
95387
95449
95698
95601
95466
95382
95718
95768
95540
95435
95549
95768
95601
95505
95348
95683
95672
95654
95351
95731
95733
95499
95336
95479
95710
95593
95782
95756
95413
95736
95566
95363
95658
95704
95728
95581
95773
95379
95754
95651
95630
95390
95694
95681
95741
95549
95298
95638
95635
95426
95298
95720
95573
95523
95623
95306
95719
95318
95796
95385
95353
95344
95438
95508
95303
95595
95569
95618
95261
95661
95761
95771
95745
95310
95747
95712
95418
95507
95255
95709
95332
95781
95792
95816
95535
95655
95473
95381
95534
95214
95235
95321
95764
95483
95299
95559
95408
95340
95454
95333
95529
95330
95661
95358
95739
95532
95755
95449
95745
95388
95579
95567
95404
95699
95691
95863
95379
95732
95708
95636
95774
95772
95876
95826
95369
95549
95754
95664
95403
95401
95568
95612
95736
95650
95434
95433
95756
95789
95784
95790
95461
95619
95632
95414
95610
95436
95381
95538
95542
95462
95643
95350
95823
95860
95596
95813
95778
95532
95404
95318
95740
95701
95760
95676
95812
95857
95829
95725
95687
95476
95696
95654
95546
95420
95732
95350
95797
95814
95539
95649
95422
95644
95373
95808
95754
95611
95697
95451
95236
95614
95480
95536
95632
95266
95368
95291
95357
95609
95335
95626
95731
95666
95482
95588
95344
95594
95648
95689
95780
95621
95756
95317
95782
95546
95342
95681
95678
95709
95763
95800
95647
95731
95593
95447
95559
95497
95320
95695
95330
95542
95549
95430
95688
95446
95605
95753
95502
95347
95528
95303
95575
95415
95457
95593
95423
95453
95320
95682
95391
95692
95622
95500
95245
95604
95441
95498
95233
95460
95237
95641
95483
95401
95670
95708
95681
95283
95646
95649
95591
95445
95366
95355
95620
95583
95693
95774
95628
95665
95522
95716
95682
95685
95757
95583
95645
95634
95620
95470
95723
95405
95663
95420
95465
95743
95726
95654
95561
95347
95185
95709
95672
95652
95578
95214
95469
95237
95443
95732
95464
95184
95665
95527
95409
95683
95593
95479
95479
95704
95782
95771
95700
95528
95275
95621
95448
95225
95291
95539
95689
95633
95511
95680
95720
95445
95677
95589
95697
95676
95469
95600
95311
95546
95639
95341
95346
95684
95702
95671
95297
95717
95438
95298
95226
95589
95635
95315
95256
95638
95491
95647
95427
95634
95321
95392
95683
95378
95616
95714
95693
95664
95603
95246
95511
95652
95274
95211
95562
95352
95572
95663
95358
95672
95465
95562
95583
95263
95650
95584
95760
95788
95705
95320
95806
95724
95702
95633
95777
95267
95556
95711
95706
95344
95359
95730
95702
95397
95575
95791
95673
95644
95589
95330
95586
95546
95564
95723
95597
95377
95813
95215
95569
95540
95264
95454
95744
95512
95674
95516
95303
95521
95343
95620
95766
95705
95732
95521
95354
95770
95840
95762
95400
95595
95486
95446
95598
95569
95447
95355
95680
95327
95509
95314
95764
95476
95444
95425
95376
95578
95783
95775
95392
95774
95417
95480
95784
95762
95736
95327
95344
95545
95733
95677
95836
95858
95485
95772
95795
95786
95800
95442
95565
95640
95354
95430
95658
95549
95232
95404
95332
95475
95734
95396
95694
95667
95641
95486
95639
95278
95714
95451
95681
95706
95471
95414
95461
95478
95341
95771
95679
95770
95428
95772
95691
95260
95636
95439
95628
95756
95416
95355
95745
95772
95416
95386
95323
95670
95747
95535
95294
95454
95800
95728
95742
95325
95809
95685
95380
95709
95808
95408
95340
95740
95686
95699
95508
95343
95628
95696
95733
95336
95795
95736
95441
95627
95400
95695
95408
95549
95693
95483
95271
95513
95461
95718
95714
95509
95739
95393
95648
95796
95488
95365
95783
95563
95811
95678
95392
95648
95780
95491
95768
95617
95363
95430
95761
95629
95530
95447
95348
95736
95799
95349
95730
95512
95333
95601
95793
95635
95871
95576
95778
95843
95699
95759
95716
95773
95771
95717
95328
95667
95581
95398
95573
95677
95742
95614
95335
95411
95345
95714
95714
95456
95320
95768
95522
95339
95315
95780
95660
95444
95447
95803
95722
95467
95338
95840
95610
95807
95320
95776
95364
95767
95525
95456
95566
95475
95568
95286
95715
95424
95695
95788
95531
95763
95811
95809
95719
95419
95493
95368
95736
95692
95754
95401
95799
95557
95480
95309
95724
95721
95752
95539
95458
95824
95835
95469
95625
95321
95638
95846
95694
95683
95800
95438
95635
95672
95599
95591
95792
95606
95449
95674
95587
95779
95328
95656
95667
95702
95290
95722
95865
95806
95858
95487
95784
95443
95399
95800
95463
95688
95723
95541
95844
95585
95445
95405
95791
95768
95775
95818
95742
95760
95619
95364
95823
95666
95755
95746
95851
95736
95753
95438
95746
95869
95651
95411
95394
95424
95342
95661
95511
95767
95485
95359
95653
95796
95662
95476
95711
95694
95608
95797
95682
95309
95664
95449
95296
95713
95672
95845
95863
95864
95897
95402
95829
95832
95658
95386
95387
95710
95330
95774
95600
95468
95392
95673
95773
95389
95796
95715
95811
95736
95793
95339
95621
95784
95698
95705
95544
95823
95782
95640
95735
95442
95480
95654
95465
95347
95379
95716
95555
95697
95404
95531
95571
95795
95391
95768
95881
95660
95383
95715
95836
95665
95637
95429
95705
95803
95876
95745
95364
95570
95611
95534
95451
95465
95381
95732
95524
95637
95571
95384
95771
95796
95598
95253
95428
95562
95654
95842
95723
95667
95276
95571
95614
95540
95252
95472
95674
95529
95238
95250
95548
95691
95748
95811
95514
95427
95212
95288
95715
95479
95358
95361
95518
95287
95572
95330
95625
95275
95647
95736
95511
95376
95510
95757
95559
95325
95715
95733
95739
95446
95343
95731
95659
95512
95380
95727
95368
95563
95749
95768
95748
95622
95519
95758
95679
95462
95490
95624
95858
95836
95723
95760
95683
95529
95589
95790
95821
95799
95794
95438
95382
95420
95754
95354
95743
95449
95653
95555
95652
95771
95463
95541
95427
95696
95791
95805
95508
95521
95510
95805
95666
95459
95756
95650
95686
95877
95785
95321
95609
95799
95816
95726
95501
95556
95657
95791
95716
95721
95452
95500
95322
95328
95744
95676
95423
95263
95299
95611
95755
95352
95483
95713
95741
95652
95327
95804
95779
95800
95785
95782
95396
95723
95475
95392
95529
95400
95630
95564
95377
95738
95688
95781
95440
95310
95601
95757
95683
95396
95310
95770
95712
95526
95384
95758
95787
95354
95689
95743
95906
95793
95559
95490
95391
95758
95479
95811
95610
95647
95870
95686
95392
95441
95863
95724
95484
95729
95760
95587
95420
95807
95725
95447
95477
95701
95467
95546
95410
95584
95785
95291
95470
95718
95551
95483
95573
95815
95443
95624
95690
95759
95465
95735
95529
95900
95803
95357
95379
95393
95686
95782
95566
95591
95728
95678
95348
95470
95799
95739
95881
95594
95446
95624
95469
95303
95456
95629
95342
95762
95351
95662
95367
95646
95831
95755
95814
95523
95680
95575
95667
95717
95452
95633
95437
95518
95795
95421
95603
95861
95421
95701
95802
95357
95791
95753
95429
95803
95530
95315
95676
95745
95844
95781
95687
95447
95615
95658
95320
95681
95682
95607
95339
95581
95727
95725
95325
95609
95759
95408
95684
95679
95604
95639
95639
95384
95786
95796
95695
95361
95802
95712
95572
95375
95386
95721
95719
95443
95300
95713
95444
95538
95430
95406
95762
95760
95470
95833
95750
95306
95548
95344
95488
95396
95666
95776
95827
95478
95533
95612
95704
95302
95778
95404
95419
95603
95663
95823
95772
95780
95715
95709
95548
95635
95311
95560
95619
95408
95424
95744
95621
95587
95317
95729
95805
95484
95302
95531
95462
95686
95725
95740
95587
95762
95504
95444
95296
95750
95584
95792
95609
95783
95677
95764
95565
95550
95724
95694
95783
95630
95504
95767
95604
95309
95534
95316
95740
95579
95288
95764
95579
95392
95359
95601
95343
95623
95471
95442
95413
95258
95341
95676
95426
95744
95441
95687
95791
95731
95793
95780
95770
95312
95681
95622
95384
95544
95280
95673
95433
95730
95745
95743
95419
95782
95814
95576
95818
95695
95572
95545
95749
95769
95768
95827
95420
95495
95807
95761
95647
95419
95349
95548
95488
95337
95357
95481
95731
95772
95780
95767
95731
95344
95405
95394
95686
95607
95432
95646
95659
95744
95760
95378
95385
95328
95762
95366
95734
95649
95410
95394
95300
95786
95734
95339
95678
95425
95393
95535
95364
95618
95698
95740
95568
95389
95601
95880
95632
95684
95806
95289
95460
95724
95611
95440
95669
95471
95440
95317
95539
95737
95492
95644
95302
95687
95349
95639
95630
95640
95360
95673
95715
95380
95387
95308
95600
95697
95753
95578
95658
95679
95717
95693
95627
95250
95643
95424
95426
95441
95271
95586
95611
95331
95305
95760
95714
95753
95679
95737
95462
95472
95349
95518
95342
95530
95466
95333
95629
95492
95665
95366
95310
95695
95289
95556
95764
95499
95716
95774
95400
95510
95366
95382
95678
95663
95758
95381
95737
95691
95648
95796
95758
95793
95412
95310
95489
95755
95779
95816
95823
95851
95778
95738
95765
95377
95706
95326
95562
95759
95782
95566
95733
95310
95669
95778
95672
95395
95768
95593
95625
95759
95758
95745
95740
95711
95653
95446
95523
95466
95796
95464
95672
95674
95694
95425
95275
95698
95384
95575
95627
95683
95843
95439
95727
95413
95605
95354
95731
95692
95293
95655
95421
95346
95717
95480
95787
95739
95535
95669
95347
95714
95676
95721
95800
95613
95703
95511
95346
95763
95828
95703
95552
95351
95742
95746
95355
95511
95772
95801
95777
95358
95446
95473
95356
95513
95343
95613
95853
95377
95758
95788
95787
95460
95349
95616
95468
95534
95461
95323
95780
95758
95749
95736
95369
95767
95610
95322
95745
95603
95421
95795
95476
95624
95708
95801
95402
95357
95652
95761
95304
95359
95304
95480
95252
95611
95764
95715
95779
95792
95803
95786
95661
95778
95585
95420
95354
95667
95681
95760
95760
95394
95761
95689
95772
95753
95329
95674
95617
95321
95646
95690
95376
95320
95463
95331
95556
95398
95413
95385
95703
95526
95468
95441
95706
95841
95767
95678
95726
95693
95369
95511
95728
95774
95595
95603
95391
95553
95505
95297
95475
95285
95252
95522
95807
95637
95499
95431
95380
95693
95511
95222
95281
95699
95378
95403
95395
95563
95662
95859
95809
95520
95438
95760
95778
95616
95538
95357
95487
95298
95760
95728
95803
95583
95614
95275
95738
95675
95676
95650
95591
95537
95541
95671
95764
95804
95641
95461
95288
95223
95625
95677
95374
95325
95269
95597
95723
95299
95378
95545
95575
95339
95724
95749
95686
95422
95508
95646
95436
95512
95488
95655
95721
95280
95692
95277
95675
95629
95599
95420
95503
95714
95317
95539
95198
95649
95637
95700
95697
95690
95215
95719
95640
95716
95775
95711
95655
95683
95768
95680
95675
95261
95299
95306
95466
95641
95406
95310
95418
95578
95660
95336
95341
95661
95723
95704
95805
95729
95681
95755
95704
95770
95757
95709
95755
95490
95268
95399
95744
95739
95370
95679
95558
95816
95702
95673
95598
95256
95783
95420
95737
95742
95749
95731
95836
95793
95740
95633
95713
95733
95664
95634
95702
95746
95767
95563
95416
95312
95698
95304
95254
95765
95742
95750
95670
95677
95651
95700
95608
95477
95572
95748
95332
95463
95453
95414
95585
95599
95711
95794
95293
95557
95728
95427
95275
95354
95236
95683
95255
95446
95519
95591
95333
95444
95769
95769
95718
95672
95365
95664
95287
95654
95761
95315
95721
95419
95644
95481
95358
95360
95356
95551
95424
95336
95723
95522
95772
95514
95329
95597
95695
95446
95653
95419
95777
95407
95721
95743
95645
95288
95345
95264
95720
95263
95621
95797
95631
95273
95615
95680
95289
95471
95250
95742
95406
95337
95524
95452
95432
95547
95343
95583
95433
95368
95517
95615
95679
95566
95229
95658
95509
95295
95357
95634
95652
95689
95469
95397
95654
95441
95264
95591
95746
95636
95567
95277
95579
95265
95577
95713
95699
95397
95364
95472
95649
95316
95376
95585
95498
95356
95418
95331
95732
95557
95225
95687
95697
95765
95690
95608
95450
95272
95488
95404
95525
95696
95720
95325
95334
95542
95718
95599
95222
95431
95242
95326
95701
95614
95523
95217
95234
95485
95405
95245
95693
95399
95346
95720
95625
95226
95580
95639
95450
95445
95561
95219
95477
95626
95327
95276
95659
95695
95319
95330
95269
95670
95267
95282
95708
95464
95186
95588
95584
95491
95702
95489
95205
95642
95318
95687
95391
95412
95594
95455
95310
95505
95538
95334
95742
95764
95580
95320
95483
95674
95511
95424
95345
95596
95397
95664
95773
95539
95207
95674
95665
95485
95515
95561
95417
95648
95675
95626
95275
95544
95711
95558
95326
95295
95713
95494
95331
95647
95797
95835
95322
95426
95634
95368
95605
95694
95786
95670
95524
95733
95799
95721
95310
95577
95258
95742
95465
95605
95735
95780
95698
95379
95346
95402
95794
95402
95564
95741
95700
95604
95352
95766
95569
95327
95726
95276
95620
95753
95725
95688
95427
95400
95685
95758
95755
95830
95814
95323
95347
95464
95451
95695
95545
95439
95654
95673
95365
95805
95570
95739
95778
95728
95736
95785
95578
95662
95694
95486
95465
95518
95358
95397
95646
95684
95698
95636
95426
95630
95702
95246
95398
95575
95438
95667
95653
95331
95376
95714
95598
95520
95328
95641
95259
95367
95684
95446
95304
95748
95703
95648
95746
95551
95828
95643
95373
95365
95447
95425
95395
95470
95770
95696
95693
95754
95716
95712
95794
95800
95613
95458
95680
95363
95877
95404
95786
95863
95813
95821
95622
95775
95502
95672
95494
95323
95786
95499
95311
95612
95612
95685
95691
95519
95441
95774
95734
95572
95607
95581
95355
95578
95593
95307
95769
95766
95583
95781
95363
95538
95332
95592
95535
95819
95346
95784
95737
95838
95801
95839
95794
95490
95515
95576
95340
95828
95503
95441
95782
95730
95814
95611
95403
95656
95408
95371
95800
95469
95796
95783
95612
95444
95445
95730
95683
95526
95744
95360
95734
95757
95722
95360
95779
95622
95629
95516
95704
95364
95466
95749
95806
95806
95530
95494
95835
95722
95711
95650
95393
95837
95749
95516
95708
95504
95857
95436
95804
95659
95483
95789
95794
95795
95803
95832
95767
95837
95806
95591
95698
95495
95368
95581
95722
95802
95338
95317
95543
95564
95322
95679
95609
95715
95599
95418
95393
95540
95537
95619
95395
95747
95809
95387
95570
95429
95467
95371
95733
95617
95420
95411
95297
95376
95665
95676
95317
95812
95628
95668
95396
95717
95564
95729
95788
95687
95743
95645
95378
95802
95718
95646
95574
95576
95432
95538
95341
95747
95816
95575
95375
95549
95720
95376
95291
95576
95630
95668
95415
95555
95729
95721
95709
95758
95410
95650
95644
95519
95673
95793
95842
95743
95287
95826
95673
95844
95599
95327
95768
95726
95738
95354
95603
95376
95323
95761
95708
95724
95605
95716
95785
95762
95683
95500
95288
95611
95463
95763
95391
95335
95722
95318
95446
95467
95796
95704
95663
95349
95491
95770
95554
95581
95404
95824
95937
95439
95444
95652
95436
95594
95529
95794
95477
95781
95684
95681
95377
95661
95369
95710
95700
95426
95539
95662
95448
95606
95664
95514
95326
95716
95433
95407
95352
95773
95650
95581
32643
32643
32643
32643
32643
32643
32643
32643
32643
32643
32643
32643
32643
32643
32643
32643
32643
32643
32643
32643
32643
32643
32643
32643
32643
