9910
95720
95764
95773
95339
95345
95781
95825
95690
95338
95403
95606
95614
95709
95691
95712
95547
95426
95394
95434
95357
95669
95422
95853
95841
95583
95644
95533
95452
95695
95630
95620
95617
95417
95776
95446
95673
95721
95492
95623
95510
95368
95437
95715
95804
95578
95759
95767
95809
95418
95696
95653
95497
95684
95338
95718
95838
95537
95762
95463
95732
95397
95801
95380
95801
95859
95510
95908
95959
95495
95874
95601
95620
95872
95566
95520
95574
95439
95891
95649
95708
95437
95867
95329
95378
95694
95377
95756
95624
95405
95734
95538
95777
95318
95640
95389
95723
95274
95704
95408
95584
95899
95518
95786
95413
95645
95683
95790
95575
95481
95779
95463
95712
95635
95820
95521
95842
95523
95690
95642
95593
95812
95489
95399
95852
95911
95574
95919
95583
95934
95549
95375
95547
95511
95389
95720
95752
95635
95574
95657
95375
95452
95677
95534
95572
95875
95811
95411
95490
95781
95435
95425
95383
95504
95351
95826
95833
95816
95469
95866
95733
95714
95605
95497
95568
95832
95846
95592
95711
95876
95481
95802
95773
95630
95537
95780
95391
95449
95667
95816
95564
95737
95514
95508
95703
95359
95481
95649
95850
95657
95400
95473
95723
95806
95535
95695
95856
95552
95640
95912
95585
95831
95900
95773
95471
95523
95390
95766
95696
95823
95685
95449
95392
95593
95378
95483
95558
95757
95825
95393
95872
95509
95374
95846
95732
95433
95642
95742
95354
95471
95423
95389
95744
95492
95701
95518
95402
95806
95552
95457
95697
95577
95568
95707
95708
95462
95553
95500
95635
95556
95839
95808
95796
95887
95365
95706
95532
95645
95396
95400
95472
95872
95739
95445
95711
95790
95769
95655
95554
95863
95759
95783
95576
95501
95679
95834
95399
95509
95646
95788
95362
95425
95648
95905
95563
95555
95560
95664
95830
95389
95793
95766
95528
95446
95826
95431
95407
95250
95804
95436
95427
95844
95691
95948
95929
95742
95741
95839
95596
95395
95467
95606
95802
95550
95625
95783
95784
95810
95732
95499
95440
95484
95487
95681
95826
95846
95782
95759
95544
95500
95773
95570
95421
95833
95839
95762
95556
95667
95398
95519
95548
95400
95488
95396
95500
95564
95738
95467
95561
95601
95481
95839
95372
95771
95404
95459
95594
95497
95403
95366
95363
95739
95804
95576
95693
95834
95419
95530
95357
95817
95767
95385
95811
95539
95432
95435
95740
95528
95629
95425
95387
95458
95629
95845
95817
95475
95567
95712
95875
95841
95486
95498
95690
95371
95605
95798
95885
95507
95418
95527
95570
95393
95436
95577
95844
95845
95444
95638
95856
95494
95654
95359
95443
95543
95425
95475
95453
95791
95509
95915
95374
95701
95473
95454
95815
95745
95439
95469
95566
95487
95344
95509
95396
95466
95781
95919
95860
95614
95842
95660
95564
95536
95478
95554
95535
95716
95559
95462
95452
95856
95744
95801
95832
95795
95606
95784
95851
95784
95822
95523
95577
95503
95509
95462
95774
95366
95551
95766
95562
95370
95433
95799
95589
95795
95622
95711
95811
95857
95406
95865
95559
95484
95443
95434
95560
95747
95748
95876
95667
95547
95413
95441
95801
95703
95544
95538
95544
95637
95836
95830
95898
95791
95438
95813
95454
95728
95482
95708
95745
95668
95312
95466
95588
95775
95698
95543
95584
95769
95458
95470
95721
95761
95800
95968
95859
95932
95605
95822
95472
95745
95746
95906
95738
95458
95535
95437
95611
95403
95563
95799
95873
95627
95821
95952
95644
95801
95791
95663
95773
95771
95877
95884
95597
95956
95514
95751
95564
95824
95879
95571
95701
95528
95497
95848
95513
95658
95698
95732
95824
95599
95891
95899
95691
95802
95683
95786
95785
95855
95864
95890
95752
95827
95962
95553
95561
95832
95614
95790
95543
95579
95392
95413
95576
95466
95415
95611
95538
95679
95819
95676
95485
95632
95778
95835
95652
95552
95498
95765
95705
95529
95534
95853
95774
95839
95692
95880
95938
95693
95852
95840
95941
95934
95722
95883
95912
95517
95368
95747
95733
95837
95688
95865
95604
95627
95764
95706
95640
95459
95590
95585
95611
95540
95850
95760
95608
95488
95468
95502
95765
95616
95762
95781
95750
95889
95834
95437
95733
95819
95859
95842
95457
95525
95759
95664
95790
95736
95723
95803
95460
95582
95520
95592
95462
95725
95805
95807
95848
95662
95597
95473
95363
95701
95597
95584
95609
95497
95531
95336
95784
95550
95704
95629
95601
95542
95419
95457
95394
95599
95689
95632
95421
95828
95552
95357
95798
95813
95727
95551
95430
95422
95752
95826
95554
95818
95817
95848
95958
95909
95703
95703
95565
95590
95383
95547
95445
95838
95719
95899
95765
95859
95435
95577
95908
95886
95684
95631
95640
95512
95813
95736
95656
95572
95877
95814
95659
95474
95798
95870
95830
95909
95822
95569
95840
95893
95891
95794
95682
95609
95670
95785
95821
95459
95964
95494
95530
95884
95586
95674
95772
95743
95565
95803
95838
95649
95832
95826
95879
95640
95607
95356
95888
95815
95767
95872
95766
95594
95822
95441
95442
95691
95606
95686
95786
95614
95813
95640
95552
95744
95929
95570
95540
95881
95913
95841
95849
95595
95598
95652
95531
95782
95742
95837
95633
95508
95846
95834
95843
95859
95849
95877
95530
95908
95854
95673
95336
95637
95832
95899
95613
95833
95843
95843
95672
95663
95829
95660
95381
95729
95749
95741
95430
95507
95563
95811
95788
95685
95497
95599
95422
95699
95496
95443
95762
95482
95461
95794
95955
95785
95951
95806
95581
95359
95708
95648
95541
95725
95589
95516
95418
95773
95736
95883
95851
95858
95760
95400
95827
95819
95504
95685
95879
95870
95490
95834
95812
95667
95859
95807
95549
95802
95735
95769
95883
95842
95649
95821
95581
95497
95744
95737
95904
95464
95822
95889
95564
95920
95766
95570
95399
95570
95472
95786
95578
95431
95455
95773
95712
95690
95746
95620
95398
95795
95663
95483
95729
95460
95510
95797
95408
95802
95865
95829
95586
95665
95631
95686
95824
95852
95616
95504
95817
95443
95860
95724
95918
95638
95715
95947
95792
95820
95811
95817
95654
95450
95483
95668
95767
95796
95825
95507
95417
95690
95336
95476
95864
95787
95367
95487
95886
95860
95572
95579
95479
95692
95525
95767
95598
95849
95760
95835
95884
95824
95835
95854
95752
95802
95743
95581
95477
95604
95772
95595
95442
95833
95669
95673
95466
95870
95773
95878
95729
95530
95613
95717
95557
95484
95859
95750
95906
95520
95853
95885
95912
95666
95763
95543
95499
95782
95508
95491
95749
95891
95761
95640
95802
95936
95822
95889
95968
95848
95847
95840
95473
95659
95541
95548
95372
95785
95723
95528
95450
95604
95521
95723
95707
95633
95343
95686
95592
95586
95343
95677
95557
95579
95847
95881
95659
95451
95899
95846
95858
95739
95851
95907
95909
95900
95683
95581
95584
95586
95837
95727
95569
95545
95772
95832
95880
95849
95634
95910
95871
95849
95640
95549
95852
95948
95896
95946
95750
95653
95510
95851
95892
95518
95705
95404
95844
95528
95577
95545
95458
95407
95602
95807
95404
95794
95638
95980
95970
95889
95622
95402
95873
95775
95645
95618
95816
95598
95376
95756
95399
95862
95552
95643
95467
95485
95813
95549
95597
95901
95844
95447
95928
95874
95912
95912
95944
95801
95612
95480
95526
95878
95822
95647
95478
95518
95765
95612
95481
95761
95759
95592
95513
95878
95901
95838
95886
95619
95436
95709
95556
95622
95811
95806
95575
95589
95524
95541
95585
95801
95876
95785
95894
95821
95376
95432
95378
95863
95804
95786
95529
95848
95908
95872
95784
95620
95423
95966
95819
95915
95936
95790
95920
95946
95878
95725
95726
95964
95880
95663
95408
95731
95578
95438
95774
95858
95798
95504
95686
95774
95518
95571
95457
95870
95831
95726
95970
95717
95877
95913
95871
95802
95808
95412
95703
95442
95446
95668
95363
95545
95418
95854
95615
95411
95591
95403
95924
95775
95471
95555
95826
95902
95519
95666
95470
95588
95699
95542
95629
95688
95927
95832
95772
95505
95452
95871
95886
95547
95421
95803
95761
95812
95849
95879
95748
95607
95389
95871
95851
95858
96036
95893
95749
95937
95840
95880
95816
95592
95853
95876
95453
95554
95900
95926
95992
95877
95809
95649
95471
95807
95496
95661
95820
95720
95455
95783
95413
95631
95600
95719
95586
95579
95804
95558
95522
95697
95480
95788
95852
95900
95597
95528
95561
95591
95876
95845
95759
95606
95695
95879
95819
95790
95743
95382
95861
95862
95656
95646
95554
95405
95664
95859
95899
95902
95887
95896
95758
95541
95440
95877
95901
95749
95660
95426
95837
95462
95744
95721
95533
95664
95531
95871
95900
95690
95498
95903
95865
95636
95791
95796
95690
95522
95673
95915
95875
95863
95557
95450
95495
95622
95897
95842
95932
95936
95866
95900
95870
95696
95617
95640
95833
95635
95548
95598
95886
95844
95658
95628
95451
95645
95733
95407
95469
95923
95866
95859
95873
95867
95949
95633
95384
95866
95800
95839
95696
95615
95472
95815
95742
95801
95648
95822
95836
95773
95759
95851
95725
95618
95474
95860
95738
95485
95674
95798
95861
95731
95868
95855
95835
95957
95833
95846
95970
95806
95451
95472
95767
95832
95706
95637
95436
95808
95667
95506
95533
95870
95577
95798
95618
95468
95773
95736
95417
95869
95565
95502
95398
95663
95843
95879
95548
95505
95793
95873
95905
95402
95807
95605
95545
95630
95865
95835
95799
95881
95733
95454
95849
95896
95894
95720
95520
95854
95790
95811
95548
95878
95735
95744
95418
95863
95735
95509
95848
95872
95870
95799
95712
95530
95934
95720
95874
95791
95542
95764
95807
95811
95852
95528
95844
95561
95835
95747
95794
95830
95869
95858
95855
95898
95953
95651
95640
95423
95730
95584
95868
95492
95787
95575
95587
95943
95785
95509
95778
95893
95675
95407
95614
95449
95843
95745
95507
95607
95817
95475
95794
95635
95480
95894
95420
95819
95542
95490
95742
95489
95542
95446
95888
95888
95717
95606
95631
95821
95422
95888
95636
95774
95514
95537
95847
95527
95597
95893
95824
95681
95562
95739
95787
95642
95351
95862
95899
95427
95636
95414
95804
95604
95397
95804
95404
95496
95800
95742
95569
95505
95430
95709
95932
95819
95370
95889
95914
95721
95633
95474
95842
95770
95466
95454
95731
95887
95454
95833
95407
95444
95547
95440
95862
95414
95385
95820
95605
95848
95788
95637
95839
95842
95890
95822
95829
95390
95492
95484
95832
95855
95714
95372
95837
95933
95844
95671
95489
95744
95938
95741
95407
95663
95897
95639
95533
95874
95677
95880
95425
95667
95506
95813
95878
95642
95655
95869
95770
95504
95819
95748
95886
95869
95879
95807
95796
95469
95493
95833
95958
95890
95437
95709
95457
95814
95724
95869
95586
95472
95714
95881
95587
95701
95857
95926
95566
95390
95612
95847
95867
95376
95834
95882
95447
95686
95877
95738
95540
95812
95803
95848
95872
95776
95664
95516
95833
95487
95874
95494
95557
95886
95567
95778
95382
95770
95545
95841
95866
95579
95427
95843
95923
95488
95919
95710
95472
95735
95668
95919
95855
95583
95886
95960
95709
95393
95767
95427
95891
95545
95542
95735
95908
95814
95475
95586
95508
95470
95759
95871
95618
95804
95862
95693
95419
95862
95445
95388
95781
95887
95933
95812
95705
95897
95884
95677
95568
95508
95425
95660
95937
95785
95654
95349
95703
95632
95828
95462
95561
95455
95794
95821
95803
95661
95360
95605
95512
95536
95334
95765
95557
95524
95853
95861
95846
95815
95376
95595
95806
95453
95788
95848
95414
95691
95465
95484
95473
95507
95609
95487
95810
95620
95517
95768
95739
95405
95500
95832
95763
95638
95406
95841
95907
95444
95490
95856
95665
95369
95796
95902
95572
95480
95904
95846
95816
95626
95427
95836
95513
95537
95663
95510
95847
95817
95517
95740
95469
95520
95391
95436
95714
95937
95867
95845
95475
95695
95938
95707
95802
95526
95417
95453
95579
95670
95656
95891
95646
95720
95883
95700
95508
95837
95767
95667
95630
95608
95845
95673
95504
95480
95928
95859
95645
95557
95904
95908
95952
95544
95721
95486
95888
95922
95938
95786
95567
95873
95890
95411
95889
95632
95310
95407
95824
95402
95936
95878
95908
95724
95960
95686
95920
95678
95807
95652
95439
95881
95608
95509
95813
95858
95606
95793
95591
95430
95828
95850
95659
95607
95747
95636
95754
95900
95857
95838
95406
95859
95782
95594
95431
95761
95591
95394
95720
95483
95425
95700
95766
95502
95815
95848
95821
95579
95467
95733
95605
95870
95677
95401
95626
95489
95774
95628
95483
95862
95632
95439
95777
95817
95610
95454
95515
95759
95809
95772
95541
95640
95821
95709
95791
95529
95777
95861
95861
95860
95556
95396
95851
95847
95838
95839
95771
95531
95528
95800
95858
95669
95353
95835
95750
95771
95748
95660
95514
95861
95442
95849
95569
95433
95895
95575
95576
95814
95825
95953
95382
95703
95840
95793
95583
95388
95773
95847
95719
95719
95513
95747
95864
95735
95690
95580
95423
95797
95851
95795
95657
95465
95827
95722
95476
95883
95570
95805
95849
95829
95774
95679
95425
95715
95965
95785
95535
95905
95676
95538
95531
95853
95914
95862
95489
95874
95731
95423
95758
95824
95639
95559
95655
95496
95558
95814
95801
95807
95764
95543
95736
95809
95457
95753
95724
95756
95739
95902
95795
95524
95605
95923
95660
95876
95927
95820
95899
95940
95602
95757
95779
95469
95918
95817
95891
95391
95892
95928
95681
95634
95504
95729
95872
95875
95707
95410
95716
95847
95627
95453
95867
95811
95963
95794
95512
95512
95749
95674
95399
95857
95816
95495
95797
95572
95335
95433
95769
95856
95849
95781
95695
95584
95822
95834
95342
95525
95852
95560
95562
95772
95651
95427
95462
95790
95658
95552
95775
95421
95564
95854
95781
95786
95423
95340
95690
95887
95469
95893
95779
95805
95386
95635
95542
95848
95436
95768
95787
95572
95829
95806
95864
95815
95714
95451
95879
95690
95486
95482
95746
95998
95821
95533
95720
95603
95924
95895
95713
95689
95477
95647
95829
95581
95681
95912
95715
95409
95559
95456
95397
95860
95796
95867
95558
95870
95724
95968
95699
95802
95829
95657
95543
95783
95649
95545
95554
95441
95455
95763
95594
95868
95587
95465
95860
95833
95781
95763
95420
95732
95845
95622
95822
95657
95441
95896
95705
95726
95581
95823
95844
95902
95927
95869
95892
95676
95441
95536
95838
95823
95413
95479
95558
95513
95812
95758
95671
95854
95613
95837
95818
95766
95811
95614
95492
95853
95499
95840
95818
95821
95801
95547
95893
95801
95442
95762
95438
95620
95477
95561
95469
95561
95841
95788
95900
95913
95513
95802
95837
95703
95688
95802
95479
95744
95797
95545
95617
95465
95830
95970
95880
95613
95743
95634
95441
95783
95915
95904
95693
95408
95800
95450
95870
95848
95879
95529
95508
95781
95905
95788
95835
95736
95442
95826
95556
95567
95682
95805
95587
95456
95859
95829
95909
95753
95555
95526
95857
95702
95526
95578
95430
95803
95757
95926
95666
95536
95737
95888
95437
95688
95815
95787
95514
95552
95388
95812
95799
95752
95842
95819
95550
95845
95407
95704
95801
95869
95713
95483
95429
95833
95541
95395
95378
95845
95892
95868
95889
95895
95769
95506
95394
95816
95931
95667
95485
95861
95631
95523
95669
95652
95541
95737
95908
95675
95423
95874
95901
95667
95397
95899
95804
95892
95503
95789
95666
95582
95624
95497
95845
95743
95457
95785
95667
95524
95756
95550
95444
95745
95517
95757
95921
95857
95876
95877
95585
95660
95752
95571
95612
95850
95725
95818
95556
95637
95893
95617
95803
95534
95342
95862
95810
95476
95539
95841
95466
95670
95454
95672
95883
95482
95353
95877
95696
95429
95715
95752
95931
95887
95626
95664
95895
95686
95509
95647
95477
95718
95404
95633
95886
95813
95489
95845
95637
95544
95427
95647
95835
95707
95514
95542
95835
95482
95751
95851
95894
95827
95480
95758
95918
95653
95533
95500
95840
95808
95502
95832
95486
95768
95797
95815
95664
95806
95854
95703
95463
95829
95560
95396
95804
95377
95522
95777
95759
95776
95410
95617
95607
95587
95685
95777
95590
95837
95489
95537
95516
95578
95394
95839
95460
95695
95389
95861
95684
95491
95778
95624
95872
95734
95715
95395
95429
95733
95613
95630
95844
95652
95448
95813
95895
95574
95525
95796
95902
95766
95386
95646
95526
95624
95496
95724
95861
95878
95877
95707
95547
95924
95877
95710
95585
95594
95408
95779
95827
95755
95804
95525
95518
95805
95631
95544
95611
95430
95707
95659
95426
95588
95836
95594
95362
95800
95722
95518
95472
95841
95427
95819
95462
95518
95785
95531
95807
95595
95684
95389
95593
95468
95769
95763
95852
95607
95435
95860
95688
95565
95600
95600
95523
95781
95530
95415
95619
95878
95893
95428
95617
95594
95652
95414
95679
95779
95793
95823
95461
95698
95455
95788
95776
95599
95382
95398
95632
95792
95521
95394
95730
95907
95835
95607
95781
95947
95789
95439
95376
95860
95833
95846
95854
95462
95654
95890
95843
95486
95455
95724
95895
95900
95656
95704
95829
95788
95776
95683
95416
95894
95800
95581
95888
95855
95683
95585
95758
95555
95628
95878
95645
95895
95877
95887
95697
95521
95581
95524
95718
95894
95508
95913
95600
95863
95861
95767
95597
95684
95628
95490
95764
95466
95676
95847
95882
95804
95467
95875
95624
95857
95742
95511
95614
95462
95596
95854
95791
95503
95871
95913
95799
95917
95890
95822
95873
95844
95658
95743
95777
95803
95602
95507
95681
95587
95791
95554
95413
95852
95739
95695
95402
95397
95846
95850
95895
95773
95472
95572
95818
95954
95836
95748
95538
95618
95682
95616
95396
95727
95776
95506
95580
95528
95835
95745
95382
95772
95746
95647
95510
95378
95846
95854
95718
95641
95446
95421
95890
95827
95760
95510
95382
95396
95826
95652
95695
95809
95895
95466
95720
95741
95696
95483
95784
95871
95457
95692
95391
95892
95838
95946
95837
95684
95462
95631
95369
95603
95497
95455
95818
95841
95615
95712
95542
95857
95445
95557
95855
95824
95871
95505
95577
95875
95831
95833
95837
95644
95415
95704
95411
95810
95493
95456
95759
95538
95863
95489
95491
95629
95745
95771
95610
95756
95880
95689
95802
95775
95675
95375
95490
95641
95850
95670
95589
95532
95872
95627
95758
95768
95549
95353
95489
95573
95681
95486
95871
95569
95577
95548
95452
95879
95774
95527
95466
95844
95898
95794
95483
95507
95497
95534
95668
95919
95875
95718
95506
95893
95709
95533
95823
95815
95651
95758
95768
95823
95673
95767
95899
95835
95530
95748
95749
95500
95743
95447
95730
95516
95521
95951
95573
95544
95927
95609
95399
95809
95728
95949
95458
95697
95804
95855
95599
95459
95825
95455
95803
95476
95646
95840
95462
95794
95535
95513
95538
95478
95732
95453
95638
95499
95679
95933
95329
95620
95520
95849
95766
95428
95603
95670
95824
95943
95815
95839
95843
95880
95920
95729
95773
95519
95624
95615
95616
95777
95637
95865
95949
95729
95532
95474
95555
95775
95683
95752
95911
95867
95581
95488
95508
95790
95782
95786
95812
95790
95839
95553
95759
95559
95458
95878
95887
95578
95976
95900
95519
95613
95823
95894
95855
95922
95825
95708
95757
95573
95661
95840
95793
95493
95630
95373
95826
95561
95470
95808
95729
95590
95532
95484
95562
95502
95848
95486
95870
95547
95829
95525
95467
95499
95368
95477
95515
95401
95767
95754
95837
95824
95739
95678
95474
95824
95522
95878
95796
95464
95812
95715
95580
95384
95712
95511
95489
95463
95721
95837
95731
95373
95414
95432
95578
95796
95931
95658
95465
95693
95874
95734
95498
95530
95480
95839
95563
95885
95558
95709
95931
95924
95582
95947
95964
95525
95680
95440
95822
95852
95695
95453
95756
95866
95413
95616
95496
95402
95840
95580
95917
95370
95673
95910
95922
95595
95604
95771
95709
95686
95723
95857
95870
95909
95583
95537
95892
95704
95392
95464
95815
95510
95743
95601
95494
95827
95786
95608
95547
95811
95504
95829
95632
95487
95421
95431
95433
95842
95596
95537
95771
95602
95791
95848
95412
95561
95701
95848
95594
95499
95746
95703
95781
95708
95455
95816
95764
95437
95571
95774
95547
95935
95834
95824
95811
95582
95401
95839
95838
95700
95472
95804
95794
95935
95494
95552
95754
95639
95562
95853
95735
95401
95909
95506
95939
95924
95765
95505
95611
95882
95601
95476
95724
95436
95751
95476
95737
95522
95906
95549
95812
95718
95794
95678
95525
95360
95836
95870
95934
95774
95574
95508
95859
95642
95384
95781
95784
95524
95730
95873
95428
95479
95836
95745
95499
95924
95775
95824
95603
95392
95860
95743
95681
95535
95876
95577
95487
95671
95830
95465
95392
95728
95788
95527
95934
95465
95700
95484
95771
95831
95842
95596
95400
95793
95478
95859
95832
95468
95809
95755
95834
95677
95435
95429
95410
95836
95707
95553
95513
95956
95773
95518
95855
95836
95933
95796
95751
95688
95504
95868
95876
95732
95448
95762
95605
95466
95628
95956
95766
95825
95851
95698
95578
95899
95892
95794
95657
95755
95419
95533
95818
95704
95451
95815
95544
95689
95844
95629
95716
95830
95814
95916
95663
95603
95678
95492
95561
95962
95929
95709
95873
95857
95811
95707
95601
95386
95815
95839
95344
95749
95715
95430
95648
95896
95849
95649
95530
95851
95652
95407
95570
95748
95982
95861
95856
95629
95423
95523
95569
95855
95904
95610
95428
95889
95619
95776
95469
95613
95896
95822
95704
95496
95657
95428
95722
95544
95794
95630
95511
95474
95798
95602
95492
95477
95826
95844
95633
95444
95899
95929
95849
95849
95631
95560
95777
95826
95696
95521
95906
95843
95590
95586
95884
95813
95889
95610
95859
95795
95520
95899
95406
95853
95682
95759
95520
95866
95829
95677
95806
95725
95785
95441
95856
95613
95574
95699
95884
95578
95450
95893
95655
95430
95830
95835
95797
95607
95878
95803
95907
95870
95758
95782
95422
95713
95851
95867
95810
95882
95840
95649
95379
95639
95501
95515
95810
95446
95422
95788
95877
95799
95546
95443
95840
95802
95795
95863
95783
95779
95629
95445
95866
95788
95358
95438
95885
95676
95557
95500
95831
95708
95693
95419
95904
95706
95464
95661
95780
95923
95759
95487
95564
95469
95679
95471
95871
95831
95874
95844
95908
95393
95566
95925
95787
95704
95641
95797
95469
95851
95857
95772
95532
95721
95525
95478
95721
95779
95496
95766
95906
95536
95381
95822
95731
95611
95501
95834
95584
95683
95704
95503
95526
95804
95715
95430
95795
95803
95836
95833
95583
95664
95431
95569
95914
95769
95522
95730
95753
95584
95351
95890
95677
95450
95684
95401
95816
95849
95808
95640
95657
95453
95385
95632
95546
95650
95527
95858
95813
95451
95672
95793
95767
95633
95688
95843
95634
95569
95416
95694
95577
95396
95831
95528
95493
95476
95580
95664
95414
95505
95802
95797
95748
95360
95808
95420
95697
95703
95772
95825
95847
95771
95768
95615
95456
95829
95863
95824
95477
95853
95400
95787
95824
95697
95838
95857
95736
95647
95416
95750
95501
95679
95843
95558
95555
95536
95942
95921
95892
95518
95847
95858
95853
95849
95738
95382
95582
95867
95897
95818
95825
95904
95620
95841
95505
95463
95864
95775
95397
95648
95391
95860
95918
95527
95854
95614
95471
95896
95534
95794
95680
95416
95725
95845
95859
95972
95905
95790
95484
95739
95610
95846
95404
95821
95928
95821
95506
95828
95632
95857
95797
95516
95834
95779
95971
95815
95872
95814
95558
95913
95905
95796
95474
95547
95826
95786
95729
95456
95890
95958
95842
95566
95866
95436
95787
95808
95478
95602
95827
95811
95425
95453
95852
95865
95679
95600
95577
95869
95826
95443
95951
95737
95781
95904
95959
95991
95806
95874
95715
95819
95707
95512
95888
95601
95446
95759
95855
95541
95568
95909
95485
95817
95773
95483
95390
95676
95402
95589
95567
95798
95964
95865
95721
95712
95804
95854
95474
95776
95847
95933
95893
95544
95401
95856
95774
95776
95847
95449
95708
95877
95523
95896
95856
95476
95871
95413
95662
95484
95636
95865
95860
95420
95865
95769
95821
95530
95784
95559
95407
95881
95584
95365
95934
95866
95448
95734
95488
95888
95582
95726
95896
95427
95687
95506
95860
95953
95807
95412
95455
95785
95837
95542
95681
95448
95802
95707
95697
95723
95950
95886
95792
95661
95421
95673
95863
95884
95876
95459
95824
95812
95730
95674
95445
95676
95916
95808
95898
95501
95810
95939
95792
95824
95585
95880
95693
95658
95442
95662
95455
95509
95773
95814
95770
95501
95846
95828
95742
95763
95888
95648
95459
95878
95757
95385
95802
95633
95670
95879
95853
95680
95508
95610
95374
95394
95895
95638
95892
95816
95648
95898
95835
95661
95571
95769
95568
95860
95700
95447
95667
95921
95910
95801
95692
95472
95900
95671
95458
95831
95616
95465
95556
95916
95829
95507
95692
95918
95548
95685
95681
95467
95908
95737
95878
95812
95809
95901
95832
95709
95715
95564
95886
95778
95582
95548
95808
95459
95688
95569
95679
95445
95592
95846
95403
95594
95881
95894
95886
95722
95906
95855
95771
95488
95841
95820
95652
95914
95808
95577
95989
95842
95461
95680
95784
95513
95875
95788
95761
95508
95798
95887
95712
95442
95750
95873
95488
95715
95995
95836
95804
95883
95483
95606
95680
95619
95563
95472
95890
95857
95975
95681
95464
95794
95479
95699
95855
95869
95532
95526
95663
95451
95790
95852
95847
95518
95921
95925
95909
95547
95818
95551
95976
95959
95954
95887
95898
95779
95444
95705
95731
95452
95748
95784
95820
95818
95597
95422
95441
95864
95799
95712
95483
95511
95618
95778
95541
95382
95811
95836
95623
95480
95852
95927
95876
95786
95622
95538
95907
95514
95471
95910
95942
95851
95871
95490
95613
95412
95838
95487
95791
95877
95983
95634
95911
95890
95956
95562
95703
95907
95925
95830
95638
95495
95878
95810
95444
95851
95491
95465
95787
95920
95639
95740
95509
95752
95700
95565
95943
95777
95551
95484
95795
95493
95416
95596
95627
95888
95951
95896
95510
95622
95519
95815
95936
95623
95907
95731
95524
95822
95796
95574
95465
95885
95588
95393
95762
95605
95485
95690
95450
95546
95412
95474
95722
95672
95433
95789
95601
95364
95736
95575
95767
95932
95669
95464
95684
95781
95678
95468
95494
95556
95753
95404
95618
95424
95545
95772
95760
95504
95868
95757
95870
95902
95636
95498
95825
95835
95589
95907
95705
95479
95772
95752
95798
95655
95625
95828
95405
95875
95730
95806
95570
95447
95478
95446
95799
95668
95892
95438
95806
95823
95580
95819
95558
95482
95833
95653
95481
95748
95527
95818
95703
95567
95455
95803
95525
95472
95831
95810
95731
95426
95498
95888
95838
95481
95902
95841
95929
95768
95687
95470
95480
95426
95854
95788
95893
95714
95470
95583
95491
95853
95776
95369
95727
95647
95631
95855
95518
95905
95857
95862
95638
95697
95457
95553
95502
95662
95959
95717
95708
95502
95534
95434
95764
95890
95681
95718
95403
95805
95783
95845
95868
95806
95510
95800
95855
95903
95681
95515
95455
95861
95819
95675
95701
95779
95616
95606
95418
95908
95892
95609
95548
95817
95657
95468
95557
95590
95890
95930
95565
95658
95572
95437
95915
95461
95579
95435
95795
95831
95688
95433
95595
95869
95884
95724
95419
95796
95838
95730
95711
95499
95848
95464
95815
95723
95541
95821
95848
95694
95429
95840
95558
95837
95869
95856
95862
95851
95843
95915
95491
95624
95841
95632
95534
95804
95943
95879
95638
95585
95854
95846
95890
95894
95839
95761
95524
95711
95716
95453
95524
95438
95907
95612
95928
95783
95475
95720
95744
95701
95778
95900
95926
95785
95659
95524
95910
95837
95726
95349
95723
95420
95794
95454
95811
95418
95812
95851
95744
95815
95912
95907
95794
95707
95495
95901
95957
95629
95719
95968
95886
95772
95611
95468
95823
95733
95834
95806
95462
95882
95779
95591
95503
95863
95662
95671
95864
95802
95603
95577
95873
95868
95959
95991
95534
95737
95462
95784
95571
95483
95697
95566
95825
95871
95513
95486
95888
95832
95821
95931
95867
95643
95469
95896
95853
95547
95851
95565
95829
95407
95879
95667
95489
95904
95889
95739
95646
95612
95614
95555
95779
95601
95762
95981
95956
95691
95607
95843
95622
95538
95909
95834
95941
95757
95704
95461
95950
95758
95607
95597
95754
95452
95875
95850
95680
95419
95453
95634
95949
95824
95755
95459
95515
95830
95378
95420
95442
95730
95866
95817
95773
95678
95871
95775
95676
95357
95862
95842
95782
95931
95826
95734
95518
95768
95813
95567
95525
95741
95444
95818
95814
95957
95850
95446
95723
95773
95540
95711
95904
95503
95941
95736
95550
95862
95942
95809
95912
95778
95410
95591
95467
95723
95563
95883
95625
95878
95876
95901
95667
95775
95921
95710
95515
95552
95867
95897
95826
95880
95598
95690
95858
95854
95464
95862
95609
95399
95811
95582
95456
95368
95883
95770
95395
95863
95940
95601
95538
95729
95748
95668
95841
96000
95535
95542
95834
95796
95797
95845
95999
95630
95872
95918
95759
95437
95495
95546
95938
95753
95902
95638
95609
95871
95700
95862
95875
95460
95744
95473
95852
95719
95456
95509
95502
95759
95684
95500
95785
95827
95824
95448
95813
95427
95742
95643
95947
95839
95917
95466
95724
95534
95518
95878
95659
95531
95801
95859
95853
95460
95861
95800
95909
95847
95584
95812
95701
95410
95590
95496
95798
95596
95645
95759
95397
95701
95521
95515
95789
95845
95849
95856
95379
95640
95853
95791
95642
95464
95446
95838
95568
95748
95864
95784
95422
95843
95901
95726
95692
95482
95821
95536
95719
95773
95509
95815
95734
95608
95953
95881
95522
95438
95591
95522
95452
95511
95700
95446
95747
95853
95834
95728
95492
95537
95809
95785
95764
95528
95734
95857
95372
95515
95751
95763
95804
95934
95889
95873
95405
95857
95892
95838
95768
95704
95495
95779
95810
95583
95395
95845
95750
95852
95824
95488
95590
95419
95878
95696
95857
95874
95565
95381
95817
95759
95527
95651
95902
95835
95418
95628
95879
95558
95456
95716
95450
95628
95431
95812
95531
95750
95772
95712
95509
95881
95654
95886
95798
95555
95640
95388
95400
95829
95526
95502
95445
95817
95498
95529
95827
95762
95545
95895
95717
95643
95732
95753
95605
95460
95815
95521
95601
95498
95731
95646
95550
95485
95440
95929
95704
95671
95353
95738
95814
95708
95509
95899
95868
95559
95771
95764
95778
95864
95740
95598
95321
95593
95783
95552
95837
95977
95675
95452
95782
95842
95787
95355
95529
95806
95801
95757
95502
95595
95467
95848
95746
95465
95629
95808
95849
95774
95687
95404
95643
95693
95574
95715
95907
95980
95909
95833
95627
96031
95844
95670
95506
95920
95844
96001
95901
95605
95428
95630
95569
95498
95792
95906
96027
95611
95786
95695
95869
95839
95750
95833
95772
95707
95530
95595
95939
95880
95661
95487
95671
95837
95574
95731
95894
95674
95594
95758
95813
95918
95832
95431
95641
95604
95860
95831
95557
95620
95596
95546
95887
95629
95863
95574
95552
95900
95662
95589
95793
95551
95453
95797
95837
95554
95404
95515
95845
95615
95638
95815
95924
95865
95459
95648
95790
95870
95736
95345
95654
95422
95652
95677
95759
95572
95428
95819
95836
95510
95805
95722
95860
95776
95647
95787
95853
95851
95792
95899
95814
95602
95764
95574
95413
95787
95563
95546
95840
95606
95483
95702
95464
95902
95901
95329
95743
95508
95824
95854
95430
95638
95443
95912
95479
95754
95548
95853
95836
95879
95842
95945
95656
95393
95581
95883
95610
95441
95716
95821
95406
95336
95792
95846
95732
95840
95799
95456
95466
95464
95801
95905
95800
95860
95797
95383
95637
95428
95801
95875
95885
95680
95450
95818
95468
95541
95750
95891
95715
95466
95493
95860
95859
95545
95441
95762
95523
95825
95847
95797
95795
95834
95795
95839
95537
95435
95822
95562
95546
95812
95544
95786
95558
95431
95874
95810
95846
95509
95622
95918
95837
95629
95449
95492
95663
95691
95483
95875
95637
95488
95842
95877
95891
95684
95487
95872
95768
95368
95931
95824
95709
95614
95722
95371
95631
95515
95874
95884
95823
95567
95594
95840
95893
95616
95477
95699
95814
95848
95812
95496
95573
95459
95703
95803
95551
95516
95871
95839
95638
95902
95417
95682
95555
95738
95451
95852
95574
95482
95466
95585
95771
95796
95440
95442
95848
95803
95391
95882
95456
95509
95448
95858
95491
95444
95907
95875
95694
95461
95854
95686
95444
95768
95420
95852
95661
95583
95860
95707
95477
95815
95689
95444
95673
95560
95777
95536
95347
95914
95619
95380
95418
95788
95661
95337
95707
95470
95772
95484
95836
95376
95620
95539
95389
95729
95521
95755
95922
95839
95870
95897
95851
95920
95555
95444
95535
95668
95482
95634
95659
95371
95831
95698
95562
95801
95693
95938
95901
95684
95455
95814
95836
95870
95674
95883
95901
95855
95505
95497
95472
95918
95712
95721
95846
95749
95562
95794
95666
95536
95603
95450
95884
95785
95429
95885
95866
95877
95835
95495
95813
95598
95435
95909
95549
95900
95964
95985
95705
95492
95868
95911
95862
95546
95839
95815
95801
95534
95849
95540
95886
95877
95740
95977
95904
95915
95941
95559
95565
95761
95534
95900
95873
95816
95721
95763
95557
95836
95807
95617
95471
95474
95628
95887
95841
95570
95331
95913
95948
95495
95848
95582
95609
95640
95441
95715
95687
95677
95528
95889
95870
95827
95804
95509
95778
95455
95846
95456
95690
95778
95524
95861
95763
95848
95696
95836
95829
95545
95878
95751
95416
95862
95568
95680
95952
95607
95491
95852
95799
95888
95855
95530
95648
95862
95845
95656
95843
95539
95592
95835
95438
95512
95876
95722
95598
95627
95492
95851
95805
95736
95851
95783
95537
95508
95937
95876
95911
95551
95487
95755
95804
95756
95451
95879
95902
95924
95998
95908
95611
95883
95683
95951
95972
95831
95508
95684
95540
95879
95782
95603
95568
95826
95916
95463
95704
95901
95862
95462
95874
95695
95394
95720
95727
95694
95359
95875
95855
95702
95487
95797
95876
95862
95749
95465
95918
95826
95951
95855
95957
95876
95580
95440
95682
95927
95795
95611
95830
95443
95527
95813
95832
95899
95919
95672
95763
95819
95412
95545
95827
95575
95441
95900
95364
95717
95538
95561
95723
95547
95815
95737
95832
95492
95738
95868
95959
95795
95385
95409
95586
95447
95797
95596
95439
95594
95820
95858
95670
95457
95839
95446
95554
95826
95850
95872
95460
95874
95513
95781
95847
95439
95882
95882
95807
95873
95888
95894
95902
95764
95556
95603
95923
95898
95766
95452
95841
95791
95466
95959
95498
95531
95946
95851
95511
95496
95829
95710
96007
95922
95924
95510
95658
95850
95844
95660
95458
95970
95675
95684
95805
95502
95823
95421
95684
95831
95576
95667
95457
95707
95815
95440
95599
95901
95738
95731
95645
95961
95905
95877
95904
95817
95807
95574
95901
95935
95663
95435
95608
95394
95828
95922
95664
95831
95597
95606
95496
95787
95540
95476
95431
95426
95785
95763
95583
95492
95820
95848
95610
95509
95446
95886
95773
95679
95652
95590
95755
95855
95511
95823
95755
95527
95677
95827
95464
95761
96019
95818
95896
95377
95870
95762
95396
95886
95946
95915
95947
95854
95412
95591
95851
95882
95808
95456
95829
95841
95820
95917
95700
95543
95619
95504
95930
95656
95494
95862
95784
95801
95867
95481
95831
95948
95855
95686
95892
95548
95469
95861
95395
95976
95692
95501
95899
95655
95945
95626
95535
95815
95980
95498
95644
95423
95886
95569
95630
95873
95796
95825
95740
95466
95685
95497
95585
95896
95941
95881
95831
95716
95491
95692
95913
95720
95733
95535
95860
95594
95505
95553
95605
95501
95825
95825
95489
95847
95770
95641
95457
95863
95726
95690
95448
95796
95980
95796
95610
95408
95712
95449
95450
95467
95657
95483
95879
95828
95508
95393
95737
95767
95896
95736
95965
95853
95509
95789
95348
95433
95819
95445
95885
95879
95651
95436
95710
95353
95858
95803
95876
95474
95563
95859
95759
95664
95778
95529
95557
95840
95869
95892
95730
95874
95673
95500
95768
95785
95460
95863
95714
95896
95695
95483
95901
95683
95453
95847
95648
95525
95837
95791
95598
95397
95802
95568
95488
95727
95850
95556
95501
95865
95623
95816
95898
95844
95696
95603
95387
95838
95911
95819
95883
95910
95772
95929
95901
95448
95557
95826
95545
95458
95784
95548
95664
95664
95504
95584
95572
95910
95686
95534
95800
95457
95833
95558
95508
95817
95830
95834
95644
95955
95780
95470
95911
95792
95893
95607
95651
95500
95783
95534
95747
95785
95895
95619
95373
95639
95445
95705
95557
95664
95771
95869
95482
95847
95812
95607
95587
95782
95808
95738
95697
95401
95561
95670
95845
95688
95900
95823
95522
95538
95830
95864
95681
95865
95523
95432
95670
95645
95864
95835
95828
95439
95795
95663
95581
95730
95849
95532
95466
95737
95776
95832
95739
95425
95857
95811
95704
95408
95915
95801
95702
95484
95585
95416
95405
95788
95779
95776
95515
95515
95789
95830
95771
95717
95521
95551
95415
95553
95830
95498
95721
95751
95470
95883
95781
95657
95365
95573
95548
95710
95575
95714
95808
95955
95539
95454
95636
95784
95629
95502
95399
95928
95860
95747
95513
95822
95653
95583
95343
95794
95738
95722
95917
95606
95440
95822
95561
95528
95471
95829
95685
95628
95549
95779
95878
95756
95585
95488
95648
95461
95421
95602
95823
95613
95371
95611
95865
95663
95448
95373
95823
95543
95584
95770
95850
95715
95504
95546
95506
95677
95849
95858
95844
95660
95461
95777
95565
95834
95424
95522
95767
95477
95374
95824
95678
95524
95776
95779
95741
95582
95433
95896
95826
95478
95907
95468
95861
95651
95485
95868
95759
95783
95849
95795
95598
95813
95828
95719
95907
95856
95649
95471
95590
95494
95577
95505
95601
95689
95684
95542
95690
95841
95745
95694
95461
95879
95918
95642
95860
95435
95810
95408
95880
95864
95567
95826
95670
95674
95657
95541
95667
95470
95849
95800
95933
95902
95541
95649
95721
95466
95655
95801
95667
95470
95725
95804
95771
95893
95710
95590
95803
95533
95665
95853
95384
95788
95815
95512
95955
95857
95370
95660
95561
95585
95640
95438
95792
95354
95413
95791
95912
95774
95692
95593
95543
95839
95898
95521
95717
95910
95905
95812
95754
95471
95507
95786
95803
95659
95475
95770
95895
95829
95858
95802
95428
95583
95406
95422
95802
95848
95853
95863
95678
95508
95843
95626
95554
95887
95804
95771
95451
95762
95527
95905
95847
95857
95868
95845
95583
95956
95768
95449
95875
95795
95628
95532
95568
95419
95818
95887
95873
95594
95737
95339
95354
95549
95905
95806
95830
95938
95949
95907
95598
95541
95776
95833
95448
95795
95660
95545
95817
95884
95899
95502
95592
95909
95676
95806
95503
95756
95763
95431
95513
95847
95866
95567
95676
95849
95800
95692
95693
95637
95363
95901
95760
95625
95652
95734
95458
95606
95855
95723
95801
95928
95868
95475
95796
95804
95566
95710
95917
95534
95891
95826
95538
95457
95653
95788
95815
95498
95508
95478
95574
95604
95729
95522
95815
95699
95629
95529
95685
95478
95543
95843
95685
95486
95701
95527
95838
95691
95864
95763
95528
95384
95827
95625
95618
95703
95772
95798
95808
95420
95523
95418
95881
95382
95816
95623
95887
95898
95424
95469
95822
95927
95867
95522
95828
95822
95550
95880
95549
95658
95767
95715
95796
95743
95529
95752
95836
95448
95447
95549
95878
95452
95816
95372
95849
95710
95477
95671
95861
95555
95427
95854
95610
95488
95841
95720
95469
95641
95933
95375
95881
95717
95423
95413
95844
95591
95556
95757
95746
95671
95502
95793
95579
95458
95458
95482
95455
95884
95583
95864
95495
95792
95803
95570
95848
95583
95755
95825
95493
95663
95703
95553
95403
95717
95443
95639
95433
95891
95943
95765
95800
95823
95671
95554
95705
95605
95890
95809
95913
95924
95671
95937
95826
95618
95503
95593
95530
95641
95851
95668
95511
95905
95917
95759
95615
95397
95523
95758
95739
95871
95666
95673
95588
95448
95352
95779
95641
95449
95711
95546
95445
95753
95828
95743
95554
95738
95879
95715
95440
95889
95722
95883
95858
95765
95799
95765
95592
95755
95707
95446
95527
95892
95857
95512
95872
95785
95912
95884
95867
95810
95506
95686
95946
95821
95931
95946
95704
95472
95438
95547
95728
95555
95533
95859
95728
95579
95837
95857
95917
95414
95792
95926
95620
95895
95725
95560
95383
95883
95829
95634
95730
95595
95606
95811
95692
95460
95538
95678
95915
95905
95655
95573
95871
95733
95709
95818
95608
95407
95772
95501
95701
95910
95723
95533
95915
95719
95895
95883
95746
95752
95594
95862
95882
95381
95488
95849
95752
95626
95455
95528
95715
95804
95789
95705
95911
95658
95530
95878
95595
95428
95718
95730
95389
95698
95482
95970
95462
95980
95524
95852
95908
95611
95910
95883
95600
95896
95766
95910
95606
95602
95522
95931
95850
95984
95903
95468
95855
95647
95724
95493
95731
95817
95792
95780
95508
95746
95972
95920
95558
95870
95498
95748
95811
95932
95915
95877
95506
95482
95482
95510
95780
95873
95838
95834
95853
95535
95704
95541
95680
95950
95676
95575
95731
95723
95371
95696
95448
95644
95766
95633
95734
95377
95800
95817
95882
95890
95704
95413
95923
95866
95473
95739
95608
95854
95345
95808
95719
95544
95555
95444
95470
95894
95838
95846
95887
95826
95609
95802
95776
95630
95399
95793
95709
95811
95652
95484
95802
95892
95818
95606
95864
95591
95725
95488
95896
95849
95428
95513
95645
95513
95863
95869
95943
95583
95452
95734
95542
95428
95704
95939
95848
95529
95809
95772
95709
95559
95451
95830
95376
95481
95671
95873
95752
95365
95379
95821
95806
95882
95831
95830
95402
95550
95414
95549
95454
95791
95823
95640
95934
95834
95436
95677
95757
95429
95752
95755
95501
95546
95790
95646
95877
95661
95543
95615
95868
95726
95504
95652
95848
95412
95798
95904
95712
95487
95723
95669
95406
95891
95666
95463
95839
95480
95979
95853
95534
95573
95831
95759
95618
95454
95787
95578
95503
95816
95732
95492
95460
95627
95485
95369
95822
95731
95847
95779
95520
95623
95435
95640
95565
95856
95813
95469
95559
95854
95861
95623
95870
95413
95849
95826
95759
95418
95563
95845
95655
95826
95646
95474
95711
95498
95663
95414
95705
95372
95719
95526
95888
95598
95880
95602
95382
95826
95869
95907
95932
95923
95667
95442
95857
95897
95951
95486
95930
95838
95865
95686
95625
95388
95869
95890
95706
95586
95827
95799
95673
95517
95900
95519
95843
95782
95599
95495
95764
95777
95908
95921
95933
95808
95907
95596
95405
95871
95941
95876
95635
95743
95911
95850
95835
95453
95471
95413
95883
95521
95942
95838
95863
95889
95694
95716
95943
95868
95730
95799
95907
95913
95559
95889
95609
95489
95915
95949
95585
95421
95831
95482
95857
95746
95681
95479
95737
95676
95482
95788
95566
95474
95802
95668
95563
95826
95424
95749
95772
95467
95840
95728
95545
95667
95395
95926
95494
95514
95556
95598
95708
95543
95678
95860
95707
95595
95823
95779
95613
95509
95901
95649
95557
95835
95690
95901
95841
95470
95752
95538
95872
95799
95524
95563
95614
95832
95636
95593
95890
95937
95483
95876
95505
95896
95720
95526
95656
95587
95479
95715
95588
95936
95715
95865
95887
95784
95481
95775
95412
95828
95686
95483
95903
95476
95890
95412
95712
95574
95464
95901
95446
95858
95896
95469
95738
96036
95909
95716
95975
95830
95575
95924
95660
95624
95995
95943
95665
95798
95455
95602
95783
95519
95604
95507
95944
95892
95667
95557
95532
95854
95442
95510
95779
95817
95681
95981
95821
95829
95859
95875
95432
95571
95399
95830
95833
95539
95689
95632
95825
95785
95433
95876
95789
95712
95541
95877
95879
95543
95888
95527
95898
95813
95685
95440
95862
95661
95646
95528
95395
95889
95825
95810
95920
95853
95821
95700
95526
95865
95517
95405
95851
95898
95626
95623
95448
95536
95449
95425
95691
95545
95875
95786
95435
95905
95747
95389
95847
95551
95494
95501
95930
95432
95763
95795
95597
95412
95885
95826
95601
95828
95852
95855
95725
95562
95716
95800
95466
95892
95633
95445
95815
95580
95929
95800
95445
95733
95647
95510
95714
95923
95905
95467
95647
95556
95724
95452
95827
95477
95919
95689
95485
95917
95907
95937
95582
95867
95837
95494
95792
95522
95677
95505
95801
95490
95845
95906
95744
95589
95859
95427
95703
95834
95834
95587
95393
95928
95679
95460
95908
95964
95825
95808
95717
95561
95718
95498
95796
95444
95779
95801
95482
95912
95797
95838
95384
95699
95898
95865
95819
95831
95507
95479
95922
95893
95609
95429
95832
95693
95755
95834
95709
95608
95802
95476
95684
95595
95401
95763
95428
95837
95701
95866
95785
95700
95379
95417
95904
95882
95728
95458
95739
95923
95670
95651
95743
95490
95407
95844
95542
95508
95810
95703
95413
95606
95761
95788
95609
95593
95808
95673
95521
95825
95868
95640
95910
95790
95559
95862
95778
95931
95854
95859
95875
95596
95949
95714
95672
95523
95741
95864
95915
95811
95876
95721
95450
95721
95890
95915
95883
95506
95896
95545
95969
95927
95823
95794
95943
95491
95529
95441
95835
95685
95544
95775
95963
95810
95472
95869
95638
95492
95701
95552
95699
95601
95830
95824
95901
95599
95601
95766
95826
95881
95840
95919
95843
95828
95607
95404
95862
95613
95871
95813
95436
95735
95555
95941
95541
95807
95634
95449
95504
95822
95535
95548
95875
95647
95505
95669
95907
95853
95570
95855
95795
95881
95851
95892
95883
95541
95697
95931
95896
95819
95737
95497
95448
95450
95493
95607
95849
95875
95651
95443
95532
95892
95926
95954
95807
95462
95576
95413
95775
95861
95679
95437
95916
95767
95543
95984
95939
95899
95762
95652
95429
95815
95610
95559
95748
95877
95421
95488
95722
95752
95616
95589
95883
95630
95408
95719
95473
95662
95423
95869
95889
95661
95695
95602
95970
95780
96026
95791
95641
95811
95648
95759
95648
95931
95675
95483
95840
95570
95390
95791
95687
95444
95642
95566
95459
95876
95532
95665
95946
95876
95691
95569
95727
95898
95501
95587
95559
95886
95662
95512
95623
95903
95916
95819
95785
95515
95652
95764
95552
95587
95450
95877
95764
95539
95724
95362
95716
95497
95835
95755
95516
95608
95509
95614
95813
95562
95536
95906
95811
95782
95443
95480
95872
95917
95833
95907
95865
95430
95697
95853
95454
95465
95585
95904
95929
95916
95434
95759
95583
95746
95625
95355
95677
95579
95646
95806
95834
95650
95776
95703
95396
95817
95638
95413
95939
95890
95451
95841
95785
95694
95571
95856
95617
95443
95603
95679
95859
95779
95342
95608
95813
95536
95941
95820
95535
95803
95923
95935
95486
95575
95876
95901
95443
95670
95427
95754
95651
95392
95674
95623
95459
95846
95749
95411
95844
95667
95481
95477
95848
95995
95601
95916
95649
95747
95521
95818
95646
95510
95869
95806
95527
95752
95590
95444
95413
95820
95695
95457
95472
95725
95462
95548
95843
95813
95740
95553
95813
95706
95461
95739
95851
95643
95467
95780
95902
95853
95917
95882
95677
95818
95915
95646
95439
95706
95389
95848
95926
95686
95525
95635
95522
95614
95961
95835
95834
95607
95460
95548
95494
95479
95911
95898
95791
95825
95805
95702
95711
95437
95901
95399
95692
95472
95699
95442
95851
95592
95920
95880
95855
95800
95652
95456
95835
95858
95895
95517
95612
95870
95926
95866
95599
95532
95926
95725
95494
95440
95875
95898
95514
95443
95740
95905
95636
95767
95485
95782
95771
95498
95842
95974
95848
95675
95612
95691
95895
95773
95845
95671
95501
95911
95905
95501
95811
96063
95933
95587
95794
95870
95346
95944
95978
95886
95919
96008
95897
95702
95486
95868
95760
95724
95486
95803
95680
95630
95831
95858
95391
95457
95837
95892
95892
95576
95572
95622
95827
95905
95760
95603
95666
95930
95825
95727
95779
95839
95771
95916
95677
95498
95667
95773
95590
95830
95864
95487
95930
95779
95618
95592
95786
95561
95574
95891
95819
95500
95768
95904
95882
95750
95649
95728
95439
95665
95925
95701
95446
95557
95713
95830
95951
95870
95758
95719
95779
95486
95746
95895
95566
95441
95934
95841
95829
95562
95581
95860
95616
95502
95795
95505
95891
95606
95467
95758
95685
95437
95801
95632
95552
95853
95845
95717
95396
95877
95525
95792
95681
95493
95901
95831
95673
95433
95875
95919
95827
95656
95904
95595
95880
95746
95483
95635
95871
95855
95408
95649
95474
95897
95730
95805
95620
95908
95913
95591
95417
95882
95921
95776
95482
95610
95532
95863
95612
95719
95793
95480
95723
95653
95785
95935
95586
95404
95511
95521
95795
95911
95839
95836
95513
95853
95535
95482
95762
95577
95421
95849
95907
95516
95488
95899
95869
95667
95923
95775
95561
95876
95821
95524
95887
95875
95720
95616
95699
95670
95385
95787
95869
95873
95572
95888
95677
95896
95771
95610
95905
95657
95590
95847
95868
95490
95925
95817
95592
95585
95829
95835
95440
95977
95902
95879
95848
95964
95484
95848
95907
95937
95461
95791
95844
95884
95801
95888
95485
95780
95892
95873
95573
95755
95859
95856
95573
95800
95815
95666
95386
95570
95847
95868
95953
95469
95802
95846
95501
95676
95463
95801
95576
95786
95482
95399
95788
95852
95780
95849
95813
95494
95648
95853
95766
95482
95626
95385
95883
95880
95766
95551
95456
95786
95759
95525
95885
95437
95788
95774
95581
95830
95783
95673
95454
95851
95601
95406
95854
95837
95883
95842
95772
95454
95423
95919
95780
95515
95884
95801
95945
95673
95757
95686
95425
95807
95811
95556
95811
95898
95837
95710
95406
95633
95831
95378
95872
95669
95707
95883
95802
95652
95890
95888
95753
95854
95542
95865
95838
95482
95831
95840
95482
95925
95851
95916
95698
95680
95457
95828
95852
95940
95758
95412
95790
95809
95637
95689
95714
95884
95854
95503
95464
95654
95424
95627
95438
95657
95874
95915
95936
95765
95440
95569
95483
95851
96023
95516
95449
95487
95767
95633
95458
95786
95830
95679
95606
95401
95868
95564
95381
95788
95783
95500
95739
95831
95786
95488
95586
95605
95334
95866
95800
95701
95506
95480
95409
95860
95577
95725
95675
95425
95825
95617
95450
95479
95901
95634
95924
95942
95540
95405
95744
95886
95797
95515
95731
95887
95865
95592
95455
95879
95663
95472
95662
95376
95665
95838
95525
95474
95810
95761
95600
95409
95865
95665
95455
95748
95848
95810
95499
95650
95825
95793
95535
95483
95816
95880
95882
95662
95513
95637
95449
95768
95879
95745
95613
95800
95489
95423
95824
95798
95787
95353
95772
95747
95633
95661
95475
95760
95634
95468
95458
95663
95927
95465
95674
95787
95436
95465
95426
95470
95582
95560
95633
95872
95682
95465
95825
95678
95477
95735
95633
95631
95689
95516
95742
95434
95717
95744
95630
95886
95859
95583
95439
95546
95800
95533
95764
95514
95505
95786
95426
95425
95868
95702
95400
95657
95737
95440
95792
95424
95744
95638
95438
95564
95875
95640
95365
95899
95811
95414
95783
95730
95568
95363
95597
95852
95568
95599
95894
95863
95756
95630
95392
95685
95902
95791
95848
95781
95434
95855
95865
95841
95719
95460
95674
95517
95867
95708
95495
95704
95670
95692
95465
95827
95863
95870
95948
95744
95645
95899
95787
95523
95876
95936
95890
95643
95511
95645
95762
95477
95748
95639
95460
95824
95663
95707
95422
95784
95933
95711
95491
95455
95924
95832
95753
95448
95859
95699
95486
95760
95661
95839
95809
95883
95891
95706
95387
95447
95485
95789
95448
95492
95837
95859
95598
95871
95716
95457
95817
95812
95598
95487
95851
95626
95535
95792
95584
95489
95586
95678
95825
95854
95546
95774
95818
95860
95907
95882
95709
95491
95791
95746
95507
95831
95781
95853
95561
95461
95803
95937
95815
95823
95629
95665
95411
95506
95803
95790
95685
95737
95851
95923
95786
95717
95530
95920
95543
95604
95493
95437
95860
95690
95607
95577
95808
95893
95927
95694
95494
95768
95684
95362
95557
95793
95458
95841
95838
95758
95864
95740
95545
95737
95807
95801
95577
95514
95863
95470
95705
95440
95835
95775
95683
95624
95796
95553
95346
95788
95641
95422
95849
95873
95878
95917
95881
95515
95625
95856
95404
95838
95915
95610
95478
95834
95576
95387
95888
95806
95926
95862
95381
95583
95397
95770
95758
95441
95851
95495
95699
95823
95472
95817
95612
95645
95477
95802
95770
95723
95419
95817
95923
95804
95485
95832
95476
95486
95499
95582
95879
95855
95620
95815
95531
95616
95905
95946
95759
95525
95746
95665
95531
95844
95568
95517
95505
95896
95860
95604
95512
95802
95660
95499
95620
95771
95877
95909
95492
95566
95714
95527
95505
95480
95480
95819
95674
95399
95820
95749
95515
95841
95888
95763
95629
95912
95463
95747
95757
95453
95645
95856
95742
95703
95800
95606
95527
95430
95687
95820
95622
95508
95875
95950
95821
95942
95695
95371
95701
95434
95408
95806
95843
95668
95454
95597
95489
95499
95534
95415
95835
95582
95794
95853
95822
95857
95661
95401
95862
95589
95698
95438
95857
95923
95955
95885
95837
95898
95720
95479
95593
95899
95805
95745
95456
95510
95868
95407
95777
95727
95847
95713
95510
95595
95500
95790
95711
95435
95766
95477
95682
95531
95774
95752
95457
95639
95819
95779
95886
95787
95555
95852
95567
95406
95859
95896
95455
95792
95763
95784
95664
95555
95616
95929
95737
95776
95961
95876
95768
95550
95936
95680
95526
95802
95460
95473
95502
95489
95852
95947
95801
95844
95621
95564
95798
95735
95824
95726
95486
95872
95827
95864
95526
95796
95809
95883
95844
95564
95841
95814
95836
95526
95428
95891
95751
95522
95452
95792
95885
95667
95459
95480
95825
95949
95894
95814
95681
95813
95444
95882
95706
95481
95859
95899
95944
95942
95925
95512
95634
95686
95799
95743
95910
95525
95603
95567
95902
95502
95846
95978
95844
95582
95393
95859
95563
95558
95437
95498
95462
95811
95695
95811
95654
95649
95731
95491
95573
95861
95474
95577
95374
95584
95886
95581
95646
95573
95839
95600
95717
95891
95664
95608
95727
95722
95574
95874
95528
95485
95887
95433
95891
95870
95615
95896
95866
95888
95497
95917
95910
95863
95809
95481
95617
95653
95837
95569
95451
95864
95779
95411
95822
95669
95465
95709
95389
95859
95842
95580
95850
95379
95557
95892
95855
95458
95523
95816
95892
95838
95690
95555
95850
95577
95372
95904
95756
95558
95871
95578
95810
95845
95905
95419
95736
95797
95844
95785
95418
95831
95833
95836
95794
95655
95608
95441
95817
95617
95861
95824
95562
95792
95721
95424
95848
95933
95567
95837
95754
95759
95898
95547
95880
95877
95800
95849
95792
95920
95767
95877
95821
95580
95848
95722
95742
95808
95515
95853
95801
95725
95440
95820
95617
95653
95359
95753
95779
95679
95573
95804
95791
95803
95788
95699
95811
95923
95784
95790
95488
95541
95373
95794
95602
95830
95847
95564
95501
95731
95487
95610
95598
95471
95641
95891
95650
95387
95567
95833
95772
95841
95439
95711
95562
95380
95736
95755
95519
95702
95494
95593
95884
95733
95603
95437
95773
95482
95923
95772
95810
95891
95647
95375
95616
95473
95435
95853
95338
95786
95573
95786
95516
95547
95839
95726
95434
95908
95833
95884
95752
95480
95818
95599
95614
95846
95463
95498
95629
95802
95580
95361
95759
95387
95848
95878
95951
95744
95432
95839
95650
95384
95646
95452
95614
95798
95566
95803
95610
95883
95738
95509
95871
95818
95822
95635
95487
95855
95896
95847
95326
95861
95869
95800
95868
95867
95727
95443
95807
95740
95655
95484
95711
95824
95837
95511
95478
95798
95888
95951
95699
95606
95799
95379
95721
95805
95868
95749
95374
95809
95829
95533
95626
95487
95569
95482
95800
95479
95693
95465
95704
95522
95435
95601
95802
95551
95378
95832
95696
95834
95785
95672
95476
95714
95367
95598
95538
95726
95607
95392
95819
95706
95560
95401
95890
95770
95419
95756
95710
95421
95363
95850
95812
95658
95546
95908
95863
95854
95770
95756
95800
95510
95406
95743
95767
95647
95356
95700
95588
95513
95847
95417
95812
95794
95699
95526
95653
95808
95887
95843
95827
95604
95336
95555
95556
95759
95818
95827
95804
95668
95481
95824
95917
95828
95574
95898
95887
95578
95829
95698
95572
95517
95727
95565
95332
95873
95724
95419
95776
95867
95545
95469
95524
95375
95431
95811
95788
95709
95385
95744
95883
95436
95756
95579
95598
95821
95656
95393
95419
95828
95831
95865
95973
95847
95571
95457
95857
95840
95691
95474
95878
95794
95759
95504
95833
95922
95807
95917
95725
95679
95607
95631
95450
95913
95819
95808
95968
95807
95905
95607
95438
95881
95736
95894
95574
95449
95912
95878
95591
95534
95689
95885
95598
95923
95920
95999
95962
95735
95395
95592
95585
95872
95916
95841
95798
95563
95486
95942
95536
95388
95885
95762
95835
95865
95574
95787
95567
95536
95704
95392
95725
95517
95842
95795
95425
95433
95800
95729
95855
95479
95678
95523
95450
95411
95380
95776
95634
95542
95663
95783
95373
95754
95449
95864
95888
95732
95525
95525
95839
95871
95878
95892
95886
95807
95797
95760
95470
95432
95710
95484
95594
95873
95633
95479
95903
95880
95831
95902
95845
95664
95832
95789
95422
95758
95833
95567
95778
95755
95726
95469
95646
95823
95913
95546
95513
95685
95882
95815
95715
95483
95744
95804
95574
95386
95759
95755
95486
95576
95921
95515
95604
95905
95573
95480
95944
95896
95475
95596
95880
95612
95948
95934
95998
95672
95556
95805
96042
95687
95832
95903
95901
95727
95921
95960
95910
95497
95842
95739
95483
95900
95882
95613
95436
95464
95830
95903
95751
95620
95864
96021
95828
95763
95479
95838
95963
95650
95554
95532
95566
95843
95503
95827
95889
95624
95409
95445
95795
95665
95484
95741
95625
95903
95872
95767
95518
95879
95965
95883
95807
95467
95383
95619
95737
95600
95782
95444
95366
95805
95432
95710
95695
95669
95445
95740
95941
95888
95688
95657
95513
95751
95447
95608
95556
95862
95711
95447
95893
95526
95610
95806
95608
95472
95777
95776
95451
95768
95665
95817
95747
95748
95841
95409
95434
95827
95673
95460
95750
95748
95831
95519
95776
95702
95427
95435
95536
95616
95494
95579
95819
95817
95496
95619
95840
95846
95780
95796
95453
95716
95459
95724
95459
95686
95456
95786
95794
95807
95499
95442
95838
95714
95726
95821
95816
95817
95827
95619
95378
95703
95489
95633
95884
95909
95456
95573
95360
95647
95924
95725
95370
95717
95783
95701
95692
95490
95885
95477
95502
95598
95513
95850
95869
95738
95512
95893
95814
95898
95469
95709
95723
95658
95551
95935
95629
95388
95490
95538
95859
95855
95782
95787
95847
95485
95700
95909
95897
95544
95638
95699
95660
95571
95616
95891
95546
95828
95955
95829
95496
95752
95472
95754
95657
95413
95567
95828
95947
95524
95905
95891
95711
95647
95434
95833
95581
95512
95378
95431
95916
95744
95402
95617
95432
95850
95447
95399
95678
95854
95658
95456
95672
95515
95734
95615
95488
95383
95900
95732
95576
95428
95641
95728
95822
95888
95506
95743
95761
95781
95449
95848
95612
95493
95766
95887
95767
95867
95867
95815
95618
95766
95786
95713
95537
95619
95609
95509
95757
95516
95915
95687
95443
95686
95618
95852
95487
95984
95718
95563
95391
95479
95847
95766
95346
95619
95390
95538
95859
95757
95883
95951
95847
95774
95914
95847
95583
95549
95487
95790
95495
95829
95550
95505
95671
95882
95608
95942
95920
95737
95646
95579
95951
95890
95590
95476
95718
95814
95979
95925
95907
95600
95454
95492
95918
95435
95466
95473
95632
95812
95842
95489
95704
95677
95499
95866
95862
95764
95664
95867
95527
95458
95793
95323
95646
95505
95837
95671
95623
95394
95833
95784
95446
95714
95504
95555
95823
95895
95582
95692
95612
95608
95655
95879
95931
95385
95594
95846
95907
95670
95650
95851
95606
95438
95493
95596
95715
95916
95761
95408
95608
95803
95530
95811
95747
95602
95798
95538
95760
95916
95871
95880
95843
95546
95786
95496
95396
95792
95855
95776
95839
95526
95732
95422
95646
95606
95541
95844
95833
95893
95750
95521
95696
95857
95877
95482
95880
95925
95720
95849
95832
95415
95847
95879
95828
95729
95815
95835
95642
95475
95426
95361
95744
95570
95472
95548
95494
95718
95580
95847
95432
95637
95646
95883
95850
95764
95779
95447
95643
95495
95813
95826
95480
95577
95784
95806
95534
95328
95626
95637
95357
95681
95433
95818
95549
95405
95797
95776
95875
95674
95461
95379
95847
95785
95817
95788
95330
95685
95558
95524
95515
95378
95754
95797
95832
95475
95512
95385
95797
95850
95494
95443
95444
95667
95814
95634
95540
95776
95567
95371
95814
95745
95529
95340
95688
95845
95750
95852
95566
95391
95844
95911
95731
95807
95604
95467
95526
95794
95777
95747
95663
95469
95421
95541
95834
95784
95650
95484
95394
95860
95772
95940
95643
95440
95280
95820
95739
95775
95730
95463
95795
95740
95752
95875
95891
95877
95790
95448
95648
95849
95852
95789
95834
95630
95519
95889
95809
95565
95487
95849
95798
95523
95894
95753
95488
95809
95874
95754
95639
95505
95858
95621
95415
95679
95886
95859
95505
95856
95882
95684
95791
95802
95555
95470
95753
95882
95862
95869
95873
95814
95363
95636
95890
95678
95505
95542
95782
95853
95793
95530
95776
95774
95800
95758
95609
95404
95420
95664
95393
95683
95810
95613
95595
95878
95698
95448
95761
95797
95516
95506
95902
95528
95828
95414
95872
95825
95844
95633
95741
95656
95335
95478
95417
95789
95796
95648
95492
95644
95819
95595
95471
95544
95490
95847
95685
95497
95556
95814
95886
95475
95606
95845
95570
95617
95808
95416
95730
95860
95790
95451
95739
95813
95765
95790
95825
95397
95850
95871
95821
95788
95676
95701
95613
95432
95847
95713
95474
95868
95683
95905
95824
95476
95749
95667
95409
95607
95423
95732
95832
95592
95502
95843
95443
95506
95648
95641
95417
95759
95877
95707
95472
95885
95696
95848
95534
95404
95754
95516
95812
95925
95732
95587
95447
95777
95709
95475
95778
95431
95670
95739
95834
95932
95823
95839
95451
95477
95908
95624
95854
95857
95839
95627
95429
95617
95894
95865
95887
95650
95551
95852
95662
95484
95836
95895
95844
95581
95402
95704
95683
95821
95911
95924
95798
95595
95512
95808
95759
95834
95633
95499
95462
95405
95866
95857
95448
95465
95643
95467
95846
95643
95580
95618
95517
95700
95798
95849
95492
95724
95903
95610
95495
95873
95753
95687
95431
95863
95834
95925
95611
95888
95835
95897
95786
95749
95814
95365
95634
95417
95886
95822
95708
95466
95793
95728
95463
95882
95833
95439
95838
95455
95750
95477
95476
95885
95887
95401
95910
95592
95388
95455
95446
95738
95690
95727
95619
95790
95532
95691
95523
95723
95452
95819
95663
95483
95745
95438
95834
95867
95676
95507
95842
95779
95386
95762
95414
95861
95823
95893
95695
95889
95608
95369
95843
95878
95852
95509
95880
95870
95515
95628
95801
95565
95506
95778
95895
95733
32689
32689
32689
32689
32689
32689
32689
32689
32689
32689
32689
32689
32689
32689
32689
32689
32689
32689
32689
32689
32689
32689
32689
32689
32689
