9910
33829
30377
35614
29298
28361
32038
31561
29819
34325
28854
35654
28367
28966
29350
35225
34355
30510
28125
28117
35758
33549
35256
31048
28880
28536
35597
33064
34486
30251
34003
32555
34957
33265
28891
35711
31495
30756
35141
31064
34881
28778
30353
34856
31001
29829
31660
32578
31238
30234
35249
31438
28396
28085
32310
28302
28186
28060
33514
34966
35939
35296
30785
34951
28323
32206
28330
30229
35526
31139
33899
34468
28890
31482
31214
28391
28655
34605
30935
29656
30527
33928
29294
28186
29749
30591
32448
28406
30745
30956
29619
31731
31228
28551
31784
34310
28284
29560
32324
31187
30556
28911
28568
28529
29477
30666
35807
29598
30036
31910
28621
29177
29497
33021
28405
30400
28185
34943
34423
33955
28395
30244
29049
31611
35546
28373
32934
34949
34139
30514
28229
34323
31044
28312
31539
35511
28579
28614
31645
35237
29425
28563
29341
28218
28875
30889
35714
31236
28705
28468
30139
32168
31975
33148
33343
35853
35780
35966
29017
31815
35457
29953
28638
29286
29665
28053
31364
35907
35507
33415
31775
34541
30300
30431
28241
32085
34071
35221
34087
28835
30172
35301
33317
35291
34674
30083
28705
34777
31724
34468
29217
28108
30092
32701
31665
35555
28803
28878
28158
29867
31756
35326
28732
30794
35389
34473
29926
28800
30714
34694
28585
32859
34594
34893
28516
28283
32542
34271
35365
34071
34477
33154
35192
35676
28590
29096
30004
32431
31132
29545
28476
33823
33501
28474
30948
31498
34639
30618
31262
34183
30436
29446
28443
32443
30454
33266
28283
32961
34932
34629
35969
35735
32499
32908
31358
35176
34850
31850
35767
29072
29079
31065
32057
35265
35468
28519
28936
35084
31998
29975
28278
29957
32944
30752
33882
30019
30555
34154
34165
29268
35723
28468
32700
31771
31101
30891
28065
35885
30057
32465
32849
30000
34021
31239
28341
32994
34699
33722
34056
35702
35431
31222
35411
28585
35026
28767
35958
33502
29225
32477
28383
29079
28943
35167
33995
35390
35900
33050
34104
35055
29985
30129
35443
30238
35626
31696
28286
31337
28189
35469
35586
33545
29168
28331
31823
32128
31190
32926
36054
31765
35071
30210
30516
32427
32521
35010
35559
28510
35175
32111
28803
30626
30003
32417
35773
34778
34916
35806
30191
29611
31999
35409
28315
34925
32774
32004
28209
31234
34034
28475
35906
29981
35470
31013
28644
35475
30864
35748
35694
36018
34501
31125
33549
32810
35438
31105
35148
32752
35876
32819
33453
28585
28667
34285
35640
29654
29297
35744
36045
28998
31418
32281
29910
29250
29957
29154
35684
29880
32691
35333
35682
28534
29433
33202
35273
28498
35728
30079
35350
35359
28691
32343
28968
32538
30528
28782
32633
35733
28511
29114
35592
30107
32891
32575
34856
33701
34290
35062
29377
35738
33758
30532
30013
32773
36051
29963
35781
30156
33720
29897
35053
34650
35698
28554
36013
29360
34107
28607
35624
29260
34468
28424
32478
28778
33874
32691
35080
35922
33672
28267
30480
34631
29549
33789
30500
28784
35738
35920
31560
29554
32903
33310
31324
28480
34381
35859
29287
34427
29907
35768
29464
33238
29127
31891
28660
34092
35825
35864
31763
34968
29475
33377
29550
35609
28825
35086
28300
35112
35369
36005
33671
28609
33665
29318
30454
35146
35679
31759
34466
30529
32487
30761
35096
30918
30230
28670
35662
30816
34568
30957
30335
30662
35829
29730
33237
35733
30358
28319
29400
34044
30410
29784
28223
32443
35759
29099
32134
30827
34350
29559
31722
35868
28429
33829
35717
34470
32893
35757
29726
35273
29523
35814
29506
35628
31533
33839
30278
34866
34064
31430
28197
28970
33343
34726
28375
30655
35307
28391
28397
35975
29630
35685
35872
35445
28471
35485
30297
35589
31975
35116
33980
28258
32575
28833
33030
28410
28364
35820
34791
29709
33793
34725
34426
35229
36037
35921
28882
35895
34219
35637
34286
28599
35830
34736
33941
34404
32359
35557
35443
35929
28509
33868
33001
29872
32169
28873
28760
35681
35750
31861
28406
34032
34231
35950
28728
35281
30458
36000
34999
34989
30178
35679
29807
33301
28315
30041
32382
28342
33900
32740
34873
29148
29665
35153
29378
35916
28404
35039
31480
30845
28775
35043
29946
35652
32724
36017
30485
29145
32349
35598
33225
28322
34330
35109
31169
29057
35772
35917
33584
33664
30335
31774
32112
33384
31230
35423
32668
34966
28483
33893
33156
28836
34635
28452
34775
34228
28305
35542
33778
31486
32570
30648
31429
35625
35539
34968
32779
28822
35065
28568
35187
28743
35734
35927
36106
35349
30852
31823
32156
31060
32335
35065
35608
34141
30210
31137
34308
33411
30897
35202
31814
32938
30188
30439
35940
35954
34740
30786
29235
35388
31623
32386
34628
33078
31243
33947
29939
34583
34843
33163
28839
31119
30391
28399
31578
28310
32654
34481
35804
34896
36103
36124
35846
34670
29900
29023
32057
32631
29902
28381
35197
35909
35608
35589
29163
34220
31387
32253
29467
35505
29316
35848
30044
35633
29494
35465
35905
36176
35897
34847
35195
34102
30414
32600
31700
33947
29381
33630
35208
35532
33551
28961
32144
35239
33473
28676
35146
35329
29049
28165
34876
35824
34607
35167
33758
35825
35996
35555
32766
35753
32022
34211
35248
34909
29710
28401
30640
35617
28730
31527
36026
35918
34342
34121
30563
35756
29424
35858
29679
33219
33457
33969
35501
30777
33060
30420
32416
30887
31287
29616
33587
30116
31840
30189
35859
36171
35084
32917
35729
36024
28956
33953
28881
35274
35367
35602
32503
35844
35248
29096
28388
31825
35630
28407
31638
35201
31112
34714
32942
31639
34017
31827
30218
36024
35657
29092
28378
34185
31898
33846
28636
30689
28906
34436
32703
32687
35875
35646
35967
28393
31395
32921
35252
33539
30240
31467
30803
28922
35518
35864
29945
30703
33151
32837
33003
29118
31285
29940
32032
35457
33710
34686
28769
35438
30440
33437
33128
31968
32980
34182
30662
28980
30840
35154
28577
33865
29124
28370
35957
32978
36007
28486
31383
33615
35185
30167
29295
35618
35092
36061
34717
33589
35182
31955
33360
36002
28766
30023
31430
34977
32458
28807
35450
29646
33471
31272
32239
29026
32827
33278
29651
31910
35415
30167
29810
34374
34305
31924
28473
31125
33760
30248
35326
29166
29781
35437
28552
28331
31087
31950
28671
32532
34239
34189
35797
29710
29902
32769
31622
28665
35505
30730
35345
33855
35460
32330
34206
34670
28652
31574
33055
35833
28463
28860
35883
29864
35939
34280
31228
35750
28407
31243
29911
33879
33677
35476
31409
35021
28665
33072
28347
35943
32197
29696
35169
30521
32027
31774
33552
34713
35585
33972
31337
34996
33166
35886
32906
32105
33381
35478
32276
29543
35724
34318
31423
28320
33924
35149
35922
35331
31161
34599
33098
30197
35584
29851
35702
30969
32826
35249
35344
29154
35533
29316
30248
29642
35812
35872
28780
28208
35398
28547
34363
34426
32118
35823
33181
34288
35740
33439
28453
35919
35724
36026
34626
35448
31864
28285
35645
32778
29072
30447
29614
35620
33791
34691
32284
32758
29538
30839
31536
34841
33159
35437
35475
33027
31887
34836
32421
29444
35830
29417
35265
33640
29192
33291
28345
30750
30262
33581
30811
33116
28402
34160
34219
31501
29227
35312
29412
35291
33151
28397
31534
33096
35332
29879
35907
36001
28436
35641
28867
35365
30306
34266
28562
29838
35323
35989
34009
35255
33344
28359
35684
28768
29551
32910
29057
28935
28468
30660
29606
34646
35034
30675
35774
32651
35977
33622
34727
31189
33694
28599
28330
35718
35903
33228
30363
31662
30608
34720
33944
29146
28704
35778
34125
30913
31990
32326
31068
31676
32640
31369
35605
30985
35664
35840
35814
32683
30146
33580
31539
30774
34633
28618
30547
28796
33524
29295
29341
35662
28393
29785
35643
35945
32545
35254
33145
35622
35058
28490
30054
35452
34632
34332
31104
28645
28767
34980
31140
33896
32473
33282
29843
33446
33327
32760
35369
31181
35321
28948
33428
32671
29106
28313
31650
32692
31859
31518
35784
28490
28221
35691
31115
32088
29301
35699
30079
35073
29289
35712
31031
28857
32886
30526
29064
33505
30424
29174
34749
35029
28591
31155
33424
30418
33137
28759
34572
33148
28534
31083
29248
34748
34070
32410
28458
35851
35765
34494
33215
29632
32244
35813
33017
35835
30379
35625
29526
33845
28729
35412
32425
29184
29488
35276
31753
29375
34431
32507
35188
29928
28947
35906
29723
35809
34861
29452
35730
35211
32867
33604
33550
28440
35835
29467
35645
34269
34827
31792
34860
30861
35845
35627
30478
35492
29249
35711
34448
34813
30010
33829
32185
34106
29840
35645
29077
29431
35712
32830
35679
33962
29153
34709
35688
29247
33916
36074
35793
32786
35000
35242
28862
28938
35063
31986
35380
28424
32067
32862
35644
33743
32893
32751
34344
30241
32705
28865
28205
35885
32272
28448
31868
34975
28288
32440
30868
34588
34902
35495
28756
32168
34005
33106
35101
28432
30123
35269
34114
32351
35606
30433
34112
30401
35929
28939
28617
35526
32682
34955
29077
28629
33769
30017
31444
28381
34103
34567
33358
32516
30866
35118
33751
30300
34271
34705
31197
33230
34803
36136
35366
28563
31347
31817
29071
33143
28387
35601
36080
29298
30884
29356
32013
32427
30601
34864
28813
28255
35169
29314
30020
31761
32466
35350
32719
31512
32322
35303
30669
33112
32418
34323
34030
29660
31193
28912
31969
33507
28322
29120
28279
35350
31075
35838
32807
30894
31577
34145
31575
35761
34832
35152
29716
29630
32556
29407
28917
28286
29262
32967
33336
32917
28344
29254
35196
34029
32523
31115
30388
35720
35181
33190
28528
30687
29701
34944
30013
34123
29225
35903
31370
32638
29581
31094
29060
35439
31565
35671
29090
35244
32150
33392
35269
29296
31164
28320
28697
28634
35737
29739
35581
28859
35729
30238
31573
33782
34760
28356
31029
35601
30522
32428
33317
32322
35251
34514
30308
31463
34497
30806
33230
30247
35271
31101
34539
34711
31535
35785
35780
34199
29537
28488
35149
28742
30066
33378
31466
28693
34121
34808
33248
35493
29155
30514
28381
34092
35809
35844
29261
34226
35819
28565
28171
35833
30420
33499
28853
35559
31204
35369
34847
31258
31643
28961
28248
35751
28398
28512
35476
30102
35871
29266
34636
28958
28222
35553
30235
33153
35953
31656
35483
31921
30447
34981
33688
35422
29425
29307
35813
28857
31412
32214
35726
29623
32298
34454
35582
35417
30418
32931
32066
36092
34561
35481
34954
34308
33203
35355
28432
33191
35852
35333
35805
32132
30507
32450
33674
35737
33417
31029
35656
28699
28362
35102
35978
30242
35431
30199
31092
28479
29413
33097
35211
28718
31241
31281
28983
31259
32982
33995
31544
29243
34605
33398
28452
32840
35955
33876
28450
31623
31723
28531
33366
29511
32450
32353
31364
28799
29303
29200
35614
34094
29676
36004
28755
28480
34068
35941
34012
33435
30194
32428
35502
28955
35485
31161
33543
33279
28518
34050
29158
35969
35885
33436
33879
29817
35606
31507
31823
28341
32396
34086
36021
31470
33928
30805
30275
32930
35819
35359
30133
33623
28440
29136
30552
35418
33938
30385
34660
32482
30488
34708
28589
32434
30683
32296
29983
35420
28479
35590
30768
35410
35181
32818
35406
28870
30551
30136
35001
31592
33381
33848
32546
29025
35363
30792
33418
28647
30178
32977
34397
31214
33111
30355
35480
30990
33391
29083
28531
35743
32763
30755
35894
35518
28883
30893
31465
34515
28473
35586
31297
34161
35908
28535
28193
35887
30745
34484
29707
35574
33853
30937
33515
30318
33112
35429
35285
32549
31442
28935
35562
32230
31510
34542
35971
35350
34121
35363
31524
28418
33268
28347
33685
33227
35259
33100
35187
31973
33309
35409
30179
34792
28211
34371
32016
35509
28880
28583
34401
31671
35404
31033
35956
30084
35496
28794
34593
31676
35971
28634
28235
35699
33157
35167
33204
34693
28662
31017
30754
35688
33257
30778
28920
31735
34663
29360
31543
34083
30120
34868
36208
35603
28787
29761
35552
33088
28357
29112
34983
32060
28173
29750
35204
29034
32544
34844
34674
33034
28793
30901
35598
36102
33081
35827
28548
28645
33751
30624
33060
35869
36161
29992
30511
35621
28569
31257
32016
32000
35410
31241
35731
34257
32345
28358
31891
35802
29071
32928
34316
32342
35375
33407
29520
35926
31779
35254
33747
29765
30600
29897
29558
29884
34857
34045
28382
28336
28293
33346
35929
32796
33644
33676
32820
33294
35669
30399
34350
29473
34398
29107
34306
33166
32984
35862
29755
30456
31576
31976
34239
34999
32874
28757
34599
32681
35005
29048
28290
32167
35850
35865
31496
31330
30964
31067
35630
35518
29722
29724
34197
28943
29356
35482
33053
28611
35529
34594
32495
31615
30542
31758
28527
35650
35810
28494
29367
35535
35925
35571
33817
35896
28653
35238
35562
32642
30859
30971
28751
34946
33009
35277
31971
35718
31533
34679
28468
29986
33147
35932
30417
34682
30522
33166
31429
29343
34608
33970
32199
33849
32819
33386
30112
35878
30168
35644
28670
32163
34033
35969
34950
30266
30578
32500
35800
35582
35356
32598
28642
30689
35336
32249
28551
29864
29795
34654
30436
30233
35984
32605
29086
29775
35894
30640
30659
35412
34316
31335
35540
28479
35710
29544
28672
35366
28986
32195
30576
33723
35719
33054
30888
31209
35818
34444
32023
35870
32525
35761
32606
30008
33923
29749
35382
33599
30003
34600
34841
34378
29166
33474
35575
35157
35246
28993
32948
34680
31643
35735
34543
35733
30424
30316
31670
34113
35883
29078
28226
35851
29736
34791
28783
33579
34748
32009
31074
28492
32779
33863
35094
31573
30119
28977
33742
36018
30822
32929
35457
32715
30831
33823
34470
31346
36153
35153
28546
32708
28450
33831
34253
31958
34597
30180
33212
28431
28472
30098
34425
35190
30067
35694
35142
35810
32930
31744
33149
34806
34089
34472
28532
35412
36148
28508
28212
35955
29257
28564
35111
34783
31081
28775
35043
32682
29610
28493
28294
28357
35703
35669
32304
35432
35751
28479
32240
30780
29832
35494
36108
29243
33021
28484
34971
35698
34214
33376
36096
34305
28541
35800
30168
35307
33175
31463
33422
28537
28528
35584
33227
34003
28899
31680
35778
29736
34020
29084
30243
29610
29660
34891
34462
31543
30896
35756
31049
33843
32214
29023
28230
33995
34856
35284
34126
35849
33048
31868
28494
34038
32912
33723
32199
34653
30898
29867
34657
35265
32468
30665
34044
31551
34988
34139
28826
30001
31748
28260
31038
28429
28964
35857
36003
30123
34733
35630
34522
36146
35478
31572
31367
28984
35580
33145
35431
31706
31201
34402
30714
33478
31088
34825
29207
33962
31916
31961
29525
34060
35289
35162
33918
33670
31252
32717
31927
35652
34708
33832
32988
28183
29507
28548
35550
31142
35052
33825
31908
34145
35791
33513
35146
35745
30868
32763
29000
29110
33329
28662
35355
35735
33605
35307
36115
34534
35761
34035
33087
35478
28545
28496
35779
33535
35758
36012
33968
34472
28655
35901
35591
32002
29061
35750
33891
35043
35949
30926
35366
35720
30386
33047
28389
28599
35663
36052
31763
35941
34544
34201
29406
35429
35120
31162
28823
35804
31804
35352
29306
32620
32076
31661
35056
35241
30980
32303
30596
35363
35901
32339
33943
29489
34273
29065
35533
35422
29039
30752
30142
35060
29790
28234
35718
35782
33920
34804
35554
34136
33003
29655
32810
35922
31164
32138
34042
34697
33974
35658
34067
35953
33618
35973
32778
28827
33709
28955
35361
35568
34289
35487
28515
28357
35753
30103
34356
34147
32119
35856
32734
31708
28862
31615
34536
30719
33682
34954
30720
35880
32828
29539
29199
28866
35926
31753
29690
35592
35200
34742
32348
30903
34683
28699
29451
35855
34706
31811
35253
35705
29173
34078
31568
33284
35420
34381
35532
35717
30805
35398
36030
36080
34159
28823
35995
33051
35450
32233
32759
34062
31336
29684
30768
31947
35157
33764
30651
34194
28462
31263
30559
28379
31935
32858
28457
33263
35952
33346
28430
29928
34259
35171
33560
32862
31572
29369
35737
29717
34746
30165
35326
30225
33674
29783
33754
36055
31039
32405
35237
35276
34738
30076
30819
33582
35483
33732
35973
36116
35861
33444
32205
35547
33638
29233
29952
31043
35003
29781
30089
34669
35797
29607
35312
35727
28511
35518
32169
35745
33862
35019
33454
33583
32446
28473
33085
28276
28652
35005
30000
34755
34101
29059
34444
31779
35165
28701
35090
28671
30371
31646
35023
35121
32426
29054
34138
29759
28433
28370
35420
32098
33339
35794
35499
33095
35884
31311
30053
34664
33814
30340
33794
32984
36070
34573
32152
34793
30463
31037
34000
33148
34440
35551
33242
28813
29603
36041
34996
31552
35441
34888
31225
33378
33752
35078
30201
35800
28768
35310
30091
35900
28696
32577
35928
28416
32548
35856
29399
35641
35723
30391
32607
35555
32653
31866
35357
29015
35701
35153
31437
29220
28191
35638
31271
35852
35060
28911
34700
33421
28810
32860
28377
28745
31164
29072
35761
34938
30730
34003
33273
35713
32178
35705
32554
34904
30056
31566
32644
31674
35563
30323
34143
35784
29536
28275
34450
32303
33222
28604
32446
32845
28390
30065
30514
35037
34856
28748
32052
33892
34502
31149
30462
35450
31300
35696
34138
28956
34825
28460
30569
29774
34394
30294
35500
35525
29899
34626
33171
31904
35867
30310
34642
35745
36201
31842
29688
35499
36147
33977
35842
29451
34594
31851
36023
28794
29350
30003
32389
35230
29566
28313
28641
35325
31250
35573
34588
29556
31232
33444
29430
35352
31290
35476
35621
29169
28238
35816
35614
31708
31096
34130
31874
36011
33832
35997
30133
29453
35480
33962
29972
35205
33726
33201
28396
33726
35969
30624
33123
28459
28292
35819
28336
31180
28748
32813
29340
30149
31550
33109
34013
29657
33064
28770
28328
35486
31592
28950
32253
32666
29969
33578
35229
29738
28586
32255
31429
30334
33029
36111
34583
28929
28335
35566
35581
31622
28617
33928
30894
34479
33994
30500
33186
32656
34295
29111
31288
28780
35294
35053
32906
28614
35464
31892
31558
28652
28377
28938
35309
32606
32830
28324
32189
35526
33775
34823
30176
31122
28673
33016
29282
35182
35930
31243
30487
33469
28474
31074
28416
31535
33805
35876
33865
28869
35084
33724
28690
28515
35497
30062
35623
35760
33414
35493
29230
33398
31964
35705
36133
28597
28434
32341
29751
34864
35074
28507
28809
35343
35299
30535
32037
32753
34512
28390
29063
35641
34571
35904
28571
32074
35846
29231
32704
32221
28706
28639
35461
28653
28105
35779
32898
35567
29860
35801
33228
34817
30228
33292
28509
28153
33899
34633
36027
28882
28273
35877
29584
35050
29719
30229
31146
28848
29641
35135
28675
31541
30791
28277
31068
30019
31513
32736
29383
35712
33315
28441
35677
30606
32029
35592
35287
31551
28819
28821
35669
33757
29774
29488
35374
28581
30406
33434
30852
29449
28453
35736
34563
33573
33978
31391
32851
28466
32451
32817
32422
28816
28882
33018
35981
35003
29276
30921
33182
34981
30996
34925
32340
34282
34911
29271
35294
32332
31019
32511
34772
29528
35467
36020
36098
36211
28739
33929
35938
32957
30802
35059
35379
29664
34970
32421
29157
35993
33568
29110
35749
34500
34766
28768
35773
35874
34300
33255
29913
35393
35770
31918
28455
29209
35618
32340
31944
28415
34515
31619
34910
33822
34323
31157
31422
32253
28620
28352
34364
28452
30640
30393
34528
30225
28506
32806
28581
35271
34747
31417
32418
28659
28556
31052
29660
35802
35935
29632
30997
34872
35993
28984
35240
32467
30550
34356
29140
28117
35764
30261
31037
29574
34279
35379
28903
32583
35752
28934
32927
32214
28517
31113
35220
31894
36014
31146
35498
35234
32015
33661
29107
29244
28918
34067
34286
31030
29901
33112
30693
34119
35326
34775
34743
33652
35739
32288
34680
31865
31342
32801
29015
28762
33137
30407
34269
32803
34364
34379
30916
34698
30073
34478
32565
28381
30695
31264
34115
28763
28811
34606
29561
32481
32154
28807
28578
35389
28697
28126
35867
31958
28314
29584
34876
30716
34115
33653
32095
35597
35055
29488
34775
34029
28955
28299
35944
29735
29082
35273
28573
34893
35318
28755
30426
33168
28462
34384
34609
34830
30259
35393
33937
28543
30677
31929
32071
32104
28388
28232
35433
29320
28416
28354
31091
30135
31618
35607
31424
35711
33026
29465
33158
30679
28980
29804
35630
33617
31092
31619
33949
34414
31199
35818
33500
29026
33187
28876
28419
34829
29704
29886
32621
34332
28588
28387
33704
32042
35721
34576
32688
30902
34036
30440
35760
35819
30650
32285
33997
32820
35144
30216
34359
28709
35721
32940
35403
30562
30757
33467
31566
31822
35658
30206
31790
34713
35288
29406
33788
35945
33156
30937
35595
31563
35800
35009
28708
28905
35847
28937
30198
31782
34803
30627
35796
28955
33466
31717
33567
35633
31896
31342
31834
34549
29822
33457
34477
30286
31769
30457
35402
28455
34937
32201
35957
34566
29051
28253
35977
35681
31383
35208
30566
34250
29678
35248
32736
31313
29321
29051
35878
32454
30974
33478
34008
30113
36049
31314
35795
30892
30643
35573
32460
30463
35540
28738
35438
35152
34402
34965
35418
28743
28328
35549
33513
35815
33239
30115
28378
35834
31325
35784
30199
33802
29075
35035
28919
32388
28649
34369
33971
31137
29604
35737
35396
32298
33147
31575
35996
32825
28514
30549
31337
33490
28800
28209
34748
32699
35812
30188
33065
30076
29730
30372
28375
34026
31907
32605
36058
35461
28474
30539
31309
36072
30979
34214
29978
35030
34221
28532
34889
33260
33983
30964
29474
32701
34476
34326
35798
30360
34348
31558
30957
34417
32124
35051
31794
35868
30800
35854
28999
35334
31022
32599
34309
34789
33858
35516
33780
29422
29100
35553
35857
29338
35911
29020
28518
35476
34627
28974
34901
34079
28704
30834
30705
34570
34885
35024
34331
35478
34037
30937
28883
32363
35280
33761
35970
33307
28712
34686
35512
30666
30375
31552
34408
29258
33035
33575
32475
34763
33260
28373
29708
30904
34846
35478
28522
29005
29967
35781
28504
28282
35659
28504
29279
35309
33895
35826
35383
34244
32482
35421
33302
32813
28422
29322
35626
34410
29630
35717
35597
28502
28673
35285
34748
30202
33031
35892
30106
35380
29852
34873
31101
35802
28719
28329
29959
35547
28534
31624
34698
33131
28888
35601
34939
30691
35917
29520
32099
33209
36132
35927
34423
28416
28791
35728
29511
34613
33955
30172
32087
35768
31535
35757
32687
34667
29362
29296
28737
35784
34548
30112
32798
28748
28174
35797
29945
35228
34669
29772
32506
31826
35936
28853
29055
31341
28351
28358
35323
29304
31473
28802
34486
35305
34592
28356
33448
34761
33258
34044
31013
35477
28516
31920
32699
32711
29087
33460
28396
33136
28783
32769
30358
36046
32565
28395
35500
32091
31687
30033
32427
28588
32011
32107
31474
35913
34608
31154
35693
32900
34098
32007
32892
34144
29973
30866
28500
33141
35476
31396
35067
28597
35577
29991
28529
35429
33056
31719
35715
31747
34461
35942
30331
33463
29178
31755
28411
30484
30788
34844
36100
33286
32663
33454
28489
28263
32101
28684
35901
33791
34729
35293
30356
35100
28962
35877
30005
35413
30680
35281
32499
35825
34170
28970
34715
31962
30768
29771
33409
31247
34893
30645
35738
29254
35020
31954
33467
30243
31346
34638
30746
32950
29184
31043
32750
30988
29108
28606
35283
34626
29076
28280
32919
35775
35052
29582
31193
33565
34929
34862
35436
34822
34891
29907
35764
34795
33852
31168
28354
31680
34367
34999
34031
35541
29907
28514
30043
35788
28547
35892
31507
34114
33048
29170
35878
35853
34084
30441
34241
28970
29210
35935
30745
31565
28421
30528
32338
31474
28387
29984
32404
28695
32899
31622
34937
32308
29921
35108
34816
29107
28604
31314
28224
29446
31350
33463
30071
35359
35868
30604
33442
29639
35679
28910
35437
32225
32595
28353
33470
32258
32875
32670
35540
34222
32154
28669
28412
29882
35288
31468
33353
29763
35663
28412
30366
31780
32468
34081
33889
34101
35675
34551
28603
35302
28407
31976
30948
34610
32711
35049
33553
35741
30035
34238
34193
32490
34321
31877
35967
29982
32151
30950
35235
32988
28599
29899
29347
29079
35501
34374
32650
32002
35309
31172
28854
34365
30900
32700
28712
30821
29975
35473
36079
28912
29691
35828
30204
32420
32127
29096
28177
35778
34872
33930
28386
35860
30143
28892
28318
35613
30889
35767
31096
34826
33581
34798
35280
31196
35493
28926
29362
34258
31236
32796
31231
32309
35931
28417
28514
29151
28342
29953
35545
35092
29001
29883
34655
29394
34637
35911
32059
30073
30733
28952
35779
29088
32145
31737
35833
34489
31675
34568
30740
33500
31790
31908
35756
29467
34522
30742
35614
35890
30429
35259
34532
34770
35931
32460
31193
34684
32625
28866
34319
31925
33712
34501
33766
31425
35536
34380
34926
35744
30109
30777
32717
31350
35276
34157
29721
34741
35658
31141
35054
35022
29542
35979
33863
28780
28317
28363
29943
35922
33136
28887
35694
35496
28911
29135
29645
35567
31634
35516
29217
28283
34602
30263
32969
28695
28322
35451
36054
28513
28359
35835
32938
32570
31215
33106
28439
33508
31082
32664
29619
34864
33944
31288
33447
31185
35283
34501
34538
34179
29151
35768
34178
35407
28567
29453
31809
31369
34106
31722
35823
32265
30400
35571
31450
35841
28680
35725
31949
29648
35325
35433
29171
28283
32401
34796
29421
35173
28906
29403
35439
35382
31733
28776
29176
35792
34554
35646
29292
29548
33217
28881
28284
35103
29745
33211
29124
29746
28235
35733
28249
35775
31406
30251
31373
28575
34594
33468
30961
31062
33506
34482
32021
35464
28361
32843
28907
35238
34385
33176
28390
31442
31325
28287
32532
32617
35741
28717
32686
31575
32590
28940
28529
28650
35719
31390
33811
30452
29748
31973
33210
35913
31213
33134
28430
29541
35643
34330
32268
35864
30581
35327
30969
34728
36134
31646
31874
34444
28463
34548
31103
34991
34554
31938
34761
32183
32683
31348
31032
34197
30054
31433
30764
35568
29975
28461
28809
35506
33029
35567
34350
29806
34988
33053
29518
29570
30115
33962
32108
28729
31260
28632
34110
29658
35125
31184
35560
31848
33422
30869
29815
28482
34602
31628
34414
31304
33780
35565
36163
30262
29108
35851
31238
28329
35669
29548
35049
34710
29192
34957
35903
29327
35963
35197
28911
28537
32550
35516
28439
31619
28472
28338
35724
35686
31387
29582
35738
28618
30946
30274
35886
34901
34105
29473
35428
31983
32657
31690
28582
33205
32675
31634
35877
31731
30264
34573
34941
29630
32654
30620
32795
31145
35724
28473
29253
35570
34605
33016
28591
28208
35605
36090
28745
29499
28979
34569
30948
35765
28324
35273
34076
28406
29282
35521
34466
31782
34526
34490
35461
33595
28450
28311
29947
35243
35990
28632
28335
35653
31147
35947
29056
28803
30470
30339
32005
35780
30421
35469
35698
32433
30632
30630
35943
30324
34623
35284
35171
34546
30938
31553
29031
29505
35048
32020
34649
35275
35684
36209
33087
35377
31379
28980
35728
34352
31404
32595
35495
30898
35526
32170
28352
28806
35992
33982
31300
29827
34494
35737
31439
30594
31201
34230
30960
29287
30605
31408
32728
29149
35680
29126
31565
31272
28371
32063
35438
34083
34144
32610
35195
35476
31809
29703
30241
31715
28790
28623
35475
34013
29739
30927
30327
29902
35736
33080
32035
29047
34919
33138
28569
30988
29982
35088
35527
34209
34366
31261
31033
35763
31107
33374
29824
35654
30524
28369
28641
35291
31285
35264
31924
28383
30046
35370
28567
29343
35114
30044
35436
32047
33073
29960
35189
33907
35865
29949
29818
30981
29406
33999
30801
28799
28894
35087
31874
28843
29183
35767
34324
35912
29145
28345
35887
29599
35390
35716
34115
34935
35753
33970
32096
28450
33226
33001
29195
34772
33340
35934
28498
28426
35772
35933
31365
35873
30181
35468
30330
28683
30318
32069
34324
32223
28389
29310
35708
33623
34719
34719
32984
35616
36241
33775
29246
35413
32825
34705
29052
35597
35245
30640
31484
28377
28316
32458
34906
30689
33098
32383
31440
29142
28919
35674
34253
35644
29820
35243
33347
32695
31015
34893
35353
30787
35656
36005
33288
35610
28485
28922
35601
32231
35686
28317
35631
30290
34984
29606
29865
29766
35179
34348
34773
35588
32229
30191
30724
29754
31475
30632
29192
28405
34933
32419
35846
35973
36001
33018
29444
29990
35413
34184
30235
32295
35293
33426
30417
34940
35073
29210
28617
35835
35941
30961
34680
35917
33572
34812
30426
29720
34461
29357
29493
35823
32677
34301
31801
35152
33741
28585
28305
35803
35715
28494
30368
30660
35913
35076
35955
35916
29139
33200
30383
34330
28670
35239
35847
31316
35817
35181
32355
29882
35506
35755
30988
33867
29880
34361
35812
29609
32953
32265
35033
28477
28661
35184
29430
28827
28321
35971
33893
28692
30091
31358
33940
28984
29526
29962
30550
34158
29817
35792
28377
28314
35697
29117
28097
35970
30180
29739
28475
30301
30418
34629
35130
28865
29304
30405
30030
34803
32511
35659
32215
29425
35623
29204
33138
29617
34879
35773
30478
30161
35601
31794
35329
35768
35380
33567
32058
32779
31324
29969
30591
29803
28514
29307
33067
31338
33618
32603
35933
28497
28589
35476
34527
28567
28540
35580
28419
29002
35369
30045
30388
29823
35621
29252
32319
34069
32359
35360
29140
35821
28526
29320
35435
35852
31311
32238
31261
35147
34952
34245
34514
29955
31531
32402
32355
29448
35170
34091
32876
28390
29437
35342
34162
29412
30937
28262
29877
35524
30187
35698
28834
35662
33616
28593
29755
35831
34606
34260
32713
35165
31994
29120
28335
35877
32689
28415
29129
35647
33831
35496
35369
31830
35641
34695
30793
35579
35568
31000
32765
29904
34348
32434
34884
28587
35831
30870
35504
33040
35825
35177
29550
35173
33056
31552
33156
33999
32459
29775
35751
35964
32121
30410
35871
32226
35999
33495
30796
28410
32340
29328
33189
34491
36056
30655
29720
34660
30230
35861
32054
32915
28779
32568
29200
33513
29832
34669
29479
34949
34015
30230
32575
33656
29174
28495
30813
35584
29546
35760
35373
35188
28417
31539
35649
35494
34138
32941
28327
35642
30976
31364
28613
28366
28224
35957
34020
28554
28422
35572
28476
29882
35891
35151
29257
28302
34492
35343
28570
29358
35734
31997
28777
33988
29213
34034
35536
35827
34486
35974
35820
30729
34019
35750
30091
33300
28426
28663
35647
34225
35398
31245
34547
35910
29393
33093
31006
33453
29090
31166
29127
34643
30387
32482
28957
30874
30727
35597
35731
32973
35251
34348
29592
34473
33494
34722
28549
29029
35660
32386
29842
35753
28666
35631
29774
34092
35428
31725
31295
32277
34691
31296
31430
33259
35568
31904
35243
30460
31825
33282
33510
33886
35785
35788
34540
29885
33147
28632
28265
35979
34776
31041
32467
31279
32625
35866
30742
35294
29455
35828
35776
32369
28817
29305
34148
30188
31678
35027
34640
30223
35673
29079
34369
28470
29804
35829
34448
30611
31399
30956
31296
35567
30122
35895
36145
35174
32122
28243
30351
28837
35616
34715
30268
34516
29921
35260
31672
35818
33924
31211
32374
34005
33287
29517
34742
28772
35451
28737
35172
34691
35723
29967
35514
34023
28792
28187
35839
32725
32585
29243
28689
35354
35197
33212
29888
35476
28917
35845
34762
30750
34359
28689
28818
30747
33082
28840
32795
31387
34292
33242
28422
29094
35643
34681
31531
29630
34286
28391
30443
34960
29747
30479
32938
29206
31732
33324
34218
34882
35626
34416
34032
28463
28329
35801
30456
29799
34021
31999
29007
29899
31876
35581
30256
28663
32752
33781
30924
35158
30629
32290
30805
34828
35231
28501
31929
32247
30724
35185
33942
31884
33909
32877
32997
30138
34744
30026
31611
30352
35110
28731
35361
32521
34376
34452
30493
32753
36016
30019
33220
28553
30868
34772
34530
34725
30279
35037
28558
28401
30757
31893
28591
35208
33005
30124
34740
35191
29748
34846
32969
32109
32754
34226
31784
35406
33966
29396
33163
35871
35325
34148
34620
31472
29660
35769
29309
29144
34165
32068
33017
30029
35809
30016
35670
30612
35447
29969
34356
29102
33113
35934
29702
32049
33071
28437
32774
32037
35868
32989
28550
28150
35424
32739
33392
29863
35130
34689
31555
34929
28696
35857
31402
33782
35539
30532
34346
29407
34770
35789
28549
35756
33015
31046
31450
30168
35624
28316
31644
33353
35676
28504
33167
32806
28746
33028
28313
35154
36043
34584
35757
29611
30013
35326
35019
33880
31329
33965
35303
33646
35677
28916
31922
30415
35496
31165
30932
35714
33502
30066
32137
35921
33640
31050
34238
33504
29946
35072
33101
30528
35000
29072
34867
32512
31136
30588
35453
28515
35779
33790
35848
35359
28529
31495
36072
35040
34558
29135
28391
35847
31168
35769
28848
35000
28578
28555
34806
29403
31903
31287
30160
34502
33751
31717
32785
35877
34610
30918
30670
33226
35395
30918
34383
34377
35103
34368
28433
34347
35293
29910
30849
29679
28848
34631
28607
29516
34234
33906
35172
33514
31002
34145
31425
29376
30794
31078
33368
33761
30083
29508
31356
31990
29302
34588
31221
28546
33729
29867
28815
32044
35820
33478
29844
33278
32994
32158
35203
34176
33136
31695
33209
31193
28535
34615
30432
33712
30270
34676
36058
34770
34923
35385
28953
30158
35769
31201
30089
32055
34070
35830
34734
31728
30215
35427
34841
29905
32009
35685
30583
33243
28426
35138
31744
34015
29089
33578
28442
34712
33986
35767
34438
28356
35139
31718
32566
28699
28479
32766
28802
28311
35074
31388
32146
28755
35764
33477
30036
31715
35037
33717
29021
35321
33186
35627
32361
34926
32429
28823
28943
34105
31490
33754
28640
34757
31634
32413
32089
35508
28909
35858
35033
31517
30096
34224
31800
35750
35893
29261
28613
35363
35335
31922
28414
30306
30831
35382
28642
29050
35540
33897
28733
34946
35295
32412
35000
29140
35627
35456
35948
29418
33392
34769
28478
31860
35469
30992
35486
34847
28695
35732
32163
32738
35629
30795
33252
32167
32582
30854
29919
35757
28839
29261
28346
29566
34180
31353
30359
32404
28420
28902
35627
29096
32725
35987
31884
29268
33484
33500
30952
34750
34351
35003
31266
33609
34548
32877
28452
29409
35794
34370
30955
28644
31143
34370
28661
35876
34509
33045
33089
28816
28244
35730
36111
33137
33266
34538
34564
32904
33823
31333
35683
33548
28824
31101
28702
30866
34229
31143
35050
29394
34857
30154
35710
34055
34832
34806
30791
32877
30627
33827
32798
33119
29911
35928
30524
33454
28673
29776
33334
28996
28147
32768
35375
33298
29968
28390
28268
35597
34403
30955
31151
30935
30888
30207
28274
35847
29407
35580
30276
34065
29037
35319
34178
30128
29065
30284
35806
34921
35011
28971
35593
34829
32314
30549
35865
29429
28644
32547
31902
34702
29253
28312
35487
34144
35990
30566
32036
31849
34714
34051
34836
35416
32904
28331
34114
33018
28302
30470
29307
28357
33805
30067
34679
34779
35163
29191
35961
28498
28885
35779
35326
29109
28282
34002
35420
32833
30703
29373
28857
28654
34475
30845
32629
32936
32030
33997
35056
30730
30260
35169
34680
35434
31001
34989
34738
34926
33979
32979
33527
30973
35308
33738
30987
33402
30834
32204
30473
30968
31449
34785
33316
31721
34439
31579
33688
28696
32607
28827
30459
35446
32085
29461
31590
36065
28491
28691
35514
34609
33836
29909
34112
30280
35545
31142
35192
29480
31340
34262
32832
34223
34937
31369
28446
34143
35873
29842
33977
28830
31745
32680
30979
28743
32612
28228
30085
35628
30581
32893
28718
28669
29430
35977
35875
34478
30938
34038
28876
31842
33335
28401
32424
35430
29433
28311
35323
35644
32062
35998
29975
32914
30799
35879
33544
34718
35841
32936
34751
28776
29724
32974
31331
35199
36017
33882
30068
34275
28600
28759
35088
35430
34276
35708
35275
28388
30743
31703
33187
28774
34804
35845
28718
28948
35753
30097
33468
30425
33732
28660
34885
33054
34641
33224
28297
30879
35876
31057
32611
35277
32835
28823
35212
35565
28683
28951
33978
30872
31320
34940
28814
33818
35806
30810
31334
32911
34317
35387
30820
35425
35217
32657
31372
34585
35661
29956
35470
29168
28261
31624
35841
28798
28203
35800
33705
35899
29537
31472
35592
30040
30913
34154
29729
35109
29045
30583
30787
33237
31062
35488
33663
35858
34291
35259
35491
30493
35216
33039
28578
32572
35092
31186
30771
33258
28779
31818
32479
29419
34779
35237
34693
28334
30217
29324
33283
34018
28431
30686
33304
35208
33514
33011
29038
28196
35536
32899
35016
29017
34190
33897
31348
35832
30255
33125
28379
30560
34767
33047
30626
35656
31546
30532
31783
30410
36008
29749
31605
31809
28751
32426
33625
34904
35483
31435
35702
32369
30157
32829
28356
35511
32705
28417
28255
35896
28402
35520
29816
28996
28359
30412
28577
33593
36005
29995
28795
34117
30062
33135
28646
31331
30126
35584
31811
34113
28399
35033
33051
33632
36031
33238
35773
35533
29411
33966
28928
35040
29395
35081
30277
32095
30649
35304
31743
31127
32994
28451
33201
35769
35942
34375
30122
34172
32920
32288
30758
28384
30131
30037
33556
28420
29678
33347
30958
34745
28370
31701
35841
35227
32956
31636
28617
28278
35278
31600
35777
33476
31607
28459
28106
35809
33992
28469
28943
35625
33178
28552
30224
29731
29877
28734
35567
29530
34336
32780
28412
28684
35321
30966
34949
28328
34482
32441
35132
31002
33960
36088
34493
35890
33913
28462
28602
35312
31246
33422
35535
31089
31307
31748
31973
29678
29001
35815
33924
30774
32323
33283
33814
28728
30193
29777
34038
35889
28688
28254
35766
28917
33358
34658
33490
28478
35585
28845
32034
31053
35934
31787
32215
36043
28431
28651
35785
32073
35834
35737
28461
29332
35737
31980
28379
35708
31916
28689
29044
35271
35306
31734
28324
29614
33291
28484
32656
35628
29947
34951
34953
29075
33206
35743
29196
35537
34148
35914
31629
32113
36070
28480
29095
35613
29170
28352
30831
33048
28509
35879
34629
33842
35362
32921
29721
33366
28478
30830
35876
31086
34542
30053
35798
34651
34903
35284
34803
29802
33774
31174
33911
29906
28784
29381
34226
33128
28396
28713
35258
35862
31365
33827
29143
35481
31615
35306
35555
32452
31065
35377
34222
31316
28704
31986
34215
36080
32683
29379
29075
33623
30058
35303
35197
29503
34033
30228
35446
33205
35897
30964
34000
31265
30418
35387
30598
31489
28565
30596
29592
33197
34919
29003
32507
28535
31439
30981
29455
30898
32130
28898
28740
35527
30368
34589
29436
28438
28443
34186
34468
33118
28438
29387
34026
31737
33694
28949
33254
34024
28448
30479
35525
28563
28535
28382
35776
30555
35848
32719
36007
28775
35287
28756
29540
34447
32333
29336
31699
34943
31118
35041
35807
30593
34850
28896
30816
31091
35121
28521
31927
28436
31161
31000
35459
35016
35804
30352
28739
35593
30232
33878
33135
35926
30229
33115
28546
30474
35858
32808
28904
34456
29036
29793
35776
28495
33489
28372
28873
35499
32406
32339
31495
33727
36016
28371
29088
35565
34731
35693
35554
35288
29098
28937
29603
34435
33882
29660
29282
34563
30946
29289
33460
29946
29273
34095
35633
34653
30587
31869
34492
35763
34459
31866
34939
35449
28387
31045
29622
31557
29580
35669
29726
32674
29436
35915
32498
35862
30870
35913
28660
35590
32010
35810
32751
32132
29976
35069
35033
28815
29021
32981
32954
35584
31643
35789
34140
28781
31085
30904
33468
30664
34630
35099
30152
31280
31695
33644
36020
28667
28120
35812
30701
35077
34623
31607
35777
33180
28431
29672
33880
34110
28476
28665
35668
30131
35321
31694
33211
28380
30469
29676
30308
35462
31867
34926
35162
34350
28596
31493
35348
33983
35948
31407
35725
35088
33140
34684
28878
34607
32076
35319
31619
28753
31675
32352
28911
29804
29980
34485
30718
35856
34746
31871
31645
35279
32050
28370
29532
30488
28402
34315
28584
29788
35871
32791
31712
32471
32626
28666
28526
33888
35280
34770
35947
28750
35685
35344
32616
30645
30331
34257
31228
35132
33727
35613
31644
35709
29671
29206
28524
35752
32298
28549
29229
35199
28881
30031
30166
35817
33037
34833
28839
34671
34912
33646
28921
33492
30490
30335
35685
35592
28351
30641
31401
33859
33487
30804
35859
33808
32221
32974
30781
34944
31124
34180
32969
36044
33686
29769
30788
29649
34484
29754
32983
33693
29180
35172
32212
29305
35735
31042
33690
35089
32894
33980
30927
35293
33110
35469
34197
29126
35759
29816
32554
29346
29544
28739
35571
32981
35052
33577
28409
29560
28922
28687
35696
29731
33215
29804
34330
34807
30304
34892
30092
32487
35501
34189
30768
34381
35491
28990
28741
31740
28643
28169
35754
29555
35044
30939
33474
30386
34974
31757
35296
34977
35796
28655
29420
35677
33275
35619
29723
31413
35463
34836
34166
29635
35571
35913
29274
35533
32449
28516
28557
30274
30813
34220
35025
35873
30475
33010
30564
35670
29282
28980
35943
30107
33922
34127
28856
32901
34356
32938
35646
29163
35642
28750
35012
35733
29939
35839
32158
33000
36136
28886
28166
35864
31015
31053
31435
29131
33971
29605
35352
31790
28478
28512
35106
29980
35612
33257
28711
29236
28295
35541
31582
29421
35945
31149
31034
31858
33764
28801
33371
35889
30160
34799
28622
35696
35148
31469
29410
29257
30359
34536
31706
28676
31746
33680
36086
28723
31216
28707
31969
34382
35624
28984
28249
35798
34774
30206
34482
31436
31009
35319
36038
35100
30254
31450
31253
31273
35373
30027
28818
35061
33532
35872
29955
35081
33623
29611
31728
29132
29194
29587
32312
36085
28569
28307
35453
35381
35776
33932
33186
28295
34298
35517
29756
30442
35855
30522
33036
29417
30174
33402
32012
33393
28549
28353
35962
29422
35532
28849
33588
34938
30829
28798
34484
32087
35797
31770
32788
35413
29898
32249
31945
29390
29743
31733
31056
30717
34217
30951
30703
28292
35805
32130
34141
28988
28557
34743
29036
30203
35497
32854
29130
28411
30489
32646
31617
30195
33400
33260
35465
29583
35153
29272
28328
35832
34425
30563
33646
32146
32001
34909
28503
35629
30881
34191
35881
28460
28865
35586
30386
34211
36056
33759
29635
34415
28555
28792
35261
29867
30210
32769
29344
32658
33386
28671
30235
28964
35383
28669
31809
35129
33774
29203
29231
32959
35944
33666
30565
29586
28422
34071
35856
33339
28721
31665
32832
34976
33167
35632
31107
31409
28467
28544
34880
29194
30062
32169
31764
28429
30842
29669
33069
29732
33605
29070
28218
35031
28628
28418
35283
31951
31868
35608
35799
35589
30900
34866
34921
34686
29373
32706
30558
33169
28548
29267
35647
34358
29545
32964
28528
28474
35608
30966
35545
29678
35551
31171
34005
34909
29378
35216
35683
36034
34386
35393
31926
31061
35751
33158
28573
35539
28806
29575
35948
31278
34078
28473
29611
35709
34142
35478
35807
33461
28787
28854
35512
30008
35707
31590
35714
32514
30275
33824
32105
28377
30481
30505
35796
36092
35251
34063
29055
31290
31457
35374
34172
28331
35784
29369
34608
32715
31696
28437
32202
35019
28679
29186
28927
35397
30382
35949
31106
30982
34200
33293
35687
34310
29193
34626
35495
30976
30619
34452
29456
35396
32011
30903
35593
28318
35324
31024
35596
35932
29588
35235
36009
28467
35419
30688
36013
30833
31778
33546
29487
34387
36063
32385
29037
35036
28567
32621
35687
35498
30258
35657
36042
33503
29758
28874
28427
35800
29445
35041
28338
34365
33598
33924
30573
35483
35858
32106
33745
32850
31377
35232
33425
30692
29822
33150
29998
29369
34236
35617
35537
28628
31295
29084
28362
35566
32205
34254
30938
34290
30167
33011
35674
28923
30222
35478
36125
32012
35443
31615
29451
30571
28847
30432
30260
35130
33189
31359
35425
35995
29531
29719
35306
28463
28424
28226
35336
31622
34626
33105
33959
33321
35490
35921
33720
35775
30241
28599
33926
28298
28651
33182
28590
28490
35639
33833
29950
32450
29400
34559
32390
35035
30562
31613
33581
28384
30022
31679
35240
33822
35885
34766
29859
28768
29250
35777
35718
33064
32139
31473
35233
35908
30707
35198
29332
34795
30043
33006
30426
35607
33241
29093
29519
35448
28664
35333
32590
29536
31500
29962
35339
33304
35845
28903
28479
35043
29331
29620
33321
28302
34107
34594
35432
31589
34380
29581
35429
32294
30559
35690
34397
35005
30934
35407
34318
33847
29902
35877
28573
28272
35889
28784
28176
35731
35341
31105
30686
35679
35787
31458
35854
33633
35099
32182
28459
34020
28433
28998
34720
31913
31335
29828
34910
35332
32932
32470
29015
32398
33401
28455
33120
34225
29525
28471
28655
35044
35252
30026
35609
30446
35335
33026
29193
35633
30475
35335
29045
32092
30323
29165
33274
35999
35372
31353
29275
30809
30349
32018
36014
35888
30284
33474
30956
34829
28601
35588
35205
31313
30699
34432
33506
35615
35625
28590
35443
33372
36016
28868
31990
32482
30605
35983
34498
35857
29909
33627
35598
31397
35266
30199
35574
34102
28919
29461
35003
35701
30823
33330
34903
32246
28405
30835
30849
35177
31816
29589
29586
35869
29005
28432
29094
35739
31115
31913
32819
29209
29405
32932
35958
35101
29835
30941
29447
28234
35473
31788
35872
35828
36068
35765
34831
35950
32953
35685
35432
28649
29710
33313
34666
33220
30522
34242
34615
33557
35812
33790
28858
34197
33466
34735
34046
29579
28554
34769
30029
31842
35607
34675
28608
28621
34685
30335
35047
35108
28589
31386
31178
28270
31307
28727
34839
35682
31671
35603
29562
31693
32275
28926
31276
34763
35443
33346
35350
28768
32826
35108
33430
29003
31824
33467
35826
32397
34137
35697
34014
32865
33372
30874
30454
34303
30035
30695
31361
28382
29427
35481
32209
34952
33494
29054
28659
35482
32272
34292
34121
31065
34389
28665
28317
30369
30987
33804
33023
28634
29070
35810
28301
31383
29211
35009
33886
29380
28237
35405
35813
35400
32115
33547
30144
34206
32753
35451
28348
28313
35909
31555
35041
33315
29105
35865
35547
30760
32066
34934
35316
31878
34681
31995
34874
35428
28822
35726
35868
33949
32659
35137
31502
35285
30917
32908
30714
34586
34074
35583
34713
28649
35405
31790
29658
30872
32587
33274
30535
36024
28207
35902
33796
30672
32279
32210
34474
35187
30110
30362
33816
35914
30499
29438
31019
30737
32752
28521
31341
30975
29327
28355
35395
34853
28905
29004
33485
36034
32880
28603
29390
34428
33000
28398
28641
35465
28417
31562
33657
35961
34455
28388
35590
32166
34142
31732
35357
34038
31619
30268
35849
29020
35041
32835
35688
29747
33267
35800
30043
34664
29668
29445
34963
29560
35752
32591
35453
28579
28236
34621
33889
30997
35565
30693
31134
28843
29991
29000
28488
35779
31623
35504
31062
35702
28528
30540
29143
32467
29955
35713
35644
36028
30441
30804
34228
28551
30089
35278
35644
33735
34248
28858
35139
28841
28230
35855
35736
31235
35599
36047
28975
34964
36024
29996
34644
35914
31238
34590
29442
34787
35938
30146
35618
28451
35657
33928
29788
28466
29312
33962
30335
30094
35472
32316
28418
33534
28798
30021
30196
35517
28323
31725
33665
32058
35099
35430
29832
28571
34202
35710
34502
33083
30807
35637
32472
35722
30130
33088
35984
29542
32763
28364
29255
35690
31874
35402
32950
35956
29085
28552
35288
32355
28461
28896
35272
30991
34582
31927
34892
34683
31016
33438
28368
31922
35894
34733
29282
33550
33633
29635
29275
33233
30462
33913
35753
34581
31590
34145
30069
35934
28527
28773
35431
31102
30291
33940
32296
35984
29211
34665
30687
32803
29462
29647
34912
29355
35815
35152
29539
35529
33858
34822
29451
33017
35578
32518
28459
30643
35138
35874
30356
33941
30729
35600
29962
34844
35978
32216
31880
32581
33348
30759
29251
28801
35441
32715
33945
33912
29219
30205
35704
32974
28595
30704
30535
35273
35643
28922
28621
34784
29474
29160
34573
35582
30191
35705
35914
31385
35185
31611
30464
34363
29864
33902
28532
31745
34479
34596
34223
31750
35045
35005
30266
35052
34284
34532
30671
33614
33464
28973
29176
35431
29095
33724
35431
34273
29232
35303
35913
29223
35714
35585
28519
28161
35655
36108
29275
35372
34009
35893
32072
31958
28733
31355
28294
29271
31855
35822
35868
32361
32416
33562
31941
30661
29803
34964
33831
31724
29143
28244
35839
35579
33833
32890
28536
35770
32187
33226
31055
28957
33152
28388
28531
35533
31532
29008
34186
31950
34168
35848
30395
35218
34469
34602
30771
34521
35070
35230
29321
28501
31033
33026
29646
34620
31701
33704
34404
31108
35373
35157
28593
30915
30976
32468
28662
29444
28866
31983
35513
34516
33094
29308
34566
32637
34309
29802
34681
30073
34058
28977
28362
35592
34366
35503
34627
31021
32998
31992
29134
34475
33441
35486
34100
30997
28369
32301
35631
31087
35984
34038
28733
35913
35230
31533
30013
35488
34462
28454
33063
34463
29845
32603
35105
28614
32097
30872
28137
33046
33984
30548
35575
30785
35831
35935
35170
33823
35909
30279
31541
32945
34880
30780
32818
33148
32729
30459
35392
28505
29281
35820
34514
31774
35898
35255
32949
29365
34069
30150
32027
32002
33894
28832
35746
32994
34963
29195
28241
31501
31477
30232
34630
34387
34905
34193
35817
34478
29536
36046
28465
29140
35578
33933
33846
34330
33965
33978
33752
33668
34617
30404
35713
31616
34054
34599
28916
32515
34123
30631
30762
35836
33536
35273
33367
30625
35242
34032
34993
30892
33980
28642
32366
32012
36090
28420
28452
35351
28825
32778
28670
34955
34675
33963
31495
29576
29153
29464
35881
28751
35778
35650
28457
31458
35878
30484
33833
29658
31357
28220
31020
29279
28637
34932
30915
35619
29702
35816
33196
34994
29775
34744
35855
29017
29757
34988
34424
35826
30799
33972
32942
35501
30499
34764
32592
35410
32387
29423
32078
35277
30862
34547
30352
32569
33602
35691
32813
33621
35907
31814
31169
31755
35482
31029
34527
29744
34474
34039
32710
34140
30492
35124
34238
33411
34578
31896
29086
34424
35692
35224
35101
29479
28328
35202
35217
35689
31203
35791
33623
28477
28274
29498
35552
33858
35351
28481
33232
30244
29330
32541
28698
33407
30698
35987
36108
34309
32214
35580
34153
28406
29052
34202
32683
28478
35127
36082
32662
32072
35217
30390
33144
35888
33004
33369
32551
30852
33357
29796
29335
28347
35796
28607
28420
35043
28890
31078
30950
31357
32735
30000
34512
29279
35175
30578
33767
28518
35247
34161
28354
29755
35242
28624
28332
34997
29161
34282
33933
33399
33925
30023
35619
34647
29199
29782
34466
36092
30404
33498
28727
29354
32035
35931
32059
32329
31808
32944
29079
35932
34983
28898
28434
35343
28933
28434
29416
35403
35155
28646
35487
30643
34311
30175
28398
30039
31125
35811
35892
31377
33332
33901
30619
28839
31087
31474
35569
31220
28981
34504
32093
35229
30607
32027
34489
34389
29932
35528
35941
33915
30233
31949
32134
29194
33259
35894
36119
30223
33363
29151
28225
29179
35528
33533
35827
35473
28615
33282
30412
33257
33606
35490
35518
31229
32271
35526
29905
28439
29388
34904
32249
32776
35124
30436
34299
34538
34055
35415
34554
32062
35705
32007
35920
31533
36159
35068
28702
28886
35045
29281
32674
33969
28822
32446
35338
34545
31990
35861
36181
33765
29083
31393
33433
35963
29546
28437
30201
33943
32052
32526
35535
31799
30974
35447
35759
30037
32934
31357
35840
31541
35351
34584
32399
30783
30063
34779
28544
32430
28804
29489
35857
35889
33652
29182
35983
35987
30290
35637
31835
33839
28636
34799
33585
28800
29007
35264
29798
30541
32394
28411
30095
31130
32535
33737
31579
29953
34414
30282
35809
28943
34589
33424
35475
28502
29933
32056
33029
29635
32394
35686
35564
28952
31974
35856
29095
30417
32286
32575
33334
32673
28798
30308
33580
34393
30069
32069
31690
35929
32356
29943
35275
33599
31935
30353
32137
34692
31066
28491
31706
34509
28918
29008
35567
32155
32171
33845
30654
32109
32176
35382
35504
35683
33885
28579
34055
35689
32267
34834
34249
35007
33289
35720
30743
35194
32667
35103
32042
28922
28535
30772
29014
28594
35139
34764
30829
34055
32621
34539
35158
31532
35204
28580
28801
35290
30311
30883
33060
35199
28624
33424
31144
34695
35770
28470
28886
35278
32937
34426
35876
30952
32155
29215
33251
34700
28640
32607
35976
35972
33772
33508
28909
28405
35096
34687
29156
35202
35005
34214
29371
28875
34071
28985
35701
34347
30825
33016
35456
30165
35574
28458
34078
33746
29615
34889
35377
32946
31112
29818
35836
35080
30783
35735
33277
29866
30629
34088
35894
35829
32746
36068
34674
28573
28718
30623
35057
29164
32898
28361
31253
31310
29485
28351
34370
29424
33414
31310
29973
31064
32092
31711
35008
33713
30412
32743
35941
33217
35200
28863
35344
32359
30937
32136
35914
34683
31136
35419
29118
29039
35183
31589
34954
28616
30836
30903
35353
29579
34930
31956
29140
29163
35155
33280
28763
28293
35581
33507
35981
31160
35639
30913
34849
30248
32690
28731
29399
31169
28765
34511
30660
33032
31201
34884
28593
31678
28381
31790
34210
28493
29106
35636
33113
29593
35538
32443
28909
31967
35271
28258
31324
28400
34688
31624
29903
32590
28708
28856
35290
28790
35464
32606
32049
35448
28705
30975
29266
33222
31836
36020
36113
29614
28130
35628
31457
33239
34087
35908
29259
30885
34967
34564
31344
31098
35474
29627
33553
32394
31948
28833
35879
33872
28366
29347
35079
32158
35800
36035
33091
35557
33830
29598
34682
32094
28310
29771
35408
29542
34625
31698
35826
30803
31017
29991
35746
35906
34588
30432
34158
29297
33286
30868
34898
34368
30696
34206
35061
30754
33969
35318
32695
30732
32516
34136
32151
29337
30898
29564
29045
28506
35438
29579
34933
29190
35725
35864
32149
28383
33641
31434
35664
33317
32345
31809
33389
28888
28311
35376
35340
31679
32716
28814
29722
34710
32804
29195
32319
30475
33442
34839
30162
34281
28496
31580
32659
31977
33469
30585
30069
33538
29229
28278
34438
30272
35718
28402
31917
34803
33477
35758
31973
29757
29274
32667
28477
28194
35799
29184
29563
28455
32173
28195
29743
34612
33813
35959
35110
28608
33719
35910
35181
33489
34873
31399
30021
35241
30266
35801
30408
33272
30165
28606
28333
34390
34357
32015
31014
35790
35462
29571
35698
29566
34550
32811
30179
28745
30019
28961
35723
34008
30000
34340
32857
30380
35162
34855
35677
34165
35141
32446
33093
29720
35025
29958
34543
35279
28541
34778
33928
31683
31210
34281
34185
33652
29267
28926
33924
28499
28246
35926
30724
35662
32065
29547
28488
34184
29930
30017
33324
28396
35095
31673
35683
32531
33983
33036
35335
32800
28422
28364
35861
28855
32563
35658
32806
29577
29371
33546
28751
30545
30404
35245
28520
35159
31818
30179
28357
29022
35565
34673
33913
30029
33145
33461
30950
34430
35682
28490
28807
34997
29842
35624
34961
29197
34933
34096
31409
32074
35160
33116
30845
35474
28926
31246
28549
33899
32267
29198
34885
35540
28424
28897
35348
34928
30604
33047
34784
35788
30281
32228
34553
32034
34940
31741
35377
35585
29621
35361
35500
29995
35119
30625
35373
29871
35917
33064
30563
30620
35816
31949
28848
35481
29495
31327
28516
29348
31049
35605
35714
29766
34951
35841
30760
33662
28817
29472
28973
35271
32379
32352
34499
33683
32743
34354
35352
29372
34341
29077
34728
30114
31979
31155
34605
32166
28921
35635
35117
30017
34420
35829
28463
28331
35726
35666
32525
28612
34033
35956
29319
28294
35122
35845
35599
30931
35128
33608
35924
32448
29573
35604
33458
32909
34047
32380
34648
35237
35221
30405
32569
28359
31371
31302
28294
30236
35721
34172
31619
35577
33407
35444
29311
34466
31720
33040
29791
31588
35445
32486
33329
35772
34972
33539
31235
33340
31277
35827
30453
31467
32054
34872
35880
31158
31131
28314
28698
31152
28741
32449
29381
32979
35010
34613
33282
35873
34572
31825
30020
33353
31779
33841
29019
31686
32369
29226
29750
34017
30407
35605
33153
30019
30715
34718
32377
36032
30475
35543
34369
33279
29558
35734
32214
28338
30731
29013
33787
32796
28316
35799
35637
32909
33204
28593
33816
35748
33083
28596
34436
33817
31033
28318
28874
33902
28443
31296
30301
30427
34403
35470
28456
28335
35942
30892
35475
29748
32758
30550
31715
28419
28471
34793
28589
32046
29951
35816
33559
28677
32165
31521
28542
28763
35596
28633
28304
35519
28945
34687
35919
31187
35741
32986
29877
28431
28747
35121
34598
31289
30360
31860
28944
33232
34973
35412
34862
30517
32522
33720
29225
33148
30101
28476
29899
35462
36136
30471
34462
34553
34348
33055
35897
30171
31944
28798
34363
31010
33962
29604
34608
35169
31856
28501
28739
29778
32697
29507
30527
35607
34576
32682
35305
34142
30684
31052
34282
29304
36012
35056
30028
32383
30817
29304
31299
34573
31669
32846
29512
32559
33356
31374
35790
35824
35308
34725
30398
32731
30144
35011
35365
32832
30459
30572
34977
29933
31017
29384
28549
30156
33827
32794
31330
33679
33378
33406
30166
34162
31991
32654
35458
34459
35244
35119
35266
30543
28610
34761
32998
29204
33270
34357
30705
35431
28442
30853
35686
31257
31361
31369
35858
33138
35148
34783
32674
34739
29984
31793
30657
30238
35659
35412
35965
31342
33542
28848
34155
29108
35452
33711
35223
33498
35800
32726
28868
30717
32764
31201
35326
35815
30231
28391
35412
30331
34613
28630
35512
28791
34929
32473
35801
32940
28814
34452
31524
33907
35937
29560
35140
35004
35787
32649
28377
29455
29798
31662
33798
35162
33434
35012
30160
34367
28700
28722
28416
30076
31026
32358
30268
32093
31357
35834
28594
34137
32442
29614
29415
35539
31664
34997
35377
34575
29522
32036
33050
29657
34955
33960
29485
32546
29145
30021
35021
35364
32189
28768
33586
31721
30956
29488
31446
29494
31071
32462
28583
31514
28572
33017
34047
28810
33438
30194
34899
35797
35980
28524
28159
35524
31670
35816
34958
28682
28728
35701
34126
32098
34515
33684
35221
32072
32420
35559
30312
35450
32424
28262
28511
30500
29838
35171
36094
35329
32062
35379
33761
29696
29394
30759
32002
33163
35604
30236
35016
28791
28925
35013
30084
35912
29377
29412
32406
31835
29695
29370
34781
31523
35971
28630
28529
35623
35054
35684
34448
33243
35300
35793
29357
35858
28919
32371
32594
29845
35668
34233
35321
32280
35714
34041
28334
34056
34152
34065
33330
30194
31737
30961
35216
28431
28381
35242
29655
35864
34689
31412
35383
29727
28595
35571
35725
34163
35165
32746
31816
28292
30822
31236
32071
35684
31588
30903
35702
32179
30828
33307
29156
31475
33091
33615
33665
31378
35676
31033
36045
32659
32449
35388
31558
30221
35460
35540
29643
32572
28325
35713
35149
31596
30795
33817
33643
30225
34586
35192
28732
28351
35252
31156
35744
33824
35229
34434
34419
33300
35593
35509
35656
28695
28279
35997
35569
31600
35939
30522
33370
28581
28843
35685
29730
31848
35638
34834
28404
32066
35072
28572
29244
31136
33674
31287
31228
34064
28791
35020
34846
31405
31139
33136
30237
32095
30692
34312
34981
31611
35667
35353
28739
35769
31078
35438
29817
34727
34062
34700
35113
30753
33403
28765
32119
34067
30364
28150
30599
28547
32537
31923
34620
35361
35495
36034
31908
28862
29137
35649
30130
31048
35699
30574
33024
32143
29316
34488
31509
34246
35689
31367
35809
35678
35726
35252
28879
29950
33386
35367
33821
29133
35831
29980
28736
31636
34422
34471
29327
28315
35961
29961
35629
34704
28438
32917
31234
28326
28242
35468
32823
34375
31347
32636
28394
28681
34819
35833
30533
33421
31824
35192
35083
35866
31466
34389
35006
29327
31260
34403
35054
31305
35680
35903
35555
28511
30957
30982
35186
32463
29129
29576
29319
35519
31377
33006
28522
28337
35750
33356
35765
31117
32286
34881
29999
34442
34405
34081
28426
28815
35591
35775
32533
30806
31866
34381
30988
34452
29383
30094
28414
30032
28536
31585
34972
30204
33646
35501
33074
33748
32620
31683
34641
28579
29722
32722
30230
30529
32803
28532
28843
35443
29376
28470
30658
35366
33849
30911
30058
32982
34499
33292
28393
28330
34371
34743
35672
29509
35356
35848
33795
32840
34000
32199
35716
32144
35833
31720
35460
32665
29927
35976
28537
28138
35896
30954
34878
35992
31261
35641
35933
34620
35381
29887
35795
31744
28861
31525
31839
31798
29524
30577
31346
33976
28894
29212
33218
28463
28952
35407
35901
32366
31008
35480
32027
29676
34408
28979
29023
35863
32402
28421
30544
28799
32757
29667
35752
34118
30600
35506
35492
30280
31163
29012
34249
35074
28548
28135
35834
31086
34939
35339
29182
35441
30117
31110
28290
34285
35494
29790
33045
32925
29693
35903
32017
35424
33898
28620
34912
34013
36099
33688
35858
29488
30858
28682
35712
30102
29604
34101
30549
33602
32300
35631
34242
28799
30006
33982
29057
30876
28159
30874
31345
35297
33780
28510
30250
30780
35331
34867
30643
35523
32715
28467
31795
32254
29387
29184
30058
34316
31498
28530
31015
31592
35549
28340
31381
29353
35521
33770
35953
35046
29740
35191
35877
29453
35257
35311
29344
33409
36016
34491
30944
32820
35960
33061
33379
32649
30469
33902
28676
34264
35137
31522
35692
35370
29754
35735
34656
32743
35697
35189
34142
30218
34375
31578
32759
35749
31567
29967
33345
32030
32251
34911
28614
30297
30866
33803
28615
34338
33687
30429
35299
31128
34327
29678
35170
28993
30359
32330
32268
30954
35605
34669
32986
28470
35265
35909
30369
33834
35682
33643
36006
30306
35665
34635
33994
35849
32842
33547
32622
34156
28422
30120
35557
29382
35704
28459
30604
30134
35114
34080
28876
35735
30173
35816
34010
28941
33638
29924
34937
28693
29039
35730
30111
35814
28712
35142
32459
28433
29069
35705
28529
29893
35786
29491
29388
33027
36013
34469
35706
33157
34923
32597
28757
34050
35670
28633
28591
34818
30867
34663
32327
33079
35963
32928
35501
33413
29477
30488
32600
32333
33942
32866
33406
33792
34363
31595
29148
28288
35678
31783
32018
35867
33461
28980
35766
31381
34246
29187
35072
31576
33692
29197
28588
35785
31448
29453
34677
29242
33218
28798
29364
35393
34675
34164
31229
35518
35973
29132
31201
31245
34943
32687
34120
29821
30388
31141
32034
35755
33863
30377
34632
29991
33966
33991
29998
35330
33770
29457
29915
31038
31639
34592
32363
28719
29449
35519
35439
29095
28508
28416
29542
35831
35472
31550
30366
35967
36143
29261
28329
32864
30360
33127
28854
29734
35806
33690
30509
30318
35997
31804
32060
29291
28354
29695
31486
33791
35886
31925
29163
29157
34974
30380
35474
34863
33638
28436
35114
29563
35251
35387
34984
34866
35171
33301
28817
33587
35785
33069
33211
34758
30480
28522
31660
32280
33895
29024
29784
35644
29741
30613
29835
32056
34187
35515
28594
32858
35852
36065
34565
32160
30760
30980
31005
28251
28640
34264
32706
32706
32706
32706
32706
32706
32706
32706
32706
32706
32706
32706
32706
32706
32706
32706
32706
32706
32706
32706
32706
32706
32706
32706
32706
