9910
34518
31805
30797
28324
29292
33590
35304
28563
30065
29720
32750
32018
35823
31907
28406
34138
29745
35250
29081
34972
30477
35259
29150
28903
28150
28484
32966
34981
29461
34191
33121
29166
31004
35541
29566
30753
34666
35581
29213
34616
32618
31411
29323
34404
29672
35629
33680
32845
28981
33861
35805
32747
28686
33995
33952
35773
30524
31604
31669
31716
28269
28687
30721
29751
33698
33141
35099
28573
28418
35316
32822
34325
29487
31364
32821
35354
28361
32523
34115
34760
33207
29077
28257
28231
35664
34912
28448
28797
31862
28490
29849
35685
33930
29791
29433
33470
28619
30986
28876
29481
34770
29121
35749
32302
31977
28206
31237
31830
28935
28687
32966
28284
30509
30767
28250
32559
30458
28313
29052
31860
34799
35689
29603
31599
35660
29729
31458
34214
28970
31057
31836
35382
30063
29371
28659
29301
29009
33478
28570
28182
29532
32028
31920
33772
30008
28924
35784
28933
29173
28180
30582
29629
28261
34293
34615
35699
28517
29624
28848
30159
35627
29313
35706
30261
34471
31632
31776
29207
35948
31492
33967
35736
29189
28126
28298
33191
28522
28234
35520
32298
35948
28707
34488
32594
30023
31984
29964
32092
28416
30166
35583
29141
35096
35405
30523
28280
33476
28259
28306
32799
33191
28427
32490
29988
29511
28380
29691
34027
28394
29197
30079
30744
28290
33494
35617
29467
28122
29490
30319
28871
29078
29813
28339
28281
35806
29768
30102
29489
30409
28972
33049
31126
35936
29750
32130
29419
30728
28601
31879
30099
30035
30736
28558
28408
30944
32350
28633
28303
28629
28303
32018
31003
29997
28607
28211
28190
28232
32165
30628
28210
34885
29325
28688
28231
31352
28379
28513
29257
35613
28583
32628
33943
34732
35954
28504
29481
28484
28504
33692
31458
28500
28416
28647
33268
28815
28685
34705
29153
28484
31440
35883
28521
29826
28705
34494
29428
35944
30977
32049
29001
28184
33192
28871
28142
28208
30228
33184
34898
34376
31358
35504
35665
30714
32179
32245
28357
28211
28249
30560
35525
28453
32703
29167
28304
28152
31272
28416
28142
28505
28725
28708
33394
35892
28630
35440
32562
34845
28367
29808
28952
28322
28200
30696
28580
35074
30194
30161
29967
28409
28258
31472
31922
30283
28848
28855
28500
28224
28214
31442
31932
30090
29293
29210
28264
30685
34915
31263
29844
29111
28619
31212
29758
28969
28321
30577
35163
29480
28431
28167
28186
29822
28829
28177
29348
28377
28393
28253
28216
28161
31004
29569
32453
34964
29602
29183
29024
28795
28911
28943
29059
29597
31683
31093
29503
29103
29321
29341
29454
29978
31067
30783
30776
30443
30269
31459
30491
29283
28996
29230
29594
30932
31986
29952
29370
29701
31494
31604
30298
30610
30261
30309
30540
30865
31809
29982
30923
31153
30630
30459
30161
30601
30324
31332
31354
30706
30880
30976
29615
29729
31263
30759
30510
30566
30993
31288
30989
31867
31618
30781
29926
30548
31406
29658
30661
31570
30223
30972
29828
29855
31596
32934
30344
30035
30857
33661
30848
31219
31410
30928
29771
31921
31404
31450
31738
31022
30250
30930
32551
31367
30554
30608
31107
31881
31751
30609
33037
30569
31212
32416
31756
31792
30034
30687
32654
31222
32140
30838
30842
32789
32141
32196
30544
31298
32001
31536
30617
32650
31707
32196
31984
31113
32058
31914
30891
32749
31456
31859
30865
31957
31373
31197
32328
32598
32169
31337
32534
30927
31794
32338
32783
31437
31569
31113
33579
32024
32607
31625
31325
32817
31674
32282
31784
31737
32342
31954
32055
32076
33024
31396
31602
31770
32415
32414
32728
30445
31478
33258
32216
31571
31979
32485
32018
31868
33270
31513
32845
30827
31891
32806
32740
31010
32104
30856
33074
31585
31866
31577
32880
32427
31447
32284
33742
30770
32606
32298
32204
32928
31756
32242
33659
32556
31927
33015
32275
32323
32582
32070
31784
32657
32250
32066
32265
32733
32351
32542
31277
32236
33042
32446
32500
31115
32571
33445
31360
32411
32571
32564
32507
32070
33744
31359
32208
33650
34015
33889
31665
34043
32903
32298
33522
31542
31561
32967
32455
32972
33339
32491
32931
33616
33018
32343
32909
34053
31948
32028
33312
33648
31344
32284
33451
32707
33776
30720
32029
34963
33804
33371
32512
32618
33237
32451
32310
33807
31717
32524
33251
32555
32716
34026
31908
34394
31386
32276
32685
32934
31967
33762
32396
33457
32469
32705
33549
32214
33233
33160
32683
33081
33376
33791
30429
34173
34384
32579
33162
32863
34046
35122
28747
34086
31459
33137
33111
32350
32868
33627
32629
32678
32405
32961
33664
34047
33340
31908
33275
33910
32944
33155
33637
33038
33016
34161
33012
33019
34163
33534
32867
34167
32954
33293
32989
33923
33336
33527
33551
32450
34595
33388
33203
32863
34330
34321
33020
33372
32445
33452
34167
33452
33175
31858
33731
34144
33598
33722
33106
34031
33987
33959
34164
32477
34395
33427
34146
33580
34670
33449
32141
32729
34036
34042
33267
33783
34432
33308
32259
34890
34167
34030
33552
34020
32640
34024
33302
35351
32848
35793
32711
35804
32198
31756
30115
28412
30366
35625
34145
34371
34025
32623
34728
33983
34896
34317
34534
33571
34824
33287
32556
34763
34487
35905
28511
29995
28141
31503
35883
32626
31219
35546
31795
33958
36067
29156
28390
35582
32823
32081
35964
33419
35852
32244
30875
30004
28283
35105
32101
29206
35147
35891
33933
35190
33891
34723
35198
34745
34738
34351
34307
35017
34620
33638
33980
33125
34294
34949
35100
33415
34522
34842
34273
34937
34032
35314
34086
34391
34419
34518
33824
34471
33594
33575
34725
34254
34827
32933
35519
34697
35031
34862
34778
35065
34221
35018
33858
34720
33956
34386
34233
33655
34277
34069
34210
34323
31579
34174
35189
35149
35249
35002
34902
34777
33668
35415
34885
35084
35037
35790
34669
35507
34378
35001
33888
35896
31501
29172
35154
35562
28851
30950
35783
32695
35192
35651
31143
29925
29486
31686
35735
33590
30472
35145
35950
28433
31289
32618
34003
34521
35419
34950
34642
35363
35324
35201
35507
35144
35299
35150
35165
35753
34202
35567
35720
28810
34574
33767
35466
35361
34634
35253
34826
34778
35371
34070
35301
33577
35743
34487
31747
28992
29226
33670
35489
34880
34951
35701
35797
34772
35478
34602
35753
33852
33492
32249
35306
35031
35630
34199
35957
32194
34738
35157
34299
34150
35376
34748
35132
35644
33813
35204
35844
28418
29406
32311
35810
29954
35940
31270
34672
34432
35362
35740
35797
35423
36029
32909
31795
29332
28671
32514
35919
32909
33999
36175
31180
35561
35496
35969
35202
32547
28408
28388
34625
35834
28700
28679
34252
33862
34695
34781
34823
35370
34796
35591
35604
31902
28839
31066
35519
35603
35525
35775
35886
35401
36033
32285
34368
32696
31027
29086
31827
35722
33403
29515
35561
35260
28783
32270
33800
35467
34529
35067
35175
35031
35569
35766
35875
35805
35917
34352
35688
35981
29548
28484
35785
31398
34661
35586
35193
35969
35257
32420
28634
33435
35233
30288
31343
35894
34263
34784
32132
35060
33908
28390
34699
28763
32743
35748
35507
35912
34475
35147
34813
34905
35188
29647
29335
29454
35863
33134
34448
28553
33405
32954
28398
29261
30469
31262
35562
35448
35723
35905
35956
35927
36223
35069
34212
30871
34504
33755
34888
35770
35578
35959
35765
34602
30001
29372
35775
34510
29581
30356
35934
33883
35431
35153
35724
36004
35334
31057
33230
28382
29366
33457
35468
35883
34898
34445
30440
29668
30150
34686
31073
35113
28928
29148
28610
35773
35981
34739
32473
35308
32378
28608
35062
34272
32931
35806
35610
35345
36082
35615
35201
35198
31527
28651
35843
31797
28663
35517
35863
34056
35866
33857
32013
34140
34293
35438
35551
36097
34904
31272
32542
35077
35858
35742
36083
35669
36000
33724
30257
33748
31340
35920
34494
28648
31003
33093
34435
32125
35926
31677
36152
29138
35328
35527
36115
35536
31316
28749
30066
35910
33411
33248
28406
33440
35953
34229
33380
31472
35580
35750
35147
35305
34522
30555
35404
35812
35604
34192
35268
35838
30219
30203
29538
35406
35894
35559
33725
28734
31447
35922
33716
28412
35609
33925
35471
34321
35639
35867
30909
34916
35564
35231
29070
35160
29655
31508
35267
35419
35760
36101
33900
29963
34576
32013
28474
35701
36043
34527
32211
34448
34881
34226
29359
28879
30317
31096
35591
35180
36175
35522
35220
34317
30440
35706
35191
36105
35649
35210
36021
36005
30424
29097
35734
35607
34095
30075
30320
32417
29267
30274
35851
35596
28520
34287
31119
31354
31116
35613
35384
36071
34985
29915
35756
31650
29340
30672
35770
34044
33946
28779
35434
34876
36145
31601
30545
30324
35308
35426
35865
34236
30656
35522
33130
34925
35477
35842
36039
35923
28367
32094
35777
35677
29978
31508
33231
35829
34926
34120
32208
29292
32608
35695
35996
28475
32903
28723
33851
35855
34229
33806
28519
31928
35945
35811
31571
28516
31430
35748
34316
33758
29629
34137
36020
33478
28527
33242
30726
29377
34820
35892
34453
34669
32213
28883
28430
32289
28990
35804
32932
28739
34529
34748
33207
29041
35428
29441
29202
28724
35650
35909
35152
33939
28487
35601
34912
35826
35463
30353
35921
34489
33958
29080
33226
28453
28670
30181
35891
34843
34401
29814
28432
35198
35174
30019
29348
31878
34552
35939
34760
32778
30684
34886
36066
34296
31187
29118
35544
34391
28383
33255
28484
32674
29199
35864
31990
29126
34587
36022
35486
32107
33773
29963
30512
35861
35051
35009
32212
35826
34220
31619
29614
35923
33517
28704
35360
35001
28656
35690
35325
28555
35665
35036
30664
28477
34818
36104
33419
30638
32758
35504
36043
31842
28532
31468
35351
35635
30131
35741
35757
36069
33453
30328
35579
35453
36092
35947
35500
31729
30487
28811
34022
35943
34200
29178
35749
33488
29358
32255
34931
35942
35694
35785
35925
29912
31940
35318
35385
35635
35918
29428
32952
35203
35654
34752
34529
29775
34684
35957
33932
33754
28455
33747
35745
35940
35999
35868
35659
33708
29704
35741
35168
35015
32661
30674
35808
28432
35762
35879
32499
29330
32168
35525
36052
35866
35981
31992
29206
35538
36049
30526
29019
35893
34871
31032
35284
35843
33016
35973
32739
29879
31621
29464
33689
35951
33143
35653
28490
31851
35922
34990
31618
30644
35748
35849
29057
34693
28404
34485
33686
34110
35772
35149
31186
32840
33234
29886
31517
35785
35965
35977
31552
35864
35658
33995
29316
35656
35063
29158
31377
28318
28207
32059
35445
33989
30254
29566
28315
35886
34890
29517
28972
34623
35192
35350
35773
35285
34053
29059
35162
33142
28911
32857
29903
30847
35762
35083
31116
35166
32178
34202
35679
35968
35463
30817
35576
33910
31041
29620
32369
30026
35818
35341
31716
28194
32566
35918
34703
30184
34597
30608
31617
32146
30249
34658
36080
34788
33912
28870
30246
31718
35963
32486
36034
35399
29954
28178
35689
35720
28877
33832
28307
28299
34756
35066
35506
35946
35814
29448
29582
33639
31264
34464
35904
35504
32682
29042
30265
35895
36030
33516
30605
32507
33445
35038
36130
34594
32806
28380
33832
35839
33084
28845
32312
30682
35331
35689
35732
35716
33672
29055
35853
32506
29180
33245
28852
30732
35958
35173
28387
28372
29622
35934
35600
28712
34309
35106
35009
33474
34318
35161
36139
33362
28444
35850
33462
30242
28817
30192
31599
29672
31197
29355
35624
34490
34230
28466
34316
35207
35741
28394
32549
31635
35507
34962
33667
28685
32472
32062
28537
31738
35887
35113
33084
28365
31005
30282
34918
35937
35142
30171
35149
35980
33790
32640
28929
35480
35787
28756
30099
30939
34418
36073
36043
28703
28487
32838
34272
28492
32934
30173
28529
35071
31353
34604
36007
35430
31045
34807
35471
35676
35449
35169
30718
34444
35670
36051
30788
35822
34366
35342
35401
35660
33091
32466
35219
36101
35873
35344
29970
29429
30881
29364
34211
29775
30662
34359
35647
36075
35923
30510
35224
35686
36012
35892
31033
31169
31732
28522
31392
35792
34949
28498
28415
34525
35621
29532
35208
34429
29762
30668
35495
34909
30619
35809
32571
33973
28347
29665
31474
34010
35880
34148
33114
28347
34654
35938
36059
35634
31477
28699
34201
30203
30298
33576
35724
35900
31028
35046
30448
35195
32760
28395
28601
31873
31030
34649
35906
34691
30866
31722
35842
35945
36015
28351
31169
35770
35962
35767
36067
33965
35648
36011
36036
32148
33993
35399
35886
32935
30924
30615
35562
35622
34675
30999
28711
34926
36035
35941
33617
30539
35683
35775
30546
29055
28325
32410
35820
34269
35959
33192
29704
35480
35969
33578
29198
34558
34077
30830
31999
28692
28733
28221
35086
35984
35327
29689
34087
34429
30103
30356
29704
34303
29191
28522
28297
33141
35869
35272
29331
28582
32745
34476
35167
36114
31261
36031
32927
31869
35962
33312
29516
29652
28287
31978
29450
34832
35980
34638
30426
33709
32678
30331
28594
34173
35913
34691
32338
35620
35291
35263
33682
35612
35229
29360
29389
31862
35886
35232
35556
35972
36000
28538
28449
35681
35348
35490
35669
36019
35673
35261
31478
35156
29936
31296
34172
36085
32698
28521
28539
29982
35606
34342
33723
33173
28401
30569
34633
35805
36125
35514
35801
32872
28919
35340
33705
29229
34732
36116
35950
29053
34634
29430
30288
35921
34952
28974
30948
30473
35725
33889
35987
33505
28505
32102
29251
35818
32488
36020
35153
29528
32404
35269
33967
28994
29236
29594
35273
33099
31797
35922
34250
30276
34835
32306
29876
31088
35619
28966
29785
32429
30716
31620
35469
36085
35161
30735
35776
32498
30377
28799
32987
35957
35872
32299
29420
30382
35887
33366
28413
35789
33536
29966
28913
28229
28983
31966
34753
34675
28643
35183
35785
35291
29259
30750
29695
35468
30997
35238
35831
35167
30282
33750
32088
34897
33737
29733
33342
31052
35513
35402
30050
33126
29367
34296
28434
35298
33977
35251
35979
35386
33007
35819
33213
35802
31382
33710
36062
34754
28676
34332
35975
35344
28910
32383
31969
30090
28482
32207
35821
32150
31713
35353
36128
33521
32981
36081
34382
28810
34663
29932
28519
28208
28104
28667
33588
35907
35459
32592
29153
35517
35799
28620
28305
29469
28805
29885
28585
35156
35226
33829
31173
34885
35968
35347
29220
28965
29257
35556
35927
31924
35436
35147
35909
34362
32112
28311
35625
34412
33592
28783
35815
35499
32846
31120
35933
34086
29290
35498
32926
35066
33564
28503
28848
33919
35344
36016
35324
30120
28326
29790
35497
35921
34154
31755
30697
31947
35654
35670
28890
35428
36063
33824
29061
35159
35821
34386
31673
28266
28319
34105
35632
36008
34372
28748
35822
36042
34636
35579
28738
33956
35991
34862
31274
34986
35908
35184
35903
35944
31068
33901
31517
31249
31801
35301
35694
28589
32851
34602
31266
28329
32953
35889
35646
28419
32464
30020
34970
35873
35777
28420
35781
35472
36040
36176
34849
33678
28663
32685
29102
32683
36095
32966
35841
30915
35317
30904
33827
35876
34911
32336
28524
34389
35533
35906
28650
35706
35217
32365
29333
33449
35906
35514
32085
35844
35447
34548
29041
32081
33027
35181
36085
35107
29621
31186
29718
29111
28246
34872
36100
33833
28365
29111
34267
29898
35963
35788
30525
32790
29282
31096
28384
28273
33727
36014
28363
35875
34987
35957
35341
30718
32309
35622
35906
32286
34744
35987
34214
28873
34526
35092
35925
35174
29787
34208
35680
35399
33739
28498
35580
34625
33328
28948
35949
31818
28336
34059
36000
32093
28680
33579
35606
34668
35229
32654
28516
35759
33876
32931
35781
35346
28950
32450
30215
35169
35404
35171
34513
29248
33548
28940
32468
34075
36101
32228
29203
34063
35912
35091
35252
36038
32457
35704
35982
35360
31552
28434
29325
32090
32881
35194
36008
34535
29152
35715
36090
29264
35598
33926
35947
35117
30746
30391
35976
33847
30314
35857
35352
32281
28937
31968
35953
35719
30033
28425
32650
30217
35972
34498
28372
28400
28558
29295
28558
33676
28787
35311
35455
35533
29927
32833
35626
35226
32564
35832
31326
28958
35693
35872
30427
30739
33622
34971
36050
34979
31456
35771
35577
34255
30263
28873
30396
35233
29812
33116
36106
33406
28334
29767
35089
36058
28386
29263
34182
35924
34875
33212
28753
34259
35215
36010
34089
29409
33116
35303
34959
32586
28296
28340
35856
35579
30435
32342
28641
35697
36029
34768
32826
28569
32436
35839
35080
30882
29996
35518
35881
29722
34439
35610
35807
35199
33974
28592
35914
33261
31350
29632
35724
35275
34992
35145
35459
34822
31444
32523
36033
34949
35248
29584
29165
30522
33144
30837
32327
28513
35106
33870
31660
29367
31021
34412
34832
29941
28228
28496
35447
35579
30557
35606
35746
32538
29089
34411
35621
33875
32127
29675
33143
35673
34924
33077
35084
34790
34976
33018
28446
35327
35608
28663
35267
35579
35949
35746
34904
29836
28239
28347
33286
35861
35316
29968
35848
34712
32554
28373
31038
31282
33177
35845
35074
32900
28668
35395
36022
34640
29382
35584
31045
35342
35046
35164
36003
35505
32216
28450
33956
35947
34844
32021
30172
35709
34729
33645
28544
32994
29862
29265
35320
35925
28813
28454
32867
29231
32242
35905
35552
30297
28568
30120
28924
32028
34106
29891
34767
35866
35263
31563
30026
35878
34406
29448
30754
32189
35657
35879
28675
28336
34901
35701
28428
29627
35425
35900
34779
30215
28685
28225
35746
35989
28354
35725
33489
32166
35301
34303
29289
32707
35114
35934
34579
32981
31780
31963
35372
35628
28511
32834
28802
34850
35860
34726
29224
30075
30898
35687
33550
29992
35197
35707
33653
32108
28505
33888
35982
33616
28836
35852
34595
30521
32395
35772
35899
35868
29195
31588
36008
32765
35349
30628
29042
34763
36068
34700
28448
34781
35869
33496
30513
35072
35049
32938
28566
33525
35827
35199
29727
34366
34812
32426
28387
31313
35957
35581
28650
35609
35836
29982
29314
30163
30212
35604
35996
35738
32210
28727
29617
28393
31361
29366
34796
35698
35922
30536
35553
30193
36014
32136
30034
31566
35548
35901
36088
31875
29958
31706
35663
35840
29103
34646
32898
29972
34828
36112
35037
30156
28878
29715
35238
29360
34705
29186
32443
35269
36050
35881
33231
29592
29302
34681
36099
34218
28419
28436
30010
33070
30659
35439
34211
28735
28731
31548
30393
34684
35854
35875
29914
30102
35642
35455
33498
28424
33407
35836
35237
30044
29647
33186
35590
34087
31940
32312
35345
36011
35493
29178
33665
36004
35610
31782
35273
36029
33345
28462
32644
30094
35884
29551
35671
35987
36078
31466
34871
35508
35880
36005
34854
31928
28427
28374
31174
32670
28487
35555
34525
33920
30761
33084
35258
36076
35366
28484
30127
33063
28631
35669
32246
28570
31996
35284
35836
30388
35024
34118
28436
30647
35224
34740
35765
35676
34756
36117
30884
35829
35692
31802
28341
32297
35778
34326
30615
34070
28318
35787
35326
32695
28290
32914
35564
35686
34940
30660
28631
34909
35741
30210
28320
31745
35763
34068
33201
28351
33427
36092
35295
29049
35999
35145
32799
32289
28296
33779
35972
35093
30942
35741
30681
35410
36133
36008
30397
33092
33755
30026
34021
35879
36000
33325
30776
34558
35985
33328
30386
33002
35068
33946
35857
34055
31973
28311
33823
35912
34324
31281
30991
35665
35654
29946
35285
32858
28725
35687
33266
29325
28408
34755
33599
28579
28605
31611
35393
35521
28715
35819
33546
29733
35829
34331
35969
33738
28439
29900
29373
35147
35774
35774
33982
28924
29600
28326
29531
35465
28369
29934
28300
35459
35437
35925
35267
28608
33290
35784
34582
33701
30703
30201
35718
35439
29805
31796
35795
33511
32162
29462
32033
36021
33382
28651
32514
28346
32333
35408
35752
28701
35276
35561
35441
34629
34886
35988
33679
28534
28758
34840
31549
30871
30675
33006
29161
34439
35937
34159
28235
32714
28371
34936
35189
29903
34168
35920
33790
28663
35860
33305
28422
34105
30931
28497
28224
35681
32961
35649
35704
36038
35249
33340
28557
35457
35248
36054
35869
28653
29111
29430
30899
35715
35637
32140
34456
34931
35902
33753
32578
30892
28815
35847
33079
28374
29876
30930
35401
36024
32073
30243
31031
35761
34705
32669
28645
32217
36025
34441
29849
28938
29585
28423
28382
29577
28972
35433
35997
35948
35548
28767
35622
35924
28710
31576
35872
35166
29253
35854
34135
35840
32325
30404
33912
30490
35228
34158
35918
34651
31386
29403
35681
35560
30294
31638
34277
35512
34618
32003
30432
35510
36027
35791
31349
34366
35753
34934
29557
34797
35541
35861
30434
32611
29286
28947
32832
30742
35657
35068
35788
35648
33658
28946
32858
35740
35856
35183
29507
34714
35465
35712
28423
32139
35946
35233
30587
35811
35217
33813
29254
33973
34730
34770
28617
32553
32156
35962
34715
32752
28279
28517
28550
29391
32139
34608
35967
35673
28925
32662
30005
28337
33454
35886
33133
29027
35033
34110
28486
34021
35973
35656
32534
35168
29378
33875
35833
34099
28554
35693
33849
33633
33920
33970
28943
35704
33563
28694
35825
35099
28553
35764
35031
32191
32599
31582
30556
35517
35992
30544
28831
35909
35037
31321
35514
29520
30258
34158
35072
34313
30578
30772
33481
35946
32920
35986
34528
28548
30121
35835
35097
28450
29441
30651
33759
35772
33838
31184
33970
30436
31119
35254
36108
34692
29334
32080
34762
36007
34554
29095
30227
28818
28645
30344
30760
35695
35945
33978
33335
28831
35750
35533
33346
31472
35947
34421
30547
30039
34052
35964
34758
30137
28508
35789
35265
36022
35710
28627
33506
30131
35940
33878
29130
35065
35928
33101
28782
28387
35470
34048
34359
28537
29108
35607
34629
29659
32341
30777
31167
34968
36090
36042
32301
35284
35004
36014
36193
36090
30626
29406
35572
35854
29784
28369
28336
28615
34583
32718
30164
32303
35864
34620
29967
32465
31157
28619
28622
34165
28360
35569
35502
36114
35893
28374
34216
36003
33507
29767
35703
34863
32614
30405
29975
35945
33573
33212
35711
35761
35934
32539
34496
35947
35862
32158
30250
30522
35784
35845
28731
28364
31708
28415
28730
32130
33456
35753
35281
32702
33430
35927
35316
33369
30892
35625
36001
36067
29407
34789
35740
34488
29805
29288
35829
31898
30008
35679
34764
33901
30852
32700
29376
30342
36031
33771
29615
35896
34321
32525
28757
33908
35792
35935
31392
29040
31939
35881
36017
35995
29888
28214
34261
29507
29717
31504
28251
28488
32625
28780
28347
28282
34302
35840
35502
29835
29714
32869
34715
35923
35704
28961
34024
30719
34933
32402
28620
28629
31437
31952
35806
32182
31453
28391
30679
35421
35880
29649
32848
35968
31359
35830
34716
33795
31337
35540
34958
33683
31719
35496
34706
33443
28689
35452
35876
36198
36080
31566
28918
30734
35924
33834
28459
35936
30440
35839
35894
36032
34663
29424
32387
35387
35888
34681
28544
35605
36237
36069
35717
28515
28695
32983
29670
34917
35652
32129
30759
30413
35811
33666
31981
29021
30454
35678
35577
28936
28967
28297
29126
35259
35508
36095
31701
35685
32491
28467
28430
30927
35653
34738
33713
35666
36131
35284
33658
34351
30407
28573
35764
34030
31160
28386
34932
35758
35913
31659
31433
35833
33069
28301
34124
36144
31953
28262
33316
29491
34697
35890
35027
34552
33135
30222
31111
35906
34792
33554
28745
28416
35676
34704
31936
28314
33742
36033
32886
29401
28646
34025
34807
32392
34513
28809
35712
34429
29633
34228
33762
29588
31119
29974
28640
33472
31919
29750
35388
35913
33271
35851
35091
29149
34921
35952
32548
28847
32748
35824
35309
30204
28290
36073
33451
35893
34252
30363
34796
35731
35709
35800
35874
28587
32939
29539
29806
32218
28992
34525
35504
35579
29800
29455
34016
35980
33613
28710
35923
34138
32338
29683
32768
28748
32795
35923
35018
29280
35682
35666
31488
29165
35332
35488
29702
29450
28268
28425
29352
33750
33198
29319
31039
33215
28202
35606
34855
34304
28791
35137
29714
32044
33975
31313
30551
35857
33350
35763
33848
35757
33836
35928
35229
30739
35587
31949
35761
33438
30526
35362
33453
36111
32190
28795
34977
36105
35772
35056
29310
29469
35515
35818
28933
33688
35808
35256
28735
29353
35277
33867
28752
28554
33914
35824
35594
29148
32536
35210
36001
35740
28365
30221
33618
35802
34673
35899
34381
28648
35788
33405
32319
35895
34660
32895
30079
35835
34062
29212
28558
33215
35704
35048
33191
28414
33606
35861
34870
31456
29953
35855
35681
35145
33609
30870
35624
34974
31836
31131
29988
34761
36004
36107
33558
29650
28752
33752
35989
33662
30595
32581
30658
31091
34648
31385
35741
32573
35874
35145
31494
33326
36081
34552
33022
29985
32067
35842
35117
31676
33126
35772
34877
29563
29783
35439
35888
34216
34174
35910
35082
31779
30883
35927
34349
29658
35292
35517
35839
29124
30134
35914
33837
28839
35699
35595
28608
29213
33183
34613
31087
28650
35278
35997
35996
35044
29376
32033
30348
35959
34350
32058
29859
33130
35791
35482
32371
28341
33224
35525
35013
30127
29339
35829
33589
29510
29789
33370
35796
35487
28494
28310
31072
35362
36000
36117
36011
28720
28607
34918
35423
33423
34666
35896
34216
34206
28437
35476
34138
32570
28437
34776
35922
34191
30118
29215
32696
32767
34269
28621
32539
35934
35756
30774
34020
30307
32181
31130
30484
35829
35305
33434
28403
35887
32278
35501
32465
29934
35404
35806
29024
34228
28693
28397
32285
28837
35769
32661
28430
34615
35770
35747
35378
32015
29287
28340
32775
35563
36065
30752
33963
34285
35742
34250
34908
30872
35332
35560
34549
30195
35268
35785
29392
33018
32259
35928
32576
35852
32655
30621
33172
30069
34914
34953
28587
29308
29399
35098
30540
32810
30669
31477
34225
31953
29607
29108
35427
31410
30126
35849
35515
31619
35897
35470
35294
34523
29211
35532
28369
31764
33588
34963
35835
34164
34031
29151
35814
34000
31275
35653
35332
34393
30280
32516
31715
30648
34225
35994
35002
31773
35863
35154
32935
29756
35516
36124
35962
32448
32645
32359
35682
34530
34220
30210
32651
28364
34437
35953
36149
35840
34969
28937
33954
35243
35968
35913
31545
29769
33136
35337
36086
34288
29914
32473
28861
34302
35921
33879
28342
32018
30816
30573
34739
35988
36011
36049
35184
33840
28654
35547
35427
30238
28294
35692
35309
34506
31726
28558
35304
35090
30784
33450
31523
32238
35888
34122
32492
30800
35934
33491
30955
35759
34358
35034
32638
28457
33950
35239
35757
35743
32976
28576
35594
35924
30221
32454
28356
35235
28451
33509
36009
35184
30355
29037
34187
31836
30272
34667
35988
36145
28601
30356
34544
34348
35951
34419
31025
31142
35773
35588
28441
32262
29083
30906
32802
35672
35400
35730
30261
32618
34810
36124
32080
29888
35547
36100
30067
28553
35768
35008
33387
33630
29448
35355
35754
33608
35955
35823
34012
30956
34592
35958
34604
33872
28482
33164
35944
32840
28391
35855
33648
35846
30603
31994
35162
35925
34991
28364
29480
33238
34909
36031
33241
30537
33007
30040
34315
35754
35708
33761
35921
36000
29075
35045
35922
36083
28501
28388
35740
35123
31069
30914
35486
36038
31240
32686
35651
35720
31286
34565
34801
36044
34776
31016
31050
35329
35890
29447
32965
28712
35964
33069
28411
32410
35730
35774
29764
34522
35950
36237
35853
28453
29552
35484
35412
34256
32335
29190
33757
35838
33342
28634
35359
35237
34610
36017
34941
28962
34292
35254
34532
29017
33760
35839
33939
32839
28550
29627
28614
35468
35106
33289
34843
35998
33183
28661
34165
28830
30415
32248
28385
32213
35810
35641
29508
32716
35355
35972
34829
32526
33398
29822
30858
35545
36062
35897
28422
31211
29492
33379
28461
33033
31143
31986
35892
32927
33959
36002
34600
28959
35695
35627
32460
33078
35688
32581
29382
35453
35332
29185
35859
33959
28372
35786
34020
30869
35165
33706
35737
34524
32263
28430
32102
35775
35376
28626
35413
28397
28238
34901
36206
35720
28634
35980
35285
34114
30254
32042
31370
30776
35517
34950
34491
30240
28513
28922
30881
35245
35423
33730
28718
34274
35997
33179
29448
34554
35627
34856
29881
29264
30295
35353
35995
33830
28887
35877
32580
31715
34714
36002
31739
36140
32258
32770
29847
34200
36047
34292
29627
35347
33433
29868
33629
35891
32825
28293
32792
29076
34346
35985
34994
31143
35404
35949
35907
29923
29712
35478
35110
33384
29380
35649
35800
32011
28459
34423
29989
35054
36013
33294
30782
28755
32410
31747
30262
31107
35454
36048
35869
32520
32137
28921
35790
36119
28459
31553
28393
35556
32367
29347
30552
34350
30926
28806
34654
35847
35038
30111
28479
34733
31930
35372
35095
35366
35486
36057
30707
29681
28542
34244
35911
35656
35869
32959
31152
35848
35049
31167
28213
32641
35540
35560
31906
35499
31723
30352
35663
35308
34431
29437
28723
32273
29951
31619
35793
35464
32632
28648
28203
32303
35759
35644
29324
30742
29831
34862
36038
35961
28427
32326
31381
34911
36033
34184
31240
29397
35607
35677
35817
33441
34329
32226
31562
28368
31859
35355
35256
32956
32453
28424
34421
36060
33662
29713
32149
35273
34983
35023
34816
31686
34447
35354
30722
35702
32863
35419
35612
35498
33387
28550
29703
28759
28621
32586
36013
33906
28407
29494
29911
34931
35981
35448
30376
32140
34601
31566
28250
34358
36090
33328
29280
34836
35938
35873
33927
33714
34757
35645
33682
30865
31851
35673
36061
28789
30336
28406
34410
35839
33985
29130
35779
31894
30005
29105
35580
34818
31444
33538
35982
31514
29099
35586
36031
35873
29320
28804
31301
30764
35897
33102
28447
35880
34787
29651
35892
34704
32237
35853
32000
31519
35822
36071
35728
33182
35492
35752
34201
29580
31413
35813
33251
32450
32959
28509
34184
35946
34746
32024
31813
32795
29639
33651
33297
35709
35759
31135
35943
33617
33251
28475
29482
35704
35192
31129
31340
35536
36068
29618
28706
28628
35901
35146
31844
28250
33408
35879
35285
28479
30308
35867
32764
28620
31378
30523
35743
34322
35971
35070
32964
35209
35997
34859
32110
28766
32179
35398
35816
29198
32170
30303
31996
35789
35139
32985
32806
35686
33986
32628
29221
34333
34885
36071
34494
28558
35804
34005
30998
35016
31229
34683
31870
31184
34872
35972
33049
30647
35603
34329
35371
36018
35763
36107
32591
32191
29598
34188
35957
33375
32117
30671
35909
33736
29248
34630
34435
29051
33947
30886
35273
33466
28966
34113
35911
34107
32508
30061
32429
35897
34762
31377
34853
35645
34941
30731
34893
34084
35818
35158
30464
35834
36011
33665
28332
33487
35353
35280
32350
30066
35792
35125
29377
34103
35990
34666
28638
35215
35919
35872
29032
34447
33519
32954
35808
35477
29327
28507
28285
34710
35989
34822
28719
29081
32450
30205
34818
35377
35243
35873
35496
31230
35706
34472
35299
35939
35536
33400
28646
31334
36094
35898
30950
31054
35463
35829
28609
34815
35955
34554
30200
33966
30904
34923
32047
31105
31232
30160
31771
35550
36056
36016
34932
31722
30932
34807
30597
29332
35110
36167
33700
32131
36017
34776
30298
32182
30114
31437
35735
35838
36149
35740
29230
34979
31215
35510
31644
35951
35549
31525
28212
34419
35962
35274
32633
28394
34684
35906
35899
28770
32071
34782
36099
33621
33205
31467
35888
35322
34396
30895
35455
36162
32170
35851
35271
35973
35529
28615
28843
35729
34724
30939
33429
35825
35381
28704
33640
30576
30193
34542
35706
33979
33109
28247
34096
36141
35087
29711
34250
34476
28583
36028
36209
35982
28439
28354
35621
28999
34231
35952
34797
30203
31381
30741
29317
32749
28420
33702
35915
34750
34671
32114
28467
28546
32682
29168
30591
35922
34994
31326
28355
33737
35909
34434
28466
28202
34010
35973
34455
36011
33093
28870
33231
28506
31343
35811
34147
29692
29074
28541
32076
33696
33901
29592
33180
35941
35461
29619
30743
35524
35913
29613
35385
35534
28515
31550
35352
35651
33170
29371
35718
35674
33886
29415
35495
28452
28270
28425
33041
32719
35858
33161
28639
34712
36049
36132
36022
30682
28568
34668
29487
34200
35419
32212
30094
29543
35557
35452
30850
34549
35599
34006
34382
29180
28632
34385
29258
28982
30778
35236
35203
34636
31846
29449
35651
35883
35741
31593
34646
34784
35273
34230
29126
35154
31672
35748
35161
32776
29440
35958
32238
29262
35449
35582
28735
34750
35875
33127
33140
35993
34275
28925
33981
35414
36069
35160
31534
28409
33875
36067
34021
28855
30222
34815
34043
28500
31491
35698
36009
36085
30135
29983
35787
34406
33458
28935
34105
35952
36236
31491
29170
31310
35659
35963
28370
34091
30310
31949
35909
33520
28551
29939
35489
35844
30167
33100
28547
30556
35788
35281
31057
29513
35880
34750
30576
33258
28350
31947
29039
32762
30602
30888
34714
32592
28431
34876
28957
35745
36007
29038
35531
36040
33220
28483
31354
28394
33095
36086
33600
28506
35178
30899
35547
32091
28778
32735
31982
29860
34633
35630
35792
34637
34810
36089
34001
29566
29926
30342
33379
36046
32572
35685
35984
32216
31450
28860
31238
30019
34128
33977
28517
33362
35889
35124
29868
28230
35560
35962
30420
32010
30471
29934
35823
34952
29427
28736
34437
35961
34136
30180
28400
34893
32697
28389
30045
36112
34545
31516
28302
33806
35965
35035
32168
28373
35873
31954
31476
34198
35901
35082
33170
32919
35610
35969
36041
28417
34495
35175
35533
35330
33983
31582
35056
35841
35288
29546
29709
33728
35704
35870
28633
34071
35900
33232
28496
28468
28857
35505
33809
29902
34697
36061
33745
28506
32877
29641
29997
35836
34801
31022
29749
35648
35918
30658
34251
34256
34042
35376
35457
36052
34341
28395
35649
33270
28915
35923
34674
35904
35536
32796
32771
35679
35310
32470
31248
28437
31006
35194
35712
29102
35082
33049
31285
35247
35878
35969
34010
28765
34675
30017
30813
34196
35952
34483
31918
28884
31084
35517
35926
28509
30787
33667
34227
35537
35992
36139
36011
30829
35814
33022
34926
35897
33536
30474
35694
30078
34120
34815
35948
35878
28912
34250
34031
29522
34420
30211
29223
33950
35696
35877
29444
28417
33553
35947
35995
29678
29070
32273
35332
35381
29887
34944
36124
34729
29663
33201
35569
35583
29164
34252
35900
32917
35730
34622
33953
35505
34893
36086
35534
28920
34351
35613
35408
34692
29571
35991
31618
35775
36004
36153
28564
35572
33909
28494
34998
31230
28944
32632
34149
30869
32178
35855
35255
33921
30215
35923
36081
34878
30790
35628
35445
30271
31751
30090
29914
28347
35536
35618
29600
35760
35219
32764
29049
33447
36032
35057
29904
33633
28579
31094
35536
35564
28969
35750
31938
32027
31281
28335
32194
35903
36000
34708
29323
35722
33637
30620
35531
35683
34959
34099
34495
29338
28259
33041
30941
33280
35769
36069
29924
28373
32699
28674
35541
34404
36060
35144
31034
35969
35157
28455
35220
33805
28900
30156
32948
28441
35696
34481
34171
30275
34279
35709
35231
28511
28504
29595
29028
31408
35156
35407
34736
32527
28485
35883
35848
34384
29667
35409
35121
35468
28951
33732
35957
35230
29699
31240
31890
35866
35946
28997
34373
28450
29151
32858
35961
34421
31561
34204
34901
36141
33899
28483
34054
35930
33424
29282
35436
34895
34054
28738
30391
35502
35111
30969
35861
34417
34688
29545
35785
33760
28524
28717
29759
35288
36083
35538
29042
29268
29122
31917
32388
35313
35370
28513
28364
30014
35800
34896
35725
35829
28914
34206
30473
32706
36008
34309
30860
32990
35867
34455
28394
28314
35767
32746
28336
32325
33408
28509
33151
31399
35000
30970
35541
29255
33398
36067
34102
31107
35748
32779
28490
32413
30687
35881
35032
29740
33040
31466
28385
35495
35136
33522
29499
30962
36013
35072
30626
35367
30779
28452
33891
35865
35993
31213
35866
30028
34306
29137
32885
35475
35638
35043
32128
34295
35668
35430
35872
28561
32471
35960
35133
30355
35291
35943
35444
31759
28503
30337
34846
35679
35925
36018
36045
28945
33454
28569
32870
29195
35787
32873
28432
28731
34356
30022
29254
33381
28903
35024
28572
34402
29608
32668
28699
32655
30170
30209
35317
35699
35113
31785
29267
31699
35929
33938
28680
33167
35207
31275
31389
35209
36172
34156
31020
28803
35689
34267
28618
35772
32936
34705
35900
35190
30579
34301
32627
30438
28303
30709
33894
29459
34510
34079
28419
35591
34111
32057
30996
29773
28560
29188
35636
35173
33165
34676
36091
35185
29857
31937
35510
34289
34790
36114
35598
28993
34280
35983
34462
29646
30832
34629
35422
35201
29537
35616
34309
35745
35941
29492
35706
28654
35200
36090
35374
30886
33653
34109
29111
29094
28267
31796
31721
34641
36072
33966
29510
35389
35476
32176
28407
28320
32579
29289
35746
34182
29464
35081
34587
30869
33165
28589
33019
28282
35347
35959
34976
29828
33696
33954
31388
31292
28473
28962
33247
35495
35864
35489
36073
28361
34785
29298
34749
36161
36059
36091
31361
30250
33340
29620
29815
33625
30685
35753
33898
34258
35134
36053
35035
30036
28771
35471
34951
36038
35508
35989
33169
29324
35985
32666
34304
36097
33190
35296
30219
33540
28523
32578
29530
30065
35770
34575
30583
33216
32064
33982
29503
34617
31205
35538
35738
35704
29916
33422
28919
32690
35785
35253
29690
32169
35963
33627
30537
34580
35614
30213
34022
35901
32195
29074
34206
35984
33854
31791
28339
34556
35636
36094
29426
35811
28443
28891
34669
31502
34816
35817
34633
32943
35878
34801
29856
35186
33496
28398
28657
30947
35153
32214
31195
35820
36143
35959
36061
31470
28394
30521
34852
28683
29329
32115
29071
32410
35867
36001
35831
35270
28471
33692
32607
35526
35773
35614
33938
28468
29009
29339
35794
35438
31139
35634
35409
34972
32266
35627
35720
33690
30045
28462
31959
28482
32632
31712
29355
32010
35869
34608
29716
34029
29571
28355
30377
34812
35542
35709
28539
28270
29890
33128
34818
36020
35038
30482
34277
31711
31844
35801
35945
35335
35206
35803
36079
28579
33511
28455
31751
36037
36213
36076
34629
29863
32654
31044
31171
35413
35966
33942
32120
30062
32487
35979
34701
34317
30659
35654
28839
29101
29898
35707
34290
35980
34284
28717
29215
28566
29833
35767
35251
32919
30254
32476
35835
34949
30823
35382
35919
32754
35582
36121
30768
30393
30575
35824
32719
28675
35080
35943
36141
28750
32430
28736
35545
36032
35970
28369
28162
30078
35697
35921
28646
32073
29397
32400
34457
35874
34054
33697
34582
35697
35240
32233
30636
35872
34418
32614
34010
35813
34674
34257
30021
35769
32305
29424
33303
35863
36062
31367
33979
35571
35839
34567
30612
34670
31450
32164
35891
34435
31602
28455
32855
35818
36102
33930
35447
36091
35989
28539
35525
35729
34408
33663
35887
34908
32735
29444
35935
34748
30577
35515
35828
30057
35873
34431
28568
30742
29420
35754
34987
30966
35401
36013
35833
29028
33445
35323
31807
35910
35316
30961
35474
35676
35547
33284
28619
35785
34189
29325
34516
35729
35800
29476
28553
32654
28416
28750
33170
35553
36110
35738
31696
30780
35561
36083
35970
28494
32720
28311
33683
35945
36160
35609
32136
31747
28935
35096
36133
36014
31007
35510
35834
31019
28389
29953
29998
35457
36135
35305
28958
29312
32298
35892
35046
30930
35678
29505
28648
30387
29216
35047
35850
35244
34222
34844
31019
34645
33074
35857
33814
28934
35849
34943
33462
34314
32300
30478
30954
35836
36104
35826
33237
30598
35976
34425
28661
33934
29275
29068
29285
34103
35683
36033
35956
35317
33826
35074
33937
29831
34324
36075
34628
28970
33142
30433
28257
31237
30238
28486
28130
30827
33958
35674
36049
35725
35710
35527
35551
34880
36073
32922
29624
35839
34044
28581
28860
34779
28527
30951
29015
32091
31254
28625
31721
35651
35993
30502
32737
32956
36023
35961
36110
29387
33940
29518
35478
35535
29370
35384
32352
33614
29282
30619
35825
35415
29214
32395
35306
35951
36081
30352
28532
28323
28871
35549
35048
35930
34281
35214
32284
32806
28372
33630
35892
35125
28757
35731
36049
31500
35310
33929
33453
30303
34932
35985
33054
28528
35741
35258
28702
33537
35839
35950
28819
34217
35742
35935
28539
30521
35855
35373
29697
28704
34201
35274
36070
34366
35987
35770
29325
29971
28819
28209
34848
34643
31166
35691
28432
28316
32452
28648
36042
33012
29965
35781
35579
31912
35185
35560
35787
36053
36163
28421
35388
36053
28532
34546
35820
31118
34314
35988
34667
31886
28663
33009
35713
36054
31333
35094
33238
35387
36060
35198
31815
28403
33365
35953
34786
29570
35262
36010
35947
36022
31780
30111
32983
35489
35926
35712
35108
29730
32322
35691
34960
33225
28406
33084
36105
35840
35612
33902
28957
31175
32909
30396
32498
35705
34891
31824
35749
36184
33778
35985
30309
28218
35709
36016
29191
30294
28828
28538
35054
36042
36118
28895
29929
35116
35709
29813
30082
31763
34533
31506
35017
35789
33924
36001
36034
34358
28652
34770
35398
35865
29346
29711
35422
35897
28493
31749
34723
29065
35032
35929
34555
29635
33373
35946
33531
28414
35738
35603
31633
35549
35289
34579
35838
33030
36104
35112
31377
30419
35997
34237
29364
34023
35047
36148
34202
28505
28573
35849
35907
35315
35551
29646
28488
31887
30850
35864
34812
28706
35228
28359
30992
34308
29733
32269
33647
28866
35313
35381
29198
30429
30525
34629
32128
35597
34162
33274
35226
35740
32193
35792
33724
28415
28472
28678
28561
35397
35772
35629
35410
34568
28705
29982
33388
35860
35657
33614
30291
35376
35647
34093
29177
29608
29143
35646
33942
35724
36091
34751
30349
28736
35978
30025
35771
35160
29359
32514
35123
36135
35951
28673
33736
29275
28417
34079
36129
33566
32207
35874
36084
36221
35591
29892
29067
28596
35876
31479
35393
35753
28645
34644
35861
35069
31314
30770
36056
33842
29339
35112
34767
31047
33154
35968
36083
35997
35550
32120
28803
29925
35665
35053
31188
29339
35901
34974
28452
29221
34436
35083
29729
30832
30757
35628
36057
36086
28927
35066
36030
35977
35811
31831
34676
35960
35274
30815
30479
35691
35766
35789
30200
28411
35763
33326
35993
34308
33602
28759
30830
35131
36064
35699
28556
32091
29549
35696
35851
33106
28529
34404
36020
35348
30838
35955
35206
32250
29213
32273
35989
34708
28500
34719
28905
32594
30133
32810
35890
35839
29182
29453
28452
33846
28823
30343
35960
33480
30742
35671
34035
35953
35415
31867
35744
35132
35600
35241
30298
28446
31706
31152
35793
36034
35741
32966
28437
34509
34338
29801
34292
35983
34872
29941
28716
32290
35701
35991
35748
32717
30676
35785
29286
30078
34835
28443
34628
35016
34958
28382
34771
35939
35823
30626
31282
34521
28840
33521
28336
28783
35192
35988
35914
30004
35794
34747
30022
28336
30513
32207
35509
36049
35954
31568
34999
35563
34595
30283
35432
35250
34836
32702
28482
33562
35153
35503
35652
33978
33424
28354
35587
35004
30300
31059
34760
36083
34711
30076
35748
35977
35129
30893
33887
36003
35844
32522
31670
35850
35389
29343
33029
35166
35909
33927
30968
35594
35010
33398
34644
35043
35472
35268
32056
30029
31171
35916
34492
28977
34791
35965
33324
28935
35242
31969
29402
30653
30149
35853
33929
28530
35844
35399
30946
35622
35774
28950
33601
35461
34379
35934
32414
35928
35924
34303
35484
36012
35536
28576
29047
32272
35929
34470
28907
35831
35620
28451
28582
35387
35938
36152
28563
32388
31665
28506
28454
33632
31833
28269
34422
35618
35946
28784
34824
35800
34675
28676
34378
36003
35806
31935
33038
28764
31627
35897
35029
28746
35548
35601
28801
32495
30864
34511
36149
31973
28458
33288
35998
35396
31034
28828
34912
35961
35911
30636
32478
32221
32664
28348
28306
29071
31519
28314
29639
33713
31804
31396
35748
36094
30319
29086
31561
34929
36052
35105
32623
35927
35934
35463
34279
30851
35875
32553
36007
35101
31185
28731
34727
35658
34945
30631
34597
30376
32536
35555
36107
30670
32840
35836
35570
32086
28979
32018
36057
35214
29836
30826
35815
30979
29287
31175
35673
36136
28410
28498
34078
34382
29911
28337
35664
35657
31137
32212
35841
35372
29681
33345
28426
34159
34914
31852
35756
32672
28414
35384
34353
35154
35977
36004
35354
34573
35961
34933
31049
35208
35844
35476
35719
35465
29309
30370
35805
35701
28458
34364
32796
29694
30125
35791
35494
28705
34655
35592
35767
29630
32899
29658
31320
35879
34912
32515
33775
33765
28683
28295
30111
28905
29532
34769
28986
29310
29390
34769
33333
33398
35662
36041
29924
28373
35807
35817
31752
34443
35290
35861
35290
33150
29318
30025
35609
35278
31519
28439
34025
36020
35857
28893
33850
29626
34940
35809
36039
28503
35965
34604
28748
35400
31919
34096
32701
35974
35332
28564
33962
33648
28455
32785
28399
35629
35896
35932
28497
32208
30733
32643
30742
30548
34917
35922
36014
29674
30370
33591
28330
33957
35628
34760
30873
34514
35953
35981
30092
35684
35690
36091
33888
35534
35026
28882
35617
35202
32589
29811
36047
35478
35104
32358
34402
35979
35901
28388
35071
35945
36011
28764
30869
28928
33498
30824
35630
28670
32468
29458
30290
29272
35431
36145
30423
29737
29924
34722
35943
35922
30319
35823
35403
32234
28430
33657
35920
34112
32130
35705
35327
31119
29041
35795
35056
31141
30557
35516
35942
28954
35436
35313
35462
30594
35264
35805
35207
28434
35115
35653
34376
29952
29613
34401
36053
35724
29072
34110
29252
28810
32462
35803
36206
28492
28628
35661
33536
34145
35725
35265
28852
30164
34217
29167
30283
35732
35801
36136
31181
31663
35916
35155
30206
33494
35661
34179
36088
35212
35898
35927
29830
28278
29381
35639
35626
35928
32691
35966
32490
28466
33457
35803
34765
30132
32389
31641
29741
29470
35825
32665
32394
33067
35582
35776
30209
35532
35886
29965
29732
35300
35910
35767
29166
31912
30172
28314
28835
35213
35962
35888
32937
32494
35782
34937
32809
33070
35913
35646
35991
29954
28269
35787
35953
29109
31853
29521
34171
28351
32624
35883
35667
29209
28981
31906
35952
34651
28632
34268
35897
35848
29027
32334
28400
35856
36021
35441
28432
34149
29381
28301
33424
35924
35818
31953
32094
35748
35725
35970
33161
29390
34346
29267
32959
36009
35859
35407
33037
28464
32111
35387
35353
31350
29960
35813
35996
33804
35605
34850
33303
34059
35919
32570
32750
29499
30832
31509
35882
33543
33320
35770
36043
35110
29358
33615
30538
35179
35890
33942
28581
30672
28629
35182
35955
28937
30275
30123
32071
31677
34848
30863
35495
30144
32923
33630
36083
34416
32630
31416
35754
36071
35322
33768
34210
30822
34784
35881
36054
29399
28551
30689
33114
35834
34934
32919
35587
35882
33657
30211
32896
35859
34630
30884
28966
35562
35277
31393
28698
32691
35631
35930
28716
35368
35324
35004
32985
29938
29839
35806
35023
30698
34773
32344
32713
28607
34716
28974
31370
32126
29844
32085
35899
35687
30669
35835
33900
33028
29119
31890
35974
33278
29814
28433
35107
35902
31234
32343
35958
35285
29487
28454
28411
32303
30823
31734
35236
35958
35783
33706
33870
34167
31376
35652
36132
35982
33698
30186
34373
35640
35960
35724
31628
35825
35415
36075
35928
29645
35624
35040
35665
35829
28459
31652
32961
35222
36149
34735
28693
34235
28480
35106
33693
33254
35872
33491
28752
35470
36001
29689
28934
34165
34613
31234
32832
35593
36021
35794
35096
29073
29848
35816
35477
31291
35520
31949
35732
35141
32481
35473
34151
34567
29869
28636
33375
35630
28860
33871
34640
35961
35221
29887
35500
35858
28615
28975
32969
34800
36108
35204
36029
31598
28372
34447
35981
35585
30696
35868
32499
35181
35100
28830
31266
35461
35996
28325
35339
34947
30805
35518
35958
36047
29086
34981
32500
34492
36027
35940
36097
35493
30544
34522
33333
28528
35473
35936
28471
32467
36046
33380
33850
35658
35583
36041
36085
29928
30768
35737
32794
28380
28653
34998
29296
34414
28909
32977
35084
35992
33433
28477
35421
35654
28576
29633
31400
28987
35191
35977
35581
28903
35525
28552
33530
35949
34506
30657
35109
33879
31398
33839
32333
35811
34742
31362
33773
36083
33251
29366
33698
34794
35992
34418
28760
35841
33786
29889
35649
36036
29998
28312
28751
35725
34349
30829
34800
32929
35933
35675
33574
31467
35573
35044
32877
30498
29504
35799
35634
35881
31987
28633
32790
35972
33544
28426
28438
33980
35664
29585
31062
35819
34905
33107
32415
35976
33518
31429
28286
28566
31442
29431
35918
35059
28690
29899
28645
31517
28218
35403
35755
31771
31539
28899
35705
34514
33352
34643
35616
34503
35464
35818
35857
35808
29137
33875
36095
33850
32476
28545
34318
35606
35828
28476
31430
35753
36017
35776
34105
29310
35510
35757
29355
34554
36038
35137
30498
35553
36145
29690
31574
28590
34771
35638
35547
28577
28822
35359
35145
35986
33963
30198
34274
29875
35561
35076
31556
34971
35834
36039
33738
28977
35744
35768
33382
31033
35619
36094
36065
34844
29602
33444
35239
35939
36067
35991
28572
28475
35941
28295
28392
29567
35637
31076
35301
33763
36077
36004
36066
28461
28915
35723
35346
30949
35848
35516
29272
35019
29440
30152
31478
30968
32199
29799
29872
30004
30709
34661
36004
35604
30105
29081
35892
33206
29181
33002
30901
29133
30358
35121
35721
35931
35680
35466
30938
35668
34767
34142
28896
35444
28451
35779
34839
31614
34710
35840
36064
36070
34666
30552
28642
34045
35861
34839
28535
29134
28309
35639
35060
31325
28301
31979
35717
36051
35132
29048
33827
34321
29664
29106
28420
29177
31297
28456
32431
35834
34762
29191
32321
32258
29536
31082
28317
35323
35748
34750
29186
28554
34030
35954
34730
29374
34858
33821
28521
28407
28620
31278
34803
35960
35878
35702
35736
28446
30202
32447
35955
32972
30055
28625
35953
33066
29955
35357
35496
35622
36115
35637
29302
30901
34244
29805
35922
34720
29489
33832
32495
31521
29499
31262
35525
36127
31761
32233
35969
35755
30728
32906
35853
35851
33136
29241
35857
33629
29590
32612
29093
30877
35866
35983
29095
28517
35845
35737
36261
35595
29932
29254
28320
32142
29789
35913
33463
34191
28676
30083
35765
34550
32525
28390
31774
35188
34468
28717
34123
35629
35358
29885
35977
33386
35772
35871
30062
28941
34831
35929
35118
32725
31608
28325
32433
35657
35368
29070
35929
34834
28372
32309
32503
35660
35748
28990
28727
33467
35622
35929
28842
28385
35529
35264
29991
28583
30023
28333
33939
28458
34198
35643
35945
29709
30089
35497
34933
34882
31565
30411
32218
32538
28789
33758
33654
30813
35792
34715
31862
30724
35433
36055
36153
28441
35443
35975
36011
35199
34270
34216
34691
35889
35227
35762
33670
29898
30834
29719
29506
31817
33763
32688
35116
31848
35944
36109
32500
31414
34919
35697
34418
32851
28934
31718
35552
35354
32421
29102
31526
35743
35701
28464
34140
35560
33823
29665
34573
35599
36026
34151
30587
30708
35541
35774
34159
29755
29953
30865
36007
34715
32845
28489
29636
34441
29795
35116
35271
29139
30452
33021
35705
35998
28406
32678
29331
34800
35910
35964
35873
34668
28526
30054
32936
32690
35767
35392
29159
30462
35581
35160
33093
29196
33965
35782
34662
32030
28933
31881
35912
34891
28680
28591
29086
28474
35873
32999
30229
35878
34064
30798
35785
28665
33651
30725
28570
35355
35840
31007
29360
29314
33416
34852
31750
34478
35988
33660
29490
33887
36041
28615
32806
28777
28849
29358
35331
35910
35249
29800
29925
28538
28866
29660
30234
30409
35127
34267
35881
35255
32576
33755
35727
34688
34082
28653
32057
35547
35959
29568
32636
35535
36067
35989
28631
28458
35720
34147
35986
33273
30372
34553
36086
30349
35820
34065
31330
33432
29011
33036
34823
36017
33678
28735
35795
35412
30445
29094
30478
33720
35302
36008
33638
28679
32940
28506
29337
34602
35938
33407
28519
35131
35900
31131
35981
35631
35892
35773
28790
30371
31036
29670
31765
36020
35752
33526
28672
33642
36051
31881
35883
34948
33995
30268
32552
34282
28662
31492
34030
35374
35578
29613
29035
29009
34373
36017
35308
28979
33885
35982
32798
35575
35985
33834
34378
31930
29712
30702
35932
33846
32233
35727
35968
35389
30858
35812
34823
30811
33936
36088
32683
33310
35790
35772
36076
34598
35079
35409
35517
35897
32548
29915
29977
28394
34434
35076
35262
35252
29224
30308
34894
32762
28439
28164
30974
30521
34595
34434
36057
34573
28608
30369
33508
28923
35324
28449
34709
35939
35152
36012
33431
35446
33245
31305
30749
35581
34617
33278
28528
35837
33270
31149
35909
35276
35850
29553
28423
29048
35776
34192
35843
34962
32176
30448
32070
35826
34842
29908
28159
35613
35172
31015
30744
35446
35270
28607
30060
31462
32851
35646
35927
35807
29779
29437
34522
34315
29353
28419
32333
29391
32883
35863
35491
33356
35403
34720
35468
35164
34590
30814
35772
34469
35960
35524
30766
35821
32232
36051
34972
32472
33888
31215
34763
36036
34490
29020
34573
35349
35970
31133
29941
35809
35524
35776
31127
30484
35901
35420
28758
35005
34179
29719
32397
28459
35749
34084
35257
33442
33191
28464
31569
35608
36039
31483
35347
32070
28623
33888
35981
33940
28439
33758
35815
35666
30829
35439
32902
29155
34840
35391
35856
36081
36146
29516
28730
34484
35883
30228
35707
35863
32617
35112
35955
35962
33992
28548
35592
35473
35760
36020
29548
35532
35660
30661
35738
35522
36020
36056
33502
29128
35828
33110
28367
29474
32901
29680
35583
34805
33153
28693
30929
35379
35995
35134
32913
32636
36013
34747
29614
30067
30545
35953
35337
30669
35786
35946
36097
34461
29614
34683
28754
28375
30548
34787
35025
33090
35016
35893
33343
28346
31933
34583
30835
33047
34124
35975
34227
29898
36003
35538
29949
33845
35761
35491
35941
35848
33120
29122
33624
34881
35910
33801
32511
36039
35408
28348
29341
31869
31036
30970
28545
32684
36048
32301
28246
31536
35790
35518
30886
31492
35359
34650
30738
35600
35871
28914
33572
30238
30176
28701
28450
35683
35953
28549
32288
35942
36150
33143
30101
32904
35913
35617
30875
31918
30876
31656
28540
35252
34480
34250
29877
28668
28890
35304
35800
35894
35928
35482
32389
31978
32642
28351
29181
34986
34798
29428
31859
32049
36019
34389
28670
33692
30126
35908
35726
31279
28230
33678
35921
36022
29488
28976
31113
35632
36001
28604
31875
32371
30453
35913
33790
28466
35062
35466
29375
33132
35429
36000
35740
33926
29426
34577
34178
32854
31613
29882
33910
35794
35496
28406
33854
30251
34861
35972
36070
31649
35640
35399
28516
28688
33323
35588
35508
34280
29668
31669
35220
35938
35948
34717
30733
35271
35580
35193
35882
36090
36064
28815
30433
33932
34917
36015
33373
28916
35774
35804
28598
35790
33682
28529
28454
31010
35414
35989
34204
34355
35815
33709
35793
36131
28850
33742
35975
35336
30137
35797
34715
32258
33747
29436
29787
35824
34444
32581
31139
29750
34769
35897
35937
30408
28499
36001
35731
28521
33041
31160
33499
28546
28324
29245
33041
34715
35467
36041
31404
34700
35925
35020
33730
28552
35553
36078
30284
28940
28349
35663
35417
35180
32838
35238
31000
35853
35163
33302
29897
35537
36175
35925
35984
28469
34734
36077
33816
30586
32582
35249
35100
35934
35742
32755
35787
33729
28684
35896
33993
31135
28890
35721
35026
31154
33011
35815
36056
35489
33750
28955
35627
35801
28943
28286
32907
35939
35441
31659
29748
30578
35943
34992
31471
28325
33888
35698
35921
30178
29660
29441
32851
32902
35556
34421
34915
32909
36013
36028
35508
33977
31185
35022
36076
35534
31152
35809
32875
30923
28510
32313
35787
35853
30657
34778
30131
34791
28494
33988
31420
34034
35767
36097
28361
30692
35249
35661
30183
28709
34294
31529
34655
36051
35147
28764
33704
28490
33197
31041
33628
35887
34340
32228
30098
31120
31054
35865
36047
34932
34856
34304
29230
35823
36100
31980
32393
35739
35660
33095
28381
28553
28247
30161
30914
34347
35955
34587
31443
31270
36013
35820
35986
29155
29600
32942
35455
35957
36045
33874
29195
33921
35434
35882
35435
30038
33702
28863
34045
31665
34670
36044
34317
30241
35013
33722
35938
32963
28410
33484
30721
35130
29565
31014
34975
36076
35596
31974
28341
33085
35604
35930
33977
30021
36049
35109
32646
34473
35513
36053
36095
30014
28212
35388
35144
29628
31266
35656
36128
35641
31378
29191
33891
35967
34838
31970
29394
32061
32690
34710
35702
35633
29113
32353
35411
35829
35783
35432
31588
35709
35782
36067
34933
30555
35624
32129
35169
36033
35182
32839
28982
28302
33380
35253
32650
31516
32133
29175
32353
36016
34789
29038
34523
34774
32213
30228
35664
29286
30567
30210
33858
33300
28783
30283
28892
35876
35301
30246
28473
35972
33140
35874
35867
35457
30536
35134
36043
35105
36022
35851
35031
30986
35421
33068
35397
35899
36053
32131
35319
35477
33817
30100
31034
28846
35817
33938
33874
28826
30093
35685
34654
28770
35366
35795
28488
28374
35790
30736
34321
34079
30318
30696
35727
31507
35749
35271
33844
29673
35231
35844
31754
34714
35895
34532
32937
29237
33552
35831
33318
29244
29950
35328
35584
32416
28366
33267
35790
35521
31492
35143
35861
35779
30126
35736
35497
30488
35634
29286
35610
34636
34960
33812
29192
28206
33406
35882
35624
32100
33603
35605
35364
35169
35634
36091
35753
28517
33237
28333
33676
35882
33906
31163
29755
35918
35616
30622
30498
34733
36092
35319
30334
35562
36040
33127
28451
29084
33094
28856
30712
34686
29531
33678
35641
36114
35208
30603
35717
28684
28329
32307
35849
36017
29560
33841
35517
34509
35597
35855
28755
28297
28309
29668
35725
35572
35653
32954
31525
35732
34841
29626
29331
28475
34529
32787
35387
35964
35479
32721
28290
32347
35351
35015
28496
34594
35959
34725
28726
28422
29793
34702
35770
35853
35953
35884
32634
30298
34417
34735
30370
28701
30585
35885
35765
30120
31134
28295
32144
35417
36034
29098
30877
35700
34284
28449
29743
35785
35937
29465
34370
35968
34925
28633
35647
35683
28583
35195
32134
34634
35896
31980
35401
32425
28703
33460
28990
32186
35858
35754
36151
30046
35510
35268
32186
28595
31811
35836
35974
28380
28851
35777
33946
29355
35868
34645
28428
33042
28586
29914
33715
35263
35668
34774
30767
35676
35865
33744
35579
28390
35666
34704
30339
32271
28863
34115
31715
32560
35407
35791
28919
34410
35390
35878
35474
30904
30765
35892
35065
30271
28341
35905
32317
35130
36215
34004
28756
34817
35897
34891
30215
32704
29473
35123
36135
35983
33443
29234
34688
33593
35820
35649
29817
28784
32012
29750
28944
29223
28245
35884
34389
29488
34243
28597
30640
35205
35923
35967
35924
33507
29306
34859
35861
35530
36048
33465
29468
33867
29810
28928
33951
35897
34037
31898
32618
35913
34341
29473
33985
30153
30334
30314
34602
35682
35525
32002
28362
33183
28451
29612
35903
33212
33205
32717
30800
30719
30390
34589
31664
33809
35751
36006
36117
28412
28446
31876
35655
35764
30837
28449
33225
34008
28386
28229
35559
36140
33210
29013
30377
29828
34634
36137
34422
28448
28703
29060
35741
35977
30761
29148
35436
35877
35666
34500
35189
35856
35858
35780
33217
28833
31159
33799
32119
28423
34546
35878
34367
30633
33041
31990
31895
28595
34100
35828
35650
32355
30320
32814
35830
35826
35546
33734
29258
34600
33469
29037
33373
35963
34170
29926
34182
30848
34911
29263
31740
29884
28296
28404
35796
35752
29599
30374
28350
31869
35849
35445
30132
34489
35101
35897
33842
31537
30708
35558
35382
28795
28772
32770
28761
35817
34258
28474
30397
32767
29768
34934
36089
35051
32432
28405
32470
35535
35997
29603
29536
35486
35492
29288
35760
34304
35901
34107
29914
29170
33072
32383
28972
33135
35805
35927
30509
35872
33583
28565
28411
35092
32887
31275
35872
35619
28804
30111
31017
28266
35105
35971
35992
28393
28876
29774
34431
35940
32115
30380
32412
35871
34133
35713
35347
35847
34272
29930
29695
32255
29109
35937
34404
31048
35549
34999
33605
30942
34718
35993
34995
29666
35401
35006
29775
32515
35795
34707
33480
34510
34962
28383
31100
34412
29436
33369
32981
35698
34814
33387
34885
33791
29530
34902
36066
34606
29449
35749
35845
29414
29902
33329
28413
35185
32952
28557
35534
35605
31112
35735
32501
28285
34113
30279
31049
33818
28645
32132
35525
35664
32387
28528
33161
29500
29469
35711
34560
30578
35498
33313
35831
35707
28668
31577
33763
31127
30334
35774
35163
29684
28561
29965
35668
35618
36001
35913
30504
31450
32211
33590
28940
29740
31512
35989
33926
32107
29427
32516
35148
33710
29944
32323
30543
31776
35888
35498
30665
35741
34901
32220
28511
31714
35510
36020
36056
31975
34441
35820
35225
33435
30931
35201
36110
35996
34167
28735
35125
34446
29840
28315
34959
31054
31712
35440
36082
35998
28661
34240
28904
30901
35865
35427
28745
34421
32336
34880
36020
35617
36058
31322
35983
35530
35659
33900
29085
34784
34712
32738
29940
35085
35631
35117
29875
35719
35822
28596
35315
35127
30265
35824
35422
29121
29896
28823
34718
30127
31838
36017
34029
34330
35919
35971
36061
35997
29237
30179
33793
34720
35298
36086
35702
36024
34214
35029
29952
35915
33285
29759
32975
35726
35766
30771
28683
33802
35322
35794
35028
32108
34450
35785
34972
31562
28359
32992
35597
35997
28970
34766
34997
35933
35820
35349
32827
28977
35138
34155
28733
35180
35191
28920
32981
31480
31630
35917
35647
30374
29754
29136
35131
35858
34544
31702
34508
36002
35067
31165
33570
32102
35170
35355
36124
36040
35629
29451
32325
30636
35423
33753
35858
34830
28399
28918
28366
30388
32614
30125
30811
29034
32929
35025
35987
35969
30352
30638
35525
34845
34316
30066
28502
28974
35797
35282
33638
28639
31705
35413
35852
30125
28777
28310
31747
33379
28494
32511
28634
33346
35860
35039
29203
33140
35624
35977
35664
35337
28294
35527
35904
30891
35861
31847
28819
33378
35985
35413
29860
28423
31460
34771
31397
35824
35111
30271
30930
36000
34614
35908
35228
32890
32905
28462
34444
35968
35276
29643
31538
34827
35980
33596
30963
34163
35885
35096
30598
31084
34451
31609
35705
33495
31625
28718
28884
35098
35847
35173
35656
28422
35755
34515
28521
34455
28655
32624
30759
33734
28627
34947
34995
32915
35813
35978
36160
35991
28487
31445
34909
35534
35995
35009
32068
28614
32458
35922
34256
28617
29757
28416
31554
30978
35778
35182
30990
35237
35495
34467
29550
35509
30462
29292
34563
35935
35496
34474
30254
35131
30826
30403
30106
33950
35217
36007
35744
28885
35448
35906
34868
35422
36036
29632
30282
30039
35586
30657
35565
35057
32055
33883
34849
36035
35852
35498
31027
35581
35698
34634
33047
31857
35762
35090
30823
35531
35942
34451
29950
28455
32701
32701
32701
32701
32701
32701
32701
32701
32701
32701
32701
32701
32701
32701
32701
32701
32701
32701
32701
32701
32701
32701
32701
32701
32701
