9910
28939
34377
28787
28124
35485
35052
31015
28932
30711
35225
34012
28386
34789
28226
30295
31809
31703
35174
32277
28880
34670
35270
29123
32447
32939
32006
34141
35590
30774
34336
35796
31809
32467
31772
35764
35941
30442
33522
32976
28808
31748
32336
34725
28933
28366
35712
34182
28512
34208
28214
28150
35588
29239
31018
32892
28275
32269
31964
28321
30606
34089
28872
29843
29067
31421
34575
31388
32962
32892
31232
35517
34985
35498
35056
31824
28253
35410
35809
29622
30147
35959
35424
31344
35067
29560
30905
29708
28171
32333
35172
28290
28303
30950
30386
28296
31020
34857
29691
28287
31093
35881
28274
28865
29256
28844
28090
31846
35868
28303
28175
28104
31440
28693
35076
28262
29279
32193
34844
33812
35859
32127
34794
29508
29420
29209
28272
30408
32195
30040
31566
29018
31944
34450
32202
30353
29382
29602
31338
31412
35658
29114
33653
30761
29572
29433
34270
35228
35387
33677
29580
28316
29673
35580
31333
28346
30930
32888
35636
35509
31064
29260
28038
28882
28196
34588
29989
34427
29799
29355
31201
34611
34560
29728
29228
28252
29439
28606
29061
28128
34879
30841
34503
32879
35424
28184
28230
28520
28609
30445
30146
33038
35373
33946
34855
32587
35425
32118
33692
31611
31259
35501
30200
30296
30983
34255
28421
33603
28823
31135
30332
34383
28837
35438
32929
34134
31038
29478
30006
35341
29112
28270
32230
29640
32719
28302
28512
33337
33386
28273
32911
30826
36034
28317
34165
29606
28811
35503
35577
35905
30221
28270
33091
34626
33856
28367
28886
35704
31258
29248
29580
28367
32691
35041
30119
28206
28421
34180
31100
33810
31630
28291
28292
35673
34248
35949
33161
35931
28407
35085
35610
33510
33693
28351
34711
30825
28324
28227
34115
30560
28317
32944
34480
28485
30890
29607
30768
28295
30986
30737
30451
35382
35600
28971
33032
36065
29393
30896
29818
29611
29868
32671
35426
33485
31441
30961
31385
35139
30220
35930
33159
32355
34685
32078
30561
28213
29432
30611
34417
28210
28450
35457
32258
35693
31090
31960
29082
30905
28942
33968
28798
29079
28504
28190
35143
31521
34786
28407
29744
32313
28500
35724
35536
31719
31526
35719
35925
32464
34269
35071
33813
35142
35372
28690
34627
35829
35837
30647
35612
28507
34422
34908
35812
32739
33011
28324
28226
33773
35228
35992
33306
30958
33396
30448
30720
28995
33755
28941
28311
35823
35790
36048
31104
35243
35345
28654
28883
31090
33409
31084
35359
35494
31841
33416
31022
33797
34055
33945
28562
29222
32802
33218
29806
28907
32853
34714
34282
30698
29328
32451
28260
31820
29439
32471
35433
29276
32882
34823
35402
35757
36048
28951
30819
30381
31850
29704
28678
29731
34157
35647
32938
28638
29382
33602
35701
29236
30440
31989
31125
30669
30453
28443
33014
34592
35784
35840
29647
34370
34465
29683
33697
30274
35871
29217
35380
33879
32634
29177
35584
29780
34879
31273
34988
33582
35674
35823
35781
28351
30903
35200
28367
30079
34687
28539
30952
35776
31288
35355
32619
28392
35746
31083
33898
28591
33604
35948
28408
34953
34804
29362
34414
31361
30051
28503
33992
32398
33856
35450
35632
29159
33646
29095
31877
31715
29455
35689
28516
35758
33511
28322
34997
28455
33480
32605
28897
34225
30893
29825
29747
33560
32670
35640
28480
35888
35545
29643
35604
35293
35948
30905
31040
32058
32853
34098
35658
35623
34365
29622
31794
29763
35792
34343
29662
34409
30251
29706
32142
31696
35682
31228
35194
30087
34639
28556
29008
29127
34653
30205
34608
31262
28742
35046
28645
32351
28157
35525
28330
31282
34769
28587
35416
31025
30882
30151
35675
35768
35909
30637
30453
30521
28717
35552
34924
28495
33690
31547
33233
30306
35811
36018
34632
28476
34788
30351
29879
28408
32256
31553
33556
35451
35361
34077
28791
30655
35831
34484
34810
35507
36060
35311
35472
35913
33708
28477
35305
29542
35795
35016
29214
33676
28542
31304
28251
32667
31695
28657
34317
34129
35196
32495
30240
35066
36032
35363
32230
30570
33620
28424
35890
34586
29187
35916
35405
36085
33983
32749
35863
35761
29405
34842
31068
28254
33917
29949
34865
30600
35811
33630
34083
33307
34646
28636
35097
30464
32806
29830
35805
28425
32177
28931
30356
28290
34588
29075
33574
28542
35135
28442
35575
28379
35479
35956
36123
28615
28226
33920
32841
31955
29574
28562
34902
31339
35293
33303
30232
32930
28325
32786
28272
35619
28961
35588
28426
34394
35752
30672
28769
35564
34037
31982
32240
28268
34807
28820
31520
33139
28538
32886
29845
34846
34090
34691
30728
35219
28492
33883
34750
28608
34375
36005
35682
33071
35191
29517
35531
35193
32158
35762
35185
29613
28632
28266
31949
35521
32602
30378
28677
35382
36055
36122
28429
33812
32372
28333
34644
35398
33060
35212
35745
28579
31005
28456
35817
30183
35478
31354
35076
28434
31770
29898
35839
30081
31535
34705
29827
35758
34098
36041
28784
28322
34438
28386
32967
34135
28235
35220
29018
34450
33858
31317
28667
35463
36016
36028
35972
29028
28524
34831
35766
34922
35597
30316
30353
28328
33923
31878
33711
35987
28765
30815
28633
34379
34689
28776
34028
34532
32137
33899
33218
33025
31690
34165
29424
28292
31867
28685
34193
34776
28895
33686
28447
33434
33057
33772
35771
33291
35878
34329
29557
33022
33911
35674
33662
34032
33668
32558
34728
29136
33226
34983
28657
35665
34422
34331
34973
35632
31453
35700
35083
34360
32557
33052
35484
28554
30881
29019
35868
33950
28711
33801
35927
35610
33459
29918
33298
28870
35784
34354
35032
34905
30363
35849
28471
34102
32934
28350
31140
28968
35164
34602
30496
28720
35141
35304
33536
35447
33593
35221
29348
29557
30884
33856
35492
34530
34056
34307
33610
29062
35188
34021
30648
35606
32803
29843
35575
36129
28361
30588
34407
34252
33534
29718
33760
29049
35017
31937
34673
28634
31038
30351
32640
33359
28536
35602
33147
30855
33557
29431
29662
32897
33208
34404
30781
34920
35917
32471
29338
33462
31531
29306
29235
30902
30117
34050
32038
35589
28412
31848
35643
29133
33531
29584
35307
31522
33661
36016
29200
29446
35816
30321
35499
33653
31644
28337
34525
34561
35818
33493
30374
33743
28628
35841
32668
28555
31200
29980
35634
34033
28367
32325
30625
28860
33505
35807
36031
34894
28362
34633
35699
32517
34995
31903
34392
32452
29367
34313
33507
28657
35865
35861
35976
28682
28811
34322
30472
34942
33412
34440
32082
28350
28360
30826
30858
34128
30448
35760
34566
32766
34936
32104
34761
32974
31305
34512
33121
35718
35984
33819
29942
33674
33463
30082
35271
30407
32387
35915
32667
28411
30406
28766
35872
30707
35181
30076
34774
35467
33697
32193
29949
35024
29836
35293
28458
29572
35298
35612
31201
34721
28935
30368
28874
33744
35987
32822
35309
34825
34411
30305
35678
33381
30317
31774
34738
31432
34510
35968
35285
30096
35632
34041
33411
35311
31425
28617
29577
35265
28490
29452
35629
30079
35590
29185
35575
31252
30125
30604
35430
28946
32603
32884
35586
28818
29131
31875
28340
33254
29998
35870
32062
32264
29956
31228
32729
28510
32864
28875
34458
30031
34303
29672
31482
28366
35723
34173
31546
34913
33512
33044
35209
34235
29500
34913
33050
32609
33964
35591
33533
28784
35445
28484
29921
35184
34666
30078
35523
29037
34463
28559
35444
34968
32052
31050
30302
34833
34427
32146
30183
34907
31822
29849
34908
33396
32744
29093
34846
35363
35361
32354
29665
35360
30064
34053
28331
35122
33429
28705
30917
31096
28290
31888
35972
34979
33691
36072
33261
29910
28641
35584
30408
34289
32981
33092
36057
35201
35282
35905
32731
30642
34193
32430
33604
30622
34395
28400
35476
29020
34922
29292
28556
28994
28708
35535
28490
33271
31961
28488
29255
34844
35532
32307
33429
35890
28766
34240
34832
30350
35927
32811
30098
31379
28163
34650
32199
28677
29945
30377
34540
33509
29715
28595
30499
31131
32156
28931
32666
35155
29363
33076
30018
33302
35836
28458
35821
35761
28557
28920
35590
31378
31635
34838
29562
34710
32361
28557
32487
33124
29943
34426
33183
34769
29863
33732
29895
35732
30628
35929
31903
32998
30452
32488
30122
29759
35246
35012
33284
29040
28272
31138
28220
35583
28448
31163
29097
35759
34159
32629
32493
34649
34446
33687
30846
28610
30379
29552
33542
29506
34156
30817
32627
31953
31553
31562
30379
32302
34466
31907
34501
28424
28489
35859
31986
34656
35707
35406
35513
29411
34853
34721
29814
35836
34136
33549
30505
35917
30601
31255
33226
28438
33665
32915
28618
32672
32961
32860
34032
32284
31606
34735
33978
31919
31975
30652
30693
33464
35879
32209
33978
33023
35416
35110
32230
35603
28511
29417
33641
31153
35846
29413
35205
35839
32608
29557
33756
34605
34649
30640
34834
33035
33886
34810
34101
32066
28723
32346
33671
29195
33146
31907
34452
29401
28511
28515
35856
36131
35093
35068
28588
35728
34711
35413
34206
32848
35715
31906
33662
34384
32877
33758
31644
33018
30762
30172
35800
30250
35871
28459
30650
31249
33720
29980
35814
30237
34751
33157
35817
30688
29611
35197
33886
29208
29981
36044
34407
32274
35801
31627
32366
33527
35271
35452
32079
34322
28967
34274
33628
33022
33826
33449
32165
30122
35680
30472
34447
36071
36109
35130
29116
35292
28431
30656
32245
31631
35919
34695
34872
32977
35907
33747
28839
33229
33428
28376
29968
32032
35961
28723
28314
35873
32596
28829
28429
35563
35628
29660
34824
31961
34830
30259
35663
34541
33123
28658
28990
33236
35592
32860
31683
32692
36103
34781
35703
30729
33630
35518
31322
34795
28779
35845
28507
35205
34123
35494
35595
30601
32084
31154
35340
34894
33992
34517
29663
33167
35879
28826
28337
35727
30903
35773
32866
35635
29400
34165
35508
34857
30530
32535
35693
34314
31385
31326
34806
28808
34923
31513
31519
35907
35203
34347
35978
29690
34352
30583
34179
35305
32037
35588
30020
33204
34404
35939
30918
35254
35755
29879
29559
35152
30623
29445
35129
35901
33755
35778
28568
28661
35849
28543
33312
34678
35336
33491
30410
33238
35103
32884
33284
32837
29393
29652
28908
34653
33552
34488
35793
28802
34602
32022
35846
28632
28228
35385
28474
35367
31505
33997
29230
28657
35298
28542
29405
35586
33582
35844
30779
35252
33196
29989
35813
31199
31592
36030
35973
30003
31869
28657
31433
30668
29651
34922
31574
33746
28772
30827
31095
35668
29937
34714
28422
29128
35471
33205
33807
32283
33222
29863
34982
33360
35709
35361
31979
28581
30872
31395
33819
32049
34005
32079
34649
29418
33080
28705
28150
35836
30381
31002
34272
29653
35345
33821
32898
31583
29740
31082
34453
34072
32862
33658
34388
31418
35541
35857
28542
28575
34203
30935
29879
30290
32866
35427
31292
35015
28849
29363
35698
34292
35650
33132
32562
30140
34438
35765
29380
32873
28320
29743
29091
32818
30575
33786
31674
30766
33437
32889
31138
31249
28335
34375
30227
29439
30549
29398
32704
35961
36113
35809
33555
28452
34403
35525
29956
30431
29132
30962
30674
31872
30983
36070
29597
35369
33813
32662
31196
31199
28578
28498
35519
34930
31001
33502
33832
31386
35905
34307
35837
30959
32137
34850
28355
35269
32723
34308
32949
35902
32781
34878
33975
29048
34551
34731
28795
28426
35689
30826
29384
31135
29634
35648
30116
35858
31944
35781
32761
32911
35697
32577
30781
34558
30577
35605
35863
31804
29222
31838
32847
32746
34735
36036
31363
35313
29673
35927
31400
32445
34096
31707
31227
34941
35362
36064
35137
29144
29833
28792
31671
33994
35778
30992
34104
35901
32904
35518
32691
32000
34932
35280
30974
29238
29256
35586
35715
29401
33486
32610
28261
35646
30399
29862
32011
33333
34679
28852
31098
29848
34384
29967
34593
28358
33897
28576
35684
30328
29601
35718
35745
32651
32326
33904
29874
33789
35708
35712
29015
28288
35647
31410
29628
28522
34298
29252
30568
32397
30616
29867
30784
29040
28565
35110
31988
29451
30385
29740
34429
34700
35476
35279
28858
28722
35768
29159
28222
35889
31006
34503
35682
33345
29233
28178
35907
28453
30002
33815
32373
32104
32881
29720
29789
33971
32589
33947
34538
30385
34819
29024
35658
32467
28289
28551
29912
29435
33624
34431
35590
32710
35459
31564
35813
35423
29578
28340
35713
30811
35894
32291
30180
30154
29109
33776
30614
28216
29193
35196
31688
34079
28378
34667
32889
29050
28416
35727
32960
34345
35809
32379
28304
30351
35413
29169
33234
32597
34653
31028
31485
35662
32781
31352
29844
30415
30445
35902
30241
30866
34830
30880
32369
31644
29055
31982
33309
31572
30943
29739
34298
35135
32818
28759
35606
34742
33828
29102
34895
33376
35454
35349
29760
35124
33187
31138
28687
33150
35947
36082
35401
32317
29692
35763
29503
31405
35801
29951
34110
34054
35992
29865
34698
33427
31043
35655
32931
29849
29283
34783
34759
35957
28600
35877
28645
28242
35698
28725
29108
34060
31628
28743
34421
30389
31586
32722
30401
35758
29992
35383
29150
28891
29032
28965
29863
33171
29868
35188
29771
33783
32749
35797
34085
32135
35204
32664
29903
35082
35064
29297
28714
32097
35745
29199
28474
35190
35636
32749
35321
35291
28582
31118
29521
29619
32273
34096
28398
35342
31057
29453
35513
30718
34192
29014
35613
34096
35174
32100
28543
28698
35323
29675
35843
30292
32921
35984
32342
28712
28448
35852
35340
33377
28481
28371
31668
33863
33766
28605
30086
34730
29239
28322
28151
35769
31201
35197
28752
29997
34214
32399
28576
28912
35767
33414
30698
35642
35863
30351
32936
36007
31944
34622
31314
28361
33660
30588
30172
35775
33867
35768
35415
33996
28409
35835
29922
35723
34960
30693
34282
34811
29401
31304
29049
32592
35767
29337
28343
30523
30454
29640
32180
30265
35708
36057
34897
32148
35727
31137
35980
35981
30015
34979
31797
31486
32507
28377
28486
35081
31075
35681
32937
28356
29677
35881
33437
28563
30783
30877
32672
32404
35443
35718
28442
29901
33743
30393
34420
29273
35953
29033
28204
35742
28984
35485
33678
29025
32697
32582
35975
28481
29298
35551
35280
34383
35176
31868
34288
34084
32647
34806
31276
34076
29920
35036
36072
28497
28623
35663
28453
32756
35581
31443
35560
29583
30172
33322
28961
31194
35879
28770
33905
31060
30138
34812
36055
35957
32944
28587
34888
33462
35619
34802
29356
28354
35419
32762
32580
30342
28286
32790
30764
33868
30654
35638
30122
32068
35922
34054
28745
31106
32129
32484
28771
34877
35745
30280
33188
30295
35913
29476
29601
35723
30517
35621
31417
33936
35586
30242
35794
28663
35371
32631
28258
29751
35777
35064
30362
35797
29020
31436
28834
29825
34740
33927
35943
35493
28553
28237
35778
34767
35631
33898
30102
35774
28647
35693
28839
33656
29159
35774
33863
34126
32524
28773
28357
34870
28517
28363
30270
35864
28566
28167
35797
35867
28516
28367
35459
36064
28701
28361
35629
28504
30349
29238
35494
32407
28663
30696
29444
33499
29312
34821
35723
30764
33890
28957
34984
34832
35317
28479
31061
29071
32061
35994
31573
31676
29531
35152
29523
34305
33391
29817
34588
33785
30109
33829
28849
35710
31240
35035
29873
34320
30625
32950
31733
35442
35933
31460
33129
29421
28503
35273
28361
32181
35419
35533
35907
28984
35234
32127
35193
31340
34418
34420
35537
34290
35406
34245
31271
35181
30698
35743
35299
35823
32698
28872
28214
34941
30644
33996
35563
28793
28744
35247
28510
30833
31175
34801
32289
35758
32106
31120
28343
29403
29635
28440
31337
35546
33710
32286
32810
31304
35540
32823
28395
30041
30288
35380
32053
28615
31155
30733
35588
32527
28322
28917
33154
28431
28569
35267
30030
30607
30667
34486
35597
34332
29778
29218
35925
29253
33324
34433
28645
32811
28882
29106
31671
31452
28412
28368
35615
35429
35350
33508
29159
28661
34326
35812
29506
29685
34241
29099
35653
29913
35653
35613
35577
28511
28270
35891
30790
30372
29665
33800
35971
29449
28573
28887
35900
31846
35691
34302
36037
33493
30162
33193
30956
35227
29861
34800
28640
28346
30987
31621
31920
28916
34934
34912
32650
35466
28723
32417
32530
29973
32027
35106
28492
35251
31011
32992
28434
35773
28336
35567
32619
33598
35478
31377
30070
35812
28550
30156
35825
28557
28444
35737
31523
29953
30245
35398
33497
31606
34038
28374
30167
31315
29597
29453
31118
29691
30506
34110
32738
30469
29693
33337
30992
33311
29290
35537
32653
28516
28205
35549
35789
33485
32270
34197
29003
31694
28669
34087
30738
32129
34430
29587
32834
34280
33575
34230
29412
35690
31802
34215
35905
33262
35763
28540
29070
35529
33125
28508
29182
35792
35609
36174
30095
28380
34754
32502
32539
34075
29372
30573
35362
34335
28466
29816
35947
29447
31514
35957
34615
35050
33053
32664
33305
31395
34287
29377
33910
32788
31404
32453
35685
29235
28233
35597
31144
35004
28401
28512
31380
29365
30080
31770
28638
35770
35586
30396
33918
31820
30188
35394
28934
35627
34755
35752
32032
32223
33068
28403
33731
35359
30214
32316
35404
33898
29324
35304
33941
35813
31496
35127
29464
35842
31285
34656
35867
28739
29747
35182
35783
32067
30027
35743
29409
33985
34775
33893
32198
29344
29064
30857
35374
34931
31599
29181
35733
30815
32434
35371
32194
28470
34180
35544
33520
31370
32027
29045
35242
34766
34393
28863
30804
31383
32057
35573
29564
31713
33304
35807
31846
31220
34030
32563
33990
29879
32271
28443
31264
31112
28226
31711
31248
29711
30212
30100
33617
28534
35543
32504
34284
30681
32801
33086
29703
31682
32627
34612
28525
35632
31089
34076
34186
28934
32606
35441
34447
35327
33296
29167
35348
35052
35580
32913
31043
31404
28685
33898
35879
29719
35617
30575
35301
35767
32113
28682
30777
31838
33099
30020
35907
28815
35827
32216
28513
29080
34760
33131
31519
35878
35427
28547
31670
30640
35909
29592
35368
32209
28469
34398
34982
34164
35745
34104
28645
33255
35083
32804
28635
30020
33626
32009
32533
29458
35164
34568
32868
31974
30656
34020
36032
34648
35894
30963
32003
33626
35251
33838
30815
34138
33062
28915
28899
35392
33426
33810
32313
35446
32538
28935
31496
30655
31058
35770
30794
35111
29835
33843
32974
35950
30424
35323
33484
30457
34383
36212
31609
33471
28954
34495
28629
29114
35159
34628
33374
30880
35729
32607
32053
35780
35853
32496
33006
28458
35691
31040
35533
30121
33377
30122
36031
32661
34333
30853
35675
29200
28806
33989
29715
35150
32342
36040
35425
30176
31179
28421
30147
29963
34968
30401
35591
28436
35485
31641
34491
31731
32883
35062
34989
34642
28651
29769
32798
35335
32763
34734
35164
35627
34557
33292
32647
30759
34633
35536
28658
28477
35751
29010
28267
35559
31388
33775
31194
28549
33767
33837
29452
34548
32043
30355
30325
32020
35668
30580
35329
29107
33554
31676
32968
30491
33229
28464
29099
35533
35203
32325
28473
28769
35367
30115
35362
34364
35083
31004
28417
30516
31101
35271
28408
30174
35992
33857
29944
30847
35258
31893
35435
35470
29664
30886
35500
32482
30365
34842
35779
28514
28864
34850
34646
35293
31045
31297
35859
36133
33977
30689
33948
29559
32656
32877
30849
35645
28900
35841
29967
32443
31102
33506
33302
31503
35788
36023
34256
30802
32564
28334
32391
29788
35001
29394
35112
36141
32514
31242
35573
29995
33653
30223
34848
29958
30721
35735
28505
31631
28382
31423
31642
29555
32818
32856
28871
32778
35424
28857
34668
34124
32487
30396
35385
29135
35917
29804
32002
29846
35725
35324
32204
31179
35876
33430
28806
29395
28414
35073
32699
31799
35337
33831
32514
32202
34060
35481
34218
29494
35564
34958
28967
28786
34766
32679
28483
28223
35866
29659
30048
33055
30539
35185
33579
35830
31116
33865
29863
32206
34261
36135
32126
29940
32024
34542
31676
35985
29018
31097
35093
30683
34155
32366
35118
31983
35446
32052
33798
33554
33355
28303
31815
33021
33042
29104
35212
33297
28779
35851
31902
29030
29336
30479
28546
33605
35850
34406
33859
35846
36132
34810
35819
35721
30922
31625
35140
34907
30394
34933
35639
35786
32556
32000
35385
33256
31635
29294
28146
35829
35205
31096
30471
34447
34720
29324
28498
34515
35457
30179
31604
33258
34970
28576
30149
31451
28871
29287
35673
30191
35469
36160
32069
32281
33244
34527
35449
34392
31229
28723
34558
32508
28964
28402
35401
34800
35391
34197
28629
29549
35877
32871
34800
29018
29371
28337
33374
36069
28521
28296
35903
33792
35858
35968
35720
34793
31280
28547
28101
32926
34881
33948
34834
35257
33820
35543
28507
31118
30822
35736
30918
35789
28991
35170
35613
32977
35827
29654
35461
33364
29900
35393
32092
35250
29151
29376
35721
28791
29423
35024
32463
30865
32846
34990
34523
33672
30652
34715
29582
33819
28438
35513
31426
28435
29391
33131
30898
30027
35975
36092
33667
34048
30818
34917
28679
30851
32230
30506
30493
32371
35019
30114
28346
35726
29422
31955
35753
32302
30932
32577
29693
30159
34169
29171
31715
32468
28794
31182
28409
31799
28589
33062
28987
29440
34474
31092
29903
33778
35302
35043
33015
29377
31611
32132
28350
31956
35938
28578
28315
35696
31164
35929
35316
29172
30487
31590
34111
35108
29085
30715
32451
32462
32336
33907
34521
33746
35123
29784
35905
33382
34271
30357
35678
32734
30040
31646
35138
29269
35361
35006
35476
31660
35513
35951
35927
32960
32402
35692
32615
33292
35982
34981
36107
30287
34965
28528
31563
29955
33210
31723
32678
33933
29015
35294
36044
34362
32657
34160
34188
29247
35394
35886
28645
35145
33327
34893
31308
33617
35831
33736
30574
33088
29234
30210
30656
35311
35042
29221
28696
35706
34505
29546
35501
35650
34486
34785
31245
30302
31734
35192
34171
33826
28587
31360
31207
28372
32978
32483
35765
33707
31149
35908
29457
34164
34190
29101
28562
32552
28595
28245
35766
31126
35734
32134
35520
29182
35274
35449
34712
28438
29843
35401
29619
30585
34806
29718
33634
30824
35197
35866
28481
28547
35516
34106
28622
30485
30192
35821
35396
35234
29643
33412
29906
31610
34312
29251
32475
33356
32605
35311
28597
35119
33533
35678
36135
29799
28361
29059
35936
35203
30568
29077
30293
35877
29259
28512
30025
31310
35429
35780
29350
35752
28984
30343
30478
33967
28869
32357
28667
33825
28532
29793
31017
31716
32139
35407
34531
35143
28584
34227
34380
31251
31622
33090
28727
28429
35492
32110
28421
29876
33317
29064
30127
29749
28896
34938
32913
35027
34861
28415
29855
35264
31187
29563
32909
31185
29358
29765
34230
32050
30572
32675
28584
32468
28791
35153
35989
29232
34241
34858
30226
31378
29165
33078
34375
30054
34585
30447
35564
31414
33200
35868
34238
34586
29089
34960
32106
28550
28216
35834
31053
34360
30432
34839
29335
35952
31804
34173
36067
34642
35839
35413
29223
28707
31272
30445
35701
30004
31987
29078
30244
32551
32917
30016
33839
28392
35778
29625
33931
28909
35424
29543
33660
32305
35413
31512
32711
35038
28869
32049
34567
35208
31349
35074
29788
29450
35664
34440
35814
33565
34061
28426
31383
35660
29230
33219
32390
35387
35060
29109
32926
30459
31869
31523
29869
31081
33566
29254
29522
35919
35902
33223
35813
31026
32493
28567
32042
28259
28521
34563
28864
34472
34261
34463
35034
28422
29921
35832
33514
29177
29264
35726
32967
30972
29885
33478
32092
33277
34784
32523
35949
34755
35377
35880
32449
28781
29470
31604
31124
35668
36011
30812
29845
34635
30454
34839
34097
30250
32348
33790
31551
32599
31438
35994
30090
35731
36040
35840
29273
35059
34639
32480
31406
29854
35438
29306
31525
32741
30046
32070
28822
30026
33578
28666
33037
28561
29234
35648
34654
36143
29981
29653
35900
34645
31324
32058
35206
34454
35148
34550
36093
30976
33695
33318
28489
29130
33809
34418
35925
33544
28800
31575
32884
34444
32216
32223
33254
28726
29819
33023
28384
35362
31068
35023
33945
31714
28643
28639
35253
28701
31135
30955
35234
33174
28637
34697
30791
32452
33912
33839
34582
34954
32755
29781
35078
35689
29347
29513
34995
33624
33623
28447
29720
35728
29430
32445
29738
34711
34897
34040
35814
30149
32167
33159
28899
28639
34784
35376
34491
29190
31063
28270
35879
30292
34886
34468
28854
34872
33393
29394
29077
35046
30869
33214
31891
30021
33644
29036
31460
31657
34935
34762
32011
34743
31433
28327
33433
28355
34562
28554
29123
35059
32271
33576
31431
35501
36052
33439
35771
29016
36059
30950
34268
33440
34872
29749
29559
33150
33203
35141
32561
34833
30960
33357
33070
28407
32327
29428
34354
32877
35737
31894
32466
29190
31012
29870
31413
35376
34329
35256
33981
34636
28361
30904
30854
34309
35910
31632
28364
29097
32638
33585
30216
35209
31585
29745
34988
34546
28319
35595
30827
35460
28390
30068
34905
28483
33992
33918
31282
29322
32474
30105
33542
31858
35096
35208
30183
35593
35877
35457
35399
33853
29223
34240
29161
28284
28365
34848
35890
33034
35735
33134
31551
33537
28662
35806
29302
33386
32850
31146
35598
32896
35515
32383
28532
31445
28520
31200
29248
33076
28408
29193
35642
28542
32258
35581
35776
31158
35941
33338
29351
31697
34912
29622
34843
35437
28575
28288
35813
31420
28380
31639
31622
32620
28375
29197
33961
30207
35100
34319
29912
33106
28578
29747
35613
28811
35408
29111
29697
35297
32961
28846
28262
28297
33435
28506
29038
35906
31375
32751
34025
33283
31012
35326
30028
35096
28708
32660
30774
34054
29721
35365
29161
35774
29054
34873
32579
35120
34101
29821
35931
35098
28770
29786
34425
32034
33821
36058
33720
28701
28235
35801
33365
30736
35573
28460
34506
29578
30723
35649
30910
29964
35349
28870
28884
35255
35315
28458
30066
30689
35692
31064
31958
33727
30929
34679
34846
35143
28897
35392
32332
34001
34995
31973
28449
30455
29683
33728
33865
29881
35162
28432
31115
29846
33729
28671
28345
35223
29121
31699
32330
35183
29409
35753
28575
33489
33338
35991
30631
34327
30101
33602
31521
35968
28778
35261
34638
29404
32400
30822
28494
32846
34350
31108
34749
35623
28674
31955
35275
28503
32164
35804
30544
30544
32458
35402
30554
35210
31253
32878
28584
28354
35217
35704
33834
30638
28576
35401
34342
34715
31395
31294
35176
33213
30906
33912
28648
29126
33134
34746
28529
28570
35763
35817
29950
32530
33505
29850
34884
31114
30147
32913
30567
34370
32325
28470
30102
32385
28827
31001
30937
34913
31053
35844
29637
31894
32352
29275
28467
35462
36098
34643
35763
34722
33351
28645
34394
35665
29192
35734
35489
28429
28815
35460
35603
34638
28593
29039
35633
28285
30858
32247
28628
31037
30817
35501
31672
32319
31933
34766
28733
35736
31544
32689
35821
32651
34216
29662
28935
32733
35920
29136
29390
32754
31378
35642
35120
29882
32521
35807
32626
32784
29116
28181
35781
34786
32488
35696
34141
35236
33487
31835
32459
32348
31406
29481
32371
35829
35780
34387
33608
35858
35873
28513
34816
34692
35730
31368
28545
31944
34340
31002
35553
36004
30613
32694
32218
33314
34291
30929
35870
35383
33949
28488
35853
33617
28588
28859
35603
35733
29718
28474
35846
31394
31882
28639
29205
35219
35085
32638
30014
33048
29357
28837
29906
34993
35674
34069
33877
32130
29125
30237
29685
35832
30955
33285
30315
29427
29667
31747
35935
30316
35655
35242
30156
34589
34616
35856
36040
32382
35646
33756
35060
32039
29368
28250
35948
32563
30322
32118
33103
28919
34582
32341
30550
33464
35812
28977
35450
30910
35545
29516
35362
35392
31026
35117
31445
35890
34770
35823
28478
28768
35433
33961
34722
32034
30359
33002
34182
32141
29101
30179
33560
28763
34986
33911
30463
35430
35152
30062
35875
34676
31143
35071
35502
30815
32569
28618
32399
29115
32682
35567
30318
28662
33984
35782
31898
34160
35582
30058
29228
34307
29137
35221
33637
29604
35819
35193
29751
32908
29121
30518
30183
34183
31268
30572
35856
28422
35603
34938
34385
32458
34767
29463
34904
33018
35754
32338
28841
35194
29197
34892
31472
28438
33386
28675
35210
29010
31742
34176
31789
30507
32401
32456
28555
30822
30657
35909
31676
28664
31675
29721
31720
29508
32740
35706
29321
28510
31362
30228
32851
32752
29588
36036
28723
29641
28409
34399
33546
35878
28655
31961
35603
29610
28303
34928
34134
29235
35948
32707
29828
32380
34234
30295
28401
35850
29091
28852
33249
28531
32196
34708
30833
33290
29242
28517
32610
35016
32848
28684
28268
35060
34632
28845
33323
33779
28503
28406
35690
30811
34495
32686
32449
34540
35199
33293
34660
28364
29603
34966
31535
35095
29628
28504
28239
35647
31757
29895
30675
29758
32625
28526
28792
35172
34614
31738
35627
35269
32170
28314
28354
35583
32394
31903
31334
34274
31045
31786
34969
29351
33976
28342
36004
32818
28963
32881
33721
28741
30793
31207
35569
33151
36014
31034
28599
29091
34390
32164
33042
32375
32188
32907
31447
35598
29750
29254
35282
32945
34504
31520
31508
32627
29380
35097
35981
28739
35344
33782
30840
35788
31958
28268
35497
28757
35664
34799
30028
34972
29164
33410
34540
29190
28289
35837
29356
31086
29061
31891
34750
32113
36028
34510
31635
35540
29419
31178
31877
35384
33945
28607
32540
35985
32727
32063
30137
29327
35236
34483
34406
35255
33150
32047
31526
29016
34114
31659
29036
32487
35370
35879
36027
29071
31927
35872
29529
30812
35949
28550
30309
30594
29202
29753
35866
32282
35584
32244
35512
29813
31242
30835
35839
30467
33032
30815
34186
33462
31918
31607
35309
35240
33628
32785
31998
36004
32186
29159
35095
28629
28180
35712
28494
32452
34856
32635
32902
32660
34438
33186
29571
30429
28435
34185
35371
31946
34197
33663
31491
36110
35875
28523
29168
34067
28928
35598
34057
34195
32482
35805
28374
35759
30781
32870
29110
34306
30798
33548
31778
35225
34291
35591
29496
30423
31516
33608
30432
33903
31154
29468
35740
31482
32583
35794
35230
28497
33849
34100
35703
33839
30569
35407
35192
29289
28496
30545
35178
34593
30068
33642
30678
34534
30034
34847
32606
31710
34099
35121
34777
35264
28573
29164
35451
34980
29850
34794
35403
34614
30337
31253
28531
28629
33488
30779
31643
32509
34852
32207
28284
31670
35750
32217
28679
29890
35922
33578
29450
31912
35415
31055
35966
30864
33882
30241
35679
28560
28150
35501
30462
32479
30854
28571
29755
32673
35121
31819
34276
33924
28382
34516
29771
34133
31831
35948
34550
31446
28746
34421
30218
30471
35710
30082
34751
28650
28482
35705
29708
29908
30395
30674
29696
35733
33354
35578
35601
36012
35526
32605
32499
31591
33856
28753
34485
33532
35401
28398
31228
30201
31570
32583
32856
30966
30564
34178
31903
34388
30236
35437
32201
33395
29677
29464
35501
31374
35763
32584
29425
34707
35530
32106
33244
34677
35000
29022
29925
29945
31178
28194
28999
35793
29656
34527
29006
33780
29748
34952
29935
35708
35918
29009
28431
33990
30163
31763
28966
28468
35587
31195
32745
28334
35833
35465
34945
28418
35418
30698
36103
29392
29189
34087
29280
35274
29683
31078
31136
28364
35319
34391
28488
35954
34928
35358
29862
30772
31548
35906
36112
34396
31659
35170
32229
35933
28601
35903
35104
34490
32818
32324
32409
31432
35329
32709
30084
28710
32870
31775
35546
28394
35415
33436
35942
34787
29732
32761
31197
35064
34768
33866
35198
33642
29190
35527
34546
29094
34996
33011
28620
29895
35606
33329
31107
29618
30348
35664
31984
34433
29795
32823
29143
29381
34458
31715
29695
35185
35682
28758
35326
34398
34185
35503
30325
31426
30809
31309
34014
32748
35717
34703
28993
33567
31368
32753
32733
28741
33358
30308
32850
30040
35907
35064
35377
35698
34460
31768
30296
35359
35662
28888
30678
30741
32590
28778
30232
35480
30056
33609
35425
35774
35454
35797
31233
33446
28490
35572
34504
33024
30266
32826
35683
34533
28507
33532
31594
28500
35667
35249
28521
28565
32246
36047
28658
28245
35829
28375
29919
33316
33759
35529
35765
28678
35800
30359
33607
28574
33887
36084
34242
32173
35869
29996
34618
29864
35400
30240
35766
28693
28345
35657
36065
29047
29387
30215
34263
34769
30349
35475
35885
31906
35987
34109
29630
33098
35833
35383
30817
35827
29171
28538
33841
32114
34893
36004
36052
35923
35971
32003
28788
30110
33563
28842
28414
35836
33119
35428
33070
36017
31297
29137
29623
35347
32736
28318
29336
35602
33661
35395
33906
30544
35599
32994
28692
28190
35833
28718
29389
35809
34559
36011
33994
35810
35676
33120
31739
36002
35255
33338
28548
35745
30898
33320
28368
28310
35247
31767
35685
35298
31588
33677
35875
30777
33839
28424
35371
35013
33325
28507
35394
29974
32486
29598
32095
33057
30113
34454
33981
35457
35412
31952
34710
34211
34837
32943
34753
31347
35629
32472
34577
35344
29406
31111
28385
30559
31188
35023
29884
35275
31871
34318
28482
30679
28670
28130
35776
31870
35504
34428
29495
35997
35985
30763
32189
29952
30725
32460
29319
35919
36054
35117
28485
29961
31270
35345
33956
35873
35660
30362
29430
32210
35755
35949
33936
34473
33916
31084
33321
35192
34234
29992
35236
35616
35370
31727
31303
33106
28388
28986
35532
35418
33110
33560
36047
32439
28826
33029
28488
35575
34605
31454
28991
28119
35686
34365
33977
34226
30176
35805
36006
29966
28563
29296
30852
34954
28515
28206
35413
30682
31421
33103
33821
29804
31531
28118
28211
35691
32220
29695
31330
29479
28529
35154
34153
32942
36055
30252
34647
31136
35685
32525
28927
35320
34521
35629
32592
29186
34016
31495
33770
29655
28367
28354
35292
30540
36019
30943
35029
28501
29726
34604
34746
34537
33891
35276
34654
28710
29104
32703
30962
30620
32524
29382
29640
34602
32836
33194
34155
29996
35596
31404
34308
33174
28381
28753
35194
35901
28433
34756
33867
29481
35609
34674
31418
35833
35683
34279
35244
33530
35695
29405
29432
30303
33425
29591
34612
29350
34245
31102
31088
33721
30809
35496
28684
30452
35769
29055
35356
35089
32834
28208
35276
33146
35318
35798
34919
30320
33057
28356
29085
35241
35758
30624
32451
30714
34517
33851
34846
35576
31505
35776
33619
29884
35312
35792
35700
28624
28399
35756
30430
35912
32812
28682
28439
35350
29702
32146
30517
34446
35799
28910
28217
35838
30241
35878
28437
35869
35927
29029
29694
33807
35810
29632
35132
29682
35057
32671
29186
28340
29139
35421
34430
32115
28440
31171
28733
30792
32675
28963
35781
35991
29959
35416
36158
28531
28703
35376
29404
30823
29717
29790
34146
28668
32402
28488
28873
35693
30719
35724
31075
34537
30085
32905
34673
30680
32476
28586
31608
35126
28511
32220
28676
31393
30923
28427
32397
34714
34444
35210
29956
31842
35384
31154
29086
35377
34553
30234
28313
32257
28683
34186
29298
32579
29448
28472
28279
28218
35794
31451
35796
33116
32236
28194
30115
32027
31059
35889
33803
30036
33994
28393
32687
30223
34685
35907
29522
34496
32855
28474
28365
35531
29680
29839
31012
28196
31178
29245
35553
32446
29758
30836
35379
33323
29159
29053
35087
34145
30470
35092
34657
34227
29879
33934
35877
32897
35653
32276
35356
31026
28346
28591
35185
35233
32060
35269
34302
31737
31321
35929
28815
28656
30562
32833
35385
30241
34733
34381
30678
35730
32295
34743
34570
32227
35439
31216
28892
35290
33898
28547
33533
35648
35501
35846
32510
34409
28637
33113
35732
30707
32430
32880
29717
35644
32933
35162
29446
30343
34491
28853
35784
28595
29303
35620
35823
31092
30126
35559
33952
31330
33459
32053
33034
29337
29689
35053
33892
31821
34461
33714
31730
32901
34177
34387
33651
30390
35884
35542
30599
35421
30423
35081
35592
33593
30612
35821
31786
35759
31055
31147
30186
35550
33339
31474
32886
35100
34834
35028
34000
33745
33259
30558
35675
31015
35579
30691
35536
30874
31305
28252
30943
32370
35505
34366
33079
34103
35217
34304
28761
28580
35260
30127
34209
35767
35937
28767
29586
33310
35160
35794
30779
32377
34212
28408
32054
28233
30091
31047
35076
34688
30556
32463
31641
35924
36075
34016
34804
30741
34751
35909
30084
29711
35406
35452
34820
32895
29781
32234
31120
32810
32587
33154
30220
33564
30866
30016
28462
29706
35426
34730
35366
29104
29320
33493
28410
30556
28989
35614
30050
29828
32082
35885
32647
30442
34979
29677
32947
35734
31537
30756
35785
30560
34986
35503
29299
29193
28627
35717
29337
29947
31945
30226
35103
30531
29831
35453
29883
30452
30179
35835
31226
30991
28773
28636
34421
29539
34495
33336
33903
31154
33576
31474
35128
35790
34921
28856
33111
32945
30053
32254
35934
32285
36029
33129
30717
29828
29303
28809
34980
30377
29967
34558
31277
33993
33276
33306
33327
34013
31273
35647
35523
30066
35753
36064
29104
35951
35810
34818
33891
34962
34408
32040
29117
32849
30020
34074
29798
28549
35659
35288
35842
33797
35972
29987
29834
29362
34893
31358
33767
28719
34727
29348
30901
35797
32308
28409
31406
29578
29856
34717
34014
33140
29513
28487
28168
35785
30833
35868
36033
28894
35504
29817
34863
34996
28329
32445
34441
34292
35096
35729
32537
34081
35825
34212
34385
28963
34201
31974
35432
36021
28462
28697
35433
28957
29725
32642
35788
33692
30271
34356
35625
34988
34452
33425
28518
28994
35318
32667
35620
33349
35921
31292
31401
28375
30484
30537
35233
35122
33342
28954
29607
34588
34561
35628
33533
30648
33593
31598
32462
34675
33109
31176
34158
32841
28363
28360
29831
35225
35658
30966
35444
32137
28353
29706
35572
29330
31617
31253
33115
34318
29869
30509
33940
31280
28412
34185
33168
35929
31200
34266
35569
29779
33451
35901
29749
35084
35276
31878
35821
35065
29591
34899
34100
35949
36020
36098
35194
35427
33317
28623
34315
34397
35571
28664
30631
30602
35643
34793
33091
35120
31297
28713
32118
35947
33372
36078
28961
31473
28630
30347
30341
35702
29266
31596
28579
34464
33930
31007
35770
30662
32748
30442
31137
29556
32743
34648
35817
32580
28949
32211
34854
34536
35030
32981
29149
34606
33226
35489
34099
35752
29001
28567
35509
34214
35790
34565
30022
28722
32278
34349
28782
29683
33362
28959
35070
31209
28384
29188
34222
31176
33979
33996
35622
28800
28159
35729
30433
30068
34922
29785
33258
35694
29679
28392
30663
31410
34800
35419
33406
28463
34573
35298
32187
35600
35625
34794
35449
31620
35719
35338
34904
29112
30648
30905
28415
28221
35612
29757
31906
34392
35564
34226
30268
33416
29564
29801
33205
34474
35120
35746
28566
29810
35694
35808
28999
35695
35649
30324
35541
30741
33407
35888
28526
29337
31113
28465
34778
29687
30707
33628
32124
34733
33862
28974
35601
31688
30540
29914
33044
33476
29120
35476
28643
32713
29680
35838
30678
34762
28720
31985
28299
29600
33488
28632
35598
34809
30021
30601
31530
34574
28704
30088
31015
35901
35919
35192
32426
34970
28525
35673
30494
30739
31331
33066
28486
29253
35593
32835
28408
30372
30537
32984
35194
29374
28518
35648
28786
30570
30407
35325
30772
34864
30520
35693
31495
32888
28446
35735
31659
35247
36013
35666
28435
31553
31895
34715
35704
29003
30488
29106
34795
33835
29306
35821
28729
28390
35127
33565
29055
28381
35724
31750
35109
35192
35558
28708
28269
35786
30499
35400
30363
35632
35770
30959
28444
32359
35585
29085
28222
35750
30469
35442
28325
31413
30876
32400
28426
29215
35927
28503
29765
35853
28905
33788
28415
28308
35872
28976
32538
35535
34642
29125
33413
32701
29432
30873
32114
34572
29999
35381
33439
32532
34110
35689
36030
32667
35857
33169
34991
29329
32656
35674
30743
33257
30595
35703
33221
34118
28429
29010
35154
32132
34856
32340
35498
28625
31740
28339
30766
31788
31732
35759
33423
35980
28802
28520
35066
29207
33182
30106
31662
34843
28876
35309
30114
35745
34783
33388
28961
31417
31641
34618
29175
35673
28486
31909
34735
34389
29471
30575
31480
34541
35427
34977
28835
29023
35221
28405
29454
35507
33478
29509
35549
34866
29980
35003
34481
29334
30688
30518
35511
35974
32634
28688
33339
35473
28567
31114
34725
29487
29485
33966
34896
30945
33132
28760
32240
35205
28569
29497
32054
35865
28461
35125
34814
35349
34877
35180
30399
33198
33068
30592
35266
32611
32156
32712
29002
31029
28320
28453
35599
34900
33549
29984
35345
28410
30305
30667
34238
32278
32324
28875
28885
35525
36003
33609
34919
31442
34295
32270
33441
30491
31029
33433
33429
28745
33515
31999
30220
33470
30650
30842
28730
31321
30920
30492
28656
33160
28321
28945
35845
32352
34687
32846
31904
31054
34189
35397
32527
33911
35005
35428
28581
29853
32384
32912
34872
32849
35190
35783
30712
33561
28698
35745
30335
32323
35937
29251
29029
33854
31137
31364
32135
34862
34615
34201
28581
28537
34651
28690
34143
36028
30591
33314
29352
34988
34601
35907
30013
33636
30312
29387
34890
35310
29156
28482
35759
28683
28384
35416
30632
31637
29679
33118
35789
28668
34706
35530
35600
35898
29540
35804
28555
31473
35949
32889
28860
29042
35089
35039
32989
29642
33846
30762
32917
34828
35615
34508
35593
35083
34642
31360
35268
30804
32006
35166
35511
31465
35382
28978
28530
35251
29701
33676
32589
29602
33442
30476
32198
28376
33006
28227
35582
28551
28286
35511
33886
32386
29159
32701
35416
28534
30127
30335
32487
28651
29531
30488
33770
29134
32305
33997
28940
35646
35947
32118
35513
33209
32766
35899
33108
28285
31147
31321
34302
32622
33945
32562
30903
33823
32719
30918
29579
33605
31169
33967
35816
30397
34118
30486
34294
35253
29370
34841
29235
35979
35809
28871
28341
35814
31566
35954
32196
35651
32001
29058
31077
30674
35968
29727
30883
35121
36034
29387
33958
32492
30756
35052
35681
28569
35471
28487
33000
32472
33549
31458
29971
34859
28747
30231
35538
31268
35660
31766
35644
30156
34530
33430
30076
35673
28412
33024
35633
35336
35333
29365
30553
35792
35761
28545
35792
30773
34617
31022
31507
32581
35140
28979
35026
29116
30909
28385
34190
35236
29228
29382
35729
33198
30263
34656
34729
33401
32382
35727
30348
34420
29362
35575
34410
30870
34295
35344
32550
29220
29605
35836
36026
32243
28491
31007
28855
33953
29992
30797
33410
28384
31120
29585
31746
30570
30833
32890
28693
28444
34714
30625
32131
30159
29989
33303
28803
28837
35625
34696
30493
31186
34530
35942
29166
29087
33591
34576
29140
35667
28446
32992
33747
28569
31331
31214
28999
33779
30337
32313
30811
35781
30021
35608
34520
35918
33509
29007
35582
30835
34883
28526
35633
35873
29846
33658
29117
29190
28334
35087
33096
35774
31016
29620
29941
35722
29343
32138
29997
28372
29930
31082
34609
28606
29111
34630
32542
28386
28937
35584
35071
35740
28540
30671
30957
35934
36120
34427
32167
35250
29798
34710
30138
35125
33842
33216
29982
35655
32642
28951
31024
35839
35863
33335
34989
34410
29028
29237
28818
35077
33926
35760
29289
28473
35314
32435
28682
29630
31889
29587
34506
33078
28819
28547
35590
34083
30834
30161
30966
29625
31004
29223
29348
35724
32149
35699
34691
32416
33657
28614
34404
33860
28867
33864
28768
35377
28817
29994
34585
33739
29559
31177
28283
34031
35147
35798
34166
33171
28675
28697
35286
30008
35809
34676
33078
29111
30205
31757
32460
31960
35897
29629
34991
34091
33086
34074
28482
28189
35673
31323
33262
35821
36090
33124
35813
31054
32563
28940
28328
35329
35959
30354
33240
29691
30663
28509
32602
31978
35711
35239
29539
35837
29297
29496
32143
30575
35621
29557
32808
33783
32747
29218
35591
34257
28476
29820
35919
33611
30721
35705
35953
33506
31758
31717
35355
28408
31373
31197
28431
32934
31228
28972
32578
28617
31090
30306
32038
35850
28815
28205
35854
35974
31089
33894
29011
35837
35436
33944
36079
30143
34019
30339
31566
32948
28447
33423
30417
31178
28838
35797
31137
32453
31733
28567
30117
35544
29045
33230
32619
34904
32269
35657
31722
33741
30057
35856
31481
35759
34772
30414
32755
34230
28859
28639
35664
33915
34904
33017
28550
29484
31645
32450
31114
32611
28533
35224
28738
30928
32446
34927
32754
29458
29741
31749
30870
34709
33960
30904
28794
29959
35973
35221
28650
30139
29314
34614
33659
31754
30672
32088
35204
34531
33792
29010
28351
35256
32432
28482
28967
33527
30945
29408
31425
30532
34510
30750
32862
28410
29682
31870
35730
32411
32941
34650
34354
30509
35230
32661
34563
32127
31989
35847
34560
32731
30672
35212
31162
34911
32290
28387
29494
35449
32394
35936
33589
29354
35709
32317
29589
35300
35861
33543
31994
35714
36156
34296
32376
31855
35281
31077
32609
34346
33952
32570
35721
30993
35514
28823
31569
32338
28797
29070
29935
31296
35420
28718
31882
32810
32817
28770
32539
32223
30143
33136
28523
28333
28306
35545
31355
34669
35886
29681
31863
35690
32986
28328
28209
35839
30501
35195
30484
32705
31134
31776
28895
34533
32276
29750
32154
34543
36068
35281
28960
28794
34897
31226
34717
35522
32784
34636
34235
29754
29447
35057
29631
35950
29070
28445
35312
32080
35709
31994
35772
33952
35165
34107
32054
35716
35474
33362
35489
28805
33577
29487
34914
35133
29864
33141
28659
31202
29112
33195
29537
33468
28523
29943
35929
32822
31623
32890
32494
34073
33626
33329
35924
31652
35928
32997
28457
29954
34282
30957
35917
35078
29932
28408
28698
34227
34054
29088
35346
34505
30895
35786
33178
29218
35282
35153
35792
35615
28720
28310
35817
31891
30989
35338
35543
34100
33771
33472
34378
29362
31564
28706
32810
28448
28919
35212
34866
29660
28455
30051
35864
36120
29842
31830
33471
31980
28386
32778
28811
28263
35769
30411
35695
28301
35752
33669
36046
29317
29775
33882
29166
29281
29091
30759
35527
28372
29202
34782
35739
35753
29354
35887
28553
29128
35547
36070
35118
34598
31326
35476
32499
28315
28980
35474
29697
35689
30003
29017
35733
33818
34594
33309
28396
29952
34876
28879
28127
35956
29635
35513
34936
31625
28858
34486
34786
32312
35838
28676
35714
31444
35708
29209
29997
30362
35764
33028
30054
35800
28561
35142
32831
29609
32086
36002
31072
32402
35956
30291
34933
34587
31896
35317
32066
35775
35170
30160
34833
28325
30499
31788
35274
33075
33475
29007
29647
29778
33318
34810
33989
35770
30934
32101
34079
32171
35891
29319
35621
35110
28971
35840
30419
34807
30781
34707
33163
35714
32917
35562
30005
29935
32323
30443
31807
35792
35390
35725
34593
32776
33724
33655
29461
32766
32146
29855
35776
35715
28898
30416
28753
35997
34845
31153
28349
33500
31068
31712
33658
33066
30280
35889
28465
29117
35698
33394
28497
28477
35740
34009
28424
29394
28375
28922
35142
32035
35914
29044
28354
35760
30628
35452
28618
31693
35986
30067
34908
34041
30589
35757
36180
34892
35791
32777
28408
35507
33576
35887
29854
32694
30639
34416
35440
28485
29090
35680
30832
31589
35625
28406
29026
35500
34154
34273
33677
30964
35441
29512
31512
28715
34506
31307
30659
32120
28306
28196
31946
34008
36003
28850
29677
31595
33768
29364
35460
31141
35799
33213
29069
28374
35876
30754
28632
29797
34656
31686
29910
31074
30041
31810
29612
35496
33461
30517
32708
35718
31612
34722
29557
29759
35630
35544
29606
29425
34567
34929
32308
35633
36040
30426
35738
34683
31405
28720
33746
29625
35230
32493
29186
29721
31031
34377
35163
28586
28196
35858
32694
29143
35864
32078
28915
31018
28598
32587
36040
28594
28590
35674
30172
35903
28405
33569
36032
35547
32590
35778
32679
34318
29911
35396
29408
32288
33219
31005
28505
28454
35531
36074
34475
33877
28405
28647
35939
30481
30180
32285
31039
35352
30589
29365
34668
35922
32967
28777
29935
31989
35850
28386
28177
35799
35746
33394
35715
32578
35956
35863
34483
33930
30705
28665
35429
31249
33031
30834
28527
28318
30221
29568
35249
32672
33430
32979
35418
31398
35800
35371
30109
31241
33467
30403
34401
33634
29235
31374
30042
33019
29014
28235
35625
30651
32260
35964
35708
28610
28182
35904
31749
32462
29828
35498
34136
35204
29996
34436
29312
35851
34802
35862
30132
31718
33566
35925
33426
29088
35718
34113
35172
34238
35761
28857
32234
34451
35819
31244
35706
35631
29115
35157
33316
28714
28843
34422
34971
29199
33139
34706
35888
28697
33732
30924
30332
35896
35041
35095
29441
28819
28257
32274
28986
35731
30830
32053
35900
35834
28875
30103
35229
35083
33519
32877
28824
35926
31138
35032
32625
35401
33186
28546
30684
32290
31442
35036
33455
35579
29009
33567
28542
28254
35590
31469
35599
33953
31271
28501
33843
35174
30339
30677
30417
31140
31206
31658
34467
30540
29879
28459
33838
30428
34228
29402
33437
35061
34814
35301
35712
31438
30706
31308
28286
31656
30603
30243
31057
28636
29339
34968
33995
31504
33945
35733
29041
34781
32870
28997
30532
30378
35828
36192
35839
30621
31917
32381
29119
30456
34914
34230
34904
35439
28766
34843
31903
35741
35036
28513
35558
30531
30745
28945
28214
34900
35917
30254
35721
36133
31522
35765
34856
32166
30552
34650
35856
31294
35561
28397
30039
35389
29911
32154
32353
32390
35594
35706
28779
35471
30683
35906
30111
35653
28879
34809
28703
30078
30495
35571
32382
29056
32838
31401
33798
31038
35667
35863
32467
35066
30976
33809
34294
34609
33639
32165
35197
34932
28410
35829
36086
28524
28266
35882
32805
28652
30877
30598
35804
36030
29330
30701
32217
31969
34924
34653
35363
32613
29354
29746
29247
33170
28474
29326
35346
34283
34386
29486
33877
35962
28804
29517
33368
35101
31285
35778
34113
28455
35242
28424
32683
34729
35485
35948
33940
34922
35784
33229
33799
30823
32171
35714
33915
34060
28582
35562
32767
29602
34108
34889
34958
28563
28440
35579
31913
28586
32499
32195
35733
35957
31869
35185
31253
30058
32040
28923
29346
35198
36033
28998
28350
30192
34866
33840
32823
29168
31831
33304
31129
29625
32543
32755
35582
32947
29797
33654
30210
34107
30852
28407
30394
32055
32319
29372
31430
29600
32563
30998
29823
32596
32442
35281
29298
28386
29298
35348
35651
29725
29988
34062
31293
35708
34287
32700
30266
33644
30668
28865
30179
36100
34087
35936
28309
35548
30255
29012
28409
29723
35343
34751
32486
34419
34555
35457
31101
35342
34410
34763
29225
31980
35364
29247
31541
30792
33534
35748
35077
33929
36094
32160
28860
35818
29532
29281
34005
33426
29697
33492
29537
33777
34163
29473
35631
34636
31341
35569
34096
35969
33732
28398
33800
34873
32574
28603
29443
30411
33633
31421
32881
32526
34693
32684
33497
34396
28677
30125
35597
35374
34652
29264
32771
36024
31571
35296
35598
33970
30889
35210
29506
29005
28968
35674
31983
34763
31204
34275
30126
28584
28330
32637
35716
35900
34858
32469
29315
29372
35397
29314
31675
28434
29126
28436
33204
34168
31372
29441
29866
34097
28398
35522
34618
28558
29884
35313
28551
28730
35391
35702
30725
33142
35988
32881
31204
34481
29383
34194
30660
33241
28565
32773
35959
31591
32562
32657
35390
30460
31834
35617
31792
31892
28489
29859
34522
34626
35169
34520
35165
35527
28547
32701
29866
35516
30690
35706
31689
32209
35444
35580
35733
29509
35967
33791
33822
30122
29951
35104
30505
29624
30865
29081
29267
34350
29235
31454
35132
32625
32681
35724
28461
28524
35547
34236
35097
29817
35446
35757
28640
28566
35399
29656
35183
35892
33946
34122
28399
29571
34974
34457
35319
33314
30496
33210
32695
34192
32303
29874
35769
28475
32323
29516
35605
29832
28605
28941
28399
31409
35172
31693
35303
30900
31170
28817
33074
33786
33706
31759
35867
33732
35872
28620
28173
35796
32917
34706
30949
34147
30985
33689
30965
28331
31929
35309
30006
30024
35906
29894
33146
33483
35915
34990
35371
32004
34629
28999
30844
30374
34535
32877
30669
34418
30352
35101
32126
33195
31799
35125
35713
28533
28731
35646
34668
35358
31647
35157
33246
29531
33003
31000
34401
33349
30364
35372
34853
30039
34923
35930
31959
28925
29083
35562
28787
30232
35901
31259
35947
33814
30081
33496
28830
31056
29643
33463
30459
30256
35853
34243
32826
35133
35038
28985
33403
31718
29756
35380
29107
35917
30910
31938
34670
33865
34409
34933
34198
35353
31046
35864
34828
31489
31005
30823
35746
29114
34640
32770
28427
29996
33767
34383
29529
32898
30643
29171
31632
34714
32922
28269
31137
29498
35695
34239
34691
29657
31531
28759
28114
35899
31840
35227
32645
29236
35925
29554
28498
35522
32291
28531
31114
30454
34791
30762
32950
33849
34566
35242
35548
29335
34562
29481
32907
35454
34674
30544
33688
34322
29517
34910
28467
29755
34782
28970
32442
31032
29377
33126
28478
30201
30385
34262
35413
34566
35359
30292
33391
34946
30270
30442
33892
30805
30106
28586
35958
33693
34262
35841
35185
33741
28638
31539
33069
30775
35127
32710
28430
29165
33039
30880
31933
35350
32333
28803
30597
35702
32296
32087
35156
29382
29421
32936
35440
28777
35825
33837
28980
31176
29509
28459
32913
28421
28793
33232
32191
34934
29222
35486
35327
28535
28389
35452
35056
31278
29260
34682
33101
29926
31634
31654
35937
30429
28724
29827
35031
33635
31774
33561
29203
35372
32529
28608
28950
33582
29040
35459
31830
31380
35868
32717
28322
35180
32595
30099
33064
28720
28095
35832
29711
35497
29101
32331
36047
31605
36044
33504
35925
30587
33637
29629
35942
29711
35568
36084
35184
28789
29419
35673
33204
35455
31091
33291
29457
35929
32130
29604
29215
28374
34707
33580
33411
29298
31539
30411
33646
31482
34319
35361
35351
34840
30022
32771
31613
35838
28995
28527
35646
35438
34457
34908
30937
28211
32579
29131
33697
31441
32359
35107
29197
34569
28655
28318
35403
33344
33272
36042
29404
30614
31327
29202
32967
28950
28434
35119
35732
34170
29331
35044
33257
29321
35601
30387
30917
35542
35980
30193
34702
35695
30823
33378
28464
31653
35729
35715
28566
31408
29160
35554
35762
35925
35462
28567
31621
34502
35425
35754
33309
28825
34765
28383
35233
35992
33611
28665
34786
30672
32200
34346
34387
32614
32152
35198
30979
35890
29026
28543
35315
34840
34316
30853
33061
28672
28461
28341
35697
29369
33628
31072
29182
34214
32505
28418
29079
35701
34341
35748
34947
35700
28948
28171
35521
35828
33146
28719
28950
30911
33400
28622
29732
31622
34657
31823
28381
28216
35761
28762
34495
35846
30870
31792
33734
34853
34805
28430
29520
32942
32091
28484
32378
35215
35930
35614
29938
29757
34122
35992
33905
31794
35781
30217
34544
30093
28520
30868
31906
34630
32988
33064
35700
30623
34316
34507
32233
29021
28204
35950
31565
32934
31650
28421
31603
32949
28755
35321
34256
36073
32236
28869
31981
33533
28983
35017
33055
28543
28881
34612
30166
31164
30130
35006
31042
31968
28692
29702
35560
34615
32508
33589
28763
29392
35840
30914
35754
30106
33908
29458
34843
33940
29719
31519
34737
30490
35080
30586
34371
31890
33335
32136
35239
34045
31319
33937
28485
30224
35919
29918
35561
31106
35438
34152
28995
31861
32887
32130
35130
35782
28402
32121
28535
29430
35213
34997
31934
31442
33178
28380
28233
28421
33707
33387
30376
30184
33093
36132
35000
35240
29883
34764
35193
30440
34999
30620
30338
35825
30666
32388
33817
28709
28757
34263
29491
35482
34092
31891
32154
31975
36042
35744
31541
29147
34963
31492
35792
36036
32879
31869
34084
35767
32230
36053
34739
34397
33697
28325
35855
29046
34166
30791
33097
33446
32929
30434
34913
35312
29348
35955
35732
32861
30184
31620
33484
30760
35379
33260
34947
31452
35842
29914
28485
35781
28561
28461
35245
35921
31510
35590
35418
29824
33666
33348
29188
31274
33529
33093
34785
33544
34250
33947
33766
30915
34911
28381
32405
29083
29955
32308
28626
28375
35840
35675
29784
30006
34782
30095
28930
35735
30294
33081
28328
29308
35565
34655
34290
35160
35186
30344
34870
35203
31128
35838
29228
34860
35531
31313
35498
35885
35696
30836
32728
28506
35815
35377
28707
28114
35822
35374
29402
28764
35632
35123
29024
28586
28734
35186
35362
33796
31125
31138
35682
34794
30310
30941
28346
29711
33373
35837
36069
29424
30141
33573
28433
29318
35734
33716
35638
32284
35154
30781
32220
28498
35111
34358
30879
28342
33521
30252
35519
35984
35621
31448
35806
31797
33395
29681
35304
29324
30483
29413
35780
35900
29481
28459
35196
34506
32327
28384
29489
35750
29185
32141
32799
32749
30581
35195
31491
31327
35722
34075
35989
35576
32844
34816
35441
35947
32221
35704
35925
36003
32915
29540
32688
29167
34696
33518
29049
30796
31662
35860
32738
36021
34550
32238
28668
28787
35543
31667
34177
34002
29124
32191
28433
34739
35890
31881
34806
29632
35521
35601
34244
35938
32416
29768
34902
35621
29638
32860
28688
28696
35845
32910
32256
35627
35607
33978
29819
35262
28772
32866
31260
34388
29638
34630
33465
30195
32654
29442
28674
34835
31885
32366
33641
29332
28364
30121
29948
35065
34581
28646
35953
35776
32494
35961
33546
28924
35442
31232
35534
30271
34743
35537
28569
28382
35741
33111
35185
30063
28483
29234
29966
35603
32111
33841
29746
28545
31787
28556
28530
32044
29868
34235
34923
30334
35021
28849
31269
31524
34862
34581
33585
32050
34913
34834
33220
33161
29701
35859
35791
30253
35493
30671
31105
34080
32072
33975
30741
31045
35895
32349
34300
34278
32054
33850
35106
29358
32325
35996
29265
31942
30282
31360
32845
33128
35858
34155
29317
35931
28440
28866
35287
34040
33829
28447
31621
34646
34655
31435
33495
32649
31686
32460
28766
29040
35334
29327
32029
34826
28919
29583
35824
32746
32186
30162
35171
28985
35411
28702
28287
35005
28921
30989
28442
33293
32329
35512
31077
35804
28660
28483
28797
35265
28328
30663
30198
33783
28810
31414
32682
32155
28378
28288
35526
31701
35650
31305
28933
33025
35855
35832
33745
36149
35580
28525
30608
30424
29927
35913
35837
29907
32254
32519
29347
35179
34961
29387
30920
31810
35258
35522
31747
31909
28654
29648
34110
33654
36011
34178
35308
30238
32537
35462
34139
32800
33980
30940
31859
34987
30098
32170
35603
30814
31339
29248
35756
35351
30887
34975
35688
31536
35847
35490
30558
34001
29406
33524
31498
33518
34254
33401
28330
30364
31058
34066
29281
35840
30352
34147
34297
35896
29090
31089
35930
28752
29088
31837
34052
34614
32081
35962
30166
32202
35796
31590
28539
31849
34683
33804
35155
30240
35872
35649
34841
29750
33822
30315
33787
30836
32388
34306
33653
33798
32557
28431
33473
30618
33681
31286
33918
29620
35577
30093
34041
33990
28464
29851
35958
34008
28414
31360
31446
28651
33039
35401
28588
35434
35335
31501
32344
34413
35859
30386
35057
28851
35557
35413
28899
30494
35962
30195
33108
35717
35132
35613
29661
35748
28400
30274
32822
28879
28615
35084
30254
35798
31282
35896
29926
29950
33524
32257
28834
29098
31404
31268
35846
30790
32896
35786
31958
29128
34752
33281
28507
29248
34915
35372
31076
35811
34271
34174
32503
35356
33135
31985
34804
34590
30583
34340
32550
35073
34742
34534
35563
34571
34423
35281
33197
33994
29749
32554
30706
35967
32400
28588
30106
30102
35908
29514
30754
30800
35658
34468
35022
35649
33914
31088
33609
36129
33504
33904
28823
33067
35322
35091
31483
31831
28349
29744
35045
29023
33779
35729
36199
31430
31004
29002
35483
31692
31493
34172
33373
29910
28320
32511
34321
35411
33667
28603
29559
31000
28514
33665
33972
28282
31066
31506
33373
33610
31614
36014
35710
32725
33438
30627
28697
28066
35889
31228
33322
35896
29576
35250
35838
28554
28372
35805
31449
36037
33646
35719
32083
30258
33837
31104
28459
33698
29636
35888
32066
35196
35158
28878
31917
31527
34218
34481
34979
28839
28830
35255
30988
35852
35921
29439
34570
28721
30909
31448
28495
28659
34172
29797
35353
33647
35908
36040
35649
32134
35939
31918
30587
32762
34915
35041
28498
29730
36047
35148
29816
34028
31566
28434
28138
35697
31762
28508
30769
32672
33223
31238
34786
29087
28586
35300
35923
30981
33689
34161
34449
34478
28708
28349
35832
28390
29605
35842
31076
31235
28623
28195
35607
30200
28402
31923
34727
34090
34121
30857
34619
31502
28446
30259
34613
30267
30959
35240
34962
33003
28812
28196
35815
29103
31617
30050
35185
33096
30355
34057
31383
31779
34509
34416
32456
35326
34709
31371
30027
35904
32785
32361
36056
29442
30842
29150
34855
35193
30954
32416
34651
28369
32445
31496
32046
34793
31573
31090
35860
30286
34069
33322
35951
30656
34146
30453
35795
28463
35775
30169
29483
35506
35430
31367
31869
30757
28647
28490
35325
30683
33851
33809
31378
31950
34264
33551
30733
35841
36110
30037
35726
28648
35018
34089
34426
33550
30846
34621
28510
35664
28342
32316
33624
31465
35740
34121
34799
30439
33460
34282
32932
28532
28696
31101
28552
31440
34400
29513
34822
34846
30266
30990
32703
32319
35473
28523
28358
35733
35967
30024
33708
30709
35881
35981
29370
33586
28885
33779
29350
34875
34979
29734
33709
30511
34347
35375
35154
34565
33230
34847
33791
34970
28968
34536
34757
28644
28946
35549
28466
31711
30524
30730
35802
31051
33147
28817
32531
35396
30922
31791
35198
35928
34920
31057
32949
36098
32873
30077
35928
32546
28223
30363
33666
31360
28714
33355
33917
35627
30258
34286
31561
35692
30854
32444
33418
35130
31853
35895
33231
28740
28293
35726
34110
30567
32156
31261
35267
36023
34347
28491
30852
28513
30535
35874
31430
30361
33017
35896
35566
29106
30286
35448
29579
35086
29572
31499
29487
33891
32274
30032
35361
35622
28728
28293
35557
30307
35828
29048
35395
35340
35912
34744
30849
28497
32201
35689
28789
28422
35886
28453
32974
29084
32955
28743
28620
35698
33789
31716
32327
32015
29107
33505
33569
34820
29160
28218
35623
35663
31852
35552
32722
28657
28298
35739
29089
28115
35855
34207
28875
28525
32660
29384
31420
31527
35716
36068
31174
35258
30623
33318
33867
35163
35163
29448
31389
35376
33453
30831
35464
35933
35576
31181
34654
28390
29355
34761
34928
34904
32443
35919
35966
32867
36108
28503
28371
28418
35667
33398
30764
33311
35706
32951
30773
31270
35981
31178
32733
34090
31733
35267
31523
33530
32865
35508
28484
34497
34822
32530
33969
32447
32169
30221
31860
34786
31322
30557
32659
28431
34346
36011
34468
29289
33747
28842
33824
29089
35484
29951
32623
35768
35999
30881
32479
34895
28597
32674
29987
35091
35641
31241
28739
34514
28502
29303
33668
28712
35863
28832
28255
35634
35918
32025
31670
35804
36064
32405
28305
32691
30982
32542
32551
34804
28522
28619
35539
32498
29960
34877
28625
28098
35825
34527
31632
32196
31024
35221
32670
32670
32670
32670
32670
32670
32670
32670
32670
32670
32670
32670
32670
32670
32670
32670
32670
32670
32670
32670
32670
32670
32670
32670
32670
