9910
35231
34496
30619
30612
31892
35901
33456
31487
34189
29309
32884
35205
33992
31508
32268
32995
30208
32443
30200
32468
28654
32227
35572
34418
32931
32056
28230
29467
33398
29244
30214
34698
31212
29787
35034
35407
28543
28190
32104
31370
32818
33789
31934
31438
34459
28438
33022
28501
34014
34088
35719
35273
35047
32909
28365
29610
35653
35614
31379
33210
30151
35195
32850
28114
29104
35234
33850
35569
28858
30453
32814
29662
30233
35033
34304
35789
29881
28446
28998
35467
32946
32135
31424
28947
28041
34710
35836
35821
34923
28855
28213
35047
28957
29905
28419
30699
28823
28936
28819
28257
34622
35577
34953
35347
30444
28918
33496
33610
31395
34237
32974
31408
29213
28397
30394
35507
35277
33722
36053
32839
34377
29420
28805
32640
34088
33817
33982
34354
33486
28385
28197
33406
34522
30685
31602
35336
30914
30947
30946
35506
32490
29795
34575
34803
34033
30664
35485
34953
28890
31970
34860
31121
34301
29674
28308
32791
33046
34864
28266
28961
30436
28372
30391
35142
29124
32288
35688
31154
35744
30634
29191
29692
32546
28210
31855
34382
29827
28338
30292
32206
28275
30492
28286
30003
32515
29543
30192
31672
33264
32005
28434
32034
28318
34469
31110
35691
30576
34091
28230
29197
29443
34860
34140
32038
30856
29229
31162
28443
32581
31703
28704
29703
32973
30268
28334
34646
35349
35199
28764
35330
31547
32838
31758
33242
29182
35216
35448
33868
32220
32610
28391
29093
28617
29571
32961
33101
33027
35783
31033
28278
35382
32194
31598
28683
29425
31580
29931
33411
33607
31636
33841
28787
28323
28731
35693
35941
28357
31780
33025
28352
32864
35899
32359
34495
30789
32942
30080
35269
28847
32997
33479
35809
32249
28414
29378
34649
32497
28353
29069
35557
35364
29160
32177
30198
30002
35360
35658
31269
35997
32579
34907
35663
28505
28943
28470
34282
33353
35633
35167
30020
34455
32831
28394
33069
34927
33699
29992
29779
35884
30643
31253
35316
30969
28666
34651
34016
34918
28575
28515
34436
29876
34785
35396
35668
35533
34291
31978
28715
35613
31415
28222
32938
34454
35425
35731
32678
28182
28947
34910
34198
34620
34696
32301
35419
33704
34803
30232
31018
29904
28341
34628
35795
34135
34921
35953
35622
35872
28423
28333
35630
29676
30981
30877
28759
32449
35484
31276
28576
35101
35511
28713
28198
35796
32113
33769
35345
29490
35764
32759
30405
34225
35242
35612
29271
29066
28289
28219
35823
35776
28342
28305
31628
34753
35968
35764
34823
31617
28635
28623
31865
30761
34916
33515
29239
33992
28529
29525
31577
34562
30048
28426
29515
35584
28873
28480
31047
29041
30997
30350
28285
35257
34857
35660
35850
35907
29165
28592
34855
31981
33797
28313
34454
33586
34838
35609
32499
28376
34352
35995
33869
35709
33609
32586
28653
34948
35812
35992
28394
30131
29937
34096
35629
34823
31264
28309
35186
30453
30393
35793
32748
28994
31433
29827
34034
35697
28461
29994
30275
36009
30140
29249
34824
33028
35852
35858
32702
28515
33709
31800
35868
35259
35401
33182
35296
29909
31065
34727
29465
33026
35186
28942
35763
28520
32259
28738
35850
29962
32587
29195
35617
33240
32858
28913
28333
35895
36082
34912
28227
31929
28424
31485
33408
35966
34210
30691
35566
30439
30496
35399
30914
34294
32447
34406
35898
35768
34945
29542
32109
33997
28703
28243
35866
34697
34590
31270
29833
35805
32708
35104
29305
32349
28598
34525
31434
28452
35395
35651
29167
33727
35672
28712
35080
35482
35806
29638
33257
28348
32855
33081
29652
31452
28408
31496
33002
28932
33624
29586
28472
33504
35098
35983
30665
28251
35710
35831
29328
35695
28484
34350
35600
31121
32854
28332
32851
31233
28947
35340
30063
35853
35976
33208
33325
32400
29800
33888
28460
31677
32983
28819
31931
33402
28672
29854
32993
34302
32766
28311
34845
35593
30138
31892
29011
34706
35982
30398
33501
29171
35819
32246
36033
31149
31368
34292
33124
31298
33030
29508
33794
35395
28646
34130
30047
35463
28530
35149
30790
29615
35793
34672
28328
31015
34740
35727
32494
33660
28372
35824
29189
34229
29027
32468
29444
35912
33813
34587
30611
31096
34506
32395
35588
29318
28458
28519
28553
32737
34466
32325
30946
29568
35871
28748
30794
29338
29104
35759
35729
33875
34832
35564
28425
33308
32005
31287
28863
34283
28307
31709
33754
28427
34569
35598
30749
33659
35789
32466
32518
31693
35767
33958
33787
31070
35888
31523
28359
32959
28922
32494
34267
34822
30026
35725
28595
35196
28993
33937
32373
33432
35030
29184
33313
28537
35442
28441
32966
31071
30254
35243
33860
29056
34634
32713
29502
32728
29876
35650
32339
34996
35898
28364
34603
33867
35738
31234
33880
28528
33837
30946
29663
34182
28818
36030
29470
34704
33695
31130
34411
31565
30062
33993
32463
34209
31614
34081
29131
30280
33386
32776
30468
34859
34922
35475
29026
34378
28258
33602
33038
35349
32252
35117
28619
34151
35773
28494
32888
33615
34226
28785
35600
33481
35681
33442
28702
36008
34686
32119
33067
30232
34476
28392
34493
29183
28265
32431
28714
35600
35421
32179
35295
29142
35756
28545
28429
34328
32878
28749
34020
29843
32909
34629
29981
29540
34187
35814
28431
33969
31601
35853
30946
31632
35967
31419
32525
30702
35355
35724
29413
32810
32155
34546
35135
33562
31993
28499
35952
31769
30543
34526
30031
32836
28511
34348
34136
30804
29409
34138
30634
28404
32537
29584
33941
30365
28236
34559
28423
35633
32126
28202
32249
35457
28545
35240
30261
29033
32504
34206
31661
30425
30970
32201
35018
28830
31606
33607
33890
30510
31768
29329
35609
31454
30012
28629
35550
28648
34266
31878
34370
30784
35141
29319
35852
32745
36038
35833
28346
34255
31028
29792
34081
35070
28396
34385
28649
32007
35702
33044
28516
33405
34653
31445
30539
35708
33960
35132
33283
34443
29752
35481
35818
32293
33775
35064
35901
31501
35659
32865
30195
29838
28367
35505
28859
35758
34070
34681
35921
29444
33051
28388
33250
28732
35248
31245
35704
29567
29744
33502
28499
34581
33764
31405
34082
28789
30942
35343
33596
30251
35155
35748
28582
34987
30086
35970
35186
34976
35899
31777
35857
28705
33064
29031
35777
31315
34160
35988
28407
29340
34709
35532
29108
34635
34930
35273
35715
34194
35870
28541
35164
31614
33035
35033
36011
33939
28771
35248
34203
35770
36083
28658
32500
35987
33699
28696
34589
32595
28662
31923
33306
34833
31580
29719
28730
35673
28951
34927
31470
35905
35993
35872
32116
35438
35897
28701
33993
28853
35747
33979
34959
28879
35916
33049
28653
33632
32030
30041
33299
34772
28762
35434
28739
35651
31497
28303
29264
32222
30132
30357
32652
31472
29819
35092
35721
29696
28300
35570
29610
34746
32150
34625
34395
34619
35823
28723
34364
28510
28797
34559
35187
32266
29149
28378
35414
30466
32017
29852
35643
34950
34010
30830
32626
29128
34790
31953
35965
32167
28701
35506
30945
35805
34032
35812
31348
28981
35233
35985
36049
28635
31717
35990
35775
34593
31764
30062
35665
28607
34567
31537
32910
28476
31336
28610
35541
33388
31107
35828
31145
31497
35831
28669
31374
30377
31173
33240
34712
35124
33865
30902
35159
30226
35820
35897
35211
35592
28551
34683
28843
35623
35021
28841
33459
36006
32781
31530
35638
35709
33536
32674
28349
33942
30121
35374
28439
33555
30381
28774
31297
28374
35085
33960
30930
29019
35742
28349
33833
30640
28266
35385
28663
29035
35136
31942
34583
32199
31517
32598
33786
35640
29358
35361
32937
28827
29358
28206
35676
31078
35796
35419
34977
30067
33576
30015
34275
35969
33999
28472
33223
28750
34461
34326
33523
28427
35653
28941
35036
33950
34439
34491
28371
34024
30822
31550
31356
36055
28500
28939
34931
32153
33994
28459
34564
29040
35676
28967
35121
31368
31506
30417
36022
29251
28388
34641
31146
35149
35508
28654
35736
34256
28979
35795
33189
28960
34921
32373
31312
35597
35901
30411
32997
33952
35565
30949
30859
28310
35600
30371
31982
29067
29563
29864
35109
30665
35237
34122
28712
33573
28359
31618
30191
35406
34169
34271
36019
28478
32190
35821
31853
35567
34718
35991
32574
33023
28339
35524
29372
31176
28439
34181
32214
28524
30211
30375
28613
34930
35804
31417
33143
29592
35927
33992
28525
32003
31776
30039
34741
28835
35373
35856
32066
35109
36074
32661
35390
30845
35717
28973
35771
35589
30822
32848
34053
31833
35303
31641
30731
34496
28480
33753
35210
35669
29179
29298
34123
30333
28619
34505
34216
35710
32398
28746
32874
29127
28260
34862
30888
35960
35739
34393
33094
29405
32208
29187
31888
35654
34401
28558
32406
28653
35854
30970
30263
29582
28273
35608
29398
32587
32776
30222
32758
28676
29388
35683
29712
34561
35081
31634
35810
29191
35002
34801
35793
28606
29999
30963
29229
33879
35537
32585
28478
33493
34641
35424
28554
28783
34804
35584
29402
35789
29459
32023
32830
35272
35136
33189
34465
35466
33454
28247
31872
34242
35010
30334
35035
33533
33596
29939
30155
34889
28858
35684
29246
33141
29141
29756
35122
33036
32612
29409
32146
32272
31157
35287
30455
34891
31146
32034
32387
31075
30226
35817
29254
35330
34525
34002
30316
34465
35008
28448
35904
29299
28297
35306
34667
34446
29559
28656
35680
29524
34892
34744
30592
28784
35490
35782
36027
30686
35569
34424
33892
29860
35128
29327
32316
35830
30884
30076
31512
35755
32957
29271
29949
35374
34659
30003
29537
32525
35085
35917
30027
35653
33273
33156
36089
31513
32623
34893
29900
32619
32284
35859
30897
28754
29688
35062
29791
32555
35970
30986
35548
30420
29332
35784
30324
34780
31613
34694
32280
35360
33751
30259
35754
35073
33834
28575
34128
30706
32882
35794
29639
30919
35703
31376
28486
32359
35619
28573
30953
29313
29164
34400
31776
34824
34753
31157
31119
31956
28290
34788
33380
28863
34258
35746
31103
35083
31225
32030
33819
33678
35914
34002
35815
29319
34605
34577
28503
30002
34486
33796
35760
29845
31536
31069
28359
29333
32750
28378
33945
34642
32872
34709
34430
32002
30716
35736
32870
35332
32332
34426
33083
30322
34585
28279
32188
32801
30359
28511
30838
31515
31781
28681
32679
34969
29411
31121
29014
28263
34956
33846
32624
35465
32813
28459
32137
33327
33059
28559
35127
34086
28685
35600
35024
34700
34055
28492
33102
28493
35673
35643
28623
30885
30293
35153
35196
30369
34200
32420
35780
35126
31543
33438
33435
32374
35504
35010
34627
30068
35866
30727
32878
28772
35467
31817
35911
30137
35751
29717
35656
35759
29482
28738
35017
33677
29831
30193
34358
28685
35853
28380
33015
34223
28758
33550
35417
35671
35065
30598
32590
33406
35865
36032
28424
29004
35395
29895
31001
35562
28603
34625
28603
35347
30194
31283
33880
32613
36014
28474
30973
29791
30755
28267
34836
33504
34706
34510
34759
32468
34959
32619
32989
31083
30062
34295
30575
35736
28506
33932
30086
33063
34753
34970
29868
32816
35821
30861
33657
29474
30752
31135
35856
35115
29439
28897
35647
32495
28598
33629
29940
35852
28713
35604
34014
32698
35937
34033
28422
28864
34892
31859
28430
33208
33973
33925
34556
34908
32633
28504
31528
30082
35885
33857
28439
33626
34489
33965
33713
34961
33607
33804
34787
28519
33501
34839
33885
34750
36131
34845
35746
33630
29879
34327
32315
35353
29048
34411
29876
32858
34989
33104
28309
31890
32447
31592
29812
34113
30692
35973
34665
31452
29271
33953
31305
30765
28260
33226
29367
28253
35675
30067
35704
32165
34716
34665
32469
32378
31415
30746
33273
32631
32613
28550
30649
35635
31053
31682
35999
29019
33758
34077
28435
35229
29400
33135
33887
36125
29784
35547
32500
28390
29208
35089
32011
29274
35260
34657
30608
35760
31438
34317
28902
30747
28570
35730
31455
33885
29509
34281
32360
35578
30227
32319
31424
29822
30215
35125
32267
28754
30029
33915
29009
32468
31676
31617
30921
35664
32732
31591
33854
35648
29831
29728
30779
33473
30042
28513
35870
28528
34678
33635
30118
28454
31337
28872
35957
32034
30649
35157
34444
28479
35467
33027
31641
35081
34501
34685
30678
34352
35334
35677
30914
33825
35376
34394
33167
28544
29680
35284
30927
35823
35939
28327
35490
31878
35171
34138
30100
32645
35701
35962
30654
35781
32216
28435
30276
35630
30279
33540
29666
30282
35876
28691
35658
35707
28473
31667
31088
28451
29595
35591
34883
30211
30050
34080
30826
32051
29800
29706
30614
30746
33219
35594
32378
35722
35833
32807
28398
28470
28774
35072
36067
34349
31212
33130
30340
32793
32610
30661
35747
31174
31164
29058
28425
34918
35329
30392
30140
35910
31473
30278
35257
34906
32091
33622
35395
33112
32933
35509
34674
35303
28710
30027
35077
28914
30448
35149
35316
31315
34342
31040
35991
32212
29228
33354
32531
28361
35643
35883
35306
35462
34695
34858
29598
28602
35504
34592
32579
30619
28501
30389
35853
33837
32781
34581
33894
35629
28426
30211
35857
29634
33423
35220
35810
30051
35284
34612
32896
28772
29178
34769
35074
33268
29452
32538
32752
28428
29084
35173
31830
35834
32168
32006
35054
34804
28496
32066
33846
35255
31485
34137
28852
35862
30243
34167
28638
35395
34651
31974
29321
34003
36057
34649
30118
34778
34570
34806
30014
34564
34922
36123
32590
35203
33865
34209
30354
35438
34993
35087
34669
35341
28927
28398
32804
34954
34858
32049
33035
34222
28409
35707
35598
28488
31002
30754
28775
34336
31439
30627
31475
29346
34133
33167
29466
34255
35082
32917
34681
35865
31874
29878
33794
32296
32881
29656
29796
34665
35723
34229
32421
36098
29790
35460
33820
32323
32213
32875
30681
31107
29551
33602
35262
29398
33925
28738
30986
30452
34393
31274
29588
32553
35321
30866
35835
28885
35512
31879
29123
32708
30985
28747
35609
36095
28595
31468
28810
29231
30546
35485
31709
33072
29387
35285
30033
31730
28562
33566
30845
34866
35909
30597
35847
35766
34696
30002
33902
30242
33236
34518
31398
33134
29987
34715
29703
33665
35730
30531
35806
32862
28721
34657
33255
29527
34033
31545
35071
34082
28749
29115
35659
32507
33205
30096
28246
28389
34258
33689
29609
34080
35300
30340
32341
28489
35823
29188
34086
32303
35345
34756
34243
30567
29015
33762
35417
36019
34153
30319
35935
34853
30744
32118
32744
35556
35951
32067
35926
34862
32923
29660
32814
35790
36156
30450
35536
30952
35737
33892
28462
29757
34990
33140
34092
31684
35743
31624
30082
32511
30517
34259
29214
34187
29854
35672
34834
29516
34294
29266
29743
33223
28253
33943
30470
34892
35530
29994
35784
33066
30332
29991
29567
35694
35396
34641
28649
28391
33744
35867
33698
28533
32755
28975
28807
35153
30936
35423
29843
35553
28538
29211
34919
30991
34153
28793
29942
33456
35650
33937
29303
35095
34742
30560
31122
31122
30860
30858
35989
35625
30148
34805
28376
33093
34699
30697
31770
30148
35547
30130
35579
31300
35728
28804
35837
28877
35516
32002
30354
28282
28567
35004
31849
32878
29361
33148
35197
34537
31951
34030
36197
30573
35702
28341
35660
33439
30201
28479
30892
28240
32278
28340
32942
33155
35300
30310
29142
33926
28604
32009
32108
30040
32839
30045
28870
35728
33775
34813
31756
28395
30031
28960
28622
30059
33873
33793
28335
29239
35745
35260
31884
34885
29531
34068
35522
30594
35075
29114
35622
29401
33349
29790
33956
34474
35129
33099
28656
35357
32251
35744
34524
29258
28279
35153
32522
30452
29154
29900
34482
35133
33950
30217
35864
32381
28394
29580
30562
33307
32198
29906
33077
30324
34951
35462
33497
29445
35382
33924
36129
31296
34857
28526
32261
35861
28784
29829
33934
30067
32256
35263
34001
29676
28903
30119
35566
32836
35221
32756
35411
31866
35736
34262
34853
31737
28444
29071
32518
30216
28513
35906
33388
35683
35101
31525
34806
35796
29823
35577
35086
28782
34442
32615
31403
34611
35592
31235
32484
30470
34459
30984
35839
30177
35548
34122
35487
34056
32487
35897
28537
34413
35358
28721
34893
33874
32014
28482
34790
32006
35303
32995
35632
30805
33520
30925
32332
28395
32814
35741
33817
28332
31965
32591
35784
34490
35304
31101
35796
35421
28506
35469
34897
34219
29623
35752
35059
30580
30972
29647
28258
35659
34095
35377
28515
31028
30798
33768
31634
33989
35838
31955
35139
34914
35932
35617
29082
35072
33582
33788
30156
32988
31073
33925
33442
30629
35641
28627
33778
32822
28370
31279
28204
35580
34588
32972
35683
34928
33989
30026
29962
35770
35518
30341
29029
33943
35956
35924
29739
28493
31194
28397
34341
32783
35084
29518
35620
34972
28857
34683
32212
35608
30750
35837
35123
29243
28612
34134
35949
30465
35779
28318
35782
34959
34498
34841
30394
31838
28437
35035
33204
29804
35058
35447
35965
35793
30520
34462
35260
31461
33301
35779
32519
35591
28391
35545
29392
34196
29984
28369
35351
33007
33603
33251
34592
33620
28936
29595
35729
30679
35758
28518
34835
35327
29634
34394
28368
35594
28773
35164
33226
34997
35337
33842
35509
35695
35809
29846
34178
35931
34091
29242
28912
34522
33363
30680
35138
29906
35525
35370
34977
34403
30039
30430
35055
29618
35047
35601
29056
32579
29067
34707
35189
33426
32542
32554
32357
35166
30984
31897
35990
29199
35080
35810
28310
35802
35386
28969
28682
35480
32733
32167
30585
33449
35911
31046
33679
35449
31594
28809
29939
34829
29798
32445
34234
32806
35488
28563
28362
28985
28725
35881
33010
31736
33282
34549
29561
28898
35574
29825
28989
33969
32238
34297
35732
35709
35889
31215
34688
29082
34601
31339
32408
28639
31482
31286
28768
29815
34397
28758
28781
34313
31971
32335
33967
35349
34572
33592
35328
30046
34694
32229
28584
32627
35214
36033
32204
29423
35393
35471
28908
28487
34653
34863
28781
35620
35448
34614
29805
34964
32164
30921
35899
32780
28534
28562
35337
30179
35763
31361
35517
32009
35615
31268
34484
34352
35593
35877
34493
33987
30874
31648
33773
34586
34685
34927
35565
31319
36049
33159
34832
30377
35929
31636
35873
30531
35846
28911
28447
35345
33817
36116
34253
35749
29838
33661
33769
28715
31444
35385
28568
34603
33196
33233
35961
30485
35409
30380
34217
32956
33284
28504
28855
33566
31317
31276
34349
30983
33253
29488
35151
34204
31240
33318
32729
35473
33789
28924
31319
28806
34198
33101
28686
34718
32176
35863
33574
33085
31281
31845
35866
31967
29761
35192
30534
34944
31936
35779
35560
35285
29802
28222
35892
29952
29004
35617
35744
32309
34173
31407
35382
31680
35752
35069
34672
33846
34745
35878
28691
34407
34260
28299
35439
30760
32057
33730
35826
28467
33916
30923
30464
31361
29857
35468
31838
35219
34684
30791
35647
28748
28791
34970
34018
30053
29127
35581
35920
30197
35708
29883
34815
29166
33527
34569
31537
35459
35779
31225
28559
31549
34123
30445
28390
30364
32401
34238
28606
31308
28482
35278
33684
33822
29083
35877
28645
31275
28715
34579
32005
30878
29781
31346
33561
29198
35823
28906
35014
35172
29074
35260
33359
32784
36079
31878
28266
32138
33964
31841
34096
32160
33887
31231
35932
29195
35894
32179
35787
28730
29879
35640
30529
28633
30535
35838
29965
32385
30384
31652
35512
29506
34884
34955
33128
29180
34505
34369
30688
35321
31874
28508
31491
28746
28173
33636
29630
34194
33262
33436
33901
33026
28782
35949
30006
29350
34637
30618
36054
34050
29863
33819
34670
34766
31455
28423
34204
34583
33841
29681
35242
35330
33454
32784
29112
33093
35615
28764
29358
35900
35890
33013
35655
31645
33888
34629
33275
32282
35057
29752
30751
33364
30032
33168
35405
29672
35093
35973
31972
35751
35751
32091
32931
30067
32812
35274
30690
34457
29825
35800
30305
32520
36066
28995
34585
33277
28496
29303
33920
32130
35465
32180
35685
35361
28586
30013
34683
31896
35624
34807
34768
28459
32146
29491
32193
35836
29677
33939
28495
30743
34404
33810
34427
29000
35731
34087
29858
35824
34226
28362
35625
29097
35555
36120
35246
34824
29611
28755
34738
31066
34651
35789
32542
34514
34195
32202
31691
34264
33450
35556
31238
28276
33080
31794
34512
33553
36059
30491
34107
28488
35515
29557
32107
32622
35675
28720
31675
29297
32178
28762
35651
30689
34750
35835
28812
30269
33589
34280
35865
30662
34809
30573
34301
28473
31471
28331
33274
35232
35744
33715
35828
31657
33140
28549
28330
33465
34661
32629
35837
29608
28747
35204
34836
30034
31057
28494
35909
28586
35212
31902
28677
35726
29030
33629
35906
34664
33925
35483
35930
30608
32683
28512
32968
28884
34311
32405
35762
35765
33764
28720
34618
33173
29528
28315
35629
32652
34802
31763
36017
30384
35794
29058
35150
29992
35756
34319
33457
34157
28787
29312
35573
34417
32845
30303
28701
31836
35725
35983
32900
32726
30404
34942
33557
35452
28720
29076
35371
30899
29589
35204
34871
30837
29943
35920
31711
28374
28217
29298
35418
31036
32900
30992
32328
35249
34338
28691
28849
35863
33149
31995
34842
34810
31454
35834
29331
28956
33900
32627
35941
34725
33446
35947
32231
34999
31126
32210
31276
35712
32387
29873
28342
35507
32726
35460
28678
30954
29272
33835
32078
35325
31399
35030
34556
33194
35988
34185
28503
31429
32064
30665
33903
31462
29283
35493
32917
28799
29535
33266
35013
33992
28418
30756
28335
35879
29391
28903
35688
35401
28547
30753
28297
35853
29479
33090
29942
35814
34156
28286
29755
35415
33153
29820
35544
35104
29202
35705
35078
32972
35826
31455
34991
33665
33955
31298
34285
31671
34925
31273
35809
31204
32183
30990
31076
29376
35379
35716
32872
29642
30603
33433
28629
29422
33626
32229
28471
30506
30613
34337
30624
35948
35431
32538
36011
28839
35060
35032
30525
32217
28512
28374
35015
34198
31454
33883
30477
28474
35351
32131
34754
34489
31561
35777
35798
34629
32390
35193
34984
28961
32051
28822
34205
34582
32807
35116
29842
34838
35731
29208
34957
35646
29700
32243
28485
33265
28338
33027
34779
30303
35597
31106
35429
32041
34210
33668
31864
30930
33123
34599
35845
35967
33248
30584
34963
31581
34795
35026
30744
30512
31089
35250
32144
34470
28623
35153
35597
32955
28414
30887
28878
35822
35158
35628
35765
28796
29165
35435
32113
28900
30129
33075
28966
34697
29085
33855
29837
35682
34586
33765
34681
28926
32297
35289
34550
28608
28921
34675
30992
35017
33353
29718
32281
30078
29619
31085
28962
34097
35333
33993
34622
32730
33064
32127
35375
30755
35734
34247
31822
36022
35217
30045
34984
35818
28728
35527
35818
28483
30092
35330
31995
28537
34286
31694
29282
35455
28647
32884
31168
31453
35638
28701
30527
35647
32969
32173
28546
34597
28427
28795
34128
35564
32056
28694
31229
28558
35837
34466
35584
32687
28335
28640
33601
30131
35754
33672
35628
29750
35858
35732
35705
31335
31921
30179
33333
34066
34635
32589
31130
34325
32234
29805
33862
35543
32003
29569
31853
34786
31636
34571
30343
28407
30342
35704
28555
35480
33629
35208
34325
31352
35286
32467
28515
33880
33593
28888
31547
30697
34714
31854
35470
35054
31676
32394
32705
35246
33268
33398
28333
31707
31009
30860
28766
33274
34476
33691
31388
35891
30336
35993
28793
28803
35483
29361
33126
33480
28643
33994
33764
31529
29347
32091
29155
29167
31026
35721
33235
28432
30259
33559
35607
32558
35238
29283
32493
31747
28218
35548
32437
28919
32998
28444
30717
30546
34862
35607
29006
35429
35760
30085
32521
35675
32499
33504
30248
33449
29864
31240
28759
30017
33870
29251
28339
34531
34568
35917
34130
32710
30924
35663
35950
31214
31617
28521
33490
36046
33538
31768
32896
34269
32220
31382
32066
30705
33153
35313
28481
30919
29306
34553
32841
29026
30475
35832
35860
29073
35210
33185
34562
36053
29372
28755
35245
33706
29182
35171
32901
28563
30412
32329
35238
35928
28337
32351
34294
35818
29633
33508
35919
34318
34238
29638
34037
33456
31285
32053
31220
30711
35790
30217
28594
35789
35388
32597
32167
35670
34805
35184
35682
28525
28315
35796
31184
34594
33270
29631
30061
35484
35774
32380
35992
29767
30020
35851
32807
35403
32319
35720
31848
33287
36033
34845
35517
28607
33691
28665
28261
32740
35819
30033
31736
30254
33988
28373
30351
33537
30074
35036
32281
35453
35149
29491
35812
36025
28577
29663
35857
29436
28380
35438
35053
35276
29248
30250
35664
35976
34343
35001
31741
33846
33629
31455
32543
35177
31681
35828
33750
30034
34697
34958
31313
33327
30819
31780
30916
33896
33432
35104
30667
34651
33974
35320
30150
35329
34201
28452
28242
35070
32382
34113
31739
34907
34493
32039
33584
33075
33175
35402
31444
32545
35671
33900
35433
28508
32419
28602
34893
34463
32784
34993
29075
34123
31245
34641
28565
35150
34823
35775
29574
33621
33330
29365
28309
35298
34872
30155
32122
34885
28324
35193
30763
32827
28398
31366
28314
33258
28700
34330
35368
32695
29419
35799
29046
29401
33294
33904
29717
32613
35937
30616
31451
29074
30206
35700
35593
33838
32269
30259
30414
33779
34798
31073
36053
30991
35939
28568
31015
30241
28863
32596
28317
32977
35882
33715
35475
35025
31284
31152
35184
34839
30922
35968
34194
28947
31318
29847
35677
35941
29921
33378
30479
34539
35788
28483
28971
35408
36032
36180
30739
34878
34754
36112
31178
35009
28782
33827
29138
35747
28711
31548
29969
32633
28492
30573
29710
33803
32342
34394
33597
31422
33323
28475
32103
35875
29794
30664
31353
35104
35891
28516
30479
33906
30057
35969
34302
28434
33865
29463
34465
34640
36052
32899
35744
30532
35583
35202
35590
34943
34498
28572
31493
28736
35581
35593
33901
31682
30077
35620
35967
29550
34478
31641
34590
31843
34383
28594
32304
34699
28380
33006
30474
30094
33659
28701
34279
30121
35235
35925
34976
34271
28694
35413
31251
35764
34725
28386
35578
31987
29795
34233
35591
35846
31248
34120
32133
29545
35155
33754
36141
32630
35847
29878
28587
35658
30233
35548
29340
35296
34720
34226
33972
33145
35466
29138
33230
28425
28324
29154
32246
35980
31007
35404
30492
31012
33136
28508
31990
30778
30188
33691
35457
31914
32884
29129
31153
30149
30188
31648
35145
32872
35772
33539
29589
33182
36024
33841
35773
35904
32935
35972
30190
32398
28556
31203
29453
32881
35920
29026
28796
33950
34001
30099
30390
33636
34967
28434
32883
34884
28510
29379
35539
30794
35969
35539
31998
30188
32112
33785
31158
34580
31226
35447
31307
35989
30118
35667
31285
30482
35762
30048
32259
35514
35464
29610
30832
28365
29719
35448
32074
35470
36014
30659
35147
35410
34549
32254
32691
35377
30382
32743
28388
28744
34741
32808
35682
34180
32907
30765
33190
29090
31022
29459
33085
35889
35307
28480
30544
32861
33745
29488
34364
33033
29875
35390
29432
34635
28762
34197
29217
35226
31711
33475
29079
29149
32845
28442
31517
29123
35148
35227
29067
31766
31387
29266
28541
35655
32682
30187
28959
33878
35666
35637
29815
33940
28718
31021
28291
32522
30298
34094
36117
28551
28271
35569
36046
31705
34257
31165
31300
35795
30758
29030
35629
35277
32939
35066
29306
35161
36091
35772
30518
35808
31817
30471
33492
29196
34520
34879
30769
36016
33616
34305
35856
29968
34221
29100
35886
29093
34463
31546
29383
32079
28457
28765
34214
30504
31590
31995
33701
34940
29817
31961
35564
32642
28429
33407
36020
34009
36027
33486
28800
31575
28468
33776
35523
32280
31400
35289
34264
34147
34084
28465
28970
35497
32696
32983
31356
35481
31034
34867
32335
35532
35672
32769
29389
28511
33633
34796
30766
30083
28431
35624
31715
33344
35879
31501
33573
33594
35067
29760
32794
29565
32018
35343
33431
33664
33836
29870
31999
32530
30937
35341
34820
32408
30263
30323
29366
30675
32409
35888
35345
32416
29366
34495
32548
31538
28886
33504
29269
34275
34609
33611
28303
35779
34781
34486
28943
35747
34625
32608
28602
33776
29393
35151
29138
31791
28389
32242
31234
34520
31470
35732
31226
28473
29895
32370
35000
29271
35318
33730
35398
30886
35064
33763
34821
34220
35860
35459
34938
30255
33437
35927
29252
28292
35679
32615
35316
35867
32159
35093
33267
35813
35259
32212
34886
29362
32089
35961
29207
28314
35766
35357
29499
35428
35268
35500
36025
29810
35731
34404
32529
35854
29162
33585
28857
35527
33746
30761
33733
31255
35451
32208
29852
28282
35359
34198
29171
35521
35371
36061
34802
29244
28706
35621
32933
34526
32600
30412
28553
35822
33951
28682
34030
34267
35452
35639
31290
36119
36051
35685
28441
33170
33954
29793
30052
31538
28494
29417
35428
29069
33859
31277
28255
29982
34321
35701
35945
35023
35246
33375
30574
29833
32532
32309
29784
33709
30971
29663
35319
33464
35822
32990
30505
33173
30292
31547
33036
30978
34745
29895
32154
33227
29010
28659
32136
32442
32781
28242
31659
29607
33514
33880
28818
28779
33129
35411
30898
35298
33527
28650
30454
31767
35288
34014
30898
32775
35305
29389
34594
34159
28746
31342
35458
31518
34324
29365
33886
29388
33408
28500
33918
29815
32993
28676
34954
34830
28784
28547
33781
30855
32093
33049
35723
28443
34147
30575
33785
35438
31062
34437
28725
31245
28220
35822
28623
34430
36089
35200
35159
34015
35727
34273
29050
33445
31918
32392
31692
29632
34500
32210
34881
35160
31016
35780
29834
35596
35903
28555
33640
29698
35028
34569
28579
34554
33516
30622
35739
34573
34136
30753
32210
34102
30961
31863
35770
34927
35831
31924
33536
32386
35278
28979
35453
30878
34052
35030
28377
32670
35408
35576
30265
32411
33564
28416
33980
35630
30965
32707
30086
35414
30459
35819
31217
31021
35810
30952
34394
32418
35586
30304
35847
28546
35240
29995
32486
35772
35935
30980
35740
33549
33654
35213
34450
30070
35137
33926
31729
34329
30029
33624
28693
28310
30887
30892
34229
30290
34185
30295
29875
28711
34916
33297
28477
29719
35655
31586
35072
29382
32157
28855
32026
30347
35964
35630
30246
32757
34849
28441
30614
35366
32734
35487
34905
31436
34771
30237
33750
28677
29841
33702
28230
35640
34323
31489
35705
31556
30218
29738
34754
35981
30004
28693
35838
33831
32149
29675
35776
33142
28499
35099
32139
34073
30249
31777
34686
34619
35853
31679
30360
35709
35328
31472
33168
30998
33503
35521
28593
33598
35653
32920
35383
35646
30203
35859
34573
29683
28350
35408
32276
34658
34302
31202
34967
33685
35001
30728
35749
33801
28422
29825
35933
29978
28956
34439
31998
35681
32215
35757
33882
34195
31254
35628
34232
29102
30478
33545
36029
28433
35734
35178
31411
34581
28528
30981
29913
35765
31587
34910
32245
28291
33010
35182
35951
30982
34251
29433
34359
30742
36011
29565
28920
33724
30178
33009
33014
28879
32561
28869
29713
31240
28666
33442
33910
32456
34353
31648
34534
35334
34895
32880
30784
35736
29905
32779
34751
33357
28465
30584
35928
32673
35523
34275
29000
34485
34899
30574
31609
28287
31488
28681
35615
31340
35641
35376
31628
28785
31383
30414
34851
33109
33028
30530
31722
35295
29313
34206
31394
34766
28334
33994
35534
28550
28745
35515
34051
32072
35492
31035
31356
35521
32630
30516
33714
28710
34169
31272
29094
35873
32054
35691
35112
28603
33992
35060
32301
30399
35582
35645
32281
35543
33403
28430
30260
31176
29309
32371
29560
35585
31987
35386
36004
29252
34245
29232
35869
29223
29013
35298
34405
31053
35954
35741
31145
35140
33066
28394
33411
34060
28568
29282
34249
30816
28703
29960
35711
30282
30263
35136
30396
29027
31354
28554
32801
31406
29609
28773
35434
35082
28974
34907
28943
34900
35795
30051
33771
29456
35722
35784
32876
29582
33307
35084
31114
33189
32497
28341
31434
29299
34251
33983
33314
32503
29879
35897
30007
30244
34705
29389
31385
28337
32806
35601
28621
31628
31819
29929
34826
34197
30715
29325
28474
34633
32006
28310
29621
30417
35953
28665
29438
35540
32347
35906
29810
35378
32709
35191
30315
30680
30209
35655
30623
32385
35446
35580
32032
32402
28466
32042
30007
35816
29204
31588
28463
34401
35310
29074
34648
33255
28525
29308
35448
35725
29953
28997
35004
31803
30164
32589
34468
33658
32534
28990
35925
31766
32239
33442
36079
29911
35942
32895
35234
31691
32556
30082
29285
35197
33041
35813
36049
28681
30676
28304
35890
29499
31503
28563
32195
34848
32402
32020
34941
29058
33696
31240
28585
33181
28462
35397
30760
35228
29920
34287
28562
35480
34498
35615
35992
35740
34553
29915
32862
35999
35186
29183
32070
29018
32110
30707
28817
33664
35199
30191
33202
28458
31491
28303
33493
33786
35411
34106
30770
31526
32296
29889
30094
28426
34820
32134
35956
28595
28525
35373
30843
32955
28600
30612
30383
31554
35833
29200
35446
35689
34901
35378
34671
29120
30578
33783
32109
35796
34324
29130
33398
34997
28560
32584
29169
31351
28791
29636
35974
29366
29496
35744
34004
31232
30888
35256
29108
34233
30936
30801
30988
32419
30497
28801
34710
28507
35832
32518
33945
34498
32599
35490
35498
29240
28542
34098
30075
35555
33070
28418
31095
28658
35791
34742
35356
28414
32949
35952
33265
29048
28774
34082
32745
33236
35573
32822
29301
34814
31504
30778
36076
32974
33168
33940
29761
34435
30846
36089
34671
35282
35587
28505
28278
35711
29283
32933
29281
28460
32232
35398
33893
35076
28976
29266
31663
34215
31327
35951
31489
35589
35427
30307
34611
29912
34362
35176
29740
35637
35985
29621
33732
28873
31645
29093
34725
36128
29895
29843
35509
34480
33926
33072
34282
30745
28939
34675
35033
31104
35447
31583
31204
28757
34862
31960
34223
34625
32703
31087
28496
35779
28839
30859
31548
30671
35839
30460
34906
34050
35738
30855
33089
29054
32041
35727
29644
28618
35585
35604
29768
35244
30218
34007
28606
31678
28308
32506
31591
28374
29824
34738
32944
31991
35635
35505
29452
35440
35793
30639
34253
30608
34202
30022
35493
31778
33005
30411
35320
35917
34993
28511
29324
30947
28487
28386
34583
32945
29380
28302
35870
33461
35909
28647
34972
35801
29019
35617
29742
32338
31199
32662
30669
33697
31074
30259
35377
30348
35057
35381
29501
32278
28382
32774
34880
31474
32340
35543
33570
31749
29253
34209
30176
35100
30532
28988
28346
31306
28811
33889
36083
28543
28822
35140
31813
30844
32145
35357
28753
35577
34984
30534
30688
30158
30279
35505
33139
29219
35921
29147
29104
33877
33080
32582
35134
33957
32721
34671
30757
35714
36022
34781
35765
34638
29627
33446
35093
35449
29456
33417
28521
33957
28941
30500
35369
29126
31121
35160
34660
28634
33197
34591
33932
34482
34286
29111
35247
33752
34615
28365
33422
28513
29368
33458
28897
30358
35356
28625
32183
28973
33993
31861
32867
33235
28440
31842
32337
31056
28445
31445
29055
32821
28585
31990
32590
29170
30295
35785
35269
28942
33669
34921
33508
34894
29859
28529
31393
29466
35987
33622
29548
28752
33502
35150
31470
35769
30030
35702
34762
32248
35580
29551
35929
33824
28576
29835
35617
35958
30705
28395
34355
33356
28318
28358
35565
32632
35339
32356
28595
30899
30272
31162
34011
28706
29439
28289
32687
35039
35873
33838
35778
35909
35867
28452
29949
35328
33212
29694
35617
34499
29630
35833
31150
35205
32663
32654
31865
29220
34177
29244
34985
28824
33349
34754
35439
30842
29769
32036
34626
31502
28532
34694
32979
28388
35774
33163
29177
34918
35303
31055
33751
34276
30847
28537
31655
28261
33127
33485
30430
35805
35106
30860
33838
33354
29042
29064
34295
30430
28966
35654
31816
28345
32114
34373
35577
35746
29817
35884
35513
28638
33482
29330
33300
28427
33341
29540
29409
35205
33632
35728
35826
30279
28766
35370
32220
31186
29034
29231
34457
32949
32266
35089
32210
33396
35668
34766
33532
33838
31922
30732
34507
34611
31538
33841
33921
34143
32091
28501
34387
29895
31582
33104
34306
30914
30668
33278
35943
33549
28808
33658
35861
29548
33430
35236
34734
35469
31996
33334
32512
34720
35241
32846
35011
33222
29926
35203
30912
31737
35468
29815
32592
35755
34179
36067
31336
35007
33042
35467
30626
35349
35530
34420
28824
30703
34599
33484
35808
36060
29116
28631
35553
32931
31479
30415
34261
35576
32522
28508
30148
31952
34785
32787
32331
33991
31727
34016
36017
28379
31478
29209
34749
35893
28463
28329
31483
28893
35070
35949
29742
33653
34059
29087
35793
29831
35653
33570
36071
32486
29521
33485
28819
35212
30116
32200
28457
28862
33903
34008
33461
28458
35845
35611
29373
29048
35595
35359
34002
29451
33449
31687
35514
30517
35367
34287
33617
33307
35944
34397
33149
31902
28530
33277
31507
28486
34875
34409
31868
35750
35665
28400
34027
30273
35546
29027
29363
31721
33248
29443
29870
31127
31176
35757
30536
35732
32262
28414
31161
28724
34084
35657
35738
29485
35347
31573
31779
34642
36134
35352
28474
30538
35935
28753
28285
35765
30054
31665
30686
30203
34547
30791
35128
34238
35640
35836
30754
30958
31618
28705
33438
29448
29450
28731
34803
35209
29141
35862
28552
29182
35368
35796
35096
35435
33497
29948
33056
29041
34903
35707
29398
35883
32908
32929
35930
34665
31671
30674
35627
32493
28787
30895
28196
35945
29870
31008
28702
34840
33924
28445
28237
35847
28967
31912
35119
35982
32745
28397
29946
35542
32993
31925
34735
32797
34721
33929
28373
30494
32411
33807
31067
35471
34861
34979
28520
32181
32456
35938
28604
29928
35415
29672
33301
30244
35824
28545
34665
33101
28509
31133
30160
35335
31718
35931
35574
28662
33779
29865
35612
34964
29581
28429
35648
30292
28679
31547
35997
31464
34649
35008
34890
30313
30086
32204
30493
33808
29767
31447
32590
28853
35238
32960
35706
31030
35092
32530
35821
33688
34013
35150
35350
30900
35537
34259
35864
29468
29618
34747
35789
31083
31828
35092
28469
30967
28304
34744
33837
35882
31549
30242
33879
31015
35946
35873
33385
35136
32289
32542
36069
30727
32114
29380
35907
28892
28326
35561
32961
34685
35046
29536
28370
28291
35773
35756
29363
33902
30813
35712
35274
28415
31975
30922
29674
32811
36156
28760
35513
31605
28341
33051
28341
28440
35472
31621
35947
34736
31704
34144
34877
33282
28598
35818
29364
35328
31228
35901
33755
31184
33905
28473
35500
33560
31297
29142
31480
28197
34441
34093
31930
35972
29709
28728
35459
32564
32809
28902
28279
28263
35205
32720
29714
34910
31355
34895
34394
35254
32063
35972
31730
33076
35763
30740
28831
32770
31542
34855
35568
29391
35061
35075
35049
29406
32732
32675
34287
31117
29741
30381
29608
30240
35916
31680
32367
28635
35010
32484
31131
35421
34490
30568
31021
31961
31524
30166
35236
30386
34793
35528
31953
28389
28576
31250
28236
34792
28787
35967
34024
28382
32570
32947
29940
31587
28947
28248
33693
34429
28699
33887
29345
34433
32557
33493
28479
32978
36139
35647
32209
34286
32659
35101
30972
34706
34146
34786
32201
35480
35949
28694
33474
35676
30318
35745
32707
36012
35583
31485
30637
29416
35637
33324
31250
28630
33712
36024
33473
31589
35196
33485
33282
33707
34840
32957
35752
35020
35890
28673
35604
28954
29091
34829
32613
35345
28554
34490
35840
28471
33720
29709
34998
34198
35820
35247
35965
35809
30925
35900
34860
33305
32356
29438
31831
32736
34708
33124
28444
30701
30097
31034
29659
29316
28592
34060
31435
29850
34511
30616
35809
29286
33892
33091
33700
28402
31594
29333
35220
29511
28363
34682
36089
29021
28703
34703
31399
35781
28528
34093
30492
35334
30465
30523
31485
34729
35977
33289
35379
29283
31135
31778
28325
34232
34568
31165
34367
35897
31214
35678
35998
29739
28610
28352
32904
30785
29241
32747
35562
35013
30733
28379
33996
30432
35564
34865
34263
28483
32153
35322
34268
32676
31016
35938
31278
34265
35369
30509
35527
31837
35694
30893
34845
29527
34938
29900
35564
35313
33666
29229
36015
29069
34896
33784
28514
29223
33677
33139
31897
28929
35251
35009
35871
28610
33034
35665
28627
35673
34212
28665
33745
31505
33129
32251
29890
33818
28883
33517
32174
34825
32647
35992
28565
29596
35833
30576
35241
32950
33672
29764
35113
30077
31686
28314
31775
35154
34905
35008
29132
28516
34698
34797
31848
35730
31320
31757
35606
35113
35278
32500
34339
35518
32609
31101
30204
34973
30670
36050
28445
30668
31089
34708
33893
32127
35694
33259
35789
29976
35889
33853
29950
35758
34631
30401
35519
35873
33586
29886
35781
33523
33282
32596
30285
31569
28508
33940
34479
34313
32498
35969
32023
35201
33498
35188
31898
34225
28556
35639
35338
35878
32068
28726
29578
34519
33215
28783
35577
36119
32735
35923
28466
30584
34370
32036
34292
29500
34342
28633
28410
32663
35943
31176
28849
30754
35369
33970
32226
31635
29458
33222
33626
34940
32746
29245
35896
35962
33623
28987
29359
28515
35697
29756
30567
34827
34467
34350
33045
32999
33487
29825
33041
29429
30669
34949
28757
32727
35417
30467
32206
33607
35798
28943
28341
34719
34869
29382
32484
35881
36033
30192
34083
33929
30280
30480
30444
35806
28928
31892
30691
34873
29062
34991
35696
31806
34663
34381
29133
32736
30362
28754
33686
35834
35709
29923
29283
35598
31477
33982
29295
29694
35331
33540
31569
31143
33050
31218
28818
32617
29002
28349
35740
28564
32775
29223
34449
29751
35648
35937
31236
32647
28866
33660
29592
34694
35032
35789
30520
32636
34803
35039
31829
33805
28402
35685
33226
35512
29123
28420
34931
29447
34282
30953
35812
31846
32603
35360
28477
28396
34842
33428
35826
29979
30731
35118
33731
34190
35941
30136
29163
35291
29376
35292
32919
35669
31701
34142
28394
33711
35958
28794
29361
35686
29699
28373
31232
28197
32840
32322
31056
28510
31859
31082
28629
30320
35728
34624
31754
35100
31401
29799
33816
30675
34776
35929
28571
34693
33298
28846
35886
29316
28750
32798
34734
33341
29895
35760
30172
34968
29201
35049
33531
34479
31155
35445
32992
28322
33085
35300
35378
31037
30069
33587
30632
35743
31079
35549
31973
29483
34332
30851
32760
35679
28452
29896
35086
34290
28655
33502
29026
28467
28189
31562
32347
30604
28307
35786
36012
35897
32011
34086
35949
35705
29341
34725
34255
30816
35789
29211
28928
35687
35954
29495
28234
35545
31977
29815
28594
34953
31809
33860
31304
28923
31523
28710
33758
29777
31867
33910
31612
33862
30603
31994
28559
34126
34718
31382
32888
34758
30841
30695
35804
36031
28737
29559
35352
29778
35728
31369
33616
35580
28532
31626
28742
34683
33018
35165
31419
35825
31098
28899
31872
34666
30226
28599
35844
28908
29179
34830
35760
28332
33467
28965
34608
35525
28626
30763
30443
32255
33693
31767
33567
33140
33922
30610
30793
34129
35802
28993
30903
29012
36003
35651
33970
35811
32905
35843
35312
28687
34326
29543
34125
31303
29845
33950
34496
28521
31438
34820
31228
35670
35735
30595
31394
28341
32520
35883
34729
30205
30962
35925
31725
28751
34948
29390
32598
32618
30523
34089
35081
28459
28459
28306
35197
32256
31140
29593
30179
33454
31774
34558
29637
33952
28798
35583
31540
32348
34482
34150
31947
35522
34563
28356
34736
35693
28979
28697
34795
32978
31965
35875
28727
29280
35447
31284
33440
31609
35552
31449
30821
28506
33353
29988
28989
32637
28344
31480
29519
34813
33624
35985
31578
31590
35921
29803
29083
34755
31305
32198
36019
34527
31225
28847
35764
31718
31856
35280
34613
34579
34766
30256
35893
32031
31961
33484
31807
35965
30730
28531
35737
29838
32014
30495
31856
35105
34381
32167
30560
30431
29625
35597
31058
29714
33300
35202
32519
28503
33690
28427
30874
31793
33199
35938
28377
35619
34999
31832
30859
28657
29882
30113
31000
35804
29678
28675
34287
35545
35227
28425
34524
35595
34297
32321
28491
32359
34650
33645
30841
35643
31097
30146
31687
29245
31961
32327
35808
28900
28565
31507
28925
35169
35288
29630
35313
32378
34504
30664
34833
30699
30513
34380
35880
29777
32529
35001
32235
36058
33655
31853
35805
30399
34710
30740
34715
28971
32841
29155
32095
33506
33917
35249
28466
33443
30669
33196
36077
30718
35289
30972
34226
28928
35375
28603
33690
28474
30409
34325
28345
31900
31012
32059
35928
30522
35361
30154
34235
31998
35768
31421
31182
35555
32828
30233
32647
29043
33554
29727
33928
31094
35538
35039
30286
29271
35044
33123
33252
31998
29967
28258
35646
28391
34041
35835
35136
35843
35147
30089
31451
31193
32801
28311
30799
28376
34734
28322
35842
29687
29706
33210
30393
35278
35454
28838
29754
35795
29177
28380
35718
30347
31382
28250
31910
32569
32728
31113
29984
29441
29815
29559
32499
35891
28954
28327
34855
33585
29940
28443
35562
34899
32135
35428
28445
33164
35965
32766
34757
29751
32606
30216
33253
29128
30482
29312
29435
33880
32751
32973
33732
33365
28775
30871
30862
29031
32482
29258
28548
35494
35701
31253
28682
30488
31813
28761
31650
31004
28443
29783
35761
28894
35303
36024
29555
34911
32896
28629
31844
32198
30728
31258
35621
35488
31785
31819
35572
31443
35708
31539
35033
34144
35619
32868
28952
35593
28778
34448
35930
31771
33421
28978
33994
30381
32181
35049
35555
35945
34238
28634
30397
28653
32035
36001
35636
30867
35299
32095
35237
35755
35695
32751
32036
28493
29831
35672
35404
35795
31315
29494
28376
31877
33105
30619
28419
35560
34136
35215
29851
30090
35453
28667
35228
34558
32608
29666
34566
28714
28710
33560
30994
32531
35313
35419
29058
35963
36041
29517
28286
35256
33897
32232
34376
33830
34117
31542
35577
28881
31996
31674
33085
35694
28601
35697
35976
28517
30806
29789
30270
30384
35697
28553
35404
36015
31415
31882
35729
31372
32043
34723
31428
32065
28562
30813
32498
35892
34180
31271
35637
33751
29826
32541
35900
35869
34001
34990
34525
34549
32879
34750
34957
31346
32995
32525
30636
35649
34299
35178
31143
30789
35277
29635
35466
32917
35681
29762
35265
30095
35442
32430
32690
35910
33255
34034
36083
28881
28474
33946
33742
32935
29006
29312
29465
35845
34811
35043
32999
31750
32516
33305
28671
33685
28976
34513
29425
32238
28347
32454
31573
28306
29126
35953
29074
33219
28680
35481
33718
36021
33769
33868
33353
28812
30144
34907
33907
28346
28628
33281
29019
34082
31901
31369
29450
34886
36062
33629
35797
31574
31274
34267
35962
35216
34724
29765
29061
35082
32954
32388
33924
36072
28739
28922
35576
32424
34097
30018
33705
35829
34060
29946
33854
33603
30215
33520
35868
35573
31466
34214
35739
29954
35885
32196
36026
35732
30779
30605
29747
35476
31743
34786
33074
34566
28440
34660
32579
35477
34819
28323
35563
34636
28554
33951
29886
33911
30754
32990
32402
36095
28483
30360
33953
30208
35513
33571
28808
30838
28138
35859
29984
35473
31151
34624
34239
30313
28816
35229
35864
29786
35597
32212
31786
31941
29032
34411
29943
31355
28282
32245
33155
29734
33301
31594
31788
34342
35236
35828
29309
35244
33555
28721
28273
35455
29239
28664
35771
35707
30078
35664
35884
28980
34817
36119
29245
35880
32387
34922
34805
35320
28574
29903
35696
30844
35045
34079
35783
29273
29384
35645
34880
35692
36060
29951
29433
34067
32919
32653
28778
35023
30917
32228
33285
28318
35791
28888
34706
35606
33378
28825
30691
35636
34656
30754
33271
30185
31766
32181
35900
31854
30068
33484
28815
34584
32611
36029
31839
35858
29035
28823
35415
29297
28913
35695
34428
34879
32556
35023
32779
33527
28536
31353
28524
33229
28605
33912
35641
32121
34669
32430
29528
34877
36075
31032
34111
35589
30207
31981
36018
28821
29966
32706
29519
29455
34953
35936
32258
31857
32085
31038
35483
34963
33393
36111
28560
29758
32515
31238
33602
35308
31459
33607
34350
32885
29536
29065
35745
35710
34881
35496
30839
35743
28409
30257
30978
35502
35632
35544
28586
30070
35064
33900
28476
31114
30078
33763
28589
32991
29951
35900
28828
33914
29552
34074
28551
30145
32486
31985
33327
35741
31984
36019
30763
34906
31519
33910
28545
31842
32509
30404
33941
30688
32604
34567
34134
32543
29113
34691
36230
30173
30757
30533
34859
31882
35929
35765
28360
33812
30891
32383
30126
35490
29019
35400
33581
33205
30035
34779
32676
36049
33693
29359
30749
35603
35186
35094
30338
30291
35759
34944
29979
34773
30151
35344
29245
32888
29471
34190
29449
35000
33484
33178
32702
29347
35732
33702
32102
28309
28329
32413
29640
35752
28665
34630
33480
28297
32257
35381
30397
35945
29823
28460
28987
35385
34829
30710
35681
30559
34099
33888
32204
34494
29291
34660
30028
35901
28790
29131
35636
29154
29813
32153
28727
29956
35597
29983
28163
35340
30215
34195
36009
29666
28622
31213
31110
34854
32813
35352
32048
28342
35659
31161
34773
34141
32767
35523
31798
35005
35903
30942
35358
35690
33162
28469
32786
33471
30926
28939
31461
28493
33046
30382
31527
32026
30976
32057
35483
32779
30936
35612
33996
34034
29731
35825
28691
34311
30979
31888
35113
32107
35181
30537
35656
33315
35865
28818
29086
35301
28483
31798
34694
33795
28637
29735
35714
31638
32922
35772
31748
35432
31759
35472
32401
34586
33396
29931
35498
33324
35766
31354
35538
31037
31676
30636
34926
32657
34342
35934
31869
36061
35305
30934
32937
31553
32868
28989
35829
29628
31984
31463
33279
28472
33195
31669
32840
36052
31709
31513
28707
28707
35619
32660
33703
35433
34751
35732
28963
28739
35116
32182
35127
28689
29156
31165
35780
35495
30052
28972
35550
28478
28511
31888
28787
32719
34857
32131
36104
31786
36004
29250
35702
33986
28965
35283
34398
30052
34766
33902
34988
31134
30059
32064
32542
31531
33982
31389
31870
34709
28753
32322
32314
35837
31892
28568
30326
34710
35961
31169
29991
33173
29305
35689
32795
29292
32333
34325
33650
33800
30118
34949
30441
28601
35826
31969
31363
33680
35700
30176
29694
35748
31302
35461
33833
35757
35920
35396
28394
33570
28599
28510
34984
29478
35469
31873
34894
33202
32293
30059
28735
35781
30658
33369
35706
35737
29192
35319
28436
34479
32273
35835
29112
28266
35800
35922
30853
35679
35321
33812
36008
28601
33814
36060
28536
29077
34677
30986
35563
34051
33608
29999
35696
32563
33335
32328
32796
35601
30000
30460
32773
32721
29322
35399
30733
29837
31814
28486
29666
35513
32518
31954
29549
35630
34850
33958
35439
31073
34807
30386
34624
30461
31743
35700
35281
28786
32299
29020
33903
35123
34618
32000
33559
32716
28386
32592
32566
28240
35791
28818
33337
29959
31614
34386
30224
32408
35582
35875
31150
31672
33501
33556
29373
35817
28388
32191
34066
34045
35768
35345
30152
30191
35915
32789
35698
33732
28412
28304
35553
35756
28655
30215
35983
35759
28537
29554
35774
31314
35483
28926
34479
32957
28698
30382
34055
35930
28838
28394
35813
32760
30549
29179
35420
31481
32811
33781
31579
29609
32829
31329
28734
34693
33538
28382
30447
34596
28866
34865
35425
31055
34238
29188
32851
31475
33465
29103
30544
33732
34682
28579
34467
33628
28668
30982
29499
33089
35814
35303
28490
35156
33945
32014
28870
29489
35921
33332
28610
33785
29251
34176
28381
32306
33138
34682
34451
35165
35945
34862
34625
32242
31483
36061
32033
34030
35458
28658
35648
35735
30591
35826
35657
30142
35699
35059
31615
35809
28545
33615
28794
29176
35004
32784
29322
31543
31975
30502
34923
35462
29321
35168
31413
35052
29462
34693
31688
34741
34313
31715
29000
30074
32085
35851
29714
28975
35828
32615
34908
31297
35397
33520
30509
32840
30348
34840
35329
34077
29506
30858
33831
29482
32932
28360
28875
34509
32886
30470
32065
28470
34711
34424
31955
31466
34134
34772
32162
35927
33567
35833
29633
33353
28456
28880
34897
33062
28909
31495
31587
31170
32402
31932
28615
33391
34349
30206
35747
34301
31645
35421
31760
34666
35769
34119
29270
30494
32261
33630
28457
30529
28246
30806
31521
29042
34902
31099
30216
35691
34292
35845
28785
34278
31455
33706
31461
35806
30018
28923
35413
28505
35251
34419
33918
31091
33494
30031
31858
28298
29982
35691
34316
34109
33397
28768
33008
30434
36051
32288
28687
29459
34168
35326
30954
31619
33797
35904
28582
33046
31217
32208
31830
31286
30367
34091
33699
31867
34650
29467
34614
34812
30299
35747
33298
35590
29071
35053
35129
28409
33821
29487
31932
30750
31970
32808
32183
31238
34981
30537
33575
34573
35661
36014
34576
35936
32218
28585
29616
35199
31324
35508
35158
31153
31680
31646
32350
32487
35897
32522
34073
35744
28835
31229
29627
28294
35226
33076
33509
34852
34815
34682
34469
33316
34426
33629
31862
33654
28560
35594
33250
33354
31356
31011
35787
35892
34910
28915
35231
28673
35015
35573
28751
35870
35935
29614
31427
29845
34150
29062
32337
29404
35310
30990
35853
29166
29717
34771
32215
31506
34769
33780
36143
35045
34781
30164
29077
35881
30310
34578
32933
34155
36006
34481
35723
35795
33264
29417
33915
28384
29433
32875
35483
31398
33784
35715
31823
28636
28609
32997
28784
28922
35414
36095
35273
32842
34238
32209
28243
30655
29348
33741
30158
33976
31817
34153
35604
30339
32476
29139
31718
28627
30060
30306
35837
36116
28672
29667
35912
29878
30171
31962
35344
30751
33413
35589
30470
31725
28319
30654
30693
30335
34869
30868
32528
33154
31540
28888
28790
35606
35132
35764
29587
28194
35164
35405
31265
33882
35159
34031
31111
30437
35320
32876
31075
28794
34530
33629
31472
36004
36081
29483
28792
34163
34201
29697
32520
30613
30060
34427
34780
31437
31779
35574
32842
28759
35303
34904
34318
28883
32687
28375
32095
34549
28700
34914
34473
29538
35351
32837
35743
34608
31466
30770
28371
34510
33918
28406
34432
28489
31206
28652
33517
30678
34836
33639
28993
29449
31581
34679
30913
31681
35898
29563
28330
34997
33346
29363
35419
32371
35859
30880
33303
35513
35316
33162
34337
35849
29745
28411
35885
31296
35615
32381
36005
34684
34395
33522
33272
35258
30572
35308
33944
35923
34827
35320
28996
28537
34881
33344
28713
35721
29259
31579
34531
28674
33330
29104
34168
28963
33605
31642
30583
33924
35605
35081
34865
33737
34462
35804
31076
34103
28587
35837
29158
33140
28572
32187
33491
31762
35226
34075
34697
32915
29674
35885
34194
28508
30926
30561
30335
33926
32055
34333
30955
28517
35965
35160
30259
28846
28670
34434
31653
28733
34475
32828
30731
32701
34333
29228
35631
33052
34819
33826
31580
32028
34620
34687
35849
35751
32346
35941
33212
35376
35863
31625
35682
30333
29447
35728
32319
35792
33492
28488
31901
30576
32953
34501
34189
35952
31972
29948
34753
30681
33997
31624
31174
29097
33449
35339
35848
30691
32369
31147
31277
35079
29039
30556
32873
29073
29663
28841
33689
36020
30664
33699
36023
34867
32817
29953
28642
31665
34445
32392
28627
31171
30211
29159
34719
33729
29639
32377
29530
28671
35914
31981
32915
31765
34813
32733
30447
34493
28917
28288
35641
34884
32191
31578
35135
31240
29199
34632
35570
35858
30901
33173
34549
35232
36065
35934
34895
34823
32125
28570
34482
36007
32865
32645
34722
34326
33591
34328
33730
28700
35617
29709
33051
35612
31558
32269
30847
33853
35935
28429
34470
31685
34939
33551
35506
31923
34463
30101
35871
30332
30363
35309
31447
35849
34081
35853
31815
29909
28769
30914
29177
34352
28753
29188
35234
31686
35708
32853
28397
31985
35850
28918
29168
35624
30825
28268
28305
30300
35628
36086
34955
35711
29793
34804
33368
35846
33761
35677
34498
29185
32630
34993
31879
35496
34174
29373
35112
34290
28918
29852
29337
34710
36053
28429
29907
35600
34962
30713
34745
34506
30236
33798
34881
28357
34362
33406
35388
34978
35457
32597
35843
29740
33017
35957
30151
35692
36052
32261
28726
28214
35659
35242
28731
30209
29028
33714
34934
33325
32522
30957
30716
34635
35426
33947
35948
34663
33921
30090
33330
31270
28416
28456
35341
33814
31047
35846
30586
35685
31288
34392
33797
34913
34536
34332
31105
35197
29808
35672
28580
32743
34041
31476
29643
30384
34193
29953
35128
34314
30089
32946
30644
34598
29472
31241
29439
32869
32068
29021
35669
35891
28733
29114
33986
32070
28373
28966
34650
35327
29187
34906
35844
29367
35326
33497
28519
29881
35881
35350
33087
29111
32652
32865
31083
31275
33838
36019
30309
31717
30617
30602
34947
29083
32287
32792
29780
32569
28233
31691
30412
28957
34309
31184
31169
35133
30111
35436
33485
35845
36053
35638
28688
35932
30794
32622
35064
35869
29185
32945
29711
33994
30603
30934
34105
28540
33145
34158
29176
30327
34745
29254
35051
32942
28530
34865
33082
34425
32423
31362
35197
35962
35037
34975
33080
32846
35049
29124
34011
33178
31934
34452
32446
35989
31754
30762
32465
35821
34246
28772
32219
32939
32640
34670
29085
31672
30403
28317
35659
33412
31807
30316
30471
35718
29578
35115
29481
35125
29791
35339
32335
31221
29388
35166
35605
34468
35368
29898
35608
34364
29083
34085
35583
32261
35965
36007
31519
32842
30953
34713
35707
31376
35357
28501
28839
35317
31776
35426
34498
34984
32531
29891
30147
31395
35663
35705
33166
31455
34986
31688
29260
35470
32480
28790
31392
28314
34334
35561
33087
29120
29962
34581
33851
31933
35873
35051
34713
30632
35438
36054
31232
34866
33343
33858
33374
29899
33898
29403
28323
32856
35375
33987
31963
30587
28810
32226
29924
29093
35937
29969
28435
28822
35398
33500
35226
32286
34296
30362
30428
32956
36010
28430
28655
35094
34440
31845
35915
31067
30272
33667
30826
30719
35564
32016
28307
28473
29129
35630
32216
29540
29988
31840
35018
31598
29432
35532
30737
29677
28206
35534
34191
31642
29767
32750
35739
35405
35104
35052
28609
30389
28439
30256
35724
31232
30681
35640
30422
35580
32285
35794
31017
35142
29739
35808
32930
32837
31419
28615
29822
34721
34564
33980
31360
32098
34270
35818
31585
30876
35164
31557
33345
29636
33703
35231
29244
28870
35363
34873
35475
29176
28257
35650
30274
29158
28375
35124
34502
35090
34888
29190
35590
28561
31762
31804
35918
31219
33714
34720
30663
32628
30731
28810
31404
33424
33983
30997
32343
32253
30894
33703
28442
32052
31910
35862
29019
29066
35877
30786
33106
28335
35660
35926
28426
30489
32026
33028
35279
34583
35935
28437
35725
29483
31083
31161
29442
34407
32008
30857
32253
32801
32751
28836
32694
32272
34540
28419
29069
35921
29483
35328
34318
32138
35916
29729
28809
34964
33181
28593
31119
29832
35908
28519
31535
31873
34394
30335
33485
34560
35310
31077
30728
36061
29378
29878
32197
33118
31868
34984
33663
32522
29279
35791
35707
28638
35674
29221
33602
34177
32848
29581
31909
31257
28355
35315
30825
32302
28688
30050
35784
35436
28778
35098
31918
36076
36052
29921
28531
35797
35991
33139
34922
30672
34538
29055
35637
29585
34954
29366
32639
28542
28371
35542
35465
28909
33234
29423
32383
36033
30106
35755
32061
35327
33380
35003
35028
30127
28779
35605
31773
28441
28655
35761
34572
30822
33669
33723
34425
33469
35766
29804
32544
28920
35934
31216
34706
34345
36081
35954
32535
30064
34146
32060
28218
35712
35878
29335
32415
30716
31447
35801
35103
30287
35516
29384
33567
31312
35950
28582
28883
34845
35719
31334
32266
31336
35760
30892
32152
35512
33214
28390
30207
36009
35600
30643
28726
33519
35609
32881
35529
31226
34912
32529
34978
35826
31033
32562
31615
28414
32761
33478
34028
35460
28721
35551
28915
28255
32606
33910
31917
29474
35660
29759
35375
34981
34746
29980
28446
35459
34416
28457
35604
35021
28538
35183
34696
29070
34631
35922
35884
35696
30705
31831
29746
31058
30404
35409
29999
30672
30196
28230
34495
33267
29971
35166
31683
32349
35712
33169
29536
35068
31483
34168
31329
28537
33075
35827
35485
29098
35025
33557
28552
31078
29576
30980
35706
30925
28890
28945
34273
34408
35638
29943
33349
29573
29309
33822
35833
35701
31634
35670
35602
35165
31852
31472
31238
32937
30733
33578
33682
28874
35810
35481
32146
34054
35655
32110
29055
35858
29320
34758
33470
28410
30668
28488
35837
30436
34122
28430
35316
32975
32886
33918
32865
28931
30513
35528
31146
33367
31048
33044
29624
29639
35806
35961
31025
33334
35832
33057
35755
29155
28274
35561
30668
33138
31062
33326
30112
35386
35543
29650
32815
35928
35370
35735
36026
28482
30288
32915
35702
35748
35497
30454
30936
33853
30544
32889
28731
28418
34829
31710
34856
31706
35564
34633
34601
30143
34525
34265
29309
35073
33329
28685
30874
28217
35353
29762
30563
31237
35683
31130
34038
28984
32244
33797
32058
33702
35917
33765
28484
32523
28310
31595
28346
35615
32537
31317
35619
28508
35301
33030
33426
35461
33515
29631
34969
33709
30823
35500
35837
31216
29890
35359
35405
29358
35134
33669
32198
35803
29157
29398
34321
31151
32691
35763
34911
35790
28463
28652
35580
28767
32589
35695
29266
29695
35724
30382
30909
35135
33939
29987
32908
29188
35881
31924
33192
29833
28442
34412
35145
29265
30319
30706
34115
34717
30374
32450
33446
33024
28657
28553
34991
33992
32301
34186
28480
35740
29881
34217
31454
31125
34752
34478
32563
32345
34629
29993
30227
35955
29393
34079
32962
28424
31454
29098
28500
33053
28641
35473
35671
33083
28702
32211
35870
30746
35730
30211
31092
28990
35763
33228
29895
35809
28622
33416
31312
28337
28234
29103
31173
35866
30559
33186
29988
34468
35999
29425
28123
33617
35617
35273
34431
34539
32166
35449
31202
32225
34601
35873
33885
34078
28399
31076
28352
35767
35579
30543
34310
35738
28460
35753
29670
34846
30795
32727
34959
28462
35780
28843
32813
34606
35852
33350
33805
31439
28386
30373
28550
29154
35620
30680
34531
34338
36139
30156
35705
34404
32390
35004
31142
29670
28854
33908
35944
32874
28529
34548
30690
34836
29285
33058
35111
29183
34629
32401
35836
31919
32382
34192
35688
34562
29343
35384
33326
28937
29334
35809
30055
29105
31283
34465
29942
35704
29182
35315
28587
28277
28410
33010
35507
28880
35475
36069
33830
33479
31699
31042
28250
32461
35904
29597
34290
30152
31620
35789
35776
31572
29763
30129
30442
35565
30697
35275
30791
33570
29697
35770
28993
29604
35271
31731
35745
33096
29927
35612
33813
34316
29430
29086
34466
30991
35927
32198
28321
31488
31495
28366
30860
29399
34924
29579
31198
29773
30668
30711
34469
31000
30718
35046
34247
28729
31967
30660
28277
28762
33962
31264
28917
35058
33198
34093
30655
35766
32462
34751
35281
32187
35900
30930
35605
35345
28985
29333
35337
35220
33566
32522
35940
29487
28586
34284
28602
35689
35586
28550
30692
30347
28531
35825
30895
30060
30713
29271
34985
32753
31901
33798
28846
32883
30604
30268
32678
29955
33285
35536
35916
30106
32640
32640
32640
32640
32640
32640
32640
32640
32640
32640
32640
32640
32640
32640
32640
32640
32640
32640
32640
32640
32640
32640
32640
32640
32640
