9910
32775
33971
32581
35532
30597
35843
29222
34088
29053
35598
35370
29821
30846
35540
34359
35661
34212
29671
35580
35079
28715
34743
35009
34202
35193
28482
33906
28926
33532
28373
32365
34832
35341
28409
33675
29259
31018
30303
30694
35738
31859
34843
28643
29011
28201
31991
28768
32856
35221
30001
32315
29023
35926
35663
34716
35854
30688
34284
28689
32604
29745
35373
35580
35968
31580
30133
29756
35283
30706
34223
31045
35351
29403
31069
29877
34733
33853
36135
32855
34544
30499
35695
35679
34214
29758
35619
28885
31763
32493
33847
35997
28524
30983
35723
34803
30807
32118
35627
33037
33838
28303
30336
35681
30498
35382
32393
29742
35701
34045
32187
29751
35554
28365
29397
35823
34263
34725
35564
35747
28794
34009
28545
30717
31148
33118
35766
34030
28550
29689
30911
35405
35860
33799
29548
29333
35436
33063
35191
32228
31058
32635
28461
28263
28354
31999
28310
28551
33648
35581
34702
33874
35551
28459
29155
33237
31508
34435
35571
34487
35600
35731
30497
34181
30207
30331
34974
35312
33072
28662
33244
28976
28275
28219
28564
28028
28054
35599
34281
35059
31194
34687
35075
36064
35545
31266
28671
28667
28260
35550
32419
34603
30706
30955
33910
35614
31498
35790
29375
28208
29130
31644
30669
34867
33700
35558
28917
28172
32011
28669
35014
32926
34665
30917
35731
35757
35928
34535
28519
28466
29535
28231
35633
31771
35614
33521
34512
30297
32248
30236
28631
29380
35178
33988
34306
31405
28368
28743
34717
35549
29262
29277
33936
30215
30167
34292
35679
34871
28680
35991
35846
35252
36062
35832
28635
28849
35484
35071
33386
30430
28305
28082
33559
28306
28866
34316
28372
31257
28610
28378
34447
28713
30771
35240
34945
35171
28422
29420
29278
28382
33460
30215
28320
28305
31348
31265
29567
30342
29261
32107
35162
30742
34414
28637
31954
29126
29842
35916
32917
28273
28823
29175
29735
33444
31008
28685
31772
29840
29975
35930
35131
28274
28967
28209
34923
28486
29080
28794
33790
34834
31279
30135
28251
35661
34971
30337
33430
28468
30536
28156
33544
33166
28947
28295
31189
28379
33581
35602
35826
35277
35146
31270
28796
28934
34720
28459
34154
30242
29175
28378
28620
30885
31861
29299
30719
28531
29019
33881
29567
32349
35674
30283
29671
29154
32050
28438
34776
29288
31881
32057
35526
28388
34741
35520
35942
29969
31386
31998
34409
35108
29264
34878
29520
29008
29797
34526
29240
29064
30946
29202
35474
30116
31802
35628
28376
32904
28366
33491
35714
33776
32376
35777
31811
28270
33870
34844
32458
28658
29292
32907
28633
31910
34801
29508
34888
35792
34600
36035
32430
35574
30709
30782
30098
32458
35399
35476
29006
33870
28440
35643
35396
32237
34683
28959
30091
31318
33871
28281
34962
30699
28959
32167
34001
35820
33093
29760
33596
28647
29046
35351
28294
34088
32458
34159
32640
29452
30726
31810
31398
31007
29623
35729
36009
28597
32348
33653
35859
34045
33232
35540
32430
30661
33479
32427
35862
33533
34194
34988
32885
34956
29169
31494
34242
30597
28335
34544
33435
31907
35820
32578
28363
31974
35958
32803
28781
31504
29247
29570
35338
34825
32234
35831
31019
34931
35530
31185
29541
31530
28338
35900
35369
28744
33751
35668
36157
35731
35524
32218
35715
35772
35030
35356
35026
29184
34071
30254
30021
28850
32634
30307
31002
33526
33273
30709
34982
35890
33780
30389
33054
35859
28860
32795
31612
35413
30947
33147
35403
35011
33770
35696
30139
30050
35286
36048
31010
31249
33825
32201
31158
33948
29107
33371
35724
29987
28360
35787
33797
28419
34508
30238
33706
30289
28890
31169
35461
35806
28426
35650
30235
34484
35985
29032
35829
32722
29603
33842
34923
35773
30740
32860
32944
31230
34165
29528
28464
33567
35613
29776
35948
34830
28613
34414
33285
28986
34691
32818
33988
34684
28405
35040
34628
30244
34489
30711
28304
35285
35150
34778
36043
33001
30763
28157
35667
35334
32630
35568
29598
31361
35637
33997
32211
31531
34594
35428
33698
31839
29069
28684
35994
34388
34565
29368
35816
31652
31500
28560
34375
35246
34274
33311
28535
35682
28435
35025
28561
35619
35724
28681
32524
31457
31658
35710
34178
29933
35727
35984
28748
35438
33461
29967
35628
34194
28467
35247
29791
35345
35135
35243
31707
28850
31770
29203
33585
32214
35540
28375
35875
28440
35863
29445
35165
34586
30152
33056
33451
29286
34379
33980
34770
28797
35836
28422
35603
31759
29966
28890
30191
35725
33960
34914
35985
33855
33534
35000
28919
31098
32994
28407
32069
28255
34494
35847
30437
35938
34929
30934
29674
28601
32697
34153
35864
34534
33712
29174
28370
34732
30489
31964
29516
32136
32616
32006
32457
28338
35334
28806
35951
29452
28483
34656
35699
28405
34864
35591
35510
29248
35549
35812
31368
33410
28762
34997
28704
35429
28404
35910
32973
31645
35923
28933
35708
32901
35894
30948
28779
35965
29218
29526
35180
30019
28558
35433
30941
35753
28379
35436
28739
35875
34714
28793
35878
29088
35823
34647
29344
30501
35807
35904
35349
29014
33708
32347
28958
34691
32881
34262
35907
35393
31314
33952
35547
28487
33859
31753
35348
35845
29082
30652
34650
35470
29191
34386
30762
34049
35892
36079
28642
35927
36037
29007
34228
35273
35407
31611
35424
32954
28512
33778
34444
28374
35515
29227
35213
30797
35460
33587
29276
28315
35374
31446
34850
35743
30616
35011
33337
35591
35656
33833
33402
32150
36012
28879
32575
33164
28347
28686
35271
31149
28456
34282
34410
28976
35319
28395
28615
34858
32270
30925
30785
29556
35922
34450
34632
35297
32820
34504
30973
31168
28412
35412
35459
32074
29197
33085
28722
35564
32216
35667
30254
32384
34117
34856
33869
32462
31499
34083
34650
28486
35693
32733
29906
32896
28217
31273
28402
28517
32671
35769
30529
34015
35516
35268
29087
33022
35763
36122
29034
33768
35889
34324
30583
36049
31199
35717
28689
32334
33908
32345
30712
31693
35328
36058
35840
34714
33158
29480
33138
32539
34981
32323
31528
28582
34210
28759
34417
28562
35210
33538
31595
35382
31161
35723
33697
32973
32136
28487
30918
33554
35079
33393
30247
32529
34502
28490
35684
30902
32742
31566
33618
28559
31752
28663
30853
34476
28387
35719
30954
30065
33733
28450
33382
28435
29494
34206
35629
35749
30145
34530
28429
35759
28916
29443
35951
34360
32634
35619
28694
35641
29066
33192
30108
35059
29641
33973
30741
35001
28542
35033
34572
33818
29455
34031
30296
34989
34875
30389
33950
34786
28426
28848
35742
35889
29585
33064
33386
29328
29717
35487
28436
35786
33243
29092
29903
31271
28667
35801
31434
30426
35206
31406
32139
35647
35577
28658
31430
35882
28473
35428
35952
33951
28889
35969
35881
31746
28306
28571
35629
32380
28501
34315
31555
35713
33352
35441
32798
31878
35700
28430
33186
35881
35879
32626
30285
35696
29359
34532
28939
29493
35114
29894
31812
29044
35716
36227
31263
35234
35409
28618
28761
28480
35499
29810
30183
30503
29431
34208
33680
31056
29745
28420
35232
30177
35735
36080
32950
29078
35299
34889
30942
31939
32570
34002
28443
28881
34828
35922
35537
28844
29817
34972
32191
31505
35714
35124
29887
30252
33269
35552
32359
34436
35841
33779
29082
30919
35807
34981
28363
28769
31558
31525
34483
35619
29373
33327
28285
30733
30551
33693
35490
28524
28639
35117
28428
35064
34577
32203
29009
35128
35658
30559
30137
32086
35922
29215
28833
28250
35022
33125
29298
35392
32875
29839
31533
35109
29670
28402
33117
35555
31266
35986
28550
34189
28571
31827
30957
28439
32359
29624
35525
30917
35130
36015
28370
34956
31814
31595
31940
29220
30263
36086
35561
35311
28357
35295
33991
34358
28574
28311
31857
35244
28512
33601
28619
34929
34629
33094
29592
34656
32119
30753
31993
31279
29379
35882
29611
33426
32611
28609
35488
32456
33846
35970
31103
32223
35833
30036
35156
33570
29059
35566
31846
36016
34342
33594
28709
28995
30730
35791
29071
33714
34591
29639
31214
35478
35771
29749
35850
35561
30325
35090
35467
30646
33364
35826
35046
35800
32726
28693
28677
28202
35063
35942
35814
30305
35764
34301
32071
33058
31008
33177
30243
35922
33620
35711
28489
33009
35125
28481
34660
34320
30063
30216
29726
35110
36062
32130
28564
32951
29719
35355
28394
33840
33215
28321
35512
28688
29681
34181
30033
35671
35922
32614
35648
33214
34366
28471
31928
29184
34326
36108
35205
31895
35789
36140
32968
29145
32143
34337
28376
28180
29288
35835
29305
35917
28450
33311
35445
30595
32185
28502
33217
35353
32405
28378
29850
30283
28659
32727
29935
31374
31564
35811
35966
29126
33317
35291
28585
31751
29133
35241
34909
31999
30505
35637
35617
28527
32626
35907
32983
35321
35678
30277
35753
34450
28824
35309
35550
32256
28379
28202
35322
35575
31756
28442
31610
28427
28205
33417
35976
29912
35017
30425
35721
34976
34083
29624
29246
35244
36017
30882
28736
31612
28397
28182
28966
35391
30917
35749
33698
32164
33138
34040
30254
36014
28565
35685
29637
35957
28880
32883
33142
31074
30216
28914
35774
34136
35976
32759
34031
28476
34249
34776
28891
35833
31409
29421
35522
29907
35749
28384
34115
30862
31564
29607
30484
35545
34427
35627
35617
28842
29452
35244
35899
35778
34745
32012
35145
31698
28616
35099
30779
35821
33094
31317
35693
30790
35853
29518
35475
29789
35936
34461
33950
31765
34679
35623
34699
34855
29429
35376
30870
35267
31382
35127
30786
31576
28635
33097
34835
30963
35767
32752
35023
35094
28431
35432
32960
30050
32822
31090
31995
34272
33743
35876
29775
35671
34108
34615
34968
34118
35507
33391
31457
32989
33526
35843
28943
32110
35757
35856
35909
35558
31313
28297
33180
30446
35821
32574
31278
34360
33793
36093
28627
33332
35785
30999
32901
29836
34829
32187
35142
28848
34345
30265
28385
35517
33301
31093
35084
33108
35950
28886
32025
28560
35534
36079
32060
28796
31225
29165
28340
30959
32223
35610
30316
35720
30187
32274
28510
32567
31005
35159
35288
36020
33485
35288
35590
30651
35865
30460
35853
32848
32536
28251
28874
32876
32068
28989
35154
32502
30930
31723
29483
35048
29698
29722
35448
31180
32652
30545
34678
31800
28629
29027
34544
30694
29495
36037
30002
35865
29072
32312
32310
28915
31748
35450
32578
29043
33424
28673
32512
32388
28799
34810
33248
31499
30433
35815
33744
34033
35906
32550
32037
35817
30351
34696
34340
33665
28851
34201
33585
35415
30016
31742
33165
32557
35797
29076
35372
28457
32714
28432
30605
34190
28617
30877
35596
35678
28630
31785
35328
35906
28626
35217
31198
30514
35534
30348
35244
28465
29245
35814
35875
33949
35165
34914
28836
35995
28650
35255
36051
34043
33922
30854
35138
31999
34904
31716
28689
28714
35736
32477
33308
29398
34617
34248
36127
28766
28927
34796
35854
31350
35812
29741
34677
32790
31218
31945
35558
35981
33795
33157
30604
28672
32821
35659
29259
33688
29316
34727
32684
34318
34904
35811
31786
33018
33543
35756
30368
35278
29628
35977
35229
32847
33116
35814
29286
35443
32155
35655
34355
35814
28694
28524
35929
29418
32407
32204
29221
34337
31249
35231
35125
35707
35965
33045
35803
30306
33260
35821
28955
35182
28405
29586
35683
33246
35747
28430
33970
28976
34551
29840
30351
35672
29787
35610
28528
28426
30157
28528
35481
30576
32421
35595
28417
35027
33378
32210
33315
36029
35961
29795
35825
32797
30406
35221
31536
35806
30019
35309
28755
35773
30692
35605
32435
29427
35422
33038
36006
29463
32818
30160
35336
33724
31538
28417
33490
29081
34332
28614
28389
33818
35573
29555
35658
29477
32993
36066
31458
33769
32959
35398
35896
29866
35943
35797
29632
34329
30810
35472
34562
31926
28255
31239
34757
31919
30369
35575
28648
35325
32967
35268
29398
29179
35660
29018
34007
30424
28786
34128
30412
35571
30608
35648
33189
30034
35805
32851
28497
31228
32490
34936
28550
34155
30619
33575
30985
29271
34753
34866
29879
30647
31933
35446
30406
32143
30298
35675
29404
35821
28719
33123
34679
28531
28059
30863
35338
35578
30507
28340
32197
29557
36063
28511
32692
33415
35997
35322
29904
35540
28562
29938
34362
28605
29600
32345
32005
30545
31078
30752
35432
35091
35111
33087
34241
35917
29690
35209
35780
29315
35381
30201
35465
28720
31314
29506
35997
29858
35116
31301
34965
32139
29033
28739
35634
32458
35853
33855
33080
28613
28163
35757
32227
35651
30647
35937
29657
32003
34206
34089
34562
32697
30305
32841
29881
31485
28895
33709
30208
33064
31364
33622
29078
31331
29739
34184
29154
33327
32002
35669
29426
35880
28642
33161
35708
30676
33377
34787
34398
31805
34106
35784
28744
35607
31039
34239
33417
30013
28478
35006
33618
35230
34845
30951
35932
35422
33948
35947
28951
30968
34679
32545
33725
28884
35743
29516
32135
29415
34559
31427
36009
30859
35514
28476
28239
29419
31360
32742
33134
33192
34046
34665
32076
35269
31809
28631
31417
33616
32670
28578
35547
36031
31070
28378
35125
29777
35659
30264
35652
29780
35361
28952
33101
33019
31200
30397
36090
29065
29239
35940
28465
29850
34856
31525
30800
35346
34674
28938
30722
35188
35855
35166
31062
28540
32248
29028
35636
32185
28822
33171
35646
30347
31317
34418
28798
34357
33614
29512
32968
29354
30593
35592
35478
29646
28348
35250
35301
34527
28781
35548
32345
35164
36056
29684
35963
32540
32303
35366
29653
35156
35978
31312
34985
34997
28941
35582
31644
33992
34388
35921
29416
35104
29095
35289
30757
35891
30321
35985
29895
36042
33663
28902
31906
32807
35737
31195
31778
28469
34401
28719
33579
35898
32830
34410
31622
29818
28297
34077
34872
31083
35838
31871
35184
28523
28266
33937
35964
35720
32624
32576
31318
33927
35522
28603
35477
34630
29046
33089
35641
29992
34397
32468
34888
30157
35757
33141
30255
35641
29474
35497
31312
34226
28520
34053
28770
35741
35797
28724
32597
32398
28661
28742
35821
34201
29228
34855
30370
35469
35745
34534
33422
29393
34838
35297
28442
33858
31981
33497
28426
34530
29371
32080
31690
28368
33883
34394
35768
30738
33198
33468
34366
36034
29431
35795
32190
30866
35493
35590
28509
33588
29328
34540
29935
35737
35436
28454
28481
31550
33454
35798
28870
29329
35644
28386
34331
28543
28279
31438
34635
33472
29984
29320
33982
34286
35250
36025
29488
34871
29381
35782
34250
32898
29995
29103
35734
31230
31240
28396
34978
34740
35326
32347
29348
34081
30918
29370
33229
31430
28509
32726
31956
28645
29794
31198
28373
35358
31471
30947
35923
31416
34685
28751
35848
29592
32330
28350
28356
28341
32509
31134
31044
32374
32704
33057
36138
30863
35490
32027
29908
35504
34362
34638
31100
35504
28439
31230
30296
35157
34107
34496
33852
33601
29070
33666
35704
28465
34894
32454
34401
34208
32414
33346
31390
32851
32126
35917
34010
35310
28393
32393
29135
34261
33212
28699
30865
28154
32737
32944
34672
33962
32868
31948
33149
30732
31780
29791
35567
34725
35144
29515
35785
32859
31646
30682
35262
28634
31689
28819
32379
29900
35792
33286
35854
33896
29799
35817
28530
35085
30479
35691
34986
34138
35946
30647
35762
28606
35383
33405
29247
34356
28496
28903
35835
33997
36057
31393
35357
31477
28390
33611
32619
31392
32642
31954
34998
32967
30275
36081
35233
34575
32775
34629
28449
29873
34949
33201
30146
34401
32277
35859
28667
33778
31087
32919
34257
31587
28721
35215
33217
28887
35266
31121
35553
32000
30624
35714
34458
33394
35073
29455
28771
32957
35889
32925
35725
34167
30244
33273
36046
29282
35409
28845
28240
32595
34000
32219
34074
31794
30643
28597
35739
32678
29705
34096
32422
28967
35446
35954
32390
34392
32191
28382
34922
32004
30763
34543
35815
33591
35417
33920
35718
36009
32067
31268
29250
35484
28922
35061
35844
36069
31170
28511
34454
28590
35538
34005
28413
30121
33802
36113
32412
28780
28351
35202
33850
28845
30318
33798
35295
35665
36071
32131
28382
29899
35726
31975
35509
34516
35177
33801
29184
29516
32543
32586
28644
34762
28889
33486
28646
35967
28516
34949
34541
35254
30298
35822
30537
28334
34613
28948
35873
29027
34844
28516
33274
35843
30665
33864
35536
28532
33732
35801
29134
35878
30996
30696
34793
33122
33543
35181
33049
33022
32945
28458
35386
35796
28689
35048
35438
35725
28630
35677
35086
31713
28390
28539
30333
35704
30356
35713
35975
30381
35916
35968
28659
31943
29991
35826
35489
35800
28606
35327
29623
32247
35077
32253
31353
32950
31438
34033
28821
33057
30061
32522
31282
35287
35106
30894
34331
32996
29994
35256
31128
30294
34149
28648
35327
32927
30674
32040
35844
35955
35558
30545
35857
28758
33932
29082
30435
34751
31978
33402
31652
35925
32830
31461
30309
34627
31946
35645
31319
31176
28191
28994
30368
33714
32957
33454
34350
28452
34820
28496
30525
32248
31206
35722
30861
32621
33783
34601
33990
33469
28800
36011
31977
32073
35925
32401
32630
32710
29777
33306
35604
31396
35845
30101
35905
35843
29000
33744
28462
35321
28338
30380
33608
35693
36001
29339
36006
34411
35605
32094
28396
32846
31019
35197
35189
31644
35529
29192
33603
29846
35662
31837
33228
32855
34140
35084
28515
34463
30631
35925
35391
29182
35771
28974
30183
29949
35291
34383
35826
36031
29431
36093
31748
30387
33690
28560
36035
28490
31413
28950
31063
31759
34806
30469
35595
31490
35743
36121
30023
35852
29810
28405
35192
35746
35873
33956
35936
33184
28353
35308
30276
33453
36049
28723
33783
28787
34098
28416
30216
33253
36056
31610
28262
31341
29440
29089
35075
35645
28920
33424
30822
32568
31165
33476
35029
33304
31480
35430
33969
35187
35974
28748
34500
33750
28531
33832
29027
34539
31257
32295
35538
28527
29072
35208
29067
32506
31713
29043
34035
28349
33134
32209
28519
35768
30382
28335
33019
33358
28490
32197
30701
31301
35997
32438
34414
35986
28480
35015
29086
33974
28480
35980
33420
31188
34073
31052
28343
30985
31193
32892
29699
35777
35525
32443
29516
35044
32367
31570
32946
33109
31977
29019
32590
31328
28533
33248
34311
35801
29365
34450
35915
33724
32545
32386
34023
33034
35636
31200
36088
33182
29841
35849
32693
35086
33791
35851
32693
31927
34734
29327
35575
34075
30814
35163
33814
36005
35658
29231
35881
31490
31661
33804
35181
33388
30077
29989
35814
28555
29966
35556
28557
35205
28394
32042
28333
28332
33622
31032
35160
29431
33527
29370
35011
29090
33275
31756
29347
34975
34166
35920
34101
30129
34902
34501
28528
29251
30743
34960
30255
28564
31706
35085
30774
32162
34224
30304
28949
34063
28242
33113
32412
28492
33638
32624
28817
35459
32502
32146
36038
28886
35933
29942
36132
31331
34630
36119
33591
29929
33753
29083
32789
35297
35843
31233
35000
28679
35049
35203
33652
33138
34593
31777
28444
28769
35506
32531
32734
32800
35803
35050
31748
34277
30748
30315
31355
28903
35901
35652
28791
35829
32379
35685
29548
31767
35763
32482
35531
33599
33533
35619
29315
35584
29026
34467
28820
33970
30498
35401
29140
32438
29835
33538
29246
35619
34031
35448
28926
32882
31392
32053
35116
31315
34237
33272
35537
29033
28400
35471
33763
33995
36128
29211
32276
28281
28246
29595
35828
33449
34943
34445
32606
31745
34171
34870
30711
35929
30562
35931
29654
32305
31210
33091
35733
28391
32946
29163
35090
28896
35879
28500
35126
34209
32427
32566
35271
33522
28460
33542
35252
28562
33752
35931
33387
28286
33247
32658
28234
32759
31102
35662
35954
29466
29337
33618
35183
31609
35960
32617
29991
33790
31209
35862
31446
35281
36179
34602
34754
35457
36210
31706
35823
33809
36043
30469
32633
32542
28707
34572
36076
32157
35113
30625
33395
29780
35890
30404
35321
28870
35153
33271
34485
35627
31777
35918
35348
34862
30797
35955
28785
28316
29596
28633
28216
31204
28405
28297
34315
33558
31382
35179
34338
33844
32814
28334
34908
28757
35275
28581
30773
35747
31763
35859
30117
28470
32745
31382
35141
34247
36049
35973
34591
34693
28737
35016
35638
32433
28937
33865
35866
29770
33249
35270
29475
31787
35240
29811
34729
31967
28529
34595
32021
35730
30503
31360
33180
35845
29290
30559
34637
34467
29088
36008
28538
35704
33013
28790
35886
30479
35637
34114
29387
34275
30251
35082
33698
30726
33039
30227
30232
29679
34633
28592
34904
31988
31941
35479
28701
33711
35599
30962
35915
32671
29092
34536
28471
30870
31185
35564
30027
32855
32064
31141
33620
36025
28982
32346
32303
28209
33851
33594
35981
32506
35502
32680
32869
29901
35611
32331
33633
29716
35825
30599
36013
29756
35717
35471
28887
35547
30178
36024
32107
28349
33481
35671
35468
33626
29315
34536
28711
33634
34838
29167
28812
33352
33168
31081
35773
36045
29906
35212
28475
31913
29314
34290
33987
32747
30495
29004
32023
31280
35692
30161
35926
32010
35005
33413
29314
32623
35722
35639
32058
29145
34958
35371
28610
32059
33489
31845
28175
34682
29018
34698
32038
34119
32543
30045
35841
30742
28388
34412
28573
28809
34115
29277
34287
33078
30045
30847
28215
34680
35798
30355
36043
32167
29985
30518
35216
28530
31151
29101
35601
30963
34735
29819
35299
34829
28466
30281
35589
28382
33058
35105
31663
29646
35711
33778
35205
30366
28978
35493
28536
35650
28706
29779
35732
35100
30396
30800
35284
28906
34886
33426
31614
28747
33295
35989
35700
35939
33399
33067
32667
35919
32029
28493
34929
35780
30693
34410
35718
34081
34948
35837
29190
32781
32765
30375
35490
31279
30793
35043
31261
28591
31707
28332
33537
35991
30027
35587
33377
35783
36124
33650
29997
35752
32226
34129
36183
30108
35910
33428
31016
35008
29816
36069
30379
32954
33876
29109
35103
28574
33758
34947
33390
33330
31158
35406
28384
28214
28316
31887
33376
36094
33442
34671
36079
33472
28783
35065
31399
34002
35106
34500
30379
32608
29072
33120
35561
31062
31945
34247
30359
32896
29596
30390
33473
35441
35628
28887
35131
28621
33127
35054
32989
35910
36097
29090
34399
35687
28421
32512
29259
32752
30643
35480
34099
33839
29547
34162
35405
30573
30021
31440
31274
34863
28751
36069
28931
31390
28427
31835
28677
35208
34543
35981
30693
35790
33301
31749
34938
33781
29002
35502
31187
34194
29141
28414
28193
33627
33878
35906
29010
33268
33251
31126
32798
34319
35643
30014
30246
35400
30927
35170
31478
35212
32390
35344
34095
35195
33428
28688
32298
33014
28579
35855
33626
35661
35181
28763
35969
28912
31888
28424
30532
34751
33622
33794
36055
34625
30210
35977
34895
35724
28465
28230
34983
34525
35948
35777
30892
30918
35673
35100
29513
35731
35050
31916
28386
31914
33411
32964
35593
29196
35693
31566
28853
34162
28815
33870
28558
35630
33136
35412
30141
28503
30545
30208
34821
34764
36171
29758
32552
29476
34484
35039
33362
33960
33167
32468
28308
34676
28541
31767
35863
30190
35673
36132
29015
35988
28849
35746
34653
29132
34897
28768
35552
30283
33550
36030
32268
33210
30766
35871
33337
35860
29297
32872
33045
35790
28813
33316
29263
33102
35939
33557
31431
28584
33455
29187
34008
28489
35472
33018
35296
35039
29249
35782
32438
31726
33688
33454
30327
35095
34087
28671
29446
32099
35461
35441
28785
35499
31742
35081
32404
28795
32663
32931
33131
35850
28445
28818
31064
28695
34365
28687
32588
30266
30007
28953
34002
35769
32945
35188
31871
29215
28912
28553
34615
35663
32308
28831
33662
29596
32611
30898
35203
35025
34374
30273
34878
34949
29331
33674
29326
28412
34992
35102
36035
28945
36088
34258
34677
35504
34468
28474
28540
28797
30910
32708
35009
28536
33121
35642
29781
35524
28626
34510
36058
32314
35524
30289
30140
30757
28352
35544
33698
36020
29795
35796
28939
35637
32801
33414
33706
34107
35841
28630
33410
28333
28541
30436
30887
33625
31554
35769
31257
34796
28759
29635
35666
31554
30104
31138
29779
33890
35996
29087
34629
30312
34788
28644
34582
36115
34289
35645
31218
35676
30666
34205
35699
28996
28368
28284
31814
28503
33273
31762
35593
29454
35967
29106
34363
29632
32052
32264
30286
34760
29088
34580
28601
35609
28592
30368
33640
35767
31069
34665
28346
35237
31508
35773
30925
34639
29231
31603
29204
31581
29314
34592
28626
29170
34615
35400
33891
35951
34863
35468
33135
28836
35399
28684
35150
29459
33079
35781
35854
35830
36180
31276
34949
32899
32829
28467
35291
32782
33158
28494
33534
28624
36117
28705
33108
35729
36037
34383
35386
33552
28546
35881
29023
35770
30310
34435
29384
32812
35309
33030
34421
35866
29627
33910
28679
32692
30543
28847
30216
32712
34466
35448
29539
28494
32812
34225
35620
36207
29394
35006
30930
33811
32790
34911
28433
28755
29599
35940
28773
33695
28418
34653
32869
28561
31776
29905
33727
35407
34541
35936
29145
35457
31880
35522
33592
35982
32219
28770
35798
32210
34633
33781
35907
32376
28421
35155
34936
35424
34008
30031
34934
28761
28955
34911
34510
35910
31882
35704
28961
28943
28847
34853
34844
30019
31089
32303
29312
35848
34756
34665
34735
30411
34468
31426
35460
28534
34465
35113
32747
32552
32303
28872
34571
30057
36005
28510
31402
33241
29769
35937
28417
34642
29085
29624
34640
29640
35988
30213
35922
33320
34978
30860
28995
33754
29050
35359
30472
29952
31976
33370
34412
29763
35869
35913
28666
34334
28762
33368
35640
32399
35810
35898
34130
30886
30627
33952
34838
32203
34672
29773
32105
29197
35563
29561
32197
32018
33138
35844
28399
30118
31590
35682
29102
34877
32770
33061
31605
29667
35764
34708
33526
35093
28585
35277
32324
34712
32104
35597
31235
35470
34700
35674
28811
34348
34995
32021
28294
34824
32439
32155
30464
34604
29385
28922
28475
29745
35516
30794
34701
29454
31754
30516
36134
29926
35753
32714
33181
34419
29724
29094
28200
29932
35854
29814
35786
36069
30296
34112
28342
31278
28802
33508
28583
32552
34116
32965
31257
33761
33511
29285
34445
34137
29062
34180
28527
31532
35988
29844
28769
35701
33256
30179
28305
30451
32866
30863
34850
32266
34886
28627
28188
34724
34747
33017
34648
34784
34215
36065
33952
34138
28527
33825
28887
33964
29299
32553
31747
28556
31738
31915
28490
34746
33060
30167
35697
28479
31517
35010
33834
28574
35918
35009
28511
31858
35629
35282
31021
35913
33097
34623
35908
30672
34255
35183
35529
32474
31465
31458
35161
35987
29387
34400
34514
32470
31035
34941
36080
34049
36036
33677
34224
33871
36182
29850
33773
28142
29193
33448
32067
34070
29176
29390
29241
31311
33512
34246
30207
35705
32291
30645
35905
31858
34272
29148
34571
29253
31676
29297
32578
30310
35287
31420
36069
30362
35927
31380
28505
34395
35311
36035
34050
30763
29312
32647
30711
35749
33273
30282
35598
35881
32386
35560
33021
35449
30495
35836
30870
35453
36145
35248
32281
31508
32541
34720
30871
34990
32366
29971
35386
33053
35745
30573
35471
36087
33350
36041
28576
28733
35616
31818
31850
30494
34643
35120
29945
35682
29097
34619
28637
28595
28600
32136
28451
30440
31372
35945
29440
32026
28532
28579
28269
32735
28602
33180
35081
35934
30234
28305
31973
31464
29587
29278
29350
35228
34732
31645
34728
33288
32787
29247
32530
33834
28663
28295
31372
34374
29036
33498
29906
34623
35883
35731
32573
35584
31317
29747
30698
35670
34734
35877
31130
32630
34125
31307
35866
35809
30330
35968
31563
28578
32617
31096
34670
29932
34200
30889
28533
34030
31395
29709
29728
35784
34158
36053
32349
28510
28258
34814
35365
35371
33477
31968
28544
35209
34163
29166
34200
28567
29773
35642
28967
32249
35731
36029
29463
32976
33525
28482
35472
29469
35963
28536
31820
28891
35145
35540
31722
33820
36139
35684
28420
35901
28740
35150
29551
32769
29456
34815
33749
30005
35249
29356
30195
33957
29628
35184
32596
31343
35488
28604
34194
29415
35537
28440
34881
31182
29019
28156
30240
35881
31551
29064
35265
29720
35949
29456
33429
33875
35565
35087
33594
29098
30784
35390
31830
33853
32961
32367
31998
28379
29872
34753
29314
32620
34618
31109
34808
29614
36167
31552
28240
32698
34255
29731
35176
34810
33806
30645
33862
35672
30119
30909
34828
32203
33923
34527
33883
35008
30336
30567
29544
34255
33719
35842
29655
33365
29826
33730
35307
34870
30390
31350
36063
32597
34220
34695
33584
31131
32775
28472
31661
33792
33887
34968
28677
32267
32659
28400
34321
30802
35727
30755
28631
34439
36070
29422
30319
35466
31680
30826
29774
32346
32506
28423
30582
34542
33473
35697
35919
28947
32475
31623
28303
34578
34881
32740
30044
33859
28688
35864
28290
35579
31952
28902
31072
29816
30050
28299
34234
34734
28349
32974
35214
28522
35323
28659
35325
35993
35977
32993
28294
34361
34630
28614
35826
31696
33425
30517
34659
35544
31183
32359
36047
30084
35522
31944
34696
29168
34738
29954
33658
35765
29445
34501
28536
34177
29094
28950
30625
34222
28712
33902
28681
36001
30591
35645
35905
28540
31821
30347
35171
29617
35729
28965
33111
35997
32037
28315
32907
35215
28537
33904
30561
34651
32728
30970
35493
29004
34254
30893
34933
33734
32395
35691
29291
35811
28435
33627
33171
35404
31301
35888
32339
32957
29680
33221
35423
33976
35378
28468
31854
28620
35389
35855
35598
33725
28387
28263
28602
35659
36111
30348
35141
28634
29787
34328
28837
34559
31206
29579
32860
29666
33555
35626
30569
31464
33496
28599
34590
32295
28859
35833
33930
34741
35110
35849
35741
29939
35821
32153
32562
32469
31250
35953
33889
34871
31322
33557
32628
33377
34224
34956
34863
35747
33504
31738
29565
35434
29201
35886
32013
29686
31176
28366
35544
35805
28989
35953
34102
33853
36159
31505
31407
30754
34283
30345
35358
33701
34019
33470
35517
28530
34066
28512
31573
31719
31442
34079
31790
29343
34752
32883
29102
34216
32520
28776
34581
29464
35337
34092
35234
35693
31460
29016
33647
28630
34280
29553
35447
30156
28397
33621
34501
31473
31967
31055
35949
32461
35382
29390
29293
31400
31208
34828
28523
29334
35351
35323
29064
35844
30322
35890
36122
34922
29706
29568
35527
30364
35663
35917
28860
31100
28863
28295
34245
35835
30860
35826
30740
35485
33930
30373
28887
35308
28566
33782
34913
29024
35391
36057
32760
32861
32781
35440
31718
35527
32137
29047
35763
35993
30309
35570
33063
31172
34880
35688
29342
32098
28673
28271
29961
35670
28522
35568
28386
28189
28545
31971
33398
28324
32282
30389
35221
29851
34320
28610
35656
33089
35609
28716
33239
35836
28843
31268
35091
28459
33377
33320
32364
34855
35701
30171
35358
28546
32075
28931
34801
31645
30702
30580
29080
35598
28688
28409
31534
30925
35234
31793
34298
34286
31193
35090
33778
36001
29970
33075
31902
34826
28542
35700
29366
33421
35863
29104
29130
34485
29147
31427
30386
35474
35279
33300
34324
28432
30754
32168
28344
34852
33123
32963
35590
28540
28736
28246
32560
34321
35330
33524
30554
35536
31691
36033
32587
28800
28499
31114
35597
29190
35156
31136
32446
35345
32465
35439
30439
35565
34261
31635
35026
33969
33002
34678
33966
34608
29139
33330
30583
33511
33236
34455
33450
34050
34309
35510
28894
35934
34641
33708
31355
30572
29577
35579
28742
35801
32876
29918
30593
30945
35698
29397
34612
30347
30848
34741
35845
36076
30910
34606
29786
30116
34822
32785
33074
33127
33197
35560
30511
35251
35613
35526
32283
31887
34449
29965
30403
31047
35504
30347
35152
30336
36053
28497
33230
28542
35470
35724
31984
36128
29000
32881
34094
28684
35336
28785
29858
35805
30556
35506
28772
33911
30969
35744
33275
30779
35389
35546
32110
35972
34896
35872
35616
29284
28332
28735
33446
30656
34272
32614
31557
29177
35067
30417
29951
35599
29342
34007
28536
34142
28577
31038
33386
33148
33207
34042
35841
28991
35320
28366
33411
28713
33939
35377
33050
35348
34882
30597
35605
29259
33675
36055
33006
35977
32590
33158
31714
35881
36077
30684
35932
34619
29119
34395
33412
35789
32897
29021
34736
28955
35521
35931
28687
34050
29202
29830
35277
32366
33031
29164
35030
34171
29602
36062
33756
31966
28460
35488
31769
35873
32602
34964
31589
35660
32335
33654
35705
29063
32662
29004
34783
35909
34322
32102
29130
36104
28376
34865
30164
33398
33136
34510
28922
32505
31541
28467
30867
31484
35888
29370
32561
35539
34615
34403
28472
33835
28997
35103
34825
33839
35949
35877
35697
32239
28486
30901
33633
34931
30346
34364
28931
28401
33579
35950
29551
34433
28980
31440
33511
30736
33823
30224
29115
33652
33792
29249
31810
29372
35732
30350
34379
34840
32679
30258
35889
29328
35780
32599
32628
35771
29849
35959
30895
34389
28879
35848
28482
28189
32937
29248
34735
28388
31203
32691
35445
30962
36149
29223
35684
30150
35848
34646
32257
35662
36054
29476
31561
28476
35571
30258
35755
29901
31250
29039
35744
29051
32714
35587
33588
36000
35938
28589
32535
30328
33637
33414
30374
35745
29677
28370
32357
29605
35284
30142
35977
31803
35106
36123
34373
32693
28551
35818
34554
28655
35697
29469
35577
30543
35738
34553
35967
36050
32151
35735
34931
28630
35160
35514
35603
34891
35474
32658
32299
29701
34316
32242
28291
33094
34448
29494
30970
30417
35561
29392
34473
34237
28972
31636
28518
34578
28834
31109
31582
28406
34538
35417
35256
28818
32676
36015
28884
34114
35673
34958
31801
35089
28463
29759
30862
35729
31868
28595
32143
30495
35873
29093
35626
30650
35774
28679
35455
28606
33943
35975
28620
35630
28863
31467
35144
31309
35631
29890
35929
28981
36069
28999
35870
29453
34578
30645
35419
28954
28863
30564
35625
35101
33967
33468
34229
30258
33553
32630
32936
29928
35652
35170
35413
28469
31004
35709
28627
30023
35174
33626
31939
35688
32162
28472
34576
35998
35325
30905
33221
31946
34541
29324
32023
29254
28358
32539
32486
29126
31958
30926
35626
34893
29702
32483
28986
35897
36133
29506
32157
35763
36116
28763
33677
29209
33526
28488
34478
29702
35289
35196
32355
35967
31589
32382
35922
29961
36007
29021
35911
29667
34224
33510
31265
34687
29338
32153
29022
28759
33671
35942
29062
29639
35603
35244
33401
35099
32379
30926
31375
30923
28506
33921
30030
35760
35144
33223
31470
32842
33396
30646
35211
31273
32475
31921
35326
36064
35945
36132
34042
28570
32713
34397
32830
34927
34673
28893
33542
30451
29793
28926
35600
29275
34472
35889
35263
35905
28624
35621
31230
34531
35762
32611
34809
29548
35676
35827
36204
28569
30665
31935
28920
33800
35592
28547
33582
31081
35873
35020
32602
31418
30821
34699
28564
28330
30259
29798
35846
28719
28282
34919
36115
29269
31703
28446
28765
34134
31287
32482
33747
30814
34990
34401
28601
28675
29607
36039
28498
30765
32108
31386
29538
35616
28917
33250
35789
28861
30218
35769
31571
29364
34936
31161
28553
28320
33204
35902
28753
33401
31362
35886
35528
31881
35502
32919
28547
32484
31915
32646
28878
30906
35670
33742
32568
29794
29744
29528
30972
29782
33629
30988
35709
32360
32112
35284
28727
35966
31594
31444
35148
32330
33643
34786
28632
33781
29591
34081
35846
30111
35813
29542
36024
28356
30506
35079
29308
29769
29427
34555
35088
30560
35333
35493
31682
35582
29854
35694
35646
35033
29021
28342
28284
28172
34699
35659
28814
31478
34387
34819
33433
34886
34937
31355
35364
29539
35641
28514
33454
33100
32791
33648
33621
28352
28844
33227
35979
28362
32540
31248
35540
32289
28372
28470
31485
31164
35492
33986
35833
30599
31126
35605
32030
32935
35286
34362
33978
28455
28658
32060
28764
29882
35785
35874
36184
29375
35783
28506
34409
28783
33753
34046
35483
31928
29246
32081
30308
29064
31935
33527
29170
35700
28518
32424
33141
29430
35276
28541
35448
28812
35907
28663
29470
28352
29030
32281
31071
31549
35403
33327
30218
35408
33293
35956
32491
33455
35605
31867
31028
35613
33432
35275
28931
35592
32756
32352
34242
34795
32964
34558
28354
30492
35552
33277
32497
31478
28345
33640
33164
29608
35877
28609
31237
35166
35553
30436
35150
35804
30914
34456
33170
29722
29832
33857
34546
29733
31136
29632
32747
31678
28867
34052
30109
36049
29441
35856
33555
35957
36064
28758
29094
35225
35921
35290
35813
28863
35820
31085
28852
35826
32855
35176
29865
31898
29743
35972
35763
35086
36245
29623
35333
30929
34300
28594
35332
35677
28363
32766
32110
28746
35119
32737
29578
35848
35479
28405
33117
32387
28630
31176
32354
33376
34261
34449
35004
29101
36009
29577
35699
29592
32485
29901
34188
35917
29796
28470
28223
33910
29890
35656
28860
28223
32307
35313
30637
33470
35866
30684
34954
30790
33674
28779
34433
32879
29012
35140
30773
33912
36000
28474
31698
28558
30609
33785
31158
35773
28429
32162
29001
35752
30809
35806
34885
28618
29513
30838
32412
30581
30584
33274
28544
31295
28697
31960
28379
31327
32016
28711
32313
32650
28400
29794
35739
33671
28597
33686
29004
35962
28712
32862
36062
30707
33418
35276
31818
28377
31258
29045
31743
28419
33799
30674
30161
32346
32696
32913
35591
35993
28719
33090
34485
29016
33296
34854
28779
34905
35718
33257
28940
31382
33023
30973
34346
31154
34060
34379
31229
35202
28542
29990
35469
34118
35352
31037
35276
30244
33775
30793
35990
30605
35777
35938
36148
31081
31924
35685
29307
35198
29168
35446
32936
28442
35798
31228
35413
28429
28181
35852
35710
31296
28304
30742
33717
33916
35859
36056
35850
31330
34661
35110
35996
32638
36013
29921
34191
28841
33231
35420
29706
30549
33191
29915
34229
32191
29789
34488
28612
34773
29766
34779
31524
28679
30802
34858
35816
33597
33287
29595
33230
35501
31850
28286
34740
29551
30490
35829
31912
35828
28727
35761
36096
28729
32769
30874
33273
28980
28683
34498
28894
34758
35549
33674
30135
32330
36048
31900
35793
35816
35929
36069
32506
31070
29151
32088
29760
35866
33881
33202
35657
32446
29847
34908
30832
34465
28467
31694
33267
35725
31239
35603
28706
35863
36017
30878
28342
34665
32508
33671
34264
35426
32875
35205
28796
35825
28533
34981
28318
34078
30911
28168
29026
29558
33657
35938
29303
35528
36129
31054
35850
36033
28535
29671
32676
33999
28344
28422
35028
36094
32143
35716
28853
28301
33114
32739
33302
35721
30724
35755
33049
35585
35206
33596
30584
28396
31675
28605
34915
32542
28827
32935
31566
30586
35871
28628
34674
30350
35389
35741
36069
30504
28333
35365
34920
29192
35368
32528
29524
35128
31065
29276
31366
33604
35573
32348
29888
35529
29335
31768
35036
30197
33461
35855
35131
30395
31695
32625
29770
34692
35340
34226
29151
35976
28616
31941
28396
32952
33681
35945
35032
35268
32822
36076
32066
28466
31911
28286
34511
35109
28606
31356
31371
35836
35946
30369
35428
28704
35526
35952
28610
28717
35709
28396
34284
30168
35703
31385
35572
34732
35731
36133
32472
33467
35929
30110
35175
35090
35513
29138
32807
35725
30412
35910
28428
33654
35936
30808
35441
29600
28472
34758
33456
35616
29924
35254
34829
33564
35659
29027
35149
32048
36140
28911
35662
29729
34342
31686
35798
29357
33751
34770
33104
36028
30845
35956
30442
28470
35786
33008
33154
30254
35979
29212
32892
36057
35145
31744
29009
35506
31181
30433
28793
33719
35870
34934
35880
29379
30926
33239
30474
35582
31268
35253
35857
29864
33563
33493
35520
30554
35041
34308
33823
35256
32262
29664
35528
34723
33266
31515
33520
32647
35842
29115
34047
33164
36062
28987
28493
34306
34131
29264
29412
34418
33305
32382
29049
29257
35605
28566
29509
31572
35907
28891
33806
28430
33940
28517
34937
31096
35472
32786
28244
31889
35200
30036
31918
29587
33246
35174
29410
35193
32949
35906
30393
34685
31488
32978
33057
33880
29474
28371
33541
34918
35512
30751
35964
30090
29339
34475
29691
30737
34158
32010
34922
28737
35665
31339
35598
28913
35203
32594
32836
33675
35861
29455
35166
29074
28696
33520
36033
31374
28398
31958
29044
33317
31425
35818
29228
35573
33929
35497
33308
35634
33692
28452
34708
29070
35981
32778
30188
35137
32619
35534
34802
35312
28655
34061
34378
34926
34437
35845
31426
34587
28980
35818
31665
31350
31670
29915
32701
36140
28686
35523
31105
35941
32403
30158
35609
35300
35092
30703
33619
32888
32088
34945
34706
32988
35371
31701
28659
35153
35477
35908
29238
35032
28287
31934
28384
32064
31497
28305
28815
31170
32866
28626
31691
30909
34411
28547
34269
35716
31191
33936
28825
35543
31074
34763
31550
32933
35158
33571
30396
34514
29142
35845
28974
28987
35882
28779
33004
28726
30425
28633
35504
30202
35775
33414
35405
28473
33796
29053
34091
28488
29679
28679
34426
29705
35495
28587
30430
34114
34590
32138
34729
35359
28591
28516
28342
31796
35262
28646
34906
33705
28331
35412
35916
35422
28773
34847
35934
33827
33558
35556
31568
33191
28640
35939
33859
32706
30729
28415
29238
35758
35184
29198
28348
32247
30750
34940
32821
33028
34676
33582
34119
32713
30086
30883
34646
29899
35983
30204
31763
29767
35850
30463
28444
34218
35163
33130
32990
33290
28894
36162
28712
34562
33458
29655
35381
28484
28347
33485
32990
28935
35131
30725
28908
30816
29761
30791
36009
29341
31028
31533
35903
29078
34179
35898
35232
35945
28500
35233
31529
36001
30686
35145
30528
35924
29407
33781
35918
35385
33046
31874
34629
35698
35661
35836
33333
33184
35743
28817
28828
35908
35791
29548
32050
33061
33187
34138
28982
29706
35692
32323
31210
33591
33373
30813
35555
28940
35824
28540
32808
34493
35794
28480
31228
30348
29516
35418
28452
30109
34571
29103
29572
35559
31408
35238
35870
30603
35887
33182
29492
34136
28822
35740
29618
34189
29926
32740
30117
35166
33911
34245
30727
35736
36064
28498
31978
28309
31070
31854
35610
28559
28780
30811
35822
34292
35756
32422
33655
34073
29213
31835
31623
29909
35812
36082
35880
36192
28509
31893
28515
29031
34465
32571
29821
35613
30523
35777
32558
32581
31784
35196
35401
33165
28567
28714
30229
33329
35421
34543
29650
31562
30990
35750
31712
35520
28890
34410
28731
32855
35953
30930
32567
31284
35868
33731
35924
33863
35518
33662
33719
32875
32232
30771
34725
33292
33594
36094
30575
34166
33968
34752
28640
28174
31237
29123
34942
33100
31875
28942
33647
31399
30887
29452
30972
33911
34111
33589
34437
29003
35461
34772
30236
28654
28373
28338
33993
35670
33648
28666
34913
33264
33540
35980
31670
34278
35572
31297
30440
35362
29666
29620
34041
34200
36199
34776
29491
31692
35439
32076
28370
34689
34328
29165
35711
35090
35378
36173
31018
29006
32294
34869
29363
35448
31018
34165
28767
33927
28481
35303
28694
31757
33301
31753
32413
33890
34232
35244
34181
34704
28452
30114
35858
35417
34816
35506
29270
33305
31170
29142
35278
31653
33203
31714
35609
32318
35848
28499
32396
30568
32887
32416
35242
35880
36141
34677
35853
35288
29108
32647
32519
29726
33831
29735
35106
30054
35871
34239
33397
33363
35602
28521
28291
33968
28556
30113
35425
35727
30614
35389
29818
35567
28503
34798
31130
34591
35673
32813
29158
32185
35392
29255
31716
34233
29978
28799
35359
31025
29994
35979
32788
29713
33356
35992
35312
34907
28601
34398
35662
34844
35837
31717
29217
34161
29269
35113
33360
35934
34092
28495
35448
35521
32496
33593
35687
28482
34628
32338
33061
33559
34467
35208
33683
30105
35449
35273
35736
36021
28499
34450
34039
32123
28934
35857
32322
35721
32266
28284
29572
34318
28684
28252
33107
29208
35925
29279
35587
28980
35697
28576
28309
32589
28373
28202
30187
35072
29255
34853
34452
35683
35911
29528
31981
29342
33522
29991
33932
28877
29230
28358
28199
34127
28477
35427
31687
28479
29731
34723
30094
34839
34929
30211
35868
30491
35736
36074
34198
34560
34867
35247
31250
30014
30463
35757
29521
32536
35815
29562
35902
29119
34372
28443
28174
28481
35682
32590
35606
35307
30182
35906
34796
35682
30152
35809
32932
34989
28507
29742
29967
34698
33070
35213
36026
28957
35518
34969
28487
35843
32328
28484
30662
32646
34942
33493
33806
35215
35783
28765
33546
35871
28638
32829
35504
29652
35897
33905
35113
28751
31372
35431
28517
35686
32913
34073
35852
28419
31370
34152
31684
32057
35743
30283
35766
28733
30545
34531
28772
30587
31878
31381
34082
29555
33433
33701
31778
32732
35709
35299
29146
30679
34819
34271
30776
33091
35826
28727
35576
34089
35946
29681
33694
31045
29835
33102
35922
28458
34051
28584
28759
33896
35063
29990
34368
29548
29396
29823
31234
32086
36069
30139
35765
32166
34793
31798
35773
31527
35932
28943
35669
32357
33666
28890
31790
35841
32108
34027
28930
34608
28538
34686
28665
35647
28674
31066
33636
31789
32076
30123
33302
35948
29640
31137
36132
30845
28769
33887
32092
29811
33201
36091
34858
32234
32812
30203
32777
30971
36031
30071
35712
28322
32275
28865
35986
29821
35921
35664
29994
33397
31243
30266
33797
29110
33510
29469
35671
33512
35199
29225
31605
28441
28668
30846
35211
29414
35660
28398
30285
32499
35780
28412
29582
29671
30134
35751
28520
33037
31298
32774
31730
34933
28778
35823
34261
33513
33173
35890
28415
34312
35292
34764
29359
31710
28339
33276
33909
35173
36032
34497
33986
35617
30064
31788
30020
35581
35484
32211
35595
35416
34593
28588
28404
34424
29644
31703
35874
35241
33450
32743
33133
31198
35918
36118
35987
29903
32440
30408
35098
30615
35573
30679
35038
32569
35708
33942
29243
35926
34670
35773
33095
30065
35976
29459
32164
35205
35029
30690
33928
35737
29915
34770
35496
33375
30347
35751
35074
34053
30099
35472
34567
30135
35746
29391
34207
29909
31383
35536
33075
33306
31305
28945
35541
31177
33967
28484
34910
28466
35159
32681
32303
35076
32663
30757
35518
28710
29657
35858
28633
35002
29627
35954
28988
35920
30210
35183
33602
35205
33284
33541
34811
32099
35740
35849
28654
31962
28319
28904
33497
33278
28565
31770
29048
34258
28601
31783
34911
34272
28532
31747
28482
29041
35086
32078
33625
35441
31598
31376
32094
28539
31344
31838
28416
35292
31992
28424
35625
36152
29635
33269
35201
34078
32204
33762
34534
33868
28704
28686
29713
35812
29007
35936
30527
34962
35127
30454
32981
34948
35758
29756
31576
29733
30509
35129
31444
35076
34563
30281
35630
33250
29312
30027
28844
35646
31183
35401
33276
28940
34783
28581
34843
28527
32286
29561
35775
33795
31478
32120
36030
28733
28696
31035
35783
31995
28673
35550
31898
35439
34054
29473
30591
34663
35925
28417
33614
29598
35964
30999
31186
29708
35464
33363
28412
34625
29037
36002
30781
33107
28489
31120
34731
28328
31651
33753
33911
33544
34571
34811
28318
28267
33430
31673
35806
36045
30705
28631
35063
33685
31822
33472
35823
29555
35721
35523
29998
35950
33337
31314
28519
31036
35199
28465
35345
34559
32432
35733
29026
35899
31619
28481
28096
32251
35852
28581
35062
31027
35084
35928
29861
35819
32713
31152
35791
31107
32851
29267
33315
35747
28427
35377
32013
30324
35803
33875
35850
28534
34871
35603
30275
33074
34149
28454
31653
28285
28249
33992
28414
28233
33656
35414
28456
34340
28997
35712
28796
33537
29732
35766
30565
35862
28428
29696
35634
28708
30668
33517
35547
31605
35366
34058
28864
35185
35964
31296
28820
32228
28582
35718
34357
28770
29051
29583
35222
31908
34691
34468
36055
29454
29880
35855
34470
34952
30106
33477
34869
35276
30262
34896
32326
35923
32059
28466
35193
31480
35561
28397
30391
28615
30988
32996
31230
34963
29421
33786
31197
28583
35665
32619
36052
33888
31594
35856
35069
35422
31868
29752
33728
28469
35068
33424
35429
30654
28879
34059
31693
35566
28343
33907
30928
28394
34198
28819
29232
35839
35712
32499
28814
34722
32027
28376
30762
33082
35868
33914
35338
28383
32595
28337
34449
29031
35427
32028
35793
28933
30677
30865
36056
34518
35042
28730
35671
35928
31638
35789
31604
34160
29786
35296
35102
35165
31573
35312
31532
35645
33691
30545
35938
29135
29066
35864
35170
33265
31069
33012
30445
33527
34185
35894
34666
36046
35821
30177
35718
32318
33800
33366
32178
31549
29120
35042
35970
35097
36003
33109
30217
33970
34298
36150
35522
28691
32272
32015
28295
28676
30179
32365
29543
34846
29260
35026
29190
35974
28740
32317
31729
30056
36009
29745
35969
32021
30091
35435
29993
32070
28534
32602
34332
35954
31029
29811
28293
32709
34778
36019
35017
32438
28497
29996
35698
35776
28449
28283
35337
35713
29010
31661
34155
29011
32670
30572
35702
36099
28789
36021
29054
35839
30471
35809
31471
35220
28677
28944
32540
32742
31249
35356
29753
30115
30367
32456
28732
29662
30393
29648
35245
32849
32341
35925
35928
33765
34357
33902
29165
28363
28229
32953
28325
34524
28759
32140
35855
29174
32224
29264
31474
28534
31331
35644
29546
32890
36017
31134
33933
28975
31662
31911
33280
35976
31708
35493
28511
28300
33936
33557
35470
34663
33976
35660
28587
28532
30706
35710
31679
28227
34637
29221
35529
34412
28907
28210
28857
32578
29243
32083
35427
34352
34230
30179
30813
28364
31530
30869
34253
34218
35512
31556
34554
33544
28577
28240
30695
35716
32372
29478
32676
33811
30019
35787
34771
28520
28231
35318
32714
35924
29087
35623
32955
30092
35873
32698
34017
32910
35214
28934
35443
32946
29172
33542
35565
31860
34629
33219
35983
31001
34642
30484
35957
32124
29381
35171
35008
35241
28408
31289
29732
29704
33181
32090
33492
30277
29925
35667
34570
35300
35232
30609
31803
35144
29968
32479
29838
35495
31371
32543
35416
30077
34470
32682
28295
29796
35080
30981
35180
30923
34129
35566
28536
32062
28421
28574
33406
28628
35649
32268
35859
30676
35930
34980
29218
34286
35205
35293
35181
28695
35833
32533
34835
30907
28298
32102
30388
35881
35966
35825
28819
35714
28446
28284
32805
33178
35723
29592
30455
33882
33145
31557
28896
32108
29991
35855
32764
33135
34774
34700
35799
34384
28454
33538
35492
29786
30220
28860
33170
32907
31795
28458
29411
33638
28369
35059
28834
28636
33014
34344
34769
29984
35512
33293
30594
29987
30314
35941
35835
30068
31592
35922
30906
32719
35984
29578
30504
28439
35576
29060
35635
31725
35294
31292
35968
31433
28301
33661
30865
33448
32351
31914
28456
33233
31053
33051
35109
31970
28371
29836
30406
35096
33222
30076
35376
34139
32370
31585
28607
33328
33028
28307
33157
33433
30627
35775
31464
28529
35745
36166
29186
35586
29062
35026
28434
30785
35771
30735
36044
29513
35351
30743
29513
31410
28439
35661
31779
28499
33504
33880
32921
30447
35651
28435
31245
34995
29900
32198
33816
34262
35428
30085
35292
35553
31559
35666
32262
35253
30314
30651
31019
33198
31645
35449
29414
28257
33090
34479
28959
35548
35467
34019
34127
28456
31043
35775
28988
35017
30550
35609
31625
32128
28469
34839
34961
29822
34069
28859
33631
34985
31154
29009
28378
32249
28320
35869
35847
35963
35485
35635
33845
33844
35348
33514
32198
34777
35996
28812
34716
31891
32952
32468
35070
34227
35824
28600
30794
30744
35609
32785
35060
30694
36027
28551
33456
33787
33875
35800
28493
31229
32735
33191
33514
35065
34717
35535
31128
28709
34072
32464
31770
28614
29079
33608
32630
31973
34026
31898
33716
35732
34321
35936
28525
34107
35752
33161
29631
35152
29859
34236
28573
35137
30721
34680
31050
28575
34180
35021
29520
33462
32604
29935
28545
34637
35635
28543
35505
30145
34449
30159
35107
35344
35233
31367
30007
32911
31753
29312
32472
29618
32588
35840
28868
34028
28928
35954
28535
33445
33214
35364
32422
33865
33502
35770
30089
35008
34254
36128
28354
35441
32548
33552
35331
33838
35399
32198
35164
32696
34508
31096
34615
31361
29744
35903
28444
29694
35279
36007
35160
31182
31742
34676
28435
34376
28494
28238
28182
34507
29973
29557
31606
35001
28677
33259
34463
35739
31813
28426
29899
34149
28409
33911
28802
34267
29232
35217
30126
35556
31032
35224
28558
28819
28661
33597
35579
32481
35900
28694
32593
28921
34189
32020
28329
30589
34473
32588
32494
32862
32106
28351
30874
31690
29347
31920
35792
32458
28378
33418
32371
34364
31975
34857
35480
28854
35609
32498
35150
28491
30820
35435
32837
31922
33802
35278
31922
35522
35879
31928
35979
28778
28201
31975
36099
29677
34779
28645
35739
30845
35568
30938
35801
31251
35247
28450
33724
34527
29673
35806
31960
30845
33126
33996
28490
34218
31982
35763
33085
35398
32165
28900
29139
35994
34017
36113
29808
30986
35261
30084
35889
30645
30905
32390
30959
35754
29888
32732
35462
35698
31625
33772
31758
32127
33427
29156
35351
35935
28899
34539
31574
33912
35367
30034
31152
35705
29426
32055
28445
28833
34234
28817
35554
35349
34377
32146
28396
28261
33662
30488
35709
32515
28456
31147
33882
35179
34537
35897
32880
32264
35043
30161
31390
31404
28844
34238
30009
35281
32953
29214
33611
35744
35158
29343
35757
34509
30320
29068
28406
34904
35830
33470
32158
32919
29400
34704
31426
33880
34322
30601
35625
28778
34920
29585
30589
28555
35169
31602
35424
28527
30390
34299
32388
32685
36044
29451
35612
30630
32207
30522
34196
35301
35591
35599
34799
34048
31841
28488
28268
31925
33818
35702
29565
34535
29911
35422
31053
33794
35556
31229
34868
29755
32773
35709
31445
28765
34863
31107
32033
29821
29867
35179
34590
30665
34562
32132
35610
35706
33375
28927
31537
35851
28746
30917
31395
34596
35969
28398
33005
34735
33999
33121
32680
34106
29523
28719
33393
33443
36057
28316
34681
29771
35552
29716
28552
34484
30750
28463
29184
35702
32228
28422
32607
29246
31968
35290
34470
28758
28243
31984
35857
32923
32916
34626
34689
35815
30453
34507
28804
28586
34939
33442
35949
33523
31590
31608
35780
29613
35754
33983
35905
28505
32965
35786
31146
32264
28243
34715
35689
32609
31797
29626
35612
33529
33106
30696
32821
30168
36030
29754
35320
35172
29965
28431
34191
28450
35046
29261
35933
29682
35766
29659
36072
28830
31995
29075
33240
33942
32277
31208
33437
35475
32327
33002
35868
36153
28756
33482
28383
35184
28637
35584
28581
35934
35805
31648
28490
35728
30666
35013
28987
34974
36004
28422
33224
31910
29720
36106
30088
29511
34636
28872
35930
31284
33948
33749
35253
30640
35953
29099
35990
28546
31308
32008
31394
31570
35598
31546
29819
33646
34875
33605
35885
30339
28361
28240
28207
31968
28361
31549
35645
29604
35861
34331
35975
36108
35468
36000
36122
35921
35971
32108
35648
30283
29466
28892
31242
35507
28513
35236
31158
31002
31354
28646
31413
28352
34546
29793
35531
29010
29058
33253
35655
29983
35992
32631
33604
35933
28477
34684
30256
35786
36057
28539
32241
28388
35213
28438
35255
30683
32247
28704
32155
29627
30911
34198
29726
29566
34104
33523
32473
35019
33182
35962
29514
29111
34796
32842
32143
28460
33821
35482
28617
29952
30497
33974
35571
35663
33703
30856
35861
36032
35791
35144
35052
30992
35034
32071
28572
34292
32132
34272
30514
30198
33203
35825
28453
35824
31050
34784
34583
28789
33853
35352
30606
35872
30572
28333
32002
30207
35611
28574
32767
35812
31278
35618
31279
32975
33982
34430
35007
28902
31706
28202
29603
30083
34018
28784
31278
35416
29484
29386
35885
34758
34354
30412
28671
34647
35644
29653
35853
29566
32410
31519
34583
31699
35934
29169
30226
28955
35679
35608
33343
35941
36286
34676
33542
31261
33251
28666
35005
33928
29299
35984
29990
33066
35887
32461
28918
31673
28749
35398
35449
29293
33741
33530
35183
34990
34742
31137
35474
36097
35313
35069
30184
28461
30886
35789
33457
35132
36030
29224
34983
30269
35840
34317
35622
28541
33971
32609
31735
36019
33833
31580
34881
28483
28244
29217
32730
34513
32777
32358
34514
35940
35809
31265
36220
28581
29046
34001
29536
35941
33107
32949
35234
36023
32707
34764
31133
33235
35852
36013
31879
30178
35623
33163
32747
28966
35888
29462
33437
30287
35861
35696
28882
34033
34898
29431
35960
28606
35638
28671
35670
33813
33847
33132
31390
35972
35989
31249
33924
29239
35210
35774
35597
30814
34580
31912
28848
34465
35343
31054
35847
29055
31969
28964
33970
35749
28869
31488
31500
34677
30884
35845
35520
33457
35019
36016
33127
29476
33441
35687
28805
34059
28650
35112
31705
34965
33338
30305
29763
32781
32252
32994
28659
35772
32651
32325
35955
29499
35672
33262
34813
36223
35941
29456
28890
34869
34738
29273
34020
35528
28362
32141
28578
30507
33091
33709
30740
36041
35878
34555
34902
34574
28404
34633
35134
29606
31633
35535
33414
35690
29945
28757
28689
34714
31217
33942
35823
33499
35814
35054
29879
35262
31326
28467
35413
34569
36030
28788
32387
29070
35798
36169
32022
29021
32922
29589
34478
31692
28460
33731
29643
33877
28511
35723
35314
35950
34660
28880
31696
35359
31393
29075
34939
33991
30967
35292
32904
35408
34654
32920
28450
31029
30450
29829
35832
28477
30757
35931
30474
35226
33696
35868
32416
28456
29458
31459
29866
34268
28602
33970
28961
34806
34935
33335
34461
34528
28651
29304
33448
33088
35657
32161
35616
34538
35601
29521
35752
35495
34883
35468
32645
28520
33555
31404
30067
32122
28312
29721
34540
30759
35715
35070
30444
35941
33414
31969
34820
36008
30475
35699
36168
30387
35864
31278
30879
32104
32553
28860
35888
35219
31874
30096
34923
35575
31432
30704
35776
34655
33773
35436
31121
31046
34148
35511
33093
28803
35212
28606
32372
32626
29284
34193
35835
30233
35774
28505
28391
31286
30574
33761
30377
34975
34007
36070
30984
34708
34666
28402
28229
31585
32570
36047
31351
34910
35082
28819
32204
29753
35677
33205
28809
35472
31750
35297
30366
28295
34850
34322
29648
28576
34227
32691
29817
35855
36052
34117
34473
28697
32202
29786
35832
30974
29107
33738
34388
33763
33333
28679
34177
29200
32003
28477
29206
35599
28481
28949
30923
35572
35349
29896
29989
30540
28501
35571
29740
35221
28427
30675
30599
35711
28580
32595
28845
35547
30788
35317
28505
33273
28388
34852
32754
29717
35453
33615
30718
35913
28525
34374
28902
34547
35877
30645
32596
31751
30842
35315
29132
34623
32099
33063
28550
28243
33060
29312
35856
35385
32188
35603
33162
34079
33147
29642
33703
28793
33807
29703
33234
30209
29182
33961
35939
35759
31402
32207
28822
31614
29516
30772
28374
30692
35388
29408
35549
29180
28508
34342
31206
35598
32951
35998
35363
35253
34183
33593
35977
29707
31898
29060
33996
28306
28215
32600
31541
28289
28409
29405
35902
29048
31944
30211
35771
32116
28382
31193
31342
35668
32443
35809
28290
35111
35227
35944
32674
30700
34001
32663
34347
33686
35940
36046
35035
29253
28468
35327
35918
28384
30409
35570
28561
35833
30952
28667
28334
31957
31396
28639
33290
31963
35559
35800
32037
35854
32317
35882
31123
31196
31575
31376
33475
34593
30962
34554
35777
28799
34411
31041
35715
33589
35559
32796
30823
29516
33935
35657
34365
29100
35912
28782
31725
28259
28655
28976
35754
28466
31586
31838
35589
31089
32817
28758
35092
30347
30534
31494
28362
35520
28821
31919
28723
34129
28651
29523
35610
32310
35482
36049
35472
31817
28403
32566
32175
34361
35780
28388
28470
28270
28966
34643
31240
35820
28824
32001
35571
29834
30830
35139
33243
35156
29374
30243
35731
29027
36054
32002
28391
28219
30775
28219
30072
35740
31122
34109
28632
35833
29152
35736
34091
28310
34151
32657
35951
32047
34634
35565
34457
30186
32474
30908
35861
32069
33602
35217
31505
33816
35861
29821
35808
36014
30716
28798
34905
32919
35666
29123
33649
36003
28552
33431
32187
35870
28684
34436
28747
35925
28876
32404
30019
35806
28631
28654
35773
36014
33926
34390
32965
29344
35841
30304
36046
28436
29876
36122
28872
33134
35904
29602
33525
28599
35869
33012
34152
35872
30842
29997
34175
28471
35894
28598
34356
30341
30986
35708
29681
36016
28706
29279
35997
34473
35837
29191
34986
35339
28486
32491
30942
28465
30229
33312
35959
31789
35906
28938
35554
29883
34449
34970
30039
36033
29751
34298
28883
35499
35920
34723
35433
28572
30657
28385
35707
30449
35570
34955
28396
35206
35376
29994
35500
35468
28447
29312
33569
30591
32594
34367
33230
35254
28508
32988
35952
34969
30654
35872
35987
29595
35319
34853
28972
29555
35299
32591
35817
28403
34088
28874
34421
35977
29603
35023
34458
32892
35302
32425
35436
29737
33250
32806
29753
35457
30193
34980
28947
35922
29051
31588
28520
34748
28976
34132
33803
28529
29404
35558
28656
35567
35522
34734
30510
29795
32379
33222
29273
34874
35856
31586
35150
28572
34808
32016
34101
35935
30291
35351
35865
35849
28587
33943
28775
34332
30013
35522
28389
34040
30609
35604
33977
35509
30072
35591
29169
34783
30908
35835
28837
35832
28514
28624
28925
33408
35795
28570
35068
35575
28598
35783
30270
30450
35766
35958
31990
32809
29615
35850
31411
34250
36159
30810
34948
30880
35489
30588
35793
36080
35978
29335
35119
29011
35418
28839
28552
32146
35625
28460
35035
33599
34105
28614
29025
32117
33270
28750
33800
29720
33579
28912
34481
28590
29255
34940
33587
29240
32174
28332
34469
28448
29992
34828
35363
29912
28804
30853
34835
34119
35701
31255
33619
31997
28959
35182
28418
33517
29420
28355
28498
32621
34399
28923
34199
34785
28545
28322
33505
35000
28961
34966
34689
32847
36012
29237
28149
35869
34275
31549
35114
30652
35819
31779
31807
35701
35693
35984
34811
34167
28708
35021
28504
32115
28874
32379
30208
29882
35666
33397
34758
33785
35221
31748
36045
33942
28645
35667
33371
35666
32235
35744
35566
29494
32641
31286
32337
35290
32242
30770
34901
34028
28607
34550
28697
31713
29503
34024
29121
33539
28791
35670
33139
35924
33446
35781
28587
28992
30939
36033
33553
31375
34688
32168
35755
31355
33265
35781
29793
34963
31909
35171
32755
36034
35058
28881
35887
30557
34532
29174
35196
31794
32568
28885
35323
33902
31433
35713
32629
31038
32148
34319
35804
28556
28748
31609
35649
29817
34850
35630
31602
29967
35935
29018
32037
28400
34231
29226
35030
28533
28603
28392
33082
33337
32375
30697
28397
34196
33943
28387
34909
30558
32086
31930
35123
32994
28909
28486
32702
33135
28765
35785
32256
28423
33875
28761
33435
36026
32914
35578
29620
35694
29256
35449
35573
33975
28471
31375
32740
32044
29679
28658
35796
30149
35155
33392
32003
30848
32403
28647
36011
30507
35774
29945
33893
29896
35014
32452
35400
36080
35862
35746
28593
34881
35673
34682
28759
31054
36028
35435
33422
32118
28288
29988
32608
32608
32608
32608
32608
32608
32608
32608
32608
32608
32608
32608
32608
32608
32608
32608
32608
32608
32608
32608
32608
32608
32608
32608
32608
