9845
30594
32523
28500
31432
28494
28665
35595
30376
32611
35000
33993
33415
34134
35555
35815
34618
28423
33816
35148
28797
30846
30989
32846
31618
35842
33590
36011
32328
35938
29147
30157
32030
28781
31829
35436
29034
31386
31038
31619
28202
31171
28268
30623
35253
28295
29308
34091
34599
30868
31434
28374
34919
28174
28998
35354
28728
28111
29481
31719
28058
29325
34762
28511
28497
28259
30548
32198
35742
28412
33884
32994
35967
31453
35028
33938
33799
31459
35387
29699
32207
29010
30584
35147
28917
28274
28122
30060
33056
31747
35890
30742
35354
34331
32531
28354
28759
28924
34554
28284
32676
29070
32999
31049
32424
29056
31324
28289
28175
30545
29788
31005
33692
34497
35634
30236
33648
28935
30879
35770
28592
28141
28976
34042
33929
30474
32446
29524
31277
32559
30003
33890
28471
28114
28123
31983
34263
34246
35702
28459
32866
28768
28407
28263
28118
29993
31521
28621
28257
35845
34169
35746
30740
31311
35842
29806
29554
28161
35340
28234
32130
28182
35556
30596
32316
28438
28556
31498
28841
32250
35961
28264
30386
29679
35632
34398
34978
35885
33121
35908
33314
35662
28712
30174
29751
35625
29020
35714
33910
29966
28332
35931
35801
28962
32444
28955
34022
31087
34937
34995
35535
35744
28390
35933
35706
31204
33017
31375
30915
28620
31647
30072
35175
34634
34750
34768
33008
29516
28118
28186
33919
34876
30999
34180
29412
28782
30211
28204
31933
29898
31363
30823
31344
32204
29412
29151
35444
35839
34107
30443
34532
35431
31465
35545
32064
29821
34349
35847
30766
33762
35724
29298
31699
33354
29598
28210
32964
29558
33599
28214
34862
35832
35303
32096
28340
32115
30572
30341
32075
35946
29242
29808
28919
28938
31218
30530
31639
34630
30825
28231
32571
28595
30983
30402
28433
33613
29615
33915
31138
34802
35390
30890
28264
34359
35875
34649
28943
32831
31302
35653
33341
33650
33627
35781
32976
29328
29492
30177
28368
31325
29039
34860
30538
31748
30114
31778
33391
29507
33212
28607
31370
28773
31716
28722
34234
31284
29185
35345
29949
29362
31742
35808
35901
33546
33837
28957
35842
31906
28699
28909
30888
29486
34571
33321
35779
33275
29667
28964
29583
30279
29376
34053
31116
28658
30862
30596
35969
28443
34634
33461
33861
34486
34940
28673
35158
28402
35021
29171
28570
35456
34885
30285
30223
28836
30762
35195
35751
30380
28971
28309
32591
35984
34539
35668
34351
29131
32542
34799
32061
34332
28499
31692
29482
33327
35476
29418
35694
35452
35444
35185
30788
32660
31980
28917
35433
28912
35745
34655
28357
34939
31137
32129
28634
34518
35693
36028
31714
28550
35768
35707
29444
29175
30647
30210
31695
31884
33290
35651
34816
28968
35819
31757
30252
33474
28417
30140
29462
35557
34566
33048
36064
35586
34598
31090
28417
35866
35919
30690
28603
31906
33435
28435
29875
32804
35259
28201
34859
33639
28551
35180
33028
31226
33799
32047
35794
34891
35880
28427
34966
35971
33673
35683
35474
28331
35374
33350
35727
29443
35597
31556
32561
29530
29557
28897
34918
30216
29491
35266
33680
33347
34231
28774
34474
30992
31289
31344
29895
35356
32336
28717
32380
28729
32727
28806
34594
31207
28696
34429
35842
31843
31943
35571
28346
28604
35637
35927
33678
28339
35509
35217
31677
35948
36172
30988
32277
32514
32845
35734
35532
34167
30786
28882
35000
32321
34441
28662
29757
34160
32559
29929
35673
35032
34897
32416
32161
35802
29065
32886
35833
29742
28347
35236
35451
32509
34396
30979
30255
34550
34632
30753
35355
28483
35766
29179
31789
34793
35663
34943
33809
31448
34609
34026
29729
35856
35325
32630
31965
33538
28438
35646
32744
32569
35400
30220
35117
34006
29022
28894
35206
28240
35939
35624
29748
34722
30818
28353
35504
28986
35142
33650
29614
35681
34082
35670
29136
35816
35755
30331
28248
35686
28519
34018
33839
35885
31663
35894
29082
35743
35297
31371
30320
29337
32169
34745
33158
35579
28635
34161
35927
31151
28824
32861
34850
31658
35462
28424
34009
34258
31330
28870
31688
29172
28249
33441
28405
35252
36065
30017
35617
29244
34208
32399
32078
35361
29720
32955
35359
29758
33486
35768
28667
35415
30398
31357
34049
35903
35943
30179
34556
28708
33352
32180
28555
29494
35885
34450
28518
35721
32843
34987
34583
29483
32906
29285
35612
28424
33590
33570
34134
33746
28924
33925
34334
35924
28462
35649
28905
34531
29399
34877
35744
30411
35680
30202
32278
33984
35540
29998
31989
33054
28563
35698
29718
35188
33620
29947
32265
30491
33207
32878
35119
31336
30838
28318
35084
28428
35416
30812
33030
30932
31778
34941
28896
35565
33679
30377
35793
30981
31167
34553
30560
28922
32317
35928
34943
36081
31274
30174
35072
30956
35632
34192
29696
32307
33025
31040
30689
33008
29294
33056
35027
32370
33842
32040
35533
31879
28258
35287
28254
35026
34789
28842
35616
36041
32253
33920
36086
28938
35752
32745
35788
36023
32449
34913
31361
31026
34092
33506
29383
35355
32351
34567
31772
29678
33778
28422
35150
28449
35205
32434
33501
29833
36082
35807
29886
32650
35833
35944
35790
29173
35852
36067
28931
35901
34129
33206
29574
30542
35144
31553
28369
35374
35496
34225
31020
30970
34665
32404
33598
30255
34878
34754
34040
28772
36059
31209
32392
32181
32508
35453
29671
35365
28439
33178
35464
36132
30747
33297
33897
34191
29434
34043
28440
28827
29671
31744
35464
28330
35432
33175
35607
30316
35047
31075
35901
32417
31206
35482
31065
28561
35293
31119
28704
34406
35667
33842
32452
36069
28678
35823
31739
28475
33721
29081
35827
30773
33664
31013
34304
28448
35980
32863
34910
28847
35494
28388
35789
31991
28594
34161
29333
34483
33442
32756
33012
29889
33958
35214
32508
34605
35640
30396
34033
33279
32169
35314
28384
35428
31225
35937
29306
34623
32802
34588
35389
30872
33948
30516
35805
32262
28605
34408
35094
30550
35194
29593
30287
35320
35602
30565
36113
28561
35274
35987
31383
28557
35824
35201
35604
31451
28470
33845
28495
35428
34799
31912
31516
35400
35577
35713
32273
32606
31244
34834
32826
34858
28488
35920
28936
34358
30895
35424
31140
32295
31335
29489
28257
33904
31349
33922
35857
33268
30948
35106
32306
35885
34711
32447
33647
34443
32595
35223
28387
33773
32232
33219
35620
34968
28387
28311
31751
30974
28271
35422
31318
34905
31394
31228
35339
35317
29768
29543
33297
34146
28307
29482
34221
32612
35361
28740
28252
32885
35825
35128
32906
29669
33801
34470
31182
32684
34193
29051
30164
28520
34611
28961
30942
35802
31586
28234
35583
34869
28865
28685
29791
28321
35243
30938
28373
30208
34727
30487
35944
36005
29882
33832
35464
33219
34296
34967
29445
32198
29358
34652
34716
31152
30717
29287
34683
30553
28407
34254
28558
35619
36033
31497
29489
34482
35675
32340
30930
31184
35657
28410
28623
29025
34961
35655
28703
34482
34947
34205
35072
33849
31283
35736
29377
34636
29151
33779
31847
29255
35708
30535
34867
30192
35481
28562
32098
28460
28161
28193
35672
34393
28947
34756
28681
34392
28390
35891
28675
34206
29661
34064
28884
33010
34833
36087
28627
35415
30271
30556
34591
34059
28530
34681
32598
33944
29688
32162
35539
28417
34252
33041
35844
35111
30907
35877
30792
34559
35938
31978
35926
31241
31755
35117
30826
35829
35446
34048
29887
34998
30937
30754
35740
33147
34055
34226
29173
35591
32146
30629
35876
29707
35281
28577
34956
30022
35156
33708
34538
35906
29799
32178
28756
34506
28350
33441
32533
34763
33794
31348
32596
32278
28470
28214
33983
35765
28540
35776
30648
34010
34410
32521
33481
29429
29758
35082
34383
29620
34807
33810
29504
34950
35500
35614
35723
35357
35453
28434
35865
29120
33774
28558
33485
35777
31007
29081
35409
29507
34532
28713
33624
35751
35823
29494
35099
28419
30361
33634
33502
30183
28313
29872
35411
28716
35142
35732
30211
34841
32702
29094
34015
28419
32859
31781
35229
31015
34789
34743
32302
32578
31141
28429
32511
30679
35606
28832
34115
32047
29374
35155
31044
35512
29741
35042
29432
34949
34419
28629
36040
28478
35934
29110
32789
30918
35396
33450
31278
35827
30071
35454
35258
29966
35816
30946
35429
30084
35917
35312
28891
31537
34025
28446
32607
28366
35401
31374
32252
35320
32791
29991
35095
33708
30759
33247
36001
30248
28987
33297
35549
35020
35866
30894
34358
28775
34378
32359
28462
30588
35739
34611
34385
34902
28366
33228
36129
28765
35413
35601
28351
28862
31470
28324
28182
33229
34891
29111
33731
35457
33327
33158
35176
32589
28659
35773
35198
30716
35813
29751
35829
31040
35626
29338
35748
32654
30035
35423
34045
35999
32978
34548
30843
35525
28565
33087
34031
28337
28307
32363
28287
31870
29704
34138
35278
32432
35929
30986
35981
29222
29013
35601
35700
28488
32251
28410
31867
28611
35573
29357
34681
31113
35057
33621
29646
35148
31338
34832
30371
35237
34869
35403
35645
35573
29746
35407
30802
33622
34676
30010
29733
35792
36068
33293
35862
30220
34486
31282
31656
33361
30532
34170
28690
34722
28405
29044
34355
35960
29946
30512
35329
33530
35075
31266
35817
35042
36016
28630
28469
33476
28863
34764
28434
28350
35646
29499
34535
29349
32111
35127
33692
35939
28786
32880
32399
35800
32965
29077
32989
33899
28483
29142
33128
36071
29407
33088
34639
35948
28414
34081
34676
32778
35472
30926
35060
35916
34379
28689
31895
31767
35712
35357
35378
35647
35474
28733
28747
35705
29169
34486
34290
34105
33382
35296
32240
35564
30649
35057
28656
31685
30744
33649
35549
35939
35102
35742
29784
35043
32710
28356
34727
29499
29305
35482
35738
30538
35417
32267
28763
32916
34473
28509
34663
33896
28563
33323
30151
29246
34679
28585
29270
29696
29079
31400
33680
28508
34562
30495
30224
35712
28488
28260
28815
34170
30480
32950
35700
30216
35797
30272
35370
31962
33917
34621
30051
35238
35905
35552
29066
35245
29724
35217
28342
33002
30547
28387
30920
33105
30732
34199
30155
35865
28678
29415
35472
28639
33980
35747
35914
29678
36015
35130
32219
33463
35517
35834
35492
34338
35876
31189
34314
34861
33393
35776
35998
28931
30503
35844
30040
35447
29031
35569
28731
31701
29266
28496
32626
28466
29814
28458
35485
31798
28516
35794
34630
33909
28627
33946
33106
33898
29483
35591
36139
29630
35919
30495
35818
34922
34257
35789
29189
35625
32370
34190
34349
34092
34826
29145
35933
32228
29498
35887
28425
28178
28387
34588
32766
29685
34257
28947
33975
28406
34530
35793
35270
33793
35901
33587
31500
28223
28614
32256
29675
33698
32139
28419
30414
35367
35685
29531
35220
30328
30542
29968
28558
35498
28430
35161
36082
28321
28449
32789
35755
32870
36051
30791
33760
29226
31638
31998
35991
29203
35048
28411
29887
35933
34208
29045
33514
34048
34121
35520
35873
33183
33346
28361
34113
28692
33874
29246
33676
28367
35094
30584
30790
32713
30704
34354
29059
35864
29421
34314
30223
28746
34738
35835
35525
29222
34206
35678
28701
35864
33578
34369
29386
34667
34888
35852
35727
28342
34046
29454
33686
29842
34536
31643
35164
35478
31392
34154
31712
28404
34921
34085
35830
34683
31622
35667
31496
33580
32074
28508
35305
33094
32008
34867
35263
33805
31857
28463
35712
28479
35726
34564
35474
30571
28395
34959
30984
32643
35643
28363
35432
33466
30725
34599
28418
34839
28966
35999
28466
34739
29043
28758
35402
34940
32890
31527
34672
28656
32140
32506
34726
30002
35807
28421
29183
35821
30774
35766
30025
35702
34918
28611
35319
29215
32043
35934
31024
34351
28341
35504
32777
28411
31924
28528
31322
35498
32179
34723
28406
33968
32402
28542
35337
28342
34266
29287
36008
30198
35852
30482
36093
30254
35324
30780
35276
33062
35526
28470
34342
28667
31025
35530
31337
33335
30367
34991
35229
29461
35905
29783
35837
35650
29519
36120
29830
32005
35848
29368
32008
35426
34336
35132
30783
35149
28476
30354
36054
29991
35696
34355
34631
28914
35051
35080
33658
35771
31712
35644
32201
28212
30015
29954
32818
31470
33029
30581
35782
36010
30240
31988
35397
31580
29714
29310
31032
33046
33137
34666
33596
28856
29461
28415
33359
29493
36000
28953
34122
30297
35685
31096
33145
28466
28261
35689
28625
28492
35347
35629
35474
28494
28157
31674
35388
33303
35475
32573
29542
33112
35971
34010
33949
30190
33920
34798
30913
35680
35812
29829
30488
31027
34081
29639
28470
30732
35661
30832
35209
28457
35454
33858
28459
28411
28396
35312
35380
35864
34762
29728
30438
33571
35063
33502
30156
35782
28533
35613
34240
28436
34961
33546
35008
34375
35358
28770
30854
30877
34069
28910
33753
29540
32329
30524
34581
35608
35857
31517
32122
32910
34345
35633
30897
28750
36124
28888
32905
35787
29595
33177
35583
33415
32005
28408
34402
35875
28379
34935
30245
35555
35796
30324
35762
31965
32758
32868
34569
35591
33122
34989
29594
31992
35359
31708
34299
28525
35758
31906
29047
34322
31780
33431
35408
28275
29823
35576
35435
35535
30708
35957
28592
31900
28431
35624
30089
34931
31771
33901
32679
35286
30208
31455
35874
35790
32467
33695
28930
30763
29386
28480
31925
33250
35057
32807
35815
31829
34318
35197
31984
28394
30477
35868
35269
33566
31295
34681
29963
34913
34793
32305
34611
29269
28433
28341
34545
28863
28286
31948
30478
33120
35004
35014
29681
36037
31624
29954
35860
30336
35796
29805
35711
30060
35611
34705
32186
28372
33670
28721
32332
29293
35256
29942
34918
33247
31897
32247
29612
33510
36062
34247
31879
28416
32066
29213
32642
35711
29872
35421
33113
31883
35458
34405
34927
28453
33644
35551
33281
29543
35621
29073
35298
35467
35021
28698
31604
34109
34011
29212
35481
32486
30672
34283
32696
35799
36007
31161
32276
35646
33801
35996
29922
30594
33635
33686
29800
35954
34018
31108
35950
30512
32487
32034
28245
32486
28566
33498
30516
35254
28428
28331
29931
32691
34425
31793
28447
30052
33558
32487
31247
28539
32533
31379
28270
28233
28659
35306
28901
35244
30540
35596
30732
32270
29760
35297
33614
32395
28674
29907
31482
35981
28439
33821
28609
31043
28541
33826
30178
35789
33083
36015
31499
33515
33912
29279
28616
35832
28480
32374
31818
31604
35911
36186
36093
30643
35214
30036
33157
29338
28581
33461
31098
34643
30452
33888
29330
33494
35747
28666
35124
34853
32589
28733
35959
28495
34020
29295
30364
35847
33575
34848
31626
33920
29341
33091
33208
34051
35002
33881
35512
30206
35848
36134
33992
35807
32992
29652
31796
35786
30068
34950
29476
35667
29191
35531
28528
33346
35596
35369
29884
30466
29341
35697
30781
35759
29404
34048
29378
33953
30182
35153
32875
31552
34997
28654
35679
30387
29476
35690
31663
36056
28433
33940
35458
31138
35585
33388
33862
30437
35121
34028
34449
28883
28282
29445
35705
31855
29107
35318
35896
29040
31906
28278
28521
29439
29941
32034
30996
33029
32726
35551
28967
31317
29067
28589
33033
35428
36043
35380
30516
32807
28443
29127
33556
32929
29802
35929
33397
32758
28862
31660
28458
31117
30504
29611
34003
32603
30014
29153
35861
35947
33259
35961
28699
35925
28725
33752
31080
33721
34264
34799
28891
28897
28134
33945
28927
30490
34305
33769
35813
29270
34348
31117
29642
31812
28336
28432
35861
30515
35872
30056
35976
30425
35731
35960
29000
34398
35728
28551
29671
35675
29869
35968
29355
31775
35457
29647
34610
34430
32351
33470
28591
35572
32247
29527
34505
34029
34693
29519
28627
35560
35833
33140
33333
32729
32350
35351
30184
35056
35950
28833
33215
35133
31224
31300
32345
29084
35929
28461
35457
32043
28230
32966
33748
28447
33900
31738
28383
31165
29581
32681
30298
34298
35633
34542
32837
35473
28705
28230
28491
35023
28326
33145
31410
35683
32244
28632
35766
32287
29212
34818
33238
30271
35568
29795
32176
32225
31620
35594
30211
35748
33364
34610
35579
32765
33459
32339
33452
35837
28609
34078
30863
31541
29164
35475
28396
35123
34792
29807
28915
33519
28883
35724
31622
35990
34546
29084
31872
28372
34195
35862
35647
30890
35088
35783
28583
28247
28468
32437
29282
33253
29950
35864
32485
31105
30867
35954
28582
33617
29380
32657
31172
31487
28538
35677
35645
34154
34246
28260
34238
28481
28678
29311
35316
35340
33416
31557
35370
35168
29452
32611
32024
29522
35505
35965
35405
35955
35991
33909
35213
29477
35958
31001
29376
36059
28977
33198
35145
30352
35989
33288
29553
33881
33936
34030
35275
32620
33781
32304
33355
28415
33546
30422
32291
34648
35900
34382
35776
29171
30319
34051
33823
33097
34809
33874
30371
28902
28457
32266
28492
33870
30540
35426
28383
35240
33658
28517
35385
29679
34203
33466
35965
36073
34197
35755
32242
35694
29172
32821
35948
34165
28656
35405
29928
35823
30546
28742
35745
28682
30860
35512
32654
32871
34157
34333
32660
35564
28314
34227
28488
30086
29019
35578
30626
35822
29582
33159
35877
34869
31853
28390
28258
32908
30038
35456
28740
33841
31743
28430
35452
30915
35320
29483
28969
34085
29126
35117
29737
35258
31979
35864
35840
33519
32413
30477
32793
29905
33350
35708
29308
31861
28671
33424
35862
29391
34236
29451
30732
29156
28305
31362
28129
28395
28132
35746
30212
28348
32181
30839
32054
35321
34881
33808
35889
28476
33910
28954
28159
32302
35168
28594
28527
29081
35836
29171
28691
35196
30811
32988
28604
35861
31064
34979
29413
35829
30735
28593
34965
35859
32197
35379
34855
35691
30329
35783
36000
30522
35458
29793
29096
33506
36037
29349
32110
28290
31507
33133
32438
35723
28462
33965
32538
32219
34141
28873
34014
28513
32952
33542
30039
35811
32275
31142
33362
32217
28434
31442
35806
30315
34684
31475
35602
28573
35261
33325
35921
28811
34156
35914
29692
33735
28546
33973
29090
30107
28919
33828
34438
32857
36039
35680
30172
35830
35280
32734
35978
35548
34156
35217
34516
33562
34240
28817
28409
29067
33750
29735
35858
36187
29941
35767
33572
34615
35877
29039
35992
30593
28397
32403
32907
33304
30173
28385
32545
34226
32003
29285
28548
35569
32584
32001
33859
28598
29534
31266
35740
34727
29739
35737
36060
29672
28768
35852
30293
35417
31432
34707
28633
29405
28852
32737
35836
29236
34110
29188
34691
30308
35697
34604
29548
28989
31044
34300
35990
30734
35850
35719
30928
34957
34147
35217
29702
35638
28427
35292
29039
32838
32267
28820
35871
31141
32990
28311
28696
35543
30275
35943
28999
35342
34673
30994
33128
35348
28408
30384
34704
30419
35365
29564
35826
31928
28294
34129
35808
29281
32525
33752
32186
35899
28970
32171
28414
33320
35798
32305
29802
34880
28443
33226
33144
35639
28456
33627
35314
30403
35785
31115
30852
35589
30924
32551
31619
35746
28565
35376
28433
32698
32628
35672
36057
34696
32023
35158
29947
34450
29033
35692
30240
31347
28423
35688
28783
28315
32072
34068
34432
33434
32356
33162
35756
30353
31537
35197
33173
29695
33968
29903
32799
28274
33116
35245
30925
35946
33741
33127
30274
35775
35869
28372
31411
30651
35887
34411
28649
33208
31638
35824
29645
28445
28182
32472
35913
28998
36086
28411
35154
35922
29279
35360
33741
35846
34508
29420
35887
35598
34768
34522
32683
35830
36091
28574
28394
35132
35166
33381
33227
34752
31391
28558
30096
30868
35748
32595
28425
34147
29878
35435
33505
34763
32868
32156
35898
32618
28574
35115
30027
35303
34836
33607
36070
32295
28594
35123
35348
32014
28586
29530
32526
35348
29258
31977
33044
30976
35514
29673
35704
35280
30284
35221
34144
29830
29475
28336
35268
33931
34663
34862
34894
35739
31712
29263
34046
34838
29016
33536
28373
34316
28568
28606
34210
33440
28364
28204
31250
34362
32074
28627
35833
28646
35843
35663
32180
28317
32534
30353
28396
35552
32232
30535
35684
34454
35222
28628
34541
35216
33810
32553
30322
35312
35068
34761
30547
35737
35876
31533
28376
34180
29602
35091
31221
31104
35884
30616
35689
29103
34762
28870
35280
33218
29817
33492
28893
34239
33357
32449
28879
31569
31773
28582
28287
34977
34388
30616
28375
34817
35953
29083
35864
28841
35856
30288
35799
30736
28305
35323
29717
35717
30390
35747
30044
34321
30203
30552
30255
34949
28633
35194
34273
28898
31930
35754
31064
35787
35387
31037
35453
34763
35048
30186
35576
35782
32170
35692
28828
34422
35982
35460
35687
28769
34511
30132
34629
28452
33104
32378
29367
34644
28338
32578
28351
32919
33811
31849
28808
34939
32685
29870
33670
35529
35861
34544
34477
30212
32570
34220
35296
35067
30928
35523
29033
34621
30169
35239
35648
28520
33068
33675
32505
35508
29161
30768
33805
35739
32428
34878
29986
35449
29559
31611
34567
35889
35141
35034
36113
29084
35913
28713
35171
33439
33867
32558
29605
31165
34453
35323
32997
30458
34093
31199
28341
33366
32124
32185
28517
31879
29749
32544
31638
35835
30890
34429
35767
34486
31633
35186
28415
30231
32855
30937
31145
35392
28382
33414
34502
29612
32502
32329
31068
32617
30361
35780
32898
31978
35622
32326
35953
33016
34547
35939
35869
28572
35832
32070
29354
35980
30124
35660
36024
28482
31577
29728
35349
29392
32068
33566
34925
30401
28888
32005
28465
28343
29251
30633
29166
32870
36009
34369
28889
32446
31237
33469
33083
33446
35978
32279
35676
34930
36053
28877
35845
28812
34286
30221
33533
35495
30048
31935
28393
34094
29663
31518
30407
35773
34002
30986
28363
33616
29485
35796
30847
33844
28417
35120
28529
31776
35482
33382
35196
28545
35208
35461
30972
35652
31394
35844
30914
34867
29519
35688
30876
29320
35521
35076
33714
32675
35822
34026
34393
36050
34937
30191
35108
28692
28425
33971
36073
31350
34385
32894
35887
29931
30214
28391
35052
35853
35636
35994
29576
32501
32102
30053
34649
31891
28299
30002
34269
34356
34659
31159
28773
30656
33797
34156
28431
28647
32298
31453
34327
34943
30955
30949
35757
29111
28770
29826
35508
35846
33088
34704
33487
32734
33993
33245
29328
33870
28837
32222
31355
35193
35945
32754
35793
29355
34698
36000
30986
34166
32727
35811
32976
33821
34220
31142
35778
30697
35749
30424
35199
31363
30941
35080
32366
35910
35094
28491
35802
29174
28462
30522
35980
35958
30904
34704
29210
35869
34177
35834
36074
29924
35811
32869
35908
30608
33808
30504
33037
32637
33654
33066
31672
28694
33338
28781
33423
32732
35858
30140
35857
28305
34622
30223
35545
35672
28574
35653
29820
33749
35878
32005
29061
35968
32841
32613
28756
32909
35631
29464
34651
30738
30744
35927
30519
36082
29276
32180
28383
30739
34666
35794
29599
33168
35479
29950
35533
30961
31705
35690
30498
36011
29232
35732
35945
33594
30517
35695
30322
33154
31247
35721
35681
36062
28501
35386
34729
32776
34019
29922
33134
35822
30072
36013
28650
35217
28476
33707
31433
29685
35361
29793
35085
35776
28539
28320
30010
35931
32921
35306
34873
30300
35536
33800
31593
32658
30506
35905
35983
29991
35836
35799
31921
29712
35646
32105
28299
32663
29224
31118
34010
28342
30603
29690
30324
28314
34583
28352
35818
34641
35157
35017
34067
35534
34715
35249
34405
29726
34638
29225
35240
30187
30053
31930
28357
34927
31580
33352
28679
32503
28318
31383
28498
30627
35700
35049
35699
34956
29279
34982
29191
35673
29149
35170
32767
31844
34409
35979
28635
30586
33884
30319
35429
36106
28526
33298
35724
29600
35742
30229
35847
30677
31122
34732
35273
28624
31107
29536
34410
35236
30188
33976
28517
33286
32858
35967
34719
28952
34768
31485
28496
28485
32885
31705
28376
32847
30068
33407
29044
35620
31715
28247
33294
32735
28368
34546
35789
31919
34780
28426
34802
29292
34569
28595
33718
30352
32584
31437
34302
36024
28783
33900
35277
28782
33156
33184
35241
29004
29160
32654
33674
32557
28431
33668
36181
31555
28295
31889
35715
35180
32520
29251
35979
32727
35336
35243
33604
29694
35529
31953
30125
32483
35363
31121
34778
30863
35290
28783
29039
32089
32038
34451
32459
36014
32009
29207
34246
30786
35021
36045
29436
31219
33647
32184
34184
32586
30156
33205
36077
31154
34587
36062
33202
29359
35519
34112
28423
28201
31319
31693
35545
31212
32973
34647
30339
30126
33822
31352
35519
31954
32680
28951
30188
29206
35887
35759
35868
29754
31330
29625
33146
33550
29285
33928
30474
34284
32690
32825
32430
28330
35607
29964
35493
31624
34450
32070
30645
34391
28990
32402
30671
35345
28659
35344
29411
32365
30261
29050
32267
34991
34356
32924
34902
33340
30810
35472
33371
35601
29315
28357
35045
33325
32368
28234
33982
29721
31819
35681
30230
35131
34587
29052
35822
35757
28834
35768
31039
30158
30046
28603
34441
28471
28816
32995
35317
29229
31293
34002
31589
28418
28210
28339
30027
35650
32847
35880
35828
32578
34594
34317
33811
34569
30630
35473
33954
35167
33987
33582
32478
35216
29044
35699
29728
35717
34034
33635
28504
28145
31423
32050
34557
28432
28900
35781
30578
34858
34632
32994
34091
31386
30237
35161
32393
32653
35698
28559
34641
29392
32803
33643
29615
32294
29885
33694
35822
32579
35270
28497
28815
29021
30620
33679
35890
35897
35557
36033
35366
29010
32926
35753
30229
32143
35536
28513
35319
33150
29564
32450
28362
35794
30496
31899
31817
28326
32823
28694
35687
32269
35788
29611
35662
30273
35643
32895
30236
35838
35875
33358
28473
28248
33947
28919
32927
31873
33880
28755
35375
35243
28715
35311
28761
35071
35414
35669
28934
34385
28465
35259
35852
29365
30960
34749
28726
35557
29161
35637
31357
29692
34982
35717
31041
33882
35895
28600
29106
34759
29362
30825
32675
34313
29320
35100
34811
33692
35486
35997
28576
35541
33988
33889
34591
35212
30242
34885
32722
35129
35620
32905
35771
31992
30738
34885
29859
30603
28390
30726
34682
34698
28355
34073
35387
34230
35243
28416
33050
33655
34073
35963
31826
34518
30024
29086
35732
30394
35941
34959
29698
29777
33085
31981
28351
33273
29014
35370
32827
35838
34372
34395
29267
35548
29064
33986
31637
33992
36015
29244
35527
30122
30444
35890
36033
30500
34595
31275
28701
31452
29706
35604
28390
28329
33566
28438
35088
30215
35817
32303
29162
30014
34036
34543
28915
33474
31914
32715
29006
35189
30471
35859
29719
36050
28979
31550
28392
35058
35100
29460
33569
28365
34686
35214
34430
33208
32342
35543
34827
29102
28492
28268
34030
35500
31842
35472
34725
34826
29298
32240
34995
29722
35949
34013
34939
29099
34941
33609
31733
34377
34765
30052
34002
35714
33703
35917
32840
35926
35018
35986
35752
28490
32015
28965
29384
32037
34520
28556
33587
34600
32590
29832
31901
32824
32415
29004
35429
29349
29425
29582
34919
32612
31129
34161
29004
35623
34258
29956
35924
29795
35850
28492
31826
28592
32381
32913
28474
32798
29866
34312
33316
36034
33235
35797
29173
33733
29018
35309
29287
35296
35922
32130
35709
31500
30701
28976
35657
34304
29765
30241
29842
28375
28199
33755
33962
30121
31694
34149
30982
34426
35385
34406
36130
35888
34480
31016
30633
31866
34016
35173
30753
33609
29035
29888
30986
28602
35628
36095
31814
28804
35663
34831
32635
33110
32456
32642
32306
29188
29005
35277
30897
35243
34793
28870
35414
35713
28551
30675
32134
35379
33142
35989
28918
31882
29213
31959
31244
32099
35665
35947
35996
36078
29460
30295
35432
28445
32446
28877
28679
32159
29213
35174
28336
34481
28486
29503
35094
35930
33488
33614
34305
29559
36013
32432
30257
35725
35232
28503
29977
35536
31814
30372
35424
30115
34058
28550
29271
35315
34525
32941
35278
33876
35543
33093
35654
30143
35808
36102
30752
28442
35370
28522
29925
35916
28353
31214
32837
31713
29080
32698
36006
29550
33139
35705
28628
33659
35693
29795
30416
34887
29567
35359
32532
31447
28704
30304
34415
35739
34474
28976
33403
35437
28442
35258
30777
34007
34849
30254
35501
34033
35403
31230
33703
34310
35445
28661
36062
30782
34463
32151
28353
33597
34702
35114
32576
35609
31625
33964
35872
36127
31840
29428
35932
32805
32725
34214
35817
30874
28461
32790
36071
29334
32920
35549
34442
28738
35236
35774
28442
35697
35233
35948
34979
32069
31872
29150
34976
35130
33286
31090
28512
31421
28425
28483
35467
35885
35961
32151
29384
34250
28370
34028
36102
28493
34197
32575
33696
35743
30051
34927
35815
35551
30365
33184
29561
33135
34314
30429
29154
34246
35525
33201
35407
30462
35908
28810
32149
28849
31177
35157
33872
34795
32510
31122
35621
29090
35690
32388
29001
28217
33462
29650
34161
29529
35592
33304
28852
35861
28697
31394
28462
29793
35402
30005
35810
28524
31294
31486
28584
28767
28480
35687
30997
32277
28534
33704
34925
35444
32758
35967
33450
30038
33618
31038
35652
31240
35699
33619
32321
31997
29362
35241
34197
33493
34359
35820
35953
29116
32238
30718
35017
28488
35057
32467
33359
35421
32250
34033
35077
35924
32133
28812
35789
33942
35561
31054
35385
36001
31332
34984
33121
35443
31015
33328
29651
33736
28433
34123
30067
35643
28378
34149
28454
30595
34001
33626
30918
32242
33831
29999
28295
35674
31934
35787
32744
34714
29155
36017
28887
31709
28424
31193
32424
34501
28628
35841
32665
28373
32588
30214
35945
31681
28266
31980
33194
34747
31942
28512
32558
30475
34618
31424
29009
31235
28598
28223
28761
28236
30167
35029
34585
32802
31088
32800
35225
30710
35068
34477
35881
34958
28415
30534
32263
31709
34340
34697
35591
28400
34017
29919
30796
29474
35408
28894
34212
35061
34605
30693
33695
31241
31798
35552
35738
28581
28849
35939
34797
34952
30219
35771
29544
35672
32794
28295
34222
31630
35688
35445
35434
29032
34967
35522
32875
34645
32801
35448
28600
35341
35109
31166
28304
35277
35060
28934
33930
30411
33194
36016
30695
35565
35752
36030
32263
35632
32749
29323
35083
32884
35045
31144
34708
28834
28571
28691
32722
29462
33386
29965
30483
32123
35225
29407
35901
31439
34566
35602
28641
35206
32730
33355
29276
30901
28717
32794
33297
29025
35860
33187
33834
33661
32986
34568
35963
32545
33079
32560
31846
30071
30256
35425
31622
34746
35960
29039
35547
30395
35895
31141
34130
29133
33440
28513
35985
29329
33588
28509
35887
31096
32909
28677
34588
29863
34065
28552
35005
34522
33442
29653
32165
30158
35857
30210
28426
35597
30500
34765
28668
28286
28436
35329
35697
35035
33682
28432
29980
32543
34169
30394
29608
35725
33130
35925
35574
31023
31803
29555
28607
35759
28827
35767
31059
35579
32524
33379
30108
35934
31826
29796
33677
28506
35900
33509
31753
34563
34828
30435
35809
28755
33152
35442
28396
28458
28459
33580
29032
35716
32676
28811
34967
28461
31438
28371
30778
33733
31712
34672
29564
35546
32107
28788
31449
34046
35969
35905
32057
35893
28876
35975
30164
35883
30346
30505
35900
32922
35399
33162
30184
35446
28453
34015
35368
35797
35098
33737
28801
33702
30438
35961
29556
34038
35812
32625
29514
34557
29710
33609
29024
36024
28572
35470
31171
33873
28717
35378
33278
35888
34214
28385
34684
34731
33820
31751
34541
29462
35633
31815
35790
30210
35559
31988
35106
31215
30501
30149
30319
35322
29774
32645
34724
28519
32089
31478
31196
29184
35409
30800
33676
30600
32274
32733
28747
35643
35479
34771
35737
33505
34042
29939
30312
33091
35601
29573
28346
28294
33579
28420
35663
31978
28424
35695
30109
35070
33334
35601
35062
31998
28321
29591
35831
34558
34896
32380
28600
30641
34557
28845
35727
35005
30344
33965
35384
29478
35681
35341
32590
32754
35347
28715
31068
32097
34147
29717
34545
34984
29562
35842
29601
35781
34432
35783
29581
35271
35616
28495
28230
31973
28322
28950
29209
35361
34531
32789
32557
28946
32570
32061
35219
33432
35625
35554
30212
35608
35069
36276
29093
34995
36003
35850
33203
35979
35150
35273
31094
34552
35811
29690
31988
28574
29260
35596
30137
28446
34589
30492
28749
32596
33508
35641
35209
32536
28219
33557
28457
29410
29103
33937
28259
34551
31343
33108
34771
29307
30626
28459
35394
28838
35913
28646
28270
34406
35650
29872
35312
30064
34763
31913
33289
35835
28643
34594
29050
28445
34606
31855
29454
35232
28738
34138
31299
28411
34794
36002
31259
29588
29996
30894
35739
29758
35727
30062
28357
35637
29625
34868
34089
28815
35772
30612
28319
35662
33995
32500
32958
30633
34822
30869
35943
30318
35354
31850
35601
31228
32454
28425
32775
33036
35704
36142
35319
28438
32498
30002
35301
34707
28494
29662
35893
29225
34327
35490
32524
34433
28589
34107
29636
28482
33858
29274
31981
33078
28550
33101
35351
30712
32968
29449
33718
30730
35287
33655
34562
32299
34596
35834
30410
35958
33270
29482
35565
30316
32393
35919
29964
35491
28484
35694
28498
28464
34303
35367
34591
32784
33502
28275
34366
28342
28333
31376
31555
34400
30295
35718
35700
28806
28995
32039
29285
34964
35903
31782
35750
36054
34614
30636
35623
33045
33755
28563
35517
34589
28597
32371
31170
31086
28586
30505
31437
28375
31958
35781
35070
33840
30582
33957
34676
34376
32972
33577
35785
28498
34274
30100
35664
29778
35732
35072
35754
33148
34081
28447
32912
32562
28935
35885
33812
35626
34880
31192
31365
29573
28670
28380
32898
33523
35038
34458
28975
32218
35568
29844
35507
28610
34001
29263
31967
30351
34718
35694
29104
34717
29869
32069
35380
34152
29335
33687
28557
33992
31829
28596
33532
28479
29673
31247
33524
32447
28812
35121
34205
32032
28443
32289
28795
28244
30571
33040
34081
34776
35008
35330
33327
32642
35901
35574
30149
35840
31456
33878
32368
35012
28311
31196
28247
29730
35675
35865
35582
28903
30427
35640
34860
35784
28779
34743
35394
29776
35775
34296
28728
30083
35806
29195
35576
34979
32858
31194
35487
36197
32641
34884
33630
30766
32553
31934
29261
35566
32306
33837
34460
30940
34657
30268
35015
31971
35508
28301
34338
28440
28196
29020
28699
35455
30447
35511
31364
36068
28496
28400
29935
34435
29683
28371
28354
34967
29142
34999
28458
34836
35818
33179
32433
28862
35224
34924
30282
35096
34832
30799
28862
34780
32458
28432
35409
29615
35864
28404
32990
35797
28530
33929
35730
29123
33118
35704
35327
29409
32526
34700
28471
30773
29781
32704
34937
28479
33233
32329
28357
32929
35731
33811
34050
29765
35877
32852
36014
33844
31867
33729
35633
34231
29937
31023
34949
30358
35734
35842
28584
32430
31225
29924
35020
32670
28548
28144
29021
29658
32946
35412
29491
32742
29539
35702
33599
34293
34268
30958
31413
30425
35179
28407
29718
35773
28485
29275
35892
28448
35201
29844
34987
28937
30701
35760
30645
34411
29331
35622
29872
35448
35395
30802
34715
33446
34448
29274
33147
28608
30981
29164
34897
29503
35648
30214
33109
28931
29877
35874
29044
31634
35471
31913
34901
35941
28915
28268
33855
28601
33618
28415
32157
31831
28889
35726
32282
28563
30583
35325
31113
35770
31184
30902
28399
28295
35473
36064
28451
34437
31065
31120
35230
29270
34478
31389
34678
35401
32523
35879
28694
34249
30728
34808
34326
35000
35133
34847
30941
28496
35034
28335
29578
35640
30174
31974
31549
32785
28954
30934
28446
34933
31056
29805
30507
28822
35685
35986
32011
28459
34639
32909
35844
35797
33126
34044
35343
29559
32624
36097
28954
35762
35033
31400
33791
35422
34495
34002
35886
34642
33449
34488
32383
34818
34332
30003
31658
33300
33115
28491
28914
35942
28712
32411
31706
33564
34875
30206
35610
33900
31445
34860
33762
34728
29834
35253
32854
28707
34781
35765
31316
35434
28612
28610
31080
34616
28637
28164
35643
34327
35481
33278
35009
28907
28272
33112
32240
30648
30250
34910
31799
36223
30592
35842
28409
35030
35597
29122
34378
33553
35978
29047
35707
32913
35697
32762
34526
32253
35261
28762
29488
35801
29361
35437
29209
30379
34540
29125
32436
33110
28833
34992
31525
28396
31296
32991
35005
35377
36153
33717
33574
36050
31326
33731
28917
31574
28469
32511
35903
31764
31610
30431
28376
35453
35652
32438
28314
28419
28126
34098
32008
35466
32083
35231
28887
34149
35385
31908
33575
31210
28918
35167
30321
35768
35192
35657
33010
28633
35299
32153
35833
32562
34133
28507
34785
30441
34543
30962
30908
34126
32719
35123
28776
28931
30532
36051
28428
35433
33412
30077
33017
31531
35110
36205
32826
34948
28459
33496
33295
35960
29620
35595
30745
35983
30039
35679
30211
35817
32725
36165
35268
31610
31000
33501
34652
34260
34893
29650
35650
31502
35758
30163
34930
30204
31577
30738
35821
35732
30927
33060
35878
28458
36017
32598
28874
35520
31620
31665
33274
36009
31978
30483
34082
29416
31685
35527
33167
31454
33988
32902
31187
32006
31976
34700
28864
35800
32502
31388
33146
34226
35658
35929
36108
30768
34200
34417
31350
28893
28419
28178
33208
32567
29231
35856
28482
28643
31970
29118
35618
30324
35882
29525
35688
36084
34976
33474
34686
30084
35028
34583
33092
31649
34837
28481
33194
34222
29791
35688
32097
29924
34390
28848
32886
30726
28435
34451
28711
28719
35749
33709
35759
30703
35845
35171
28490
36017
28931
31647
28675
35922
33322
35481
33991
28612
33077
35849
29034
29943
34386
34407
28783
35917
32636
33357
28998
34609
28958
34980
30462
35298
35891
28973
29279
35932
30250
35848
30453
33652
32730
35919
30784
35990
28780
36016
30025
35136
28774
33537
34807
33458
30681
33081
32309
29090
35477
28460
34126
29357
30380
28425
35472
29246
35905
28708
32138
28394
32501
34405
31690
28844
33874
29572
34060
33417
33347
35244
35270
31191
29981
35544
34873
28971
32105
30366
35744
29720
28305
35394
28334
29016
29518
32741
34435
28730
35328
28494
33465
35061
35974
34253
34769
31308
35676
29838
35800
31365
35764
31512
29435
34085
35338
28445
33889
29511
35754
35029
34354
34781
33391
35963
35784
31052
32322
29412
35018
35180
28437
30819
32150
30723
35905
30005
33769
29495
34561
32878
28886
35454
35811
28695
29415
35052
34876
30480
32258
32246
32066
33501
35903
31273
35879
29321
28143
29909
34213
35164
29761
34128
35008
30546
35369
34899
35833
31640
35704
34417
33812
32425
30045
31821
28459
29365
31640
29013
34253
31668
34301
29471
33919
34727
35859
35980
29597
31698
35873
28559
32471
29781
34932
35422
30346
34771
32688
28737
35449
34674
29325
32640
35510
32624
35786
31248
35184
28699
34893
35714
34818
34974
33824
33747
31960
34844
29692
32544
32469
29278
35000
33486
31328
29163
31351
35575
29843
33602
28368
35650
33850
35877
35411
30224
35959
29105
35666
29516
32380
28899
35406
28475
32564
33042
28513
28226
29198
30801
32898
35634
28305
31683
28255
28728
28790
34996
30592
36114
30182
35470
34951
32473
35418
35858
32990
29131
35080
28747
28442
28275
33509
33744
35576
35644
29101
35969
29341
34904
31961
28370
28376
34651
30872
35926
28473
30900
35250
32584
35808
28511
35125
35847
34676
34508
35566
36008
35416
35812
30472
28464
34922
29318
33255
28916
32195
31826
30946
33405
35721
36200
35051
34920
32619
34134
33127
28581
35233
34576
32538
35960
31748
31583
34282
29054
35701
29268
34007
33386
34089
35118
29521
32774
32649
28763
30162
35837
31856
28315
34056
28509
33770
28501
34290
31492
34048
35860
28430
28592
35499
35526
34380
35575
28896
34802
28840
34576
32287
34699
35929
28479
30945
29893
35733
31121
34087
31059
35743
28691
34993
33541
33890
36002
32520
33793
32944
28412
35651
35904
36107
31042
34330
31904
29916
31204
35101
28478
35113
29475
30673
33947
31405
29545
33438
30558
35296
35767
28635
28160
31822
35347
29053
32947
35813
31854
30375
35752
35354
33754
32649
30703
30968
30568
33793
28365
35208
30945
35576
29279
33787
28476
31704
28441
34715
34062
34556
31596
33110
34432
29066
33762
35784
35379
30726
36001
31206
34782
29464
35935
30855
35400
30687
34284
30753
35569
34286
35643
32548
33705
35999
28432
32609
32190
35156
35897
28800
33202
30771
34023
28532
30822
35181
28910
28270
31920
33013
33972
32129
28368
31859
31899
35831
33866
35747
28531
28313
35600
34819
28536
35857
29526
35635
35932
34489
35770
28446
34398
35696
28676
28890
33613
29645
33464
28569
34401
29942
35546
35617
33442
34319
35873
35051
35370
28615
32795
35404
32080
31957
34857
33379
32299
35752
33917
35971
28599
32649
35482
31030
35266
29585
28979
32697
35080
35034
35865
28400
34182
35469
31550
30400
31885
33974
34554
31346
33979
35754
32542
35439
33893
35402
35085
32758
33704
32406
35404
35928
28781
34731
30099
31922
33414
36052
28638
34797
35536
28655
29860
34226
30254
30261
35592
35250
31110
29528
32285
30542
35705
34246
35212
31412
29351
35288
32445
35947
35426
31333
35971
34646
31125
34866
33993
29632
29251
29912
35705
36014
30119
35846
36085
35953
35711
34930
35763
28649
31189
31892
28489
33690
32742
31768
35927
34324
35788
29322
31610
28364
35124
28591
35131
28732
35373
28430
32924
29984
34956
28498
35673
32320
31374
35897
34481
35519
30454
28452
30951
32814
29053
33141
34410
31060
35535
35726
30354
35917
29594
32758
29734
34337
35165
34468
29788
33886
34888
35469
30047
35925
32401
29065
34498
29094
34873
28523
30840
32266
34083
35969
30997
34617
29410
35414
29813
31882
33022
29101
29952
32214
34020
33884
32148
30492
28431
32909
34290
34856
34231
29942
35601
28610
34462
31035
34445
33653
35681
32907
33373
35577
28848
28412
28178
28527
32972
32469
33771
30690
35674
30470
35672
35150
34924
35406
35352
33435
29368
36001
30175
35420
33678
28590
29113
33087
36008
29354
32702
29806
35878
28708
35175
36137
28468
34308
33726
34218
34935
30755
28385
32079
31973
28324
35219
33456
34917
30149
35203
29727
33742
35941
34155
33827
35801
36126
29414
33656
28491
28452
28144
32825
28351
35169
31200
31464
35667
28623
32653
32858
32461
34885
35349
29742
33439
35968
29690
34572
28460
34165
30694
34559
33560
28451
33787
28430
34907
32034
33351
35347
35832
28514
29768
32159
30033
35558
30882
35855
33514
30562
35845
30459
35739
31019
33709
29204
35881
35710
29585
33866
29166
34788
31114
35806
31827
30545
33090
34418
32175
31417
35621
34479
31334
34964
33937
33336
34742
29388
35776
31622
34933
28979
29289
29659
35741
33508
31516
34591
30962
32131
31776
34334
28443
32396
31628
28980
34978
35225
36124
30653
33965
28367
33422
31556
35828
36129
29385
31608
28362
35040
29507
31834
33866
35844
36152
29856
33630
29436
33470
35999
31835
33268
34405
35226
28596
28273
32415
30558
34722
29843
35790
32198
33719
35168
32081
33662
35009
28887
31869
30057
33813
32395
30651
30193
35441
33406
32791
32377
30874
33703
30998
35868
30570
35109
35873
35989
30939
34543
35903
30071
35965
29073
32604
34161
34734
34949
29309
35775
31963
35804
29613
35251
31291
33972
35814
32895
35683
28626
35524
31855
29643
28389
31189
29120
35960
29831
35510
31200
34193
30783
34576
32447
35131
35892
30443
35893
35877
35857
35881
34409
32529
33161
31985
35138
29078
32631
31915
30653
28310
29196
35862
28679
32781
35491
32274
35839
29435
28456
34043
31871
35757
28286
32619
33486
35933
34726
30956
30908
35417
29273
36032
31071
32136
30030
34992
33413
36017
28607
35682
35271
32321
36033
29395
33467
31792
28292
33190
28615
28753
35870
30848
33734
32719
28503
30010
28414
28599
31563
28352
28443
29888
35970
32767
33972
33269
28334
31596
29602
34656
31529
34878
31148
33632
34356
29677
32924
35858
34739
32840
30323
31799
35111
28744
28272
32422
32099
30906
35608
31275
36112
35710
30732
34276
32714
32275
36042
31340
31684
35717
28628
32551
31213
28540
34897
28575
35511
31438
35670
35287
33112
32036
34202
34106
29441
29030
33861
35363
28578
28623
31619
28533
34025
34266
29470
33065
35558
28509
35462
33468
33748
35429
35836
35165
28520
30262
34780
32705
36023
34354
33441
33865
35305
31739
28867
32141
28699
35841
32223
28642
28229
28257
35657
35032
30799
35786
32217
34479
35693
30295
29813
31684
28410
32150
31781
32338
30530
30181
35797
36110
29061
32630
33000
35032
33381
28641
28126
33505
34854
28845
34012
28667
33026
32180
30982
34134
31740
35911
35919
31439
31452
30213
33098
32224
28389
32492
32885
30343
35678
32940
28752
35306
34903
34411
28924
35506
28492
32005
29633
34275
31863
34670
28390
30569
35657
29456
28729
32867
34578
36079
31856
28598
31484
31354
29766
34709
30669
35773
29291
32133
28772
32252
36080
30615
35642
28739
31578
28430
34937
31853
28299
31786
28325
28503
32375
31685
35914
28488
29320
33593
35113
33920
28874
35902
29289
31409
28342
35640
32496
30638
31291
34331
35891
30805
34165
29957
35658
31982
33247
35045
28825
33565
29723
35958
33040
30079
35686
34123
32047
35801
34136
28603
32797
31277
32825
34972
31971
34016
29548
33762
35816
36074
28632
28231
35301
34581
29688
35897
33070
28608
28314
33184
29736
35483
35500
33457
30960
34227
31889
28520
32576
33631
28897
30458
35621
34262
35214
34426
34166
29251
34540
31665
28327
32985
35595
34874
28519
32417
31826
28463
34098
28421
33732
29531
32785
35009
31045
34063
32904
35494
29685
35769
35621
34579
35331
31814
33466
35356
32869
35948
29085
33911
36094
28820
31839
28619
30633
30249
28866
31395
32775
35255
31195
36021
29285
35474
33289
29104
35992
29778
35850
29512
35646
35863
34208
29017
32249
30371
35540
33786
35595
34043
34206
33063
28659
30856
32598
34238
30436
28744
35252
30752
35777
29744
32502
30100
35680
33533
35906
33422
33777
33847
28777
35180
30783
32606
32260
28304
34191
34492
31333
35257
28496
31508
28558
35646
28417
32763
34158
35918
30003
34829
29170
34528
34409
33405
35553
35962
28524
32429
32521
30567
35573
28703
32354
29643
35951
33000
35450
28531
35505
32517
31782
33325
35758
33412
29952
33366
35308
31811
29258
29585
32618
29385
35547
32794
35376
34720
34834
30598
30805
30270
35488
29687
35868
29026
33682
28825
35422
33797
35878
32292
29636
29454
35982
31580
34969
35365
34836
29042
35891
30777
35391
35782
31581
28556
35428
28887
33051
35758
31322
29073
30836
33052
36027
35587
28590
35357
35784
31838
36041
32439
28392
32401
28397
34714
28432
35637
31862
28818
31182
31906
35627
35609
33345
35685
28442
33618
29527
35774
35252
34324
35618
29014
34200
33951
35976
29040
31476
31511
35676
29087
33310
35164
36143
35199
30181
34062
32024
28957
33409
31816
33934
30563
32567
33713
28367
28765
35425
31637
34969
28473
28867
35107
33489
29191
34830
32006
32371
35908
29469
33955
33627
32301
32542
34713
34565
33093
31128
28961
35743
32206
33703
35377
29514
35657
31944
35411
34060
28488
29299
31182
35486
28500
31215
34803
34297
29504
30676
35612
28442
33980
31602
35743
35989
28405
31043
33370
35461
31610
28298
32367
28352
35064
36023
35651
35261
29019
29384
35218
31379
34086
35912
33181
31813
28387
35329
28424
32926
29083
35935
28587
35723
28914
31749
35604
34856
30128
32707
32656
35977
35760
28830
34421
31940
28623
35854
30793
34654
31824
28291
34702
30471
35763
30409
35902
30029
35852
33861
35696
30158
35633
28354
35051
28429
28281
35616
28578
35565
28506
31394
30123
33573
33004
31301
32691
30561
30089
30817
35658
32403
28408
28993
35588
35394
28501
30026
35934
35404
32327
28585
35412
35293
30477
34325
29557
35283
30683
36049
31083
31321
31867
29443
33734
32187
28570
31586
35860
33633
34454
28759
28213
33697
35467
30448
34113
31569
34726
28744
30519
28388
31214
28585
29663
34992
31678
30760
35609
36150
28630
28857
34801
34817
28915
33804
28705
34686
32179
35957
35349
29001
29235
34675
34739
29638
28909
35328
31189
32768
33395
30789
30289
35256
28724
35750
29764
34394
33849
33640
36081
28882
32608
32408
31519
35412
33875
33849
34190
29961
35556
29167
32774
28717
33700
35749
30441
35786
35213
35581
28489
32630
30372
35627
35854
35996
30994
35570
35943
28800
33343
35634
28832
28526
30619
29111
35599
28590
30856
35639
28528
35169
31773
32776
33527
30115
35051
28593
28508
30515
31700
35878
33418
29880
32261
29135
35827
33828
35680
35685
33545
35860
35996
31015
35632
28394
35258
32065
29268
31975
35491
29727
36072
31898
28751
28321
34115
35774
30711
28357
33713
30807
28982
30839
29927
32652
35242
31090
29684
34879
29923
36008
29177
31822
33933
31282
35805
32404
32270
32905
31754
35351
30106
35873
35343
30898
28506
35210
28573
30084
29724
30137
28286
30682
35660
33005
34779
34046
35868
34617
32150
35778
34517
33648
34972
32236
29580
36036
28414
28552
30034
30043
32943
34920
35096
30985
31050
31662
34450
30991
34892
32928
35506
30607
33632
32660
33648
34065
28573
31843
35719
30388
34984
33621
28941
30462
34999
30622
35636
29042
33862
30030
30781
30804
35302
34046
33662
36018
29697
35719
32625
32718
31284
28631
35038
35912
34974
29981
30573
35066
29263
30193
33131
35989
29872
28554
32397
31722
29655
32507
35117
30990
33596
31809
28804
28574
28369
32003
35623
31462
30456
35311
32721
30820
35648
28642
29797
33319
29062
35454
35539
28364
29507
34746
34388
34061
35952
28446
31209
32729
35791
28827
32458
29018
35814
34988
34684
34275
28461
35874
30406
35460
28450
31680
28226
28893
31438
28595
35880
28531
28805
33453
33890
35678
30042
34534
30243
29848
31846
28432
33681
28781
33089
28363
35776
35965
31670
28506
35598
29336
35817
29735
35383
31806
34646
35951
31350
33385
34007
36016
30200
28601
28806
31293
35848
29069
35252
29490
28310
32553
30340
35691
28747
34032
35124
36067
31854
29184
35832
30646
34830
32729
33203
34593
35564
31692
28654
35700
31275
35695
31296
35734
36119
29701
32808
31555
32246
30908
33486
32788
34972
34867
35530
32635
35903
29319
36051
29255
29823
36048
30396
35635
29886
35706
34278
29517
35097
35268
35864
28490
28782
32806
29560
35860
33414
30150
34826
28937
35139
28743
32058
35806
31188
29547
35482
32429
28448
28389
35016
28435
35539
31965
35286
30370
33770
29019
35015
32764
33055
34567
28918
34296
28483
28358
33172
29613
35726
31232
29988
33892
29268
35478
30653
31916
34650
31555
36038
31226
36116
28596
32286
29953
30176
35574
33464
34399
28476
35852
28540
34949
34122
31007
32192
28350
30484
35804
32150
35871
28795
29302
35482
31628
30773
28785
31095
28384
29318
35733
32557
34762
28963
28342
28149
34912
35809
30132
30936
30765
34749
29090
34344
30892
34334
31091
31994
30602
29455
35608
29392
35017
28746
32771
28419
35425
35842
35919
29779
33151
35356
35642
31119
28328
30071
35776
33116
31256
32262
34089
35130
31823
35542
36078
35381
35451
34267
33952
29994
32281
29974
34184
29400
34772
28943
33585
35821
29958
34913
34623
34505
31975
29214
33288
31227
35099
28504
35075
34711
34016
28633
32582
36080
34966
35674
29435
35410
32502
31082
35799
33797
35576
32956
33625
32402
35226
33487
34218
28575
28268
29415
34559
28938
31222
35740
31654
28643
35205
35633
30680
35295
33289
30189
34576
29700
35763
29312
28829
29863
31728
33226
33156
30450
28967
32123
29057
35871
33705
34905
31639
35919
34947
28369
29194
33494
33477
33473
29397
34571
34470
31058
35102
35497
34670
28559
29247
34862
33022
35192
34881
28677
30841
34316
33488
35557
35986
36055
34673
36178
33840
34148
29380
32642
33656
28761
31646
35220
30294
35628
35484
30918
31029
31173
35957
35895
29264
34532
33901
33511
33676
35808
32995
30023
29895
35808
32894
34804
31770
35709
28810
34442
33514
35968
31405
36083
34083
36113
28886
34794
34886
30360
36159
31638
35861
34738
34958
30933
36079
29746
35503
31960
28244
31962
33015
32026
29090
35095
31270
33951
35684
29103
34823
28597
34844
35971
28945
32953
28306
31774
28950
35975
29142
32701
32193
29193
34657
32825
32422
28350
35807
33560
35137
35572
33408
28395
35523
28424
34391
34321
31181
34673
34206
35104
29176
31978
35721
29239
35635
35961
28634
31776
28487
29366
30436
30052
29113
32500
32577
32398
28385
30174
32727
30748
34961
33115
35507
28489
35287
30271
31940
33428
35332
32221
31646
34743
35117
28965
30778
28403
35591
29028
28732
35706
30453
35802
36124
33983
34032
34110
32298
36120
35724
35623
31006
33786
28764
30211
33876
30297
35201
32952
28541
32148
31953
35302
31239
35736
29924
33687
32571
28869
34920
31111
33052
29343
35697
29636
35700
29781
35083
28643
32558
29177
35171
35661
35974
29456
35683
30621
34488
35806
30890
28495
35478
35957
29580
34292
29584
32558
35902
28810
35806
29895
35414
31421
33019
34501
30104
35983
34573
29240
33989
28543
35421
30402
29988
29141
29886
29311
33163
35509
30690
28887
32381
30166
28291
34673
30967
34449
28871
33756
32846
33829
29785
35784
28631
30187
35945
35958
30884
28266
35636
35480
29185
33920
28482
31860
30065
35772
32958
30651
31650
34607
30964
35818
29194
28355
35611
29344
33520
32384
34229
28442
35336
32735
32070
33210
33255
33132
36018
31042
28358
31991
28407
34842
28535
34499
28923
34916
31869
35666
28590
32543
30482
32213
30143
34787
28610
28677
32422
31335
33431
28726
35944
33885
35871
30817
35609
28779
34567
33879
35633
32841
31431
32017
34138
32216
28719
32398
29184
33688
35974
30006
28351
35350
31514
31309
30671
35678
28448
28705
31701
34153
32167
35635
35601
30827
35540
35816
33640
29112
33571
34863
32677
33955
32515
34264
30830
32241
33989
29504
33166
35985
28530
34009
35105
29983
35400
28640
34285
31153
28345
33492
29954
32083
28426
34402
33433
32771
34783
28641
32353
28940
35716
34649
35577
35784
30220
35865
33056
35901
35920
35883
35540
33896
35525
29618
34916
30820
30783
35479
36154
29331
29504
31491
35980
36074
32086
28791
34734
30251
33381
35902
33891
34451
35198
35298
33189
30333
34471
30676
35536
29160
30925
35129
34701
32967
36046
30411
35883
30476
36009
28681
35892
28423
35095
31553
28355
28150
33930
35662
29690
30947
31065
34108
33372
32097
34093
28651
28393
31277
28250
28724
29816
33184
35867
31503
30258
28471
31010
35908
29386
34518
28439
33226
31747
35873
35988
35377
28569
35619
28396
34098
35886
35705
33835
33694
35893
32359
29676
35957
34602
33777
36013
28730
33613
29249
35740
28314
33938
30636
36033
35173
28701
29260
32466
35374
34581
29338
35228
29652
35683
28682
33602
28637
34934
34448
31987
30148
35158
29464
34792
35889
28604
29781
35643
29832
30676
28502
33735
30231
35771
29307
35829
32156
28349
34117
30261
35616
32363
29401
30888
35578
35617
28677
35280
35870
32423
35190
28462
33549
34578
34873
28444
32676
35414
33648
28885
34664
33658
35800
28425
28340
28909
30777
33550
29188
30202
35712
29620
35768
31224
34843
36001
30207
33640
28762
33299
35704
28598
28386
31743
35568
33580
35362
34346
29223
32394
32337
30920
30870
28722
34692
30226
35183
30723
32531
29235
32293
34324
34297
28837
32418
28891
35729
31173
35655
32223
28413
33646
30334
29720
33206
33035
28699
28916
30902
30825
35901
35862
34381
35798
28401
34393
34317
35251
28635
35476
35815
28474
28315
33715
35690
33594
35542
30313
28908
32892
29631
35783
30110
35809
32722
30897
35206
33472
33501
28451
28386
28153
33836
36027
28550
34054
28487
28186
28226
33647
32069
28933
35360
33022
35023
31907
29563
35789
29456
31743
35787
35921
28824
32466
32479
28724
36010
32238
35775
34233
34705
28757
35928
29043
33119
35681
35637
36156
32183
28988
35947
30604
35905
28605
34826
28901
35719
32964
31632
35563
33371
34790
28857
35769
29910
35880
31545
33067
31564
31406
34946
28697
35595
32824
35842
29105
35999
34105
30343
30973
28287
33957
28381
28230
28283
35478
33742
30800
33296
35524
31596
32985
35874
35579
35440
29725
28817
34689
35671
29775
30597
35919
28390
28679
32465
30561
34181
35883
29781
35260
29107
29533
35525
30069
36039
32887
33519
30721
34581
30875
28406
31037
34185
31701
35354
35668
29859
34875
36089
28431
30239
29649
35870
33207
33305
30716
31637
34615
35486
29264
35978
30014
35164
28392
30094
35168
33310
28771
32315
31412
32944
35000
28707
33719
28484
35124
35869
28941
28703
35876
28604
34328
28648
34590
29731
35458
29843
35067
29163
35496
29817
33254
32660
35088
28538
35679
35330
32297
28232
33366
29204
35867
35604
31496
34914
34612
30360
30789
30691
34893
31562
36105
35171
28895
35922
33330
35526
34632
35371
34055
34858
30220
35620
29008
34303
35742
29074
35649
32532
36081
29066
35340
28455
32165
33875
28771
30262
33369
35936
28566
33801
29079
28337
32978
35678
30272
29957
31669
30782
32432
34583
33994
34074
34360
28419
32197
35241
29924
35853
29620
34129
28795
34581
29656
35385
34187
29443
31519
28539
29081
29505
28806
35433
34152
35740
33982
35406
30150
35879
35926
34088
35805
35765
31366
34580
28973
32592
31483
28264
33997
35970
30733
34604
30072
35766
28327
35227
33784
29908
31692
33276
34490
30530
28560
32365
28820
34559
34999
30652
35750
31395
28446
35025
36054
33372
32209
28703
35610
29408
36004
28353
32496
28708
31960
28390
28330
32202
32336
30087
35241
33194
28567
35623
29548
34868
35882
30806
33962
28526
31969
28441
34246
31624
30626
35639
28610
30125
33294
32534
35899
29429
34165
28558
32486
28903
32618
33984
29664
29620
31438
35560
30555
35364
35727
29879
35053
30953
35806
28565
31544
29489
30491
32803
31812
29927
35926
32166
29493
33751
35094
31696
31830
28871
35485
34362
28554
28527
31991
35654
31422
35798
30639
29386
28647
35408
33383
30674
34009
29352
32816
34267
30328
29794
30255
30973
32813
29908
35946
32666
33539
33125
32634
35450
32906
28586
30232
33391
35677
35985
34164
28516
34586
32365
34848
29248
35980
28492
31512
30017
32329
28329
32869
34884
28614
35392
35144
32141
28635
34568
35110
32194
33824
35622
35965
33894
35526
36034
34224
35874
28621
31480
28322
31909
30914
36063
30803
35462
32090
29922
35686
34928
28591
33561
28475
34436
32300
29935
30083
35863
33831
30530
35226
32960
30783
35828
29465
28559
34970
35890
30553
35168
34258
29744
31113
32363
34741
28499
34272
30051
35731
29730
33744
32960
36025
30648
35793
36120
35880
35848
28627
34744
30721
35565
31179
34881
29097
28587
32625
35816
29357
35957
30635
35009
31923
28564
36000
34169
35597
29583
34943
35280
30328
35868
35114
30611
34540
34551
33784
28585
33351
30526
35820
32893
33123
35761
31532
33882
35445
35119
35758
36166
34627
35357
32483
35108
28459
28282
32961
28373
28424
28861
32622
29334
28316
34993
28549
32398
35422
34650
34787
33443
35301
29118
32368
29923
35533
34237
28487
33550
30750
35785
34889
29242
35731
35976
33381
30643
35752
35862
28839
34374
30077
35074
33201
29479
30957
28852
35258
30591
35829
32953
31189
35931
33700
34320
35919
36054
32955
34824
35933
28347
29271
34525
35825
36000
36140
28700
34455
34377
30283
33080
35050
30982
33129
35656
36183
28647
33213
35110
28702
34965
34535
28514
34054
30494
35824
35130
29072
34309
33444
31736
35609
28450
33278
32917
29273
28419
30630
33839
34251
29133
35989
29999
35666
35858
35918
35880
31246
34006
28746
35362
31099
30757
30247
35339
28387
33465
30962
35839
32029
29703
35990
28386
31832
29395
35904
30197
35674
32336
28648
30232
28389
35685
28573
30798
31936
35796
29684
35392
30116
35941
28490
34913
35738
35719
28909
35869
29716
32444
29460
35799
33222
32615
35698
28667
34992
34140
29029
28464
35369
33373
35830
29263
31052
28781
28153
35391
28642
31291
34147
29430
35918
28600
31455
35745
28855
30579
34718
33690
35731
28825
30697
33166
35899
36129
28771
32021
28622
35949
35594
30715
32982
33528
34652
34668
28306
33646
33959
34204
32525
28545
31451
30338
34085
28278
33694
35840
29197
35567
29595
35306
35775
28593
31977
35857
29547
35762
31547
34570
35968
34644
35982
29883
35586
31500
34590
31958
35438
28491
30356
35405
28579
34056
35855
33314
28462
33519
29364
32548
35867
32169
31539
29450
34423
34915
31453
32473
30478
35203
28624
32826
35126
28446
29279
35393
29231
28287
34911
32693
32047
28645
33876
29443
30936
35960
35274
35274
32714
30913
33039
35958
30360
35769
34883
32744
29486
35106
35179
36163
30898
34894
33247
35006
35559
34676
28758
30749
35368
33801
31247
35618
29246
32013
29379
35281
28865
30611
35823
34524
28650
31925
28447
28326
30777
33209
30471
31682
35237
32769
30502
31365
28298
35653
32037
28359
33814
35850
35997
31132
28595
29038
31612
28321
28328
35496
32375
30516
34749
35099
29381
28658
33681
34353
33086
30787
32956
35801
32248
29930
28368
34150
28794
35628
35326
31198
32840
33492
30110
35052
31429
35722
31931
28876
35806
29357
35883
28589
34546
30671
35652
32816
28874
35389
29407
29622
35804
34316
35310
29433
35724
29046
34478
31353
34212
35177
31156
34872
29813
34078
34103
34281
33782
34173
33254
29170
30433
33758
30831
28415
34118
31337
28370
30816
31021
35355
34428
29874
35597
29605
32954
35233
34376
28483
34709
35440
30926
34586
34227
35016
28671
34993
35980
30969
35589
34274
29938
35794
31641
29397
33522
33860
35723
29615
35250
35062
32669
29170
34461
28463
33635
35715
28852
35959
29014
35514
32321
28322
30199
35013
28728
35444
31538
33190
32908
28545
28331
30244
28386
28851
28603
28275
35475
31534
29743
31645
32956
34471
29360
33065
36046
35497
28655
33706
28436
31500
29168
34710
29922
35585
30295
29690
34249
32087
35385
36136
28602
34278
33758
35512
33188
35766
28943
33698
28837
31896
31238
30860
35141
33354
28306
33997
28448
36045
33837
28462
34836
28912
35796
35987
35877
30012
35444
35265
28882
33247
35939
31521
28672
30699
33978
30704
33809
28514
33095
35928
30649
35907
34792
28633
32788
28725
28511
31607
28950
33871
30551
35183
34839
34518
30240
35917
29989
36045
28597
35815
32101
31088
30855
35820
31739
34748
30218
36060
30909
35908
34588
34611
33058
35050
31663
29768
30034
36042
29546
32010
28468
28465
28418
34419
29607
32641
35840
32243
29732
32303
35961
31417
35022
35851
29882
33810
34062
32376
31664
29877
32411
32002
33702
35860
29949
35247
35791
29297
36059
31550
32501
32280
34776
28423
31976
35714
28501
34904
31771
28705
34725
29451
32581
32793
30169
34391
31967
28407
31174
30883
35763
33689
32607
31792
35993
34922
34815
30919
33485
35614
35177
33570
35271
36187
30735
32659
32659
32659
32659
32659
32659
32659
32659
32659
32659
32659
32659
32659
32659
32659
32659
32659
32659
32659
32659
32659
32659
32659
32659
32659
