9910
33964
35297
32496
29890
28095
28881
34832
35469
33747
31740
35169
28782
29907
28301
33684
32156
31047
32066
29477
32841
32998
35443
28822
28343
31409
28986
34594
29178
35473
34018
28758
35373
35735
29948
31110
28950
29033
31474
28339
35572
32509
33974
31010
32029
30487
35570
29208
28027
28635
35065
35675
29066
35745
33042
29834
28659
29959
28617
29294
33097
28339
32885
33479
35044
32913
28441
30289
35593
34460
32357
30813
30208
35043
35643
33728
29320
30694
34745
34439
32544
33646
35904
33177
32571
35624
30906
35778
28746
28244
35398
30583
29086
29238
35777
35491
28209
28623
35833
33138
30529
28899
28893
35733
36051
35413
28958
31693
35271
28622
34930
35933
34128
29983
29938
34763
33050
34763
29905
28216
30273
35186
35643
28394
30133
28451
28665
32211
35458
33329
34623
33305
34056
33514
36001
28450
28118
31539
28156
28906
29880
28985
35461
35714
28989
33191
29014
28845
33601
30681
35792
32483
29610
32661
35629
29671
28596
28196
28232
31675
30017
33081
34657
28188
29821
29612
34101
34157
32843
33424
34250
34946
28586
28709
30491
32990
29784
30929
35403
33831
33056
34547
31794
28570
32534
33921
34883
35714
32221
31394
31712
30575
35480
34903
28948
28947
35383
31657
28385
31708
33331
28412
33454
35704
35081
31419
29316
28415
29775
29841
31476
35442
32224
32315
30877
30652
33208
30402
29043
28871
28064
28939
28329
29896
28790
29758
28214
28850
28169
28960
28149
32549
28272
33346
32422
35200
28301
33761
34887
28419
29908
29862
32213
29743
33598
33216
35389
29717
28310
29938
32473
32079
33228
35474
32777
35659
35391
29183
33921
28327
35608
34442
34526
33781
31806
30153
35582
28680
28837
29255
30894
28656
29186
34626
28729
30870
29727
35567
29297
28484
31339
28986
28295
31367
31647
35240
34963
35588
31995
28392
28394
29932
34649
35788
35236
35859
36152
33240
35271
35704
33365
35868
30110
32617
33532
28508
35278
30535
28639
32356
28568
28088
33366
33860
35966
31822
31994
35170
32054
35247
31545
29420
28864
35634
31093
31830
34078
28355
34149
35552
33753
28424
28448
31312
29847
28322
32282
28562
28360
35388
29309
28456
30096
34618
28459
35809
33821
29493
33092
31201
32256
32999
29835
33055
35839
30191
33147
29092
33921
35641
28420
28168
33646
32905
28690
33068
29914
28347
28466
32809
29674
32761
35699
35706
31850
30280
34498
35220
28749
28377
31518
31456
30624
31624
32412
34100
35286
35308
35240
31376
35722
35223
28422
29111
35643
32530
33838
35659
35968
29128
28380
30789
30085
33885
29677
31411
28887
28276
34127
29574
28280
30599
31322
30857
30556
29674
32221
31409
30320
33078
30249
33375
35850
28311
33073
29397
35373
35473
29105
28751
30783
29597
34103
35530
34215
34337
34736
35813
31107
31969
33369
35699
35884
30725
28986
28445
33671
34377
31521
31392
31297
31754
29222
33522
30694
32357
31721
28806
34678
29520
33051
28926
29152
33205
31477
31157
29450
29510
32323
31282
31041
34285
30127
28643
35476
35010
28443
34649
29696
34391
28350
30188
32227
33800
29596
31059
32085
34742
28360
34955
35820
30605
34501
35805
35979
35455
35634
36021
32110
32169
35788
31586
32898
32466
33464
35022
29717
35334
34607
30962
31008
35174
35901
30398
30005
31639
30703
30305
28305
34412
28541
35544
33646
34533
28522
34995
29774
32717
29349
30967
35781
29823
35745
34546
34822
35648
34419
35455
30155
34236
32585
35933
28584
35751
35137
28683
30319
32944
31650
28725
29587
34087
34148
30877
35701
30309
32882
29031
33162
33328
35731
28371
31320
35505
34878
29666
34957
35305
29723
35757
28595
34944
35694
32969
28644
35900
34185
31960
28396
35754
35241
28626
35568
28690
31537
34738
28488
32861
29373
32894
30645
35573
34083
34937
35132
29771
35531
28445
35672
29362
32351
28508
35907
35780
35768
33882
34801
28850
34287
33738
35726
29918
34872
35770
31187
29255
35505
29117
35837
28613
35861
35756
34983
35034
31981
28356
32168
32988
30770
34407
35745
32311
29027
35235
29220
35006
30983
33571
30243
28680
35735
34897
35070
29620
34883
29226
28429
31572
35525
35693
30294
35478
31100
36054
30636
31040
31320
28779
35651
32629
29547
33379
30681
28620
35520
29372
35914
35468
35421
33269
28850
33429
32711
30631
33423
29510
35726
29150
34602
35392
33650
33014
28333
34971
33083
28458
34431
32526
31522
32901
35786
30033
28542
34327
35641
28694
33159
30910
35932
35151
31285
32222
30685
35354
30906
35546
28467
34403
28501
32399
33956
33651
34451
35427
31334
36148
36100
35735
29037
35666
29873
34269
30156
34927
31303
35085
28914
35812
32769
30042
30646
35048
35517
34017
34825
29077
34091
28738
31309
28465
35063
29767
30163
29111
32412
35033
30317
35547
28369
34742
29684
34888
34809
29916
33376
28858
34948
33402
32749
28236
34731
31846
33690
28271
33565
31752
29057
29859
35656
28969
33326
29112
35149
28449
35592
33006
33166
36074
28719
31866
35349
35810
33747
33423
34440
28959
34426
28407
34095
33221
28430
35689
31436
34780
35903
29223
28848
35500
32787
34941
30858
35613
28592
36056
32365
35717
34006
28643
32333
35483
34955
32368
28476
33436
29266
35968
32072
35581
35773
30000
34765
35864
35774
35925
33050
29564
33839
32961
35828
30821
32052
30590
33570
33180
30900
34491
32062
35126
33328
31793
28471
34422
35706
33986
34490
31944
33903
35950
30529
35330
34974
28897
31917
30555
30384
34988
30287
35565
35589
31949
34554
34336
33644
30071
35867
29087
33500
29216
32901
33581
32089
35787
34809
32658
34222
31174
35340
29497
35605
28760
34360
33452
29747
35686
28749
32125
34642
35363
32877
28993
35704
34853
31036
33496
34704
34703
34475
32685
35177
30308
30027
32269
33490
33374
29491
35410
34983
35631
34241
34124
30947
29216
34242
35604
34460
32643
29274
35670
32578
35791
31018
29279
34622
33612
29514
34711
35876
28923
33554
28643
35346
30136
31861
35462
31695
35632
31311
33413
29771
30062
30136
32454
34954
31265
35698
36019
29861
35938
28993
33968
35985
32706
33068
29650
35887
28363
34650
34052
31929
35261
28642
32740
28609
30731
32100
31211
35826
36025
28514
31374
31956
33910
33182
35938
30353
31467
29225
34570
28594
34014
34964
34488
31476
34740
28658
35636
29644
35574
33825
30742
32482
32128
35245
28709
30464
34570
34118
33879
34622
29196
32283
35618
29782
30006
35593
34968
28908
35884
29796
35290
32192
28156
33637
34413
28542
33837
33149
32495
29018
35399
34469
31088
35411
32641
28381
35693
28612
33924
33682
32749
29267
35511
32141
28469
32799
28572
31128
28583
32636
29183
32508
35831
34138
34345
35780
28629
32220
35206
31644
34672
32386
35881
29911
28770
35345
36002
34435
31312
33669
33386
35073
28498
35096
30764
34853
29882
34340
32833
28329
32143
35404
29840
33460
28727
35607
33323
35715
29738
33034
31133
34360
33930
30166
35552
33669
35763
31092
36001
35065
34273
33854
28661
33414
33286
29767
32034
32413
35940
33977
28440
34590
29804
30629
29552
30438
29445
32257
36048
33132
30669
28401
31490
31978
35706
28783
29348
34974
35864
32236
35330
32246
30227
32239
29073
32415
32572
33474
35994
32085
35932
29401
31962
34051
34700
35497
31330
35335
35995
35168
28532
29139
33651
36097
35386
33719
34713
31139
35906
35154
29532
35495
35854
31491
32653
28637
34859
32643
28344
32709
35731
35507
31262
32313
35931
29011
29824
33491
33355
28690
29748
28550
33702
34358
31280
32996
34547
30326
33419
33572
29389
31453
28374
35662
30862
33044
28486
31729
35684
28749
35781
31916
31527
28735
35725
31435
34895
28526
35592
30892
29811
33924
32516
35081
28292
35705
33970
29746
33732
35325
35589
29578
28392
30918
28953
34865
33687
33777
28647
35767
33899
29640
34870
31018
34464
30785
28805
30092
34774
32804
28310
32038
36035
28510
32885
28363
31674
32495
33846
30169
28260
34988
34121
34674
32611
35770
35803
32151
34284
33663
35568
29102
35493
29014
33155
33711
32639
29456
33557
34608
35088
35465
28696
32777
31358
28330
33169
35916
33742
34446
30413
35731
30103
35729
29889
31386
35325
34190
28375
34980
33905
34336
35063
33707
30475
35445
32406
35132
35266
30215
32885
35946
35582
32181
34840
30627
30256
35321
32206
35304
35172
29035
29083
34619
35832
31963
35997
34034
29503
31674
29071
34038
32220
35858
30482
31280
35798
33522
28723
28899
34746
30398
36070
35079
29731
35205
28531
30371
28863
30206
35750
35527
34900
30765
35883
33603
31296
31429
28330
31757
33137
35872
36193
28695
30426
29652
30386
34389
30626
32521
28602
32097
33662
34766
34848
32042
33326
30576
32335
28901
29128
34564
35108
33299
35867
31095
31316
32913
35496
28596
30484
35723
34148
35693
30873
35018
34804
29052
35449
30959
35801
31127
33087
35368
35848
35128
33251
35757
35918
32869
29489
33163
30198
35614
34805
28388
33608
34926
32257
35965
35423
31165
32353
32311
34261
35904
28463
31475
29167
30111
35569
32612
28487
35349
34516
31961
34904
34931
29692
29778
33562
35694
30547
35647
35047
31115
35326
33777
32522
33275
31230
35789
28494
35816
29488
32426
35299
28554
33551
29757
35171
33411
31937
30730
30550
35597
29965
35763
36002
28532
30637
28285
33917
31504
30097
31233
34891
33538
30701
33758
36046
34838
34320
30220
32925
30065
33824
33421
28551
33717
35331
34227
29278
35837
28309
33655
31950
35286
32537
35862
35774
32316
29016
35873
29405
31499
28231
33347
34270
31704
29561
34821
36017
28778
35843
33129
31374
29622
31082
30240
33152
31486
28180
31660
28532
35734
30641
35859
30719
35502
29894
28242
34459
32406
35907
31217
35553
29879
31041
31165
35699
35850
35422
31001
29896
30014
29562
35643
29037
28638
34089
29587
31492
28442
35000
35572
33282
28726
30635
29140
35066
34839
32313
28677
31796
30737
34875
35912
33478
32189
35572
30540
32266
28784
32569
34644
31606
31444
29233
35259
34359
34474
32098
31655
30542
35258
29939
33213
34828
30470
35171
29015
35862
29575
34967
34538
32443
28340
33508
29288
32599
34863
32552
35835
35569
31781
29747
31545
29296
28442
35633
33809
28637
32802
31809
28351
28377
35837
34522
32503
34975
31781
35823
35930
31435
28713
35392
35907
29416
35259
31752
31244
28419
28370
35870
28858
31066
28656
30228
35693
33895
30982
35737
32662
33054
35885
34291
35007
35171
34432
30152
35414
31488
31393
28401
34166
33222
28333
34821
30345
36004
29361
28255
35633
35379
31133
35760
36071
35759
31201
35324
31817
29213
33794
31754
35699
30615
33177
29228
28995
35622
29138
29253
34075
31282
33971
35810
31026
33741
33143
34626
35669
35839
30538
30854
33273
33935
30974
31796
33734
34600
30049
30589
35666
35305
33379
28434
34142
35740
35849
32705
35070
34173
29497
29942
31997
30545
33759
32259
33283
28394
31714
28349
34225
34571
33741
31003
33116
34407
28770
30842
34418
29320
34132
32392
29786
29801
34051
30467
33766
32176
35763
34134
35441
35061
30333
34865
30060
33462
33762
30666
31864
34289
29768
32607
35761
29714
34842
32019
35864
30324
32587
28813
31190
28427
35925
30298
28658
35854
35959
28293
35744
28521
29343
35996
29045
35462
31440
33109
33167
28417
28282
35705
29115
31918
35151
35873
34584
30116
32433
28432
30695
28161
35644
28693
30940
32623
31109
35628
31898
34956
34099
33873
33558
35060
30090
30030
29503
28861
32210
35605
30718
30596
34812
29597
35705
32915
35985
30216
35568
33178
34856
33931
35844
29899
32609
35553
35695
32279
30015
31695
34249
31245
28309
32654
31741
31173
30694
33600
31309
31427
35688
33874
31086
35462
30081
29740
32517
35574
35950
31034
31261
35464
35495
31727
34140
33784
28915
33177
35978
34178
35153
33911
28686
32057
33644
30613
32669
35667
32356
31741
33518
28934
28300
35807
35371
32003
35799
35752
33790
35893
32494
35390
33462
36018
30788
33003
35932
29197
31069
29812
28347
28369
29650
32987
33490
35937
28663
29375
35613
29187
30254
35730
35834
30674
35822
34520
32126
35935
29972
35172
36197
29133
28404
35350
31392
29834
35691
36109
35795
30977
34294
29033
30059
35902
33919
34346
28432
34975
30259
31786
28275
28505
34701
29148
29286
33459
35237
28583
30862
35220
35924
28353
33440
35746
28431
31524
29999
34582
34300
32443
28360
29403
28327
32669
31760
29839
33987
34188
31293
35849
34909
35508
28425
30231
34244
34573
28339
34832
33767
31020
29547
31249
33312
28579
30103
35741
29661
28582
34653
33633
29228
29002
35040
35336
35941
31016
28554
30515
28910
35898
34086
28940
35471
29939
35265
32357
29466
28608
34785
30592
35971
29123
28325
35582
30941
34195
35422
29377
34691
34884
30524
35201
33285
29467
29356
34412
33296
31722
32917
30187
34839
28533
29690
32056
34673
28449
30636
34921
30695
32406
33896
28971
28852
34774
32555
31226
34906
34391
32149
29719
34725
28456
35062
31994
31585
32504
35291
35322
33209
34546
34943
30560
34105
28720
35901
34181
35816
33297
30935
32374
35596
33617
28357
35648
35163
30324
28599
33480
28699
34936
33920
29746
31720
28190
33547
28462
30467
31164
31020
34326
33396
29388
34675
35813
29365
35984
28938
29635
35408
35617
30500
28840
32031
32624
33198
28590
35398
34793
31876
35638
35629
31322
33324
34667
34837
34480
34487
32613
33923
31553
33469
34581
34135
32917
29806
35207
36081
29349
28753
35170
32602
30101
34386
31550
30641
32935
34933
31695
32732
29001
34358
30957
29229
35829
28527
31982
34946
33820
36013
34302
30210
35769
35787
34924
33283
36008
32163
33681
28776
29546
29159
31582
35339
33944
31138
31144
29467
29004
35793
29139
28779
35754
31182
34432
32584
35806
35176
33856
29427
35913
28452
32191
34718
28550
28912
35060
31666
34629
34239
35328
33535
31241
33095
33986
33072
35216
34227
29296
31314
29182
32116
33977
34235
35771
29140
33913
35413
29337
35404
33540
29830
35298
33201
28842
28186
35492
29793
35302
28651
32858
29316
35769
32285
32898
34051
35928
33564
29333
28346
35906
35546
32824
28989
32682
35465
34977
34131
33296
29042
35952
29002
29337
35297
33992
28336
33992
32119
35201
35421
32402
34589
30292
34558
34432
28721
35934
28388
31876
32170
31902
29821
34033
29751
34272
28515
33562
33253
36021
31868
33675
35212
35737
34109
33224
33141
35303
34395
34174
29628
33418
29585
28519
33045
30934
29901
29276
29755
35621
28482
35119
31784
30601
33378
28358
34823
32497
36085
28464
31537
29249
29710
32055
34920
29391
33086
32110
35073
36061
30483
32622
31550
34709
30101
29499
35436
28450
35678
28578
33409
30962
30770
35681
29483
28829
30766
31950
35409
34349
33895
32247
35905
35665
31169
33769
29483
34003
35598
33863
28441
28305
35112
35404
33763
35939
33255
31924
35318
29578
33141
28455
30819
28428
35749
30652
34844
35896
31383
33130
35832
35250
35114
29623
33714
32649
32660
35006
31520
33402
29014
35838
36056
34746
32690
35676
32321
28649
31509
35074
30977
33938
31964
28160
31743
28261
35868
28547
33197
29134
35182
34614
31131
35204
34726
31507
34868
28480
28371
28298
35292
29887
35696
33473
29685
33354
28666
30054
35590
35888
28431
34085
34572
28948
35076
34130
35095
33359
32586
35624
35521
33233
35665
35059
29799
34219
30522
35028
33422
35091
31581
31758
29195
34822
33988
28535
29860
28238
32035
31235
28510
30270
34640
29264
31400
28341
30862
29208
34919
32920
28767
33415
36044
35172
29771
28342
35946
35331
30422
33908
35591
34630
29219
31404
28217
35538
29269
35141
33927
35543
31763
33033
31638
28612
31258
29270
33597
31624
35901
32030
32185
36034
30063
28284
33449
30193
30695
29088
35406
34049
28829
28174
34973
32032
30894
35848
35572
33446
29798
35469
34945
33262
35303
33512
31101
29807
28296
34780
36145
28549
30708
28260
35654
29007
31033
35680
33778
34018
31060
35833
35813
32023
30941
35077
32254
28813
31182
28274
35209
35112
33178
29886
34705
34838
32835
35184
31334
30301
34767
33595
32471
31669
35299
34630
28465
32986
28492
34694
34565
35779
32272
35786
35705
34103
35260
34975
32480
29000
29882
33718
34074
28911
35822
31665
34240
32270
28862
32515
29423
29356
34110
32518
34934
35041
34894
34537
35975
34529
34910
29282
35697
35966
32137
29772
33098
28982
29402
34880
33927
32949
32680
28404
32673
33786
35171
29294
35789
31553
35924
28326
32227
35585
32718
35869
32292
35175
30768
29856
29813
35663
35351
28861
29672
35367
35561
30685
35982
31663
28768
35320
35344
35854
30029
34107
34150
35844
36121
28432
30990
30817
35489
34772
34789
35643
32146
29609
35742
31969
35201
33746
28623
29255
34795
33332
33434
28470
31023
30525
29378
33306
35637
28557
28683
33966
35775
30822
35735
35687
30212
35596
29730
29411
35827
34908
33688
35737
33969
34849
29906
28450
28317
34279
35085
28590
30338
34893
29381
35876
28481
30874
29030
35842
34933
34124
28542
32845
30595
29398
30459
35063
31931
35840
31862
30798
35709
36017
30360
35716
28336
35680
33126
30569
29998
28407
31117
35126
36067
35822
31016
32442
33468
28785
35687
35468
28497
32042
35666
34862
29017
34256
28393
35465
30332
35087
30041
33509
35358
34269
35735
35248
29769
29841
35783
30916
28338
33251
28967
34728
34544
34378
30034
31869
35582
35962
35952
29799
35815
34503
31627
30981
28430
32840
34847
29726
35661
30560
34787
31199
30528
34890
32051
35770
28487
34604
34458
30476
32500
34561
35893
28937
33971
30293
35331
31452
35816
35552
31422
31625
28345
34061
30339
35595
32507
34604
32477
32792
28634
34243
28964
35699
31937
34814
35200
29649
35709
28525
30990
28977
35257
32664
28372
31384
28787
34671
31542
32158
31948
30610
35231
28983
35282
31821
35409
35113
32915
31853
35446
31729
35520
34126
28625
33769
28488
28277
29129
35612
31744
31038
34181
28346
32370
35773
35533
33140
29722
32275
34569
33414
34179
34358
28544
34113
30799
35184
32994
28496
30006
31062
31306
36037
31922
28604
31368
29154
31032
28226
35733
35835
30652
35710
29402
35070
34923
29876
31670
28352
32326
35947
30738
30067
35129
30386
30152
30816
31834
34826
34498
29048
31608
31481
28371
35555
32140
29487
35671
30600
35841
33892
28851
28598
34672
29832
32828
35964
29916
32792
34418
33240
35839
32676
35808
30370
35202
36293
30357
30608
28675
28963
31601
30064
35810
28319
29265
35287
32735
35834
32349
31453
32719
30202
34381
33633
31501
28335
31371
28240
31177
36008
31013
30344
29047
29019
35933
31372
31210
35578
33241
30454
30774
35122
32063
35234
28438
29726
35751
30170
28646
30902
30427
29021
35623
28438
30829
30307
35560
35272
28828
28409
35615
28356
33249
34024
31143
33050
31030
32819
29252
29948
35501
35186
34910
29445
29743
35529
36047
32719
29833
35132
29160
35667
32322
35894
30915
34298
29893
30381
30777
34062
36032
28414
34094
34473
32344
35066
28477
33806
35150
32735
29331
31169
33141
36091
29259
28214
35899
33502
29909
32486
29672
35336
31338
35655
35994
29292
33007
28774
29223
34945
33116
29187
35911
35243
33399
30561
31417
35736
34938
35582
31662
31338
35069
34320
32234
35947
34259
35288
34291
34213
30100
35705
35772
28738
29316
34989
32297
30830
28347
29663
34548
35643
30765
31923
30745
32738
28473
30061
33919
35826
32281
35168
31204
35230
31676
35544
35815
30295
28294
33826
28493
29258
33402
33234
32880
34714
35574
28443
31238
29238
32554
35973
33639
30605
33013
28472
33734
29551
34517
32976
28385
29967
35688
31206
32851
29122
32889
31431
35909
35190
32532
28384
30843
28246
35714
35331
28481
29975
35796
32561
36035
32032
28850
28394
35139
32611
30758
35713
30562
35850
34694
30298
35501
31407
29580
29192
35025
32826
34104
28800
30277
35577
28765
30666
31681
32309
35576
32685
29409
34416
29640
35760
35675
34330
29083
35377
30778
35694
28437
31293
28267
32939
35820
31721
29937
35403
33677
35242
31863
28859
35501
35494
35434
31199
30746
30806
29592
30235
31235
33694
35968
32396
33448
33157
34710
31937
30155
35756
35419
30717
31732
29286
33728
34162
33065
30898
34292
36056
29628
28691
35565
34028
34118
29218
32211
34046
32137
31852
28539
33447
34608
31618
28742
34442
30658
29880
33841
30420
31936
35973
34344
35591
31312
33755
35642
34633
28501
30746
35479
30858
35569
35260
35611
29267
33363
34372
32770
32108
34655
32595
36092
34472
28511
31809
34336
35512
28964
33284
34529
30925
34982
28666
35606
28694
32602
34669
34073
28574
30418
28839
35487
34083
31715
28426
30530
35453
35130
31370
35993
31381
35233
29259
34445
30188
33758
35932
34742
31255
34063
35843
29158
34476
35925
30130
29021
34582
32431
35811
33927
32746
36061
29269
28206
35847
32776
33397
30776
30566
34304
31170
29528
31477
28617
35372
28369
33864
29084
35004
34839
33105
36028
35788
29567
35908
35852
31375
31157
35141
35709
35016
35104
35700
33688
30214
35984
34542
30162
28497
32669
32372
28649
35762
29912
32704
34523
28297
31996
32245
30889
32094
29278
29707
35244
28543
33931
35205
33477
35801
29067
28548
34822
30721
35314
35427
28887
30433
34476
29691
35775
35640
29357
35808
28683
34538
34665
30635
33166
28518
33689
35124
35337
32720
34140
28687
33798
28854
35301
33268
31158
29178
29528
35353
35476
32818
28577
28230
35528
35832
33467
35984
32975
29246
28197
35061
35947
36061
31952
30927
32321
36033
34586
28760
34093
32222
28695
32395
35482
31346
34813
30167
35787
35994
32234
36001
31924
29684
34538
30409
33667
36062
28581
30535
28890
35218
33469
32597
35680
28459
35706
35764
28519
31716
31701
28954
34871
29967
35245
30856
34986
31465
33862
35945
29753
30347
28783
34494
28916
35875
31773
29451
33012
29442
30223
28578
31196
31422
32786
35741
36053
28467
35878
35992
32339
35676
28585
30584
32029
30388
28868
33281
31574
28153
33063
33384
34143
30184
28424
35723
34254
28406
33624
35285
29931
35615
32715
36091
35255
30009
35953
28577
29564
35111
31796
35681
32351
29551
28563
34571
33978
31098
34948
33387
29841
33118
28617
33510
30074
35013
34613
35441
29314
30579
31522
35190
35279
31329
35224
33817
35519
29641
29077
32034
32726
28780
34770
31569
35420
32962
32781
34020
34785
30725
35593
30606
29601
35794
30019
29707
34493
35630
29391
28503
35561
34294
28882
35391
35176
28723
35521
35283
29721
28413
35638
35961
31383
28447
33407
33853
29611
35692
30403
32722
28493
33336
34677
35077
33902
31889
29359
32833
34530
29786
33220
29334
30784
28171
35721
29033
31141
30991
32468
28502
30056
28885
34166
31976
35845
31604
35117
33965
31949
34196
36116
30011
32775
35588
30795
34577
31351
33211
32877
35229
28759
34861
31455
31178
35723
29857
35687
32182
34031
29173
35195
31988
35945
28512
30246
35859
28850
28821
30524
28303
35723
29111
32713
34209
32872
35624
30760
35459
32284
36075
33182
36006
35179
35004
28808
33233
32162
29314
31009
29888
28854
33021
30926
32496
28306
32884
35820
35798
31982
35789
34701
32996
30469
32367
30584
28587
34162
31128
34921
35317
30709
35665
35369
35223
34968
29460
35228
32556
28748
29021
28922
34263
34990
30778
34350
34987
33099
34127
33478
28689
30957
29667
35343
35840
29700
28820
31316
29557
31971
30446
35604
30935
35293
36048
30790
35548
31285
35417
35013
32178
34857
28507
31048
30182
30953
30666
30136
29564
33319
35938
30738
33905
28560
28196
34574
35715
32548
28297
29319
35540
33885
30722
35493
34902
28713
28783
34582
30786
31867
35673
28870
32483
35937
36057
29072
35345
34301
33903
35656
29663
30100
35661
31755
30869
35853
35676
28431
35629
31325
31600
35296
29307
28226
34556
33401
34997
30059
31064
34306
32235
29418
35938
29902
33968
35030
33693
31105
35050
35842
34414
31438
33450
35499
34026
33572
30297
32432
35484
30384
31921
35796
30943
30775
34118
35973
29335
29670
35213
32494
35134
31171
35659
30463
35087
30809
30127
30703
30601
34319
28257
32416
34409
31898
32144
35894
32022
35769
35581
30893
29263
35764
32951
28396
28849
35788
32121
33894
33564
33818
28619
33137
28736
35383
31359
32664
31411
35865
31816
30551
35520
29627
32509
35641
29070
33943
31692
28328
30000
32765
34570
35828
33657
28369
29243
33602
35749
33743
34155
33683
35879
28931
33703
28947
34529
34980
28727
32566
35448
34203
31929
28901
29933
31311
29091
35091
33192
35651
29178
28676
34906
34952
29086
31630
31615
30433
34330
30658
31306
34912
28340
35636
31499
28753
31389
28341
34297
34582
30849
31542
28180
31514
29161
34906
35278
35358
28894
28960
35004
29232
33950
30065
34471
30330
35815
28515
28626
35316
30683
32859
30990
32155
29264
30657
29258
29714
34920
33128
28406
35790
35529
31592
35639
28359
31747
32528
35342
31957
35989
28716
30348
32073
30855
32412
28977
28582
29234
29245
35953
31080
35808
33426
29155
35766
34566
34162
32229
33676
35912
29551
28384
34761
30664
35144
29485
35255
33959
30622
31916
35296
35722
29592
35539
33375
29163
29946
34940
34173
31814
34840
30879
35164
34993
35191
29089
28829
34484
29800
32599
34853
35049
34743
33903
34864
31431
35730
29007
34577
30755
30344
28587
29748
30746
35752
35479
29229
28223
35649
30323
33112
31299
32746
30041
34051
30061
34352
34302
29632
34441
34643
30034
35193
34755
35324
28631
35548
30107
34271
28435
28339
28944
33656
30400
31517
35599
35259
33045
34141
33657
29478
32069
35877
31327
35629
30912
33621
29439
30544
32168
29024
31339
28852
35598
34274
29480
34109
30171
30802
28912
33240
29582
30597
28856
28687
28371
33268
33798
30448
30477
30447
28277
29027
34374
34422
32802
28667
31372
29269
33306
34449
30263
35588
35490
30586
30139
35832
34326
28464
28638
34951
35763
35439
31435
32452
35177
29445
32106
32218
35942
32724
29697
34602
29632
35769
31088
35954
32273
35890
29112
35668
30760
29315
35373
34515
32925
29076
28424
34864
33574
35612
32057
30130
34476
34841
29017
32595
35305
31146
35833
28870
29345
29480
34129
32859
29304
36005
28546
32089
35879
29839
35721
34199
29891
33328
35693
34192
32455
31085
29019
33972
28558
29956
35664
28586
29112
29878
35052
35704
35281
35619
29395
28181
35817
35822
33929
35467
28477
30292
32771
29081
32074
33840
33798
36031
31047
31162
35957
29085
32240
32911
33803
35653
30588
34870
31784
34548
31317
31681
34370
29540
31795
30782
32286
29737
28256
32521
30350
31917
33887
35537
34956
35608
31724
34625
35510
29064
28469
29235
29057
33033
32033
33324
31221
28645
28825
34074
32193
35900
34852
31146
34787
28415
32440
31058
28282
33014
35704
35888
28979
35088
35866
29183
35743
29855
30976
29514
34354
34660
31037
35649
33425
29543
35184
34491
30462
34528
32393
35325
28526
28637
34514
33375
29748
35726
33274
33427
32182
33770
28315
32488
31537
29071
35648
33108
28569
30755
28302
35763
29196
33280
34019
28546
29676
35691
28562
33533
35451
31148
34750
34122
35767
29267
35047
33767
28487
33379
31339
28412
32768
35744
35790
31173
30707
31083
29854
35302
28590
30579
30416
32285
28386
29478
35715
35931
30274
28421
29270
35363
30903
34940
32581
35481
34972
33145
32721
28503
30895
28743
35847
35929
32633
35559
34746
33173
35789
30608
30415
32832
28494
33949
29520
35802
34250
29136
32497
30736
29614
28898
34201
30051
28365
31726
28561
33636
34751
33055
30450
30183
32930
31067
29475
28250
30156
30686
28522
33780
35970
29242
29236
35148
31435
35264
29882
30938
28322
32451
35954
36047
28516
29571
35805
33338
31969
35845
35842
30486
35124
33512
29234
28374
35584
31487
35633
28412
32382
35862
30073
34488
32004
36083
33654
31330
32563
33526
34804
28540
31386
31070
35405
30900
35280
28989
33028
35844
35555
30744
34965
35714
35149
28563
33576
28738
29585
34275
32184
31505
28409
29260
32679
28546
32805
35572
34959
28952
28572
34506
29411
30704
28202
35793
28818
33161
30614
32051
35736
32153
35965
28621
30408
33406
35100
35033
30381
35746
28365
35363
31112
34833
33814
32175
28670
30993
29435
33921
31257
30767
32815
30035
35379
34016
28502
32246
35946
35504
28827
32444
28394
29946
31940
35881
29117
28245
35798
30297
30703
31081
35256
35623
29446
35424
36017
34146
35501
32176
34311
34664
30846
33012
31992
29360
31144
30344
35817
30713
33380
29783
34258
31311
29242
35522
34787
35831
32237
33398
33017
30714
35426
35384
32956
35685
31389
35667
28623
34320
30833
33072
33189
32076
35983
35413
28355
32553
35902
35890
30354
32965
32288
34769
28366
33666
32712
34393
33931
30296
35877
35889
29038
35888
33742
28953
28333
28248
35658
34640
30081
30117
35025
33509
28735
32818
35812
33980
34818
32418
35386
31931
36060
32272
29490
33549
35905
28686
29481
34764
31676
35963
36137
29084
28451
34869
34246
31494
28759
32595
35519
28604
30294
34299
34976
33370
35193
31111
33311
31606
28690
32932
34138
35699
31271
30460
33803
32738
34504
35136
33790
35724
30502
31000
30244
35666
28810
29682
33902
28474
31880
32495
33071
32555
35813
28998
35008
28956
35951
30600
29493
29619
35944
29395
35310
33389
28715
29550
35204
35974
29229
28687
34989
35698
33820
28342
29854
35767
31663
35767
30612
32471
35740
28618
29607
34859
28431
29354
31581
33872
36177
31648
31122
34928
32637
35041
28464
33585
28730
34877
32612
35501
35047
34807
30970
35724
35948
32002
35354
35365
28359
35620
34535
30305
30975
29271
28352
35856
29083
34162
30350
33689
28267
31921
28259
35751
34177
34050
36161
30920
32091
32381
35591
32188
30455
35203
32713
35574
32903
28272
32970
29128
35408
34777
32909
30384
33341
33128
28609
29898
34211
28640
28086
31181
29233
29625
29106
35304
35922
29835
35716
35353
32467
35859
34208
30687
35049
35090
33548
31071
32155
29355
29210
35266
34334
32900
30127
31281
31525
33624
35537
33842
28594
28545
35286
32319
32065
29774
31276
28229
30639
35632
29404
33685
35453
32268
35991
35899
28479
35680
29266
29225
35702
32033
30052
32154
35293
33284
28489
31096
29556
31992
29830
32821
35549
34565
34026
28477
35879
28360
32587
33859
31268
35654
31774
29403
34774
28728
33008
35500
28515
35662
36053
31826
33482
35745
31136
30535
34399
35835
29632
35796
33662
28497
33129
29238
34515
30437
35566
29538
32366
30925
35288
29792
34931
33788
33205
29949
35657
28829
29437
35733
35187
34554
31130
34686
33010
32390
36042
33737
35972
35473
36058
34263
29870
35241
34006
33076
30941
31564
36031
29053
34623
32505
35773
35269
32812
36041
28500
29502
35222
32635
35298
35833
32091
35906
28535
31353
28763
35925
31889
36007
28547
32336
35891
29605
33277
31442
33301
33904
35239
29598
34302
32670
28498
30678
35345
29920
35078
32778
32045
28412
30434
33234
34074
30589
33787
35262
35319
35753
28952
35685
30344
35861
29502
31158
29390
29714
35405
32236
34621
28433
35701
35867
35895
30280
35260
32094
35582
35903
30450
35719
31914
35052
28674
32081
35233
33098
32514
35691
30319
35287
35861
28666
28784
35766
29943
34777
36100
35683
29574
35947
28987
28659
35237
35735
30068
29902
31851
33623
29141
34634
32364
35699
35161
34329
31032
35823
35424
29843
33717
36006
29370
28634
34650
34371
30205
28445
35117
32113
35328
34218
34040
32896
33629
33597
28663
31361
31285
30545
28992
35883
36139
33496
28615
31596
28523
34167
32828
35541
29195
33482
34847
33126
28448
30606
30244
28541
35778
31393
34713
34493
32457
31530
35057
35386
30491
29347
35923
30571
34576
33437
32836
35299
30329
32403
28766
34573
35859
29977
32482
34195
35208
29107
34581
35766
32855
29374
32446
35744
30383
34835
35030
33367
34925
31835
35998
30362
28534
35711
28715
32546
29826
35204
35253
30082
35104
30778
35020
29514
28732
34306
35766
28657
35454
32858
32623
35187
31838
29478
34024
29512
35689
32691
34532
35693
32860
35511
35481
30371
31411
35091
29053
34305
32472
32956
33814
29026
32960
34877
29815
35289
31430
28335
29152
35047
28441
31360
28960
34937
31847
35929
35540
28582
32557
35789
33208
28459
32044
32327
31383
29436
31601
28324
35800
33522
30470
28460
35588
35508
28986
34658
32331
35843
28478
29007
35306
36024
31937
31378
31577
35720
29593
35665
30714
30702
34860
32070
35989
36015
31307
35692
29583
35942
35514
35928
31353
35925
35643
31555
32339
35609
28855
30993
34800
29292
35259
31577
28993
34033
29471
35217
34837
35633
31334
36031
31873
32612
33484
33874
28602
31546
28623
34904
33569
28837
29501
35730
30426
30209
35819
35247
30317
32713
28268
33442
30822
29426
30813
29298
31533
30445
34190
29059
28453
29732
35343
34618
32021
36012
30981
35940
30025
29568
35750
29910
33524
32086
34714
34352
29830
35571
31300
28575
31396
28229
35529
28616
33828
33041
35844
34639
35426
28756
35631
29265
31083
35140
30981
28855
30239
35760
29022
29271
35877
35593
34717
31433
30235
30208
29900
33458
35459
35060
30661
34395
28508
34017
35652
35116
35065
32099
29782
36050
31741
32956
33749
35458
30377
34029
28396
28460
33540
34893
31610
33590
36010
29376
30549
33450
32921
32130
29321
28398
35721
34250
34625
31253
35349
31182
30070
32483
35655
31562
34077
32083
35926
29653
28739
35404
35392
31997
28338
35643
30589
32149
35167
30549
35970
32039
31540
35723
35281
29907
35768
34110
29542
35849
32250
29855
28421
35613
32409
31331
35193
31074
33708
34199
34698
30233
35874
31047
34443
35635
32136
35637
32917
33890
30486
35002
33191
29191
29175
31831
28462
35805
35710
32111
32298
34675
33813
33085
28557
28717
34090
33252
30544
28676
32466
29816
31014
35888
35821
29247
34342
35761
29663
29435
34515
31933
31961
32414
35944
33533
30010
35801
33921
35874
35864
30876
31600
28279
32577
35556
35801
28519
34364
35940
29810
32792
32277
33785
35233
31635
35021
33058
28864
31712
31802
33348
35690
31344
31193
35369
34832
28924
35564
35207
36062
31157
35074
35225
33244
28899
34066
30693
30865
34335
33878
30948
31462
35920
28595
33476
32216
32745
35340
33434
33495
36011
30781
32628
28982
28212
35448
30325
35780
34650
32960
29627
28340
35311
33165
30637
35424
35869
30016
30317
35130
30201
30827
35647
28801
30510
30878
35628
33282
28355
32471
35491
34468
31572
34701
28554
35756
29325
30862
28317
30544
31406
35954
34957
33603
35398
35484
31592
29326
34796
31804
29972
33802
28424
32456
34518
34042
35740
32071
29333
35659
29512
31218
36064
28754
34036
35421
31477
32830
34801
34544
31517
33416
31062
28303
32302
35174
32921
29345
28655
31265
35950
35869
35467
29926
30227
35538
28771
28759
35650
31483
31201
29924
35466
35770
30728
33853
29529
35903
30711
35448
35333
33399
30219
32138
33626
31644
29270
35811
33364
28349
30187
35070
35818
30536
35192
31724
34674
33893
36047
29015
35695
31084
32788
28994
35874
29131
34669
32955
29119
29575
34180
33473
29752
35665
32228
35361
29581
35465
35861
35844
29401
29532
28683
35015
35716
35337
32338
30323
31519
30085
35041
32807
30192
35526
35049
31073
35715
30462
34355
29185
35332
35072
35428
31956
34967
28520
35866
30039
32967
28488
29652
35503
31750
31310
33303
32383
32514
31898
28484
34475
34975
32417
31492
35113
33006
33633
35864
31764
36110
33962
28814
31617
30255
36014
31208
33663
32298
35868
32263
35634
29041
33682
34702
34610
35383
35036
31235
29149
30464
32684
35653
31311
35873
30001
30084
35649
30812
33608
34873
29582
28381
31902
36034
28420
28959
34477
32356
31919
35256
32922
32820
28727
35560
30980
33320
31140
28867
35060
35963
28575
35871
32611
32267
35783
28519
32549
34839
31992
35354
35150
34936
30056
35831
34352
35580
28887
30670
29196
35811
28335
31919
33473
35758
29516
34155
33092
30007
34464
35288
35177
31141
31924
31906
29353
33172
35908
28522
35733
33725
32119
35976
29806
34805
29515
32623
29895
30849
31585
35440
32514
35807
34490
32585
34339
32745
35771
30472
34861
36016
32037
30784
28443
29396
30869
28148
35640
29002
32648
31464
30328
33526
29438
34481
34928
33675
28647
28819
35184
35907
32237
29699
34259
30419
35589
28523
30638
28854
33804
28736
29981
34742
35428
29241
34066
35620
28382
31265
29290
32788
35711
34716
31317
35755
33951
29652
35918
35681
31776
33067
33426
34751
35715
30371
35778
32969
28561
28728
35618
34893
30620
29819
35741
32352
31097
31523
30626
34161
33788
29051
31398
28380
28346
29802
35290
32930
33875
28718
35753
35553
31997
31847
34399
33167
29959
34128
33428
30359
35651
34505
33275
33120
35860
32831
35739
28523
30511
31335
30478
33213
30113
32232
35707
30410
34649
34667
34492
34880
35236
35863
29329
28362
28854
34960
34664
35118
30498
34837
31270
35802
29522
35596
29109
35044
32098
28749
28306
35881
29700
32135
31064
28310
32868
35828
28437
30225
32442
30032
34762
28436
31290
34243
31109
31307
33191
35428
31605
33882
34689
35113
33300
28526
30064
30782
30069
29553
33419
33278
35601
32310
31637
30242
34865
33178
28717
30120
33782
30981
31036
33906
33785
28883
35829
28833
28629
33293
28891
29568
35511
33971
35346
31502
31894
30383
34345
34531
28718
33767
28486
31978
35917
28870
34836
34267
29596
35264
34736
29953
35749
29317
28570
35812
35727
31488
30139
31785
35560
35636
33290
35933
28836
29270
35349
32205
28549
30023
32086
35743
32274
30937
33103
28209
32932
28574
35517
32872
32612
35801
29779
33666
35833
29686
28494
35070
28511
32397
28522
28407
34838
34027
31237
35713
35861
31415
33110
33457
31634
28569
28997
34940
35917
31176
32110
28459
32747
35716
35884
28476
33510
35737
34413
29754
31619
30403
34522
28659
34631
31255
34373
34751
28868
31409
28279
33000
29050
28377
34210
34448
28854
33563
29500
32137
32001
33950
33163
30494
34789
32820
31137
34570
34561
35858
28422
32147
33411
29644
34242
31478
30029
28558
29401
33392
35489
32952
30770
31428
32970
35784
32262
35155
31788
28586
34190
35165
29487
31599
30792
36038
28476
28519
35608
30247
32742
34457
30238
28359
35863
35192
31457
31676
30359
31344
33424
34784
32032
30245
32791
35878
31377
32514
35863
32785
35617
35909
31524
30094
35050
31296
28225
28086
34963
29933
28408
29082
34997
35633
34821
28784
33367
32255
32296
33671
29082
35373
29323
34510
33488
29465
35110
34445
31892
34823
34908
33456
28452
30342
35910
28685
32039
31217
31853
35829
33214
28967
32566
30920
30615
33626
35161
34741
32633
30514
34482
34811
32982
35638
35565
31274
35035
34919
35229
34074
30627
35795
30326
33869
34019
31767
31904
35508
32678
30069
33518
28574
33809
34586
33113
34820
34948
31764
34900
35012
32897
32505
34818
34227
30671
34265
29419
35047
35559
30163
35800
35573
33813
35701
35742
29752
28903
34069
30736
28671
35651
35169
28964
28828
34478
31297
35645
28778
32937
35750
34406
30633
34582
29631
35788
30699
29474
33254
35690
33819
36089
31414
31738
35709
33575
31259
35598
30328
34663
35873
29452
34315
28426
29029
35626
31088
32957
31523
29776
32649
35286
29292
28888
33660
35289
35506
30323
35713
35930
28446
35798
35024
33331
28412
32848
28871
29654
28360
34863
33447
35917
29239
30885
32483
34553
35695
29880
30039
35209
29259
35532
28642
34520
34053
29419
35911
30767
29741
31559
32246
34481
30384
35731
32316
29476
31669
29721
35672
30290
30384
32607
30067
35333
33481
28554
31496
32753
29147
34519
28534
29233
30746
32100
31367
30706
33560
31914
29890
34844
30647
35069
35143
31685
28301
29482
32187
35619
30592
28904
35733
34225
28477
35953
29580
33895
34490
33226
34851
35589
34250
29020
35709
33838
28525
30174
35309
35625
32368
31766
34551
31248
29047
32716
35508
28926
28835
35309
34963
34043
35906
28733
29702
35897
29448
28409
31263
28457
31236
35125
29495
32411
29452
30345
32614
34305
32215
33759
35928
30722
33070
29061
35659
35537
29219
35829
35969
28459
35687
28540
31759
33045
29187
29551
34378
28420
28667
33906
31666
28880
29039
35361
32930
32811
30552
28690
35065
36032
29737
34156
34031
28490
35108
30773
29307
35034
35248
32478
28891
30883
30161
32378
34318
34938
35386
34886
30873
29542
33550
32534
35892
31853
29922
31184
28409
34115
33814
30464
34354
35780
29185
28404
35291
33624
29413
34661
29886
33732
28757
34898
36101
28514
29398
35462
30688
31046
33726
32222
31743
31610
35445
33601
31839
35575
28962
33241
35562
32597
31892
34995
35385
30789
35600
33797
35739
33800
28894
30721
31886
32658
35330
30919
33160
31025
35751
35848
35974
28502
33151
32610
33258
34495
28695
31373
28334
33601
35005
30207
32677
35033
30958
30776
32836
33553
28730
29059
34796
32342
35804
28587
28729
35420
31147
35609
33341
35541
35135
35701
35116
28721
34929
35687
34100
29068
30659
31458
35779
33254
30698
33871
32177
31485
35891
36126
29387
28345
34995
35496
35715
30574
34796
28566
28383
34802
36007
33482
33562
34896
35741
28945
28688
35260
32924
35588
28660
28412
35805
33614
30672
36053
28973
28294
35675
32141
35130
30251
35311
29972
35651
29065
35335
34131
36203
35492
32181
32937
29335
31041
28344
35726
35826
35974
29179
35460
33234
29687
34550
30622
28512
32773
28373
29894
35158
33837
34079
28408
34283
31833
36047
30060
35591
33388
33680
29583
33844
28935
35705
35245
30104
28540
35712
32599
28741
32260
35571
28442
28965
35206
32326
28943
30245
31243
29314
28510
34734
31002
35417
33410
32717
35485
31033
31642
29941
34101
36028
30520
35559
30954
35413
31442
28541
33150
35917
33153
34339
32584
33030
28481
28245
35632
31939
34554
34466
29183
34380
29605
31194
28226
30039
33369
30172
35473
34698
29055
28796
29195
35419
35224
30879
32540
34710
32667
30385
29377
31167
34870
28277
32152
32047
35614
30280
32640
35704
30197
35467
35898
28523
29361
35566
32020
34801
33971
30203
28660
28912
32511
35190
31899
29218
30842
29218
34230
35641
32532
28357
33806
35705
33310
35703
34961
28457
34706
33289
34550
34852
35159
29555
28689
32609
35311
36182
28851
28360
35289
34047
29183
34583
30393
29409
31561
28847
35463
35801
29782
35956
28754
32368
35838
29042
29171
35839
35413
35904
34556
30356
35878
33311
28401
28724
34598
29171
30987
28278
35329
28919
35869
35659
32756
35172
32318
35935
32126
36034
33094
28965
31009
31023
32158
29788
34388
33779
31550
28938
28585
32210
35041
30757
31522
31194
30412
33791
31391
35348
29577
35580
28426
33052
35469
35176
28969
35463
31043
34712
34470
29046
31187
29491
32253
34198
33219
35592
35299
29057
34893
34925
33321
32196
32693
35697
28444
31681
32207
33083
29141
32791
29028
32940
35794
29704
30337
35841
36085
30081
32389
35405
31682
35814
30683
33146
32091
29173
32363
35642
28639
32614
28738
30995
32845
33750
35512
32256
29983
34138
36117
33228
28826
35834
28739
34648
32120
36016
28465
32069
35940
28655
29423
35444
32897
34855
34583
34859
32147
29075
30451
29385
34433
32152
35992
34436
28630
28986
30706
30945
30160
28811
30099
35690
29034
33843
32460
28873
34527
32589
35664
30829
31320
29711
35803
31670
35733
34605
32049
36010
29335
28980
35112
33022
28439
29676
35707
30666
35732
30457
31086
34103
29759
33614
28434
28591
32125
36004
30802
33962
28400
31920
33696
35402
35489
30203
28857
30623
33794
31970
36065
28590
31488
29065
31939
32516
34332
31750
30622
35613
35074
30433
34020
31074
29557
28246
35624
32761
33244
36067
35156
33427
28771
28623
28349
35399
33550
31163
36061
30038
35807
35880
32543
28716
32010
32828
30035
33258
35399
36153
30063
29721
30730
30012
31426
30750
33352
32665
32520
31159
29356
33621
28267
28824
33345
28293
32679
31193
28583
35749
29086
29160
33803
35996
35516
30572
34791
32118
33067
32761
30838
34691
33730
32834
28373
31278
30855
28324
32709
33323
32983
29719
35733
33628
32879
31042
35365
36260
32306
33380
31877
35162
30646
35812
30825
32861
29732
34405
30282
35725
31618
33865
28705
32440
35645
34835
34641
30227
35941
28489
30522
32322
30930
35528
28758
33150
35879
34736
32444
30307
34787
35882
30874
32867
35649
35535
36031
34787
32372
35117
35865
35497
30503
34034
35761
35990
33580
35796
35732
28759
35993
29731
33024
35350
29767
35845
31313
28674
30328
35594
28320
31861
32190
31290
30123
34195
28768
35123
33518
30370
32581
35846
35996
33603
31481
30203
34930
32066
34320
30175
35132
34164
31319
34060
35515
31538
33547
28307
32202
33115
35440
28945
34623
33879
29913
35750
31593
29713
32015
33652
29764
32012
30097
35779
30155
35742
33074
32022
33538
35956
30590
35231
29671
35852
29744
34266
31256
28556
28833
35673
31101
31084
35352
33743
32282
36068
28794
30439
34725
31064
31440
34744
29668
29483
30593
28304
31662
35424
28962
33511
30584
28509
35768
28379
32226
33041
32578
32542
28645
33200
33616
28938
34939
35500
32607
28652
32816
28801
29467
35110
35885
30577
33947
33646
29112
35890
29105
30159
35540
34234
34488
34465
32129
34207
28563
35848
28405
33380
28435
35735
35154
28389
30991
28676
34754
35143
34962
31221
35098
30733
34258
29708
32713
35031
31610
34674
30803
33667
35015
33961
31805
34225
35985
29243
28373
35335
34775
30253
33470
28395
29867
34642
30597
35832
29770
28387
35213
33190
30355
34202
35647
33402
31134
35667
31093
33894
33833
33356
30047
29583
30769
29081
34871
33208
29616
29449
33129
34897
34369
34890
29243
35885
34950
35736
28457
35722
35826
29112
28856
35653
28947
31575
28254
34058
35590
28467
35111
34417
34654
32453
30218
35769
33535
35596
28441
30222
35665
29621
33829
35665
29079
33966
30239
32179
35711
30006
34253
32971
28508
34312
30316
32416
30485
35879
30516
35566
35605
31406
34181
30871
35129
35274
31371
35883
35340
28598
29756
35696
29858
30751
28237
35712
35167
30703
33750
28591
34456
32170
35801
33593
29150
31144
29766
33540
29355
33797
28834
34842
28893
35884
34328
30921
29461
33256
33942
31563
32841
35597
32003
36020
28413
30690
29126
34906
33312
28500
33341
35426
30003
34758
28306
35189
35752
35925
33021
28807
28863
30281
33575
34584
34583
34554
28675
35707
31613
28502
28702
35629
35404
34877
30455
28677
28521
31262
28281
32002
29146
35521
32790
28638
32038
33318
30296
32695
30158
33118
29307
34719
35997
28642
35612
29377
31217
34666
28803
28866
34780
35755
35989
30379
33312
31283
29946
32858
33574
34822
33299
33180
30568
30017
28584
29490
35738
30076
32789
35399
28569
28923
34258
31483
33647
33471
35977
31822
36009
28563
31277
31053
29861
28623
33251
34236
35769
33626
35391
32926
35522
28494
28265
35545
29557
28589
35739
35066
33303
30544
35524
34606
28330
35564
32804
35873
28475
35688
29856
33717
28448
31381
29097
34973
33514
28477
32927
35779
30685
34146
34129
28551
33136
28409
30906
28975
32810
34109
28948
34388
30278
30853
34350
33325
35573
33135
30294
29699
28435
33208
28691
30483
35725
35998
28475
32217
35999
33472
31319
35919
28972
34186
30758
31664
31574
36017
28959
35984
28532
32438
35331
35902
30700
35018
32114
33945
34615
34085
32166
32252
35310
30516
35476
28793
35300
33978
32725
35707
31405
35195
32014
35115
35979
33390
30054
34159
29087
34919
32429
34627
34219
33753
29870
35290
31614
30351
33002
28747
33454
29370
30809
31378
35660
28857
34720
34468
31477
35214
29967
33525
29823
31680
29370
35058
32045
31011
29542
33219
35688
34582
32661
35653
29569
35688
31885
31225
28819
35604
35264
32057
29926
34433
31517
35981
29140
28407
35416
32341
35876
34025
35016
28375
31050
28278
32942
35395
28684
32542
28606
28451
34758
29426
33490
35791
33833
31854
36029
35628
33394
34025
35886
29271
34982
34230
29175
35724
32100
32233
35308
35869
31163
35321
33042
34963
35734
35478
36062
31666
32306
29850
28729
34458
32870
36037
28829
28521
35874
29198
31898
28555
35332
32214
36061
35833
32868
35863
30789
30802
33332
28542
30793
32810
31770
28754
33455
28874
33107
35840
34589
30750
34976
35649
29390
31670
34341
29399
34102
31104
29041
35709
34041
29850
34395
28249
32828
36097
32770
29298
29587
35739
30773
35412
32084
34544
31578
31933
34778
35611
28900
28875
34260
35950
34614
30146
35959
28639
28232
32259
35386
35506
35088
34946
34997
30814
32786
32706
33723
29574
34664
33809
28952
34453
31733
35662
32525
28930
28797
34041
35692
28766
33957
29602
31866
28438
32998
31862
35753
28668
35650
32950
28542
31373
28198
31097
28148
32307
33669
31853
32866
35753
35781
28457
35037
33486
28889
30802
31049
31367
28658
28838
29900
35521
31174
35371
30465
35851
33218
28371
29663
35050
32615
35547
33227
35086
28657
29061
33367
28676
33286
35642
35241
29974
35802
34293
31318
28646
28571
35470
28623
31353
29151
33937
31828
31448
28986
35338
33369
31377
35829
33008
30472
35332
29499
34972
29804
32906
33242
33880
30284
31445
35076
29373
35524
31071
35629
34130
35524
34437
28837
35618
34412
32246
35870
30740
35650
28707
34409
31366
31048
35531
30788
33944
33100
28421
35293
29638
31498
29055
35428
34992
30358
29214
35677
31655
31717
34244
28414
29226
34182
30588
28438
35097
32836
28393
28736
34404
35622
30488
30307
35659
34063
32802
30908
33385
28923
31694
34496
32764
33554
35266
35179
35600
29636
34495
31979
35347
31618
31779
31621
28383
33209
35469
28681
31161
33820
31853
32961
29236
35776
33367
31066
33050
35853
31750
28924
33786
33381
28479
34738
34732
32509
34134
30507
35412
35033
30911
31225
34367
35218
33078
32832
30517
28792
30439
35794
34456
34898
34050
32032
28467
32899
29274
35272
29689
34709
30873
35756
33374
36046
32057
30037
30101
34136
31277
34961
32152
35860
29822
35408
30919
29445
35684
33511
30128
31671
34011
28591
31853
32663
31225
29454
29336
31017
35778
29804
29190
35682
32898
32947
34824
32316
33086
35336
30848
31365
34962
35614
35863
31156
32667
35409
33089
28400
31248
29722
35820
28849
30145
31299
31067
29663
34621
35930
33917
35982
28522
32312
35155
35544
29187
35425
35668
31294
34921
33571
35093
34281
29893
35325
31040
33506
32061
28421
28324
28262
30908
30913
28503
28677
34073
29606
34285
28733
30937
28538
34860
28500
35948
36056
28479
30771
28385
35859
35788
31550
30331
34464
29305
33149
35726
35933
34700
32152
35828
35199
34686
29608
30986
28485
34453
36093
28517
31511
29509
34965
30042
35741
35845
29451
31226
28317
35461
31127
35264
35061
30763
35296
29734
33753
29919
32523
34563
30511
35153
28314
32384
30958
29417
30992
28799
35228
29219
31194
29227
34593
31302
29815
31478
30207
28293
30896
28506
34868
33905
35003
31791
33227
33194
28306
30080
36070
36004
29455
28293
35138
35937
29944
28403
28140
32159
33092
30185
30929
34083
31781
31610
35349
35034
34098
31870
35526
29239
33215
28528
35838
29647
33330
28263
32714
34265
29391
30510
35806
28502
34326
30845
32173
28917
31285
29695
28362
35481
36125
28494
28844
35122
36045
31979
35971
29984
35197
35897
28474
33449
28366
34412
33266
35304
28611
35887
34607
35471
35833
31093
35682
35496
33770
35977
29131
28907
33379
32412
31133
33714
32616
35850
29853
35710
28408
32820
35989
33514
28903
31132
29922
32556
29580
31038
31466
35809
28726
29454
31783
34120
36044
30700
34831
30479
34480
32822
33789
28767
33678
29268
34709
32401
29525
31050
28531
35838
29200
30289
35841
35470
28915
34904
32101
34186
35302
34457
31154
29559
35448
33468
35599
29583
34706
33308
30036
35391
35208
35009
34143
31245
28894
34342
29312
29866
31067
30439
36010
28557
31456
28290
28800
30385
29725
28452
33163
30043
28324
35720
35589
29222
28266
34928
33222
35949
29026
34904
35954
29515
34899
33189
28591
32341
31620
28248
30601
28605
35721
35426
33738
29623
35576
30238
35025
30310
29639
31485
28226
35585
30871
35177
33975
29764
35820
32420
35108
28449
35898
33382
35520
35841
32238
33978
35376
32510
35723
33082
28391
34431
32447
35540
32008
31663
33122
33629
30371
35916
28957
33208
28464
34149
29489
34622
30032
31542
28983
35022
33640
34189
31648
29053
28865
35351
28549
31541
28720
34024
30817
32762
33306
33437
29557
34736
32871
28310
31510
29986
35564
29281
30742
31717
34633
35805
32467
35420
32972
29686
35825
32224
35812
30589
34402
30523
31219
28245
28345
34388
35299
29349
29382
35149
28496
31548
29151
35529
30698
31634
34007
35565
35745
31202
33572
35880
32968
30273
29032
35905
30778
34467
33334
28543
28989
35645
29328
34056
29984
35803
28571
30693
33501
32366
35174
28919
34384
30974
35388
29596
34758
35496
33378
28975
28358
35469
36061
28385
29398
35775
35153
28539
30040
35809
30748
30636
31581
34441
34116
33596
28738
35742
33570
30452
30236
34966
34065
36017
28829
28661
34952
30248
35549
36169
35874
30355
33731
35498
30928
35584
31095
33418
33772
31202
34582
36036
29874
30388
33466
35819
29437
35920
35595
33976
31064
33549
28414
33688
34723
30148
35344
28553
35150
33658
28621
34488
31006
33023
30817
35999
29532
28795
34800
35068
35178
32572
36083
34326
30226
35752
35148
32433
33177
31203
35901
32002
35388
35606
31425
35497
34649
33027
28411
31444
29734
31431
31832
34634
32944
35021
31990
30892
32929
28742
35217
34538
30669
33887
35531
32969
28516
33878
31265
35902
31501
33293
28541
29492
35526
31998
33342
34912
34771
29622
34824
29762
29550
35138
31736
33865
36081
33810
34318
30403
35625
28573
29430
34326
31186
34253
33334
29859
35048
35482
34498
33102
35653
31748
34553
33408
30846
31990
30076
28290
35260
33593
29218
35874
35965
29278
30457
35732
33580
35880
35873
28485
35268
29676
34779
29985
35709
28469
31741
28417
34327
34984
36041
28487
28382
33692
31414
28824
35028
32042
35678
30078
35601
34694
35727
34562
31530
34996
29579
33723
30374
35506
29280
28689
35404
30856
35512
31841
32434
28881
35337
28802
34693
35385
29205
35178
35342
34221
34645
36003
28682
29369
34572
34803
30078
29874
29414
35568
31581
33571
35953
32882
29827
32685
29379
31063
29758
29110
35451
34607
35373
35041
33666
29271
32364
35970
28266
32156
33248
33580
28268
29320
33555
33192
33305
30350
34556
28569
28753
35364
35864
30921
31292
34149
31008
31628
32589
33205
35730
32275
34121
35637
30854
35300
34546
35249
35871
30377
35142
31126
33315
31639
33054
28898
28725
34023
28639
30997
29599
28452
31236
31053
32078
31948
30540
35589
35054
28642
35626
35585
35872
30161
33441
32777
31702
30665
30524
34107
30786
34126
28906
35941
28923
31485
28883
34563
33540
28344
29324
29428
32343
31461
28688
34988
31289
28828
33305
34945
35312
33699
34567
31345
35567
35160
33602
28834
35277
33817
34062
29098
35731
28864
32538
35765
28951
29632
35388
34713
31412
29983
34766
32540
31091
30070
35629
30576
32666
33727
35860
35717
29638
33953
33242
32291
34027
31008
35970
33650
35925
29814
35736
33558
28485
33524
30227
35658
29035
32957
28424
35697
29151
35384
34166
29930
35644
28503
30930
29066
34657
32163
35667
35780
28345
35821
35821
28708
29846
35734
29556
28852
35528
34992
31119
35808
33013
28817
30343
35858
30099
34499
28948
29327
35371
35348
29096
35431
35928
32560
32534
28748
33921
29901
35261
34310
33199
35055
34213
33125
28797
28593
34921
34663
30210
31065
34550
33942
36025
35693
28927
31429
29088
34644
32776
28387
31141
28918
35775
30501
30499
34069
30840
31882
29844
35864
31468
34642
28424
30507
32549
28442
28607
31785
34885
33535
31731
35560
28479
34233
31021
31198
34531
35631
30623
32507
36090
30592
35385
29049
35724
30957
33471
35961
33481
32928
28640
31726
35576
32650
36007
31802
30459
33832
32980
29913
32879
29497
35458
29798
33667
30756
31983
35296
34194
30260
31847
32785
28314
31080
28414
32616
35994
29158
34512
31882
30932
32577
28460
33386
34163
34771
34489
28590
35085
34731
34767
35190
29859
29316
33654
35457
33137
28824
34691
34322
28463
32243
35179
30663
34212
29290
30490
35365
28411
29528
35543
29052
34576
33265
28790
29794
33122
28531
29844
35784
29309
34042
30879
35052
28718
33714
30811
33009
35801
33374
29050
29114
35464
33626
34664
34990
33234
29800
34803
32973
31453
35828
29678
33862
30216
34119
35935
28536
29673
35848
35346
30793
30573
29365
34873
28570
32860
32074
34223
28662
33649
29335
28498
35595
31272
34763
34511
33582
33421
35961
35655
29942
35787
35932
28494
28349
28678
33526
35499
29863
35548
35950
36118
31022
34035
29580
29060
34001
32219
28388
28436
29301
34914
34150
33755
31240
33570
31612
35701
31417
35221
34171
32063
35190
34752
34344
33443
35594
33484
31304
35752
36092
31853
35932
29727
33593
36042
35943
31997
30727
34733
30683
35930
29450
34590
33747
28787
28485
34918
32396
35097
33020
31527
31626
35399
35667
31432
28695
34911
35451
30846
35979
33431
28799
35768
36055
32814
35294
33698
28320
33127
32184
35724
31423
28310
30404
35372
34144
34795
35550
30034
35747
35682
28607
30176
33328
35896
34904
33351
28829
35522
31320
35777
35600
35372
32902
35756
31248
35151
35342
33767
35549
33794
35941
32202
36063
30891
35801
35868
33463
28630
35006
36013
34386
36067
30357
35828
29385
34882
36009
29246
35768
33622
28446
34961
35197
35437
35494
30801
32476
35719
30072
29226
34530
34738
35942
30727
32174
29390
33890
29052
28538
33887
32622
36089
32146
34536
35173
30511
28520
29839
34568
29841
35762
35546
30356
33606
29733
35652
29347
34426
30652
31819
35721
30837
34908
32514
34203
29218
35901
30523
32265
29010
35682
35366
33382
35745
30412
28344
29954
35837
28807
34086
28295
32859
31506
30916
33995
34651
35230
35006
32646
35955
32223
29764
31342
28338
28523
34190
36127
34675
28394
30008
35756
36071
34941
34294
32420
34203
33135
35975
29126
28959
34739
36047
35761
30207
29127
33741
35076
34572
33708
35017
28475
29976
34921
32349
28347
32806
34842
28768
35140
32601
32061
28812
32398
34789
33782
28760
31177
28315
32480
36065
32512
28677
28700
35107
34569
33534
34630
34280
34193
28705
32224
30161
35808
35363
32160
35724
28828
31221
29605
28724
34578
32499
29181
31495
28775
35780
29174
33077
34579
28801
30404
35182
29244
35042
34744
28356
35700
29588
31340
33635
31989
29614
32997
29840
34471
30832
34411
28485
35731
29795
35624
34964
35028
30032
31309
35950
35499
28553
31986
30292
33621
30319
34383
35925
33454
30329
32628
28639
30932
28724
35917
29173
29913
35670
34443
35745
29471
31962
30771
30297
32942
34434
29220
29948
35076
32451
35533
29495
35507
32059
35779
31837
35345
29027
28938
33562
34087
33929
35041
32805
34908
33426
32867
32999
35215
28969
28553
34762
32961
35680
29624
35895
28479
30456
34750
31276
31284
31878
35720
32062
34841
30140
31110
30417
33025
28396
34512
35847
30069
32366
32448
30505
30689
28629
31443
31706
35818
31028
34285
28938
28509
34627
32893
28476
31102
29241
30639
28206
35405
29295
34178
30549
35626
30776
35960
33741
33117
29670
35386
28830
33430
33323
29122
28345
35134
35631
34382
33705
29363
33937
31884
35867
28975
29908
35384
31771
34374
35123
30702
35942
34118
28513
35739
28682
33073
28561
30384
30829
31237
35875
30654
30456
33175
28775
30480
29856
28733
35813
35816
30304
33596
35656
29593
34872
33645
28561
30839
28177
35783
28439
34327
35798
30141
29583
35575
34811
33315
28427
32115
35538
29864
30373
34722
33831
30349
28503
32206
34019
33179
35888
35437
28633
35900
30707
34496
28995
34734
35909
35971
30212
31501
28338
30511
35344
28974
33946
30128
28289
35573
31794
29309
29629
35820
34589
31169
33381
34122
30715
35355
32201
30972
36048
33970
33094
28345
31702
31826
28392
33871
35131
33176
30672
32322
35334
29122
29288
35549
30178
31335
30454
35499
31072
32520
34262
30351
35439
31534
30479
33227
35969
30203
33352
28990
30504
35744
30936
31144
34598
30355
33588
28648
35854
31294
33222
28554
29742
35815
29449
28595
35691
33759
33324
30528
31731
29615
28633
30034
35213
33298
35123
34450
32165
29225
31925
35224
35506
28431
35760
29030
33187
28601
28370
34742
34429
29908
28437
35747
31843
35497
34592
32314
32257
30412
32968
35779
34224
35898
29273
34687
35995
31937
31289
28597
33578
33264
28385
30657
35380
30043
29326
33109
28627
28265
35845
31550
35168
35930
29601
28323
31538
32018
28673
35651
35572
35982
33957
35821
33046
28518
32836
35889
36100
29987
30016
35823
31157
32417
30881
35477
32399
28653
30333
35667
30577
34104
31022
32959
30126
34908
30292
33681
34012
34722
34167
32735
30017
32714
31281
29618
33949
30189
34831
32884
35369
35812
32061
33628
28669
34084
31030
33842
28338
33307
33470
28431
35870
29746
33145
35952
35424
30839
30680
35806
28345
33393
31163
35845
28804
35324
35241
33571
28647
34226
33834
35955
31738
35710
35827
31166
31493
35905
35545
32374
36014
28712
33415
34664
36023
29281
32487
28830
29112
28589
35390
30496
34708
35321
35202
34261
32855
31298
30305
35945
34904
30676
34381
31763
28439
29175
33493
32928
29250
35849
36020
29427
28702
35532
33884
28718
31331
29371
33750
29628
28215
35695
30739
33935
28373
35255
33987
35474
33415
28617
30238
34941
32988
32345
33870
35707
33395
33577
29034
29218
28291
30968
28148
35712
28613
29753
35361
29370
30531
32926
28768
32748
33055
32728
28907
31158
29052
35085
33717
28736
35741
34478
34414
28807
33648
35177
31188
35896
33929
31503
31777
35785
34381
32344
34896
35014
34295
29227
35764
29135
34265
32569
29558
31197
35441
30991
35800
32901
28356
31858
30807
28384
29725
29781
35761
29851
32968
31552
30522
34657
35275
35858
35628
28383
33054
33982
28432
35772
35307
33339
35487
34360
30704
31920
35286
34872
34044
32470
35813
34717
29036
34118
35726
32385
35960
31261
35290
29307
31271
29175
34810
32305
36032
36024
35841
35666
28488
31519
31009
29961
31491
28343
34995
29276
28294
35814
31013
31445
35137
31471
33937
29621
29733
35775
29222
28294
35659
34545
35891
36205
34482
29723
32251
35219
28798
35568
31283
28950
35793
35935
29976
35944
35573
33114
34095
35646
32478
28373
29363
30872
28241
35614
29071
35652
34839
31041
33884
34993
34232
35288
28512
35173
34806
35526
28536
28538
35699
29258
33661
32078
32709
35760
29227
29834
35758
34082
30679
35817
28519
32430
32200
28770
33295
28821
30936
30859
33613
30069
28626
28717
35772
28691
34975
33574
29336
29955
35541
32052
31262
28648
32897
33849
34248
30422
34989
31963
32532
29962
32833
30481
33813
30313
29846
33362
30270
35553
31511
35412
32105
36144
35369
31686
34658
29916
29306
32302
30157
28685
33411
35321
33407
28265
31586
34943
33297
33801
35610
28621
29414
31982
32137
35679
29385
30909
29205
31991
29669
31395
29341
35089
35103
29790
32364
34630
35572
28457
32037
33100
35110
33122
28247
31637
32587
29276
28486
28603
35936
28355
31822
32238
32479
29774
28467
34367
31919
30837
35599
35916
28388
29267
34748
32448
31340
32689
32689
32689
32689
32689
32689
32689
32689
32689
32689
32689
32689
32689
32689
32689
32689
32689
32689
32689
32689
32689
32689
32689
32689
32689
