9910
35014
29675
28309
35460
35374
34905
28869
33930
33758
35855
35961
35819
33454
28370
28661
35023
35248
28238
28239
35714
34678
35267
35457
29794
35542
30243
35733
35016
34042
34390
29737
28392
31392
35196
28366
33428
35716
32579
29635
33771
29980
35790
35379
35838
34396
34675
28565
29523
28709
33974
28548
28531
34819
32962
28286
33087
29243
29691
32578
34290
28262
30565
35796
30289
34819
34823
29973
31050
34853
34882
29410
30272
28957
31463
30031
34217
35590
30405
33759
28174
29176
29701
34139
31885
29499
28232
28117
35681
32130
35611
28316
30967
34670
34714
32497
30026
33594
35336
28252
32551
30720
35370
30110
28094
28236
33738
28340
33730
29802
33651
33693
31789
32034
32009
31309
28881
28258
28235
28481
31046
28224
30974
35599
32485
34595
35580
29315
29133
30746
34309
33624
28428
30475
32868
31363
34032
34111
31132
35815
34625
35621
36097
33137
30398
28270
34735
31572
28386
33641
34986
33111
35583
30538
34100
34375
33634
34486
30019
28913
28073
29137
30119
33712
28590
29007
28234
30038
34144
29099
32722
32176
28372
29040
28685
31162
34222
30208
35539
34839
35986
33761
30817
31212
29104
28711
28039
28276
28278
35075
31157
35748
35042
29996
28235
34751
30711
28264
33520
35643
35510
30360
32489
31320
31698
33603
33993
29167
29878
30908
34078
35655
35529
29388
28968
28851
29111
28126
29354
30223
30272
29879
28297
28289
28201
28208
28293
35636
28289
28546
33818
35692
35259
29683
28221
32438
32574
32054
28406
29183
33842
28826
35537
31673
30421
33150
33581
29840
31048
35385
32348
32481
32884
29979
28232
28350
29954
30280
30850
30438
34098
28976
30378
28237
28042
28478
30560
31647
35818
33514
31730
28835
28172
34979
31857
30332
35313
28239
29371
34553
34531
31379
29835
30904
29162
33557
34378
30628
29632
28466
30144
35646
28997
35484
33998
35359
30209
30527
32060
31203
33825
28998
33361
31459
34091
35034
34618
28780
30054
31609
28198
33319
33609
29165
32657
35516
32081
32815
35467
28542
35754
31030
33705
35795
29063
31848
32424
29284
28896
33675
34761
35020
35561
31948
29754
28800
33446
30560
34779
28330
30181
33889
33771
33113
35645
28779
30659
34927
29675
35293
35071
28455
35092
35728
29158
28868
32947
35455
35752
30751
29832
29408
31600
35305
30083
28267
29406
34775
35909
28506
29899
31424
28317
28747
28186
33549
35740
35779
32291
28301
33296
28682
35748
32687
31451
35592
29006
29042
33148
32145
33837
32446
34794
34079
31729
31622
28990
35205
35230
28937
30454
35382
28335
34071
28932
30230
33367
32612
33094
34963
28457
35610
35910
31325
35297
34350
34490
35821
28870
29224
32161
34765
28368
35528
33049
30708
34947
29624
28898
34199
32954
35232
30435
30034
35609
32628
31196
28264
33593
35833
34014
35483
34961
28871
29731
34969
32640
33070
30051
28433
35317
29995
29628
28386
33478
35899
35445
28707
32362
29521
32979
32560
33473
33449
35684
31482
35897
34514
31496
32650
30113
35459
28761
33246
31918
29554
31589
33173
29317
34006
34943
34346
34020
34720
28362
30855
29814
34670
28907
30155
32208
35724
29094
30266
29586
31502
35750
30169
33777
35852
35916
28795
29987
28365
34400
28512
29840
35574
30080
28518
34107
33551
28734
32331
33987
30828
29611
35296
35793
32205
28540
34235
35757
35913
33697
35213
28723
31345
34189
28468
34547
28314
31466
31875
31712
35949
32637
29776
29833
28423
35785
35758
33734
28787
35157
35860
29916
34249
31410
35875
34890
35805
35999
35607
29419
35861
29651
33995
35437
35810
34749
28672
35707
33717
28957
30934
30342
30461
29925
31746
35593
35511
33543
28487
33395
28927
35762
35926
29624
35853
28781
32591
31030
34655
32971
30603
30544
32156
33093
34617
35399
35620
36059
35829
33766
28483
35523
35781
32003
32693
35781
35778
33934
28897
33756
30636
28483
33258
28418
33858
29066
35596
36118
36002
34603
28464
35878
34684
29111
35522
34356
30283
35026
35798
35845
35940
32854
29123
35780
34703
30711
29084
33671
32867
32021
31099
31859
29246
34561
28510
32427
33222
35007
33048
34241
33101
31492
28459
35284
29109
32170
32362
35919
30196
30915
33186
34226
34593
35140
35063
33462
28988
35080
35140
28619
29980
28910
34751
34571
35266
35472
29794
32097
30822
33350
35310
32322
31690
35866
31090
34571
32849
32079
32122
28529
35998
34192
29154
33757
29742
35723
35575
35980
36069
28670
31446
34580
30957
32010
28313
30642
28376
34579
35399
36124
29472
34744
35044
35854
36171
35832
35718
35389
35009
34394
34336
33131
32189
35762
28440
30819
33879
35667
35911
35259
35254
33652
33983
31782
30786
35890
31070
33657
34404
28490
35629
35604
34816
34564
32604
32565
29920
35379
31095
34191
31250
28463
34281
30705
29635
33624
30396
35876
31344
35050
32591
28886
28528
30976
35181
34631
35834
35975
28681
30405
35641
33797
33028
35581
35885
28400
29514
29426
33302
31830
29745
35744
30259
34524
35548
35875
30088
32866
28676
35766
36119
36161
35948
36016
35884
35920
35155
35936
28783
34618
28647
35493
35228
36065
35385
28582
28985
28574
35195
36119
28781
31290
35087
34773
35641
35255
35295
32910
35917
28470
29087
35868
35569
35663
35314
34161
34011
35651
28823
30478
29044
31165
34622
34257
35983
35541
35922
36002
28404
30463
29284
34290
34220
32489
33523
32746
34794
35306
29078
34501
34991
30833
32215
28452
30640
28337
33110
31220
28585
35761
35700
36075
30390
33238
35853
29907
33832
33141
30486
28333
32968
28809
33821
32491
35797
35935
30400
28385
35304
29244
34221
35067
31186
35130
30338
35644
35124
29394
31370
36016
29040
34629
29052
32610
35801
35989
28484
31004
34285
30829
34350
35879
35376
33785
29383
32551
34643
29146
35368
30961
35568
34160
30371
30451
32301
31845
32720
33767
29892
30576
28277
34165
33184
34141
33073
33108
35990
28993
29786
28555
33744
34920
32567
28855
34252
32092
34684
33713
31178
32326
30567
32069
32281
30143
35401
32950
33145
32368
35635
29256
30065
32093
30945
32801
30999
34767
33528
28435
33205
35310
30231
33128
34083
29951
35581
35585
35941
28580
33877
31393
28258
28655
31726
32870
32307
28594
33991
35221
30797
35868
28942
35749
35186
32172
33642
31442
35627
35569
34744
32048
35953
31786
29121
33196
28323
30650
29220
33169
30188
35954
36010
28466
35881
32260
35223
35866
32398
29146
34901
31330
28908
32655
29334
35987
36051
28609
35311
29116
32781
35895
33637
30306
34375
35804
34170
31464
33167
35635
34456
34530
28377
30112
29241
35500
35854
36071
33458
29308
35068
34624
31213
35781
35990
35938
28582
28495
35589
34689
32610
31402
35508
35946
33988
28368
31748
36057
28496
28187
35640
35854
33684
29835
31826
31037
32495
29862
32854
28355
35714
28494
29978
30660
35295
34770
32105
28729
28294
35794
32376
34544
36007
31317
35891
35377
35417
34777
31222
30931
33887
32881
28549
28717
35925
31833
33802
28771
31194
34237
33356
35007
35404
30736
29021
32599
34328
35898
29361
29711
35967
28508
35777
36053
35949
28710
34835
33884
29885
35488
35527
30693
34038
34070
30312
28474
33328
35655
35543
32458
31601
30949
29117
33509
31693
33555
29068
35626
35325
33262
36053
28462
28211
35972
35603
35186
33367
29648
34862
28365
35791
35673
36009
28557
28477
34205
33034
31873
28539
35825
35517
34290
28514
34904
36019
29517
33610
32996
31054
35939
36066
29864
30404
32423
31797
35748
33672
30524
35640
29075
34301
32164
35621
33979
29089
32596
29639
32113
28992
35638
33016
28460
29707
29847
29882
33967
34366
33546
33293
30950
32556
28654
29613
35394
30671
35584
28538
31474
35830
35251
32055
31504
29682
35226
31543
35383
32957
31650
33628
30246
31623
29032
29344
30324
33911
33446
35304
34653
33599
36029
28573
35743
33077
33622
35216
34495
34033
28517
35868
35522
34347
34770
34808
33408
28682
30638
28420
29959
29634
35550
30538
36015
32760
34969
33430
28858
34398
35597
30631
35823
33984
33729
35376
34317
31566
28339
30729
29286
33317
33199
31525
33267
35904
28655
28665
33556
30287
34590
34399
36120
34252
31892
35746
35685
35676
33657
34838
34441
31613
33397
28554
29256
32659
35789
30209
34709
28783
34495
34646
35803
34964
31845
28495
28623
35789
35573
32736
29353
35527
34332
35106
32129
35114
30627
35867
28653
35689
34308
34223
34217
29739
33231
30415
35440
35945
28743
34811
32402
33265
30298
32027
35278
34100
36075
29439
32836
28360
28449
29005
29569
33630
35721
29532
31399
35622
29720
33754
33926
29876
32159
31525
33013
35768
29683
35776
34934
33319
36032
34578
32748
34074
33734
34249
29478
32781
30746
29311
35258
35619
30497
31008
34632
32634
33840
32363
30332
33981
29556
31968
34927
35112
34646
33139
28670
35932
28326
28193
35546
36080
28694
30374
35271
28773
35920
34791
29901
29187
32362
31878
35026
34082
35303
28419
28763
33581
34011
35510
32501
28435
34508
34943
29192
33945
35935
28463
28309
35614
34942
28777
34258
33770
31112
30271
32464
36089
33287
34260
33698
29734
33060
28758
34438
29975
32330
31566
32237
34893
34416
30267
34970
31970
35455
36009
28399
35828
36095
35649
30320
30763
35923
35963
36157
29192
29882
34623
34276
29418
33571
31732
34021
34223
28470
35118
35394
29146
35092
35989
29064
28399
32317
33862
34232
30766
35848
32482
34784
28562
31014
34497
32056
34809
32913
32951
35879
34685
35352
36136
29322
31703
34671
29821
36000
29198
29095
32551
34796
31266
35511
31711
35408
32589
28407
33060
28410
28571
35820
36037
34669
35475
29814
33903
29880
33094
31401
31508
35977
30808
28592
31002
31323
32208
32143
29242
28488
34811
34141
33934
28619
32238
31052
33674
30967
33671
30895
35494
28950
35649
28423
35395
32742
34848
32672
34206
35122
29803
35651
28632
32795
33812
35573
30326
34578
35349
35760
30855
34725
29044
34689
35552
31044
28918
29795
32636
31770
34059
35360
30531
34356
34673
35218
28574
28473
33946
34333
29348
34033
31778
29044
33078
31780
30839
32124
33227
28825
29224
35638
32110
32467
35614
30578
32176
31308
34594
34275
29932
34622
31341
29230
35648
32368
35260
31943
34567
34158
28565
30035
35765
35939
28975
28315
35691
34860
30292
35821
32856
30472
34337
32437
28334
28245
35735
35504
31686
31517
31161
35818
34219
32042
35833
29104
33391
34102
31804
34841
36011
34944
35400
28645
29502
31633
33761
35661
31689
28389
30875
28899
28749
35921
28465
28667
35950
29323
32193
28686
33200
35945
29523
29785
35078
34550
33412
35956
34643
35067
35544
32662
35920
34455
28542
32577
28288
34875
30511
34954
35980
34696
35091
28611
32739
29813
32179
35146
35140
28491
35707
31277
35165
34772
29002
29967
30813
32019
28585
28742
32706
30615
32402
35704
33142
28644
34693
33954
34253
33846
34670
35479
33210
35780
35985
28557
35318
29041
28494
29981
30470
34500
35660
32203
29932
33487
35294
35593
35389
30666
32793
32869
32274
28393
29460
32117
28807
30585
30962
35261
34850
30735
35688
34665
31890
29003
29802
33021
35716
36095
30868
33033
29669
35036
29459
35732
35488
30459
34783
28697
34891
35889
28918
33877
32450
28783
30075
35755
35989
28772
31590
33689
35723
31519
35329
28514
34449
35897
30487
35889
35951
35869
28557
35047
28359
30477
29995
33586
28741
29734
34342
31938
35731
31905
35625
34842
34653
34728
30274
34956
33725
30683
31354
28697
31036
31003
34507
29427
35402
29705
33292
34781
35592
32386
33923
32966
29473
32018
33190
28464
35790
32414
33069
29305
29003
35797
30099
31962
28861
32391
31675
34265
32131
36030
35495
33828
31515
35546
32033
35653
32130
36007
29587
28951
34038
32633
28463
28137
35928
35291
32273
34629
29760
35738
29045
34675
31040
28712
29881
29548
30818
31933
35345
28697
31407
34906
36013
34967
34464
33524
34988
31018
29991
32318
32062
35568
29193
36027
35639
31819
30813
34105
30336
35723
29909
32015
35611
31225
35246
32018
35766
30375
28243
31939
35965
32133
28733
34577
35457
33107
28800
35732
36033
32138
35383
31265
30201
35888
31522
34793
28474
28482
29558
35151
28619
34586
35022
29923
35686
35761
28471
29304
28921
33705
30935
31774
32746
29612
28427
28343
28125
35795
35993
32658
36065
34926
29087
29083
31932
34066
30656
34828
30783
29274
30657
28377
34663
35096
35933
34349
33755
35718
35951
28629
34487
34674
32287
29135
31688
31306
30912
35325
34398
35295
28424
29269
36024
31687
32718
29381
35837
30372
33260
34466
32131
28494
28495
35697
33231
35527
30249
34987
28477
28174
34621
34205
35853
33322
35766
35089
34841
34016
28667
28564
34786
30570
34231
29894
35485
32138
28966
31518
35445
31600
35429
32704
28558
34561
34363
35399
29797
34375
35409
35094
34758
35908
35302
28611
28382
34993
32074
35694
36063
35346
28513
29156
31639
33464
30131
34577
32992
28919
35263
33616
34658
35064
35340
34846
28606
30976
31151
35309
35394
34948
28923
34083
30844
30598
28530
29569
28632
33560
31106
32338
30360
29948
31196
34591
34177
35669
29259
32026
28490
30527
33615
30893
33670
29060
31697
35187
29141
33831
36012
29616
30614
33394
29197
34405
28826
31264
35600
28420
32542
33720
33200
28645
29631
32348
32095
35961
35921
34880
35360
30925
32363
35232
29350
29785
35570
34872
34735
33050
35449
33578
34339
29844
29533
29722
34664
35071
29564
35400
33719
33684
32486
31632
33110
35427
31461
34586
30405
33384
32122
29387
29951
34648
34731
30656
34177
29032
32818
34117
34658
29383
29392
35719
35568
28658
30405
30636
35037
35480
32694
34250
30302
35768
32249
35706
28386
30412
34790
28560
28155
34853
28392
30039
29308
31473
28282
28537
34568
34701
31288
31187
33578
30495
33307
34594
35338
29137
34967
32019
31505
33891
34321
29075
30060
30318
35085
35054
31625
35783
31489
31739
29822
35721
34093
29562
31814
35892
30067
32967
34961
34832
34467
28617
34669
33972
34108
28465
28223
35377
30925
35918
28736
33605
35593
35016
33680
35355
34530
32582
29642
29000
34953
28889
28239
28378
34154
28662
28239
34668
35360
34039
35660
29522
35521
33189
35893
32188
30933
35151
30808
28354
31357
35844
34938
33681
30240
34457
34713
34900
32446
30454
30038
32567
28455
28381
33980
35502
28493
34676
31472
31167
34054
34211
32704
34441
29656
35519
36188
35935
29116
28697
28613
28321
31379
35816
34331
35183
29150
28650
28572
35849
35529
32693
32499
29626
34718
35862
36037
30516
32305
29593
31906
29246
28559
35660
35889
28615
28621
33999
35512
31049
35717
28731
28880
31686
35934
29361
29288
29235
30715
31044
29997
32284
33750
33722
35001
35783
33791
32169
30989
35985
30778
35512
28927
28378
30062
31177
34984
34851
29893
35368
33873
30004
34389
35211
35831
35772
35860
32222
31477
29013
28902
32166
30929
30187
33458
35625
33114
32851
31218
28276
35069
32510
30768
28257
34322
34005
30074
35734
29878
34918
34011
31316
29573
29256
28675
34772
33663
28816
32622
29697
28781
34998
33274
29395
35348
33889
31920
35622
31658
30273
34587
33492
30584
28354
30098
30135
35324
36081
28918
33472
35852
29464
33822
29394
33210
33333
35626
31424
31334
28347
31946
29404
33180
35490
34350
28964
35721
35480
34167
32950
28767
35772
31516
33096
28758
30272
35851
29755
35081
33475
29201
35461
31767
35817
32694
35234
31844
35776
34828
30786
30454
31424
34317
30163
35642
34401
35568
35088
30510
35497
32925
28941
34775
28683
28311
35772
33340
31976
31000
35437
33219
31214
32871
28494
28311
35553
31616
35847
30196
35868
29728
29130
34075
29014
35949
33453
31056
30108
30117
34840
35058
32683
35309
31150
28758
35525
35450
28879
32122
33229
29960
35451
35064
35523
34209
31673
34401
31142
32315
30394
31514
35410
31779
36100
35457
34340
35789
35370
31638
34775
31153
30615
35767
35664
31879
32154
32504
28977
29964
34306
30614
35736
32990
28410
31681
28330
30443
33398
34120
36039
35834
32872
31676
31736
31555
35349
35346
34791
33849
28749
28426
29321
33707
28502
28212
34435
35325
34651
35336
35710
32667
34597
31760
28894
34380
35360
36026
34530
29315
32981
28666
32404
28442
28662
28576
34869
29383
32149
30143
33827
32832
30537
32865
29078
34045
35514
28772
30907
31624
31024
34842
30838
28748
32270
29174
28486
35600
30431
34917
33543
35722
33148
35863
29073
32883
33834
32132
32842
35887
34410
29607
35156
34003
30230
36030
29074
33391
30801
34943
31671
35664
34009
29074
33111
28453
32023
35446
30022
35009
28557
35319
34629
33506
29420
35845
30226
35876
35954
28392
28295
34806
34782
31181
32807
34929
33581
30889
28763
30471
31310
28254
28908
35398
30045
35978
35880
31066
30925
31062
31379
35976
35866
35921
29057
30050
35693
35836
28537
34709
34592
35436
29383
32286
29955
34376
34613
32978
34286
35376
35832
35531
32772
35947
28388
28169
35513
36065
34883
35126
28886
35762
30923
32811
28759
31608
30970
32666
35703
31580
32818
35873
28656
34768
31823
29275
35719
35226
31679
28801
35587
34354
31512
30947
32377
28993
28551
35580
34082
35506
33358
28689
34859
28432
31147
34858
30886
35747
31520
32978
29194
30131
34831
30737
32611
29977
35716
31213
28346
35141
31325
28607
28162
35251
28652
29486
31270
35780
33074
29281
28448
31763
33718
28532
32115
28397
35077
35281
30956
28453
30338
29915
32141
32420
31051
29580
34415
34626
32511
30959
31791
35743
35308
28464
32612
33627
32020
28532
32299
35728
28488
34747
29338
29514
29705
30132
32381
32089
30405
32625
31606
31869
35645
31609
28430
31856
35470
28627
29334
30630
28308
30084
31036
34610
36111
32430
35652
30975
35486
31534
29952
28740
29467
35240
32629
31939
29373
35829
30810
34644
29827
35635
31950
33516
32302
29984
30161
34190
34105
33276
31059
35489
31971
31386
30576
28655
30659
28733
30411
30544
35213
29179
35891
33928
31942
35765
31772
28550
29193
30604
34925
34648
33583
35001
33967
30766
34583
35670
34971
28838
29570
28931
34900
32271
29556
33207
28392
30049
33613
29643
35894
35685
33303
29315
32571
35877
31933
30954
30920
33641
29431
35703
35896
32472
32540
28409
34549
31790
30985
30282
32534
31352
35878
34309
35468
32672
31201
28931
29211
35838
35962
33855
29059
35198
35809
35226
33349
35394
35503
35230
36016
32029
31782
32391
33946
34476
35022
33922
31078
30970
35697
33783
30817
31672
32987
34852
28606
35697
33363
30441
35570
33880
34904
34641
33747
34255
35733
30013
32452
29171
29604
32849
33345
33668
30574
32279
29031
28559
33877
29920
31937
35857
29670
34920
35965
34104
32105
29044
35006
33053
33114
31724
31180
35654
28542
34765
33588
31668
31454
33552
32040
34868
31917
35850
34940
35179
28748
29183
34573
36072
34770
31908
28603
30038
28847
32336
33026
29497
35487
35773
34742
28744
28363
34670
33931
35853
31646
28363
28254
35610
34891
28459
28770
36017
29067
31850
33884
30295
32969
30803
35029
31087
30629
35442
28745
29885
33028
28330
35102
33489
32477
31837
29899
31469
32522
33467
35820
33668
34182
34894
34757
35702
30146
29593
35937
35256
28364
28914
30984
32269
35387
28514
29988
31963
32321
30118
33310
35873
35746
31173
35798
29485
35368
31091
35292
35595
34593
30071
31545
33016
34172
34179
31284
32948
33456
31046
29115
34509
30706
31094
35042
35283
35012
32277
33639
29341
32983
31864
32048
28976
30885
28728
33858
31993
34168
35608
35038
33545
32063
30695
35357
30246
35587
30728
35642
35085
30204
36082
34536
30088
28569
29354
35243
31227
35533
33102
28580
28579
33629
34818
30925
31817
28345
34919
32438
29822
33236
28481
35072
33537
33546
28725
35161
29896
34849
35792
33209
35981
32824
29983
34973
33383
30439
33828
30729
33125
35689
28740
30360
35008
34430
28854
34983
33658
28677
31868
35393
34105
28526
32148
29978
28874
31776
34218
31300
31465
36057
28669
29511
28125
33973
32173
34245
29226
35190
35229
31322
28625
35411
32510
29574
33798
30567
34395
29954
31062
32187
34822
29355
32299
33223
31023
28830
29285
35078
36160
35712
28467
32020
34791
32127
35987
34177
33876
33758
32553
29246
28448
31830
35932
29678
33458
33263
30656
31926
35862
35040
33926
32614
30361
30954
35099
31597
31026
34712
35406
31433
29092
29590
32249
29177
35977
34067
28405
34907
34310
35720
35196
35858
31131
32522
33944
32069
29017
29772
28343
33679
36024
31387
33739
35662
31161
29190
28355
35845
35684
35489
31910
35057
36131
32551
35093
35172
33344
32907
28478
35730
28808
28350
32605
32436
30387
35566
29640
32784
35313
30459
32066
31031
34561
30980
33970
28633
31199
34211
33016
28482
34350
33784
30832
35564
29079
35639
34311
28387
28114
29320
28631
34184
31635
35333
32623
30631
33720
33956
28615
28732
35244
35285
36097
34150
29929
34641
29998
35581
32370
35369
32963
33065
30093
30167
32991
32619
28612
31477
28771
35425
35661
35129
28983
32795
32814
35243
35812
35921
30279
31550
30956
32884
35587
33145
32967
32703
32438
29350
31035
35753
33985
28528
29767
30391
35871
29630
29081
32408
35779
35600
28781
32494
28170
30576
33329
31786
28447
28141
35300
34089
31329
34345
35145
28349
35635
35852
36064
33733
30951
29173
32813
35254
30661
33718
31595
30247
33282
30509
28427
35381
32449
35884
30775
33417
30920
34937
28575
33335
30183
33105
32694
28439
32028
34823
36084
36068
34589
30132
32656
29849
35244
33480
28449
32401
35406
31454
35865
35012
36033
36060
33849
30340
31537
33130
32816
29570
35929
35438
34047
32442
31986
33676
33295
28652
28783
34352
30172
34558
31752
35054
31998
29738
32364
32290
31786
34523
34949
34740
34942
31857
36063
32720
28592
29333
35749
36129
28543
28502
32991
31974
30106
32219
35645
35084
29396
30810
34822
28595
32881
34891
31745
32488
31446
32839
33568
30754
28562
32375
35137
34303
31461
32162
28549
33388
32545
34873
34565
32111
35119
35913
30091
31177
30575
33273
30528
32036
29251
32789
30289
30006
32261
28442
28283
32570
34366
31951
35759
34093
32913
35573
29668
34394
32256
28328
30064
33749
28420
32417
29841
32568
28455
28655
33505
35818
29551
35745
35570
32662
34363
29174
32807
28386
33601
32140
35793
31600
33309
30357
35624
35244
34711
28614
28215
35117
30615
34750
35766
32184
28566
29804
34264
28358
30245
35277
28504
34968
29924
35423
35521
36099
28973
33898
29307
30956
31130
33321
33164
34632
34662
32184
35901
32875
29441
32947
30300
33688
28758
32352
35374
35662
33280
34861
33555
28384
34547
32862
28477
29468
28799
33680
31661
29365
34857
28844
35846
34875
29907
32700
35920
31057
28767
34822
35998
33600
28970
33555
35567
35383
28977
28406
28398
28341
35456
34074
32114
33913
31996
28703
32083
35858
35880
35830
29588
32756
32078
35208
33591
31769
32329
35123
32396
35436
33020
28562
30220
31010
34742
35879
28630
30442
28573
35530
33377
34713
35280
30679
29118
35008
28498
28851
28252
35792
31329
35771
32871
35420
29247
35330
35293
31540
32336
30333
34579
34989
32161
30921
34321
29903
35645
31968
29147
32867
35525
31627
32710
28397
28102
35328
31329
35473
36061
34574
35703
34949
35683
30111
35488
36011
29991
33393
33500
33344
34911
28919
28310
31252
35990
34687
32818
28567
29724
33000
29243
35960
35461
32269
35613
35871
32536
35663
34361
35987
33843
30096
30967
28525
30448
35792
31706
28252
31024
29363
31540
30114
34966
35916
30149
32828
31702
29222
34466
28636
35647
33309
34791
34521
34910
29719
29433
32289
29588
35705
28507
29554
35297
35097
33308
35711
35766
30068
35713
33105
29303
35531
28605
35019
34498
30507
33210
29437
29490
32406
30736
33723
30711
29915
28421
35624
35598
31830
35960
30576
33864
35221
36023
29107
29613
32104
29394
34718
34082
34394
29193
35465
29242
30292
30750
34901
33299
28501
31347
28208
28488
35298
29810
29579
30617
32920
30299
35086
29205
33986
28286
28886
35806
36096
36121
30793
31212
34869
34751
32036
34358
34262
30146
35601
35624
32674
30036
30972
30472
35411
31896
28336
29775
34898
34687
32044
28634
34681
28391
33203
35847
31565
28603
35029
34010
30731
32789
28285
29204
32316
35584
35877
35487
32745
29719
32708
35742
29799
32221
33782
33964
35905
28825
28452
28218
34536
28422
28528
35598
32968
35240
33824
31583
29181
34016
30694
34529
35903
29554
31805
29480
35468
35539
34368
30263
35722
30182
34241
29580
35892
34929
33254
28485
28382
29171
35525
32661
34506
29865
35915
34508
34343
33030
28333
29070
34556
36082
32230
35826
32016
30939
35535
35499
33945
35661
34304
31532
35996
33541
28821
29881
28469
34649
28585
32226
29146
33684
28585
28808
35500
32378
31764
28392
28744
35808
28720
34905
35695
30563
32063
35309
30293
35001
31141
32007
28498
32976
28521
32782
28301
29719
32355
30663
36020
34506
32331
29162
34469
29593
29377
35699
32853
29148
34736
29106
30252
34939
34307
32071
35856
30894
29091
28719
29366
35589
29567
35818
35937
29428
28233
34633
34715
31498
30518
34795
31008
33672
33501
35917
30948
31183
32113
32973
33004
29718
35932
29083
32201
29411
35523
31782
31739
35801
29164
29686
34226
35796
34980
29716
29980
35416
35192
35720
35445
35102
36137
29798
32368
30351
36085
32206
31489
35973
31308
35403
34400
32778
34733
28387
35137
30489
34532
30940
28374
28183
33909
33777
30020
33485
35437
31070
35788
32435
34800
28719
28666
35776
34047
30967
32304
35735
34606
33017
32415
32107
30470
34736
28992
29431
35545
32475
34230
34321
29157
35301
35772
33892
31489
35980
28547
28538
28851
34463
36030
32283
28957
31740
31152
28636
32404
29174
34214
29071
35072
34629
34285
35189
31705
33237
36015
32200
29996
29395
35765
35407
32949
29130
28388
30592
30575
34196
35871
32893
28441
29364
30997
31164
35488
34039
33166
35128
35177
34943
34973
33540
35849
36098
29945
29087
32841
30338
30796
28293
35371
28772
34393
32559
30859
34685
35625
34907
29266
35697
31067
35923
34300
32439
29784
33789
34102
29083
28397
34696
28509
29030
35644
36075
33074
29103
35431
30874
32694
31960
31970
28446
35275
36048
28810
32847
28510
33053
35298
35696
31217
28353
28270
35737
32386
34945
30588
30140
34158
35068
33333
32602
31235
31809
28351
28631
35791
35724
33343
35483
32609
34784
28671
35926
34913
31416
32694
35305
29139
35761
29667
32954
34273
33791
35745
35920
30407
35771
32465
28534
28458
35678
34695
28465
28433
35207
32479
34805
33702
28973
33093
34046
33655
35755
31315
29091
30742
28938
29424
35568
35987
33397
30022
35706
28518
29306
33457
33014
35498
33503
31941
31654
34984
34638
31320
30414
32009
32671
31346
35857
32730
32405
32529
35744
28562
28501
32649
29716
32619
28406
28442
28551
32566
32773
33990
35048
33439
34461
34293
28957
30806
34824
34646
28507
30807
28617
31633
35528
35584
32553
28492
32870
32884
30244
30034
35185
34502
31938
35874
30971
28578
30910
31378
32925
28930
32812
28926
30025
33562
34765
30709
29730
33521
32447
29952
35729
35934
35444
31667
33742
29747
34235
30873
34607
32000
35829
28980
33430
28510
30367
35752
29773
34794
35786
35727
33117
28903
35781
29600
35677
35517
35621
32565
28479
28329
28295
33350
32494
35826
29138
35597
32102
28569
30314
31273
35944
36167
28550
33598
30668
35455
34687
28393
30101
30417
34893
28567
33389
33599
32269
35824
31550
34099
35587
31375
33171
36037
34885
31102
31163
35944
29652
28600
35068
33823
35380
33147
29868
33173
30495
29751
32564
28439
28228
35160
31263
32256
35369
31270
35600
34621
31247
35785
33493
30462
33363
32251
28988
34085
29879
31817
33789
29466
35608
35810
29874
34054
33168
36050
29125
33872
35551
34495
29025
28841
35673
29660
28348
35339
36019
29781
35087
34779
31158
29480
29986
35227
35762
28837
34186
35465
29911
35931
35929
34587
32270
29758
28749
34549
31925
35956
35068
28865
33846
35952
30130
29918
34357
31756
28432
31887
28454
33418
28858
29560
31684
28301
31230
28881
34401
36036
28502
28230
31598
35956
28472
35528
34626
35826
36172
30710
30267
34717
35129
30512
35095
32146
31323
35358
29681
35884
36064
33754
28553
32554
32397
36052
28378
28927
30335
32187
33597
32765
34321
31956
34623
29004
35132
33080
28382
28131
34078
35203
33038
35970
35461
28453
35553
35109
29353
29344
28448
31637
30928
32101
28479
30050
31575
29151
29016
35856
35649
28774
33078
28462
28764
34530
28968
33250
31176
33635
35817
34004
28488
29595
29239
33413
34444
29244
34613
29827
31963
29551
35294
32779
35781
35985
35831
32078
28508
30357
35932
32461
29599
30261
35490
31562
34591
32959
31989
35725
34196
29141
32152
34131
31633
35108
34242
28521
31047
30158
28470
28361
33616
29734
31281
29978
30881
35512
33390
29114
33235
35874
34175
29594
34546
33763
28669
28250
35753
35933
31025
35125
34880
30987
33755
36046
30987
35381
31802
33402
32872
34289
29708
35726
34097
30426
28934
33332
29897
35661
35434
33355
35811
30576
32711
28814
28569
35841
35833
33769
31056
32527
31937
29120
28301
34228
29248
28886
30654
28423
33309
32663
35713
32631
30526
34922
31936
28291
35570
31998
33679
31884
34329
33974
35736
28663
33391
35508
29749
35994
35823
34465
33060
29079
28401
35559
31323
31717
31023
31002
34266
30306
34374
34633
34786
28394
28694
35589
34230
35093
35599
32827
29242
33596
36013
28770
33501
29472
34707
30564
34491
36150
33743
28861
35729
35601
33679
30995
28586
34447
31522
31254
35387
35315
32832
36071
29062
35488
33785
33443
34350
30053
35661
35163
28528
35260
33552
35743
31076
29443
35793
28845
33383
34030
33422
32811
29038
35674
30039
33050
31144
29507
33165
28542
31823
35096
32940
29381
34696
35215
29685
28593
33795
28557
29783
31522
30496
31902
35668
30387
32198
29130
33902
31383
31604
28672
31626
28694
28272
29286
28750
35482
28361
32790
28401
35255
34345
35943
29627
32141
28732
30423
31450
33147
34915
34335
30590
29573
32917
32325
35925
34329
33759
30610
32500
35884
35602
33069
36072
33420
28610
35649
35988
31791
32244
35136
30848
29287
30972
35372
28675
31645
29576
31621
30810
34642
35474
29128
29182
28523
29162
33606
29964
31019
34080
29920
34749
31269
35502
28512
29411
35131
33229
34262
35797
33832
33962
34479
29059
31303
31139
30164
34913
34271
29696
35812
35657
28822
34031
35889
36126
31181
34789
28911
28342
34350
35316
32162
28438
32255
33015
36060
29642
32398
31273
28655
29775
32396
31687
34257
29687
30767
35803
33408
35409
32698
32080
29786
31441
29993
30575
33201
32709
29447
34320
29186
28697
32818
35718
35644
33535
29557
32587
31575
33320
29745
35947
35506
32156
33220
28329
32123
31691
28761
33142
35950
29497
28913
35436
35545
35760
30706
34870
28611
28206
35438
34448
31342
28285
35439
30335
35684
32297
34996
28341
33862
30877
32362
34240
34540
33769
30390
32717
28903
29795
31368
35282
31915
28382
30070
34891
34909
28681
32654
31686
35728
36144
28850
29586
31213
28418
34501
28941
31385
31799
29044
31671
30850
33919
28474
32992
32864
32971
28411
28262
30464
28629
30531
30332
35377
35170
34593
34769
28586
35185
31733
28820
28354
34813
29213
33781
28251
29414
33314
34798
30907
34058
33256
30532
29954
33908
29457
29994
32291
35960
31103
33343
30686
29882
35442
34229
31517
29584
34831
29904
35924
32409
33441
30212
28787
32031
33519
28366
33733
28604
29018
35472
28700
33063
32753
35841
35525
30213
33563
36116
35929
29684
30853
31463
31913
34857
30451
35957
35239
28579
31029
34911
33214
31316
30264
35327
35985
29114
28331
34019
33691
28806
35848
34748
31261
28487
35200
33387
35179
28591
35887
30507
35579
31138
35775
29196
29085
31569
36071
33439
34317
28642
34043
32785
35596
33854
28437
35721
33655
34132
34306
31891
33013
31703
35608
30469
36065
35031
34805
33514
31225
29158
28393
35628
34789
34700
30096
35852
29786
34254
35274
34258
33187
28790
33130
35749
32121
36156
29948
35226
34579
29677
35885
30171
28636
35473
35442
34500
35411
29177
28583
32131
35342
35417
35895
34075
32378
29427
32738
28835
29667
34623
30465
29967
28941
34945
32753
29307
31538
35251
32161
32835
28640
35817
35920
29292
28441
35430
30932
28948
29119
35967
34233
29070
30901
33349
32435
33239
32499
29827
30901
31850
28469
31322
33886
31424
35952
31864
32953
28550
28241
35794
35031
30771
30204
35870
31594
35655
33678
34335
35417
32720
28831
33888
33935
31624
28650
31047
33973
34998
31242
35224
31350
34384
29563
35893
34282
32832
28458
30160
32263
33145
34504
30726
35737
29029
31265
32414
30180
34991
32659
35960
29933
33856
35652
32044
31969
35533
30451
35375
29068
31576
31037
30990
29140
29974
32602
30572
34149
30367
33257
28629
34308
34802
29960
33445
30739
34819
35620
32206
29463
34384
34378
32961
35885
35947
32554
33533
29003
32251
36077
28586
31662
30048
31893
28695
33490
29330
32573
28387
34122
35083
31685
33100
35904
34838
31406
33915
29404
35919
34931
34675
35264
34204
28540
30374
35788
33745
35557
35387
31016
34051
33407
35903
30252
31440
35547
28604
31079
35607
30900
28921
28345
33773
35841
29044
30493
32723
33525
28720
31681
29868
34189
33284
36025
28660
30587
35438
35995
34412
30741
32703
28889
35057
29337
28410
35766
35532
35697
33842
35088
30464
32050
29686
34227
28987
35276
35871
32932
34234
34077
31833
35836
31304
34409
31895
29041
32292
32173
35092
28886
32549
28345
32721
29677
34677
35264
34977
31886
30031
35216
33485
30635
31687
33136
29040
28695
33504
28920
29520
29420
31391
30106
34496
34285
32411
28619
30053
35989
28777
28513
31927
35371
32606
35968
33657
35806
31693
34145
28646
33430
29451
35721
36134
28778
28326
33665
29224
28593
35487
30900
35021
35960
35894
30018
32228
35293
33778
33009
34602
32188
28458
33783
35950
32162
28358
31957
30496
30034
35184
33131
28969
33457
30316
33579
31579
34302
31973
35610
34103
31474
28832
35090
29419
31466
34098
32157
31709
30694
32582
29664
34592
35509
31851
28364
28236
32987
34691
34879
33735
30703
30852
32630
33971
35504
35385
32485
35898
35109
29773
34148
32673
28911
34362
28409
30670
30980
34604
34322
31658
30639
28732
34013
31564
28649
28509
34963
29077
33993
30156
35411
35179
35985
35137
31478
31924
35972
34193
35701
35895
32805
28894
35539
32547
34772
32062
35868
35892
34374
29579
28428
34784
32250
31231
28941
35731
28491
28225
35840
35199
31922
28400
29843
35905
29557
28379
30057
30816
35710
32093
29723
33894
29663
28274
29087
35739
36172
34241
30880
29787
35293
35624
35141
29455
31320
29555
28581
33964
34618
30739
34948
30061
35066
29792
34935
36034
35440
34268
28553
29445
28171
29462
31229
35027
31097
35532
30699
35705
29248
31972
35522
30198
31461
35975
34895
36069
29813
32025
35699
28514
30363
31243
33515
34646
33810
34849
34486
31963
36013
34894
28599
34868
29090
35512
31442
28487
29986
34274
28922
30395
31256
33179
30618
35549
35904
34220
32740
29994
35581
28432
29224
34946
28715
34535
33452
32638
29569
29740
35480
33775
30926
34820
31458
35438
31706
29524
33208
35052
29543
28405
34501
35658
31603
35999
28734
33260
35807
34303
30431
32250
32721
35282
29500
28926
33705
34574
34790
35578
31678
35831
34042
28518
35782
31702
31323
29291
35595
34651
30563
31070
33895
33653
36005
30300
33707
28749
28851
28503
34237
32175
34298
32770
35828
33693
30678
30292
30412
35679
36086
33467
30465
35828
32097
35779
35416
32760
35260
33620
28699
31452
30107
34769
35149
28551
35301
29641
29717
35229
31653
29912
28982
35618
34780
32782
34426
34362
33934
28358
33544
31887
35970
30671
30694
33267
31165
30687
36047
34713
30271
29953
34530
35696
31184
35161
33125
30151
34742
32792
31021
34468
28417
28781
34625
35985
28586
31093
28970
28643
29836
33814
33778
28851
28311
35077
33631
35810
33549
28912
33716
35903
35636
32629
28427
34893
35060
33937
32762
33846
28864
29320
32084
34881
29103
32710
30997
34462
35097
35977
31309
33505
32904
28598
32650
34917
28377
29151
35988
28565
35492
31753
28643
28618
34899
34013
33050
28404
33754
31725
33843
30272
28569
28908
34378
31791
28190
34570
30777
35029
30002
35376
35387
28571
28625
33235
34038
29859
35285
31169
35733
31487
34926
28616
29521
28381
31179
35852
29052
29420
34230
28562
30592
33255
28466
28615
35457
29242
32071
35733
31954
33069
28377
35566
35486
30235
35853
34666
32757
34611
31910
33981
30991
32788
35778
35809
31605
28460
34032
35669
29141
28315
35639
36069
34288
35976
31838
35704
30870
35657
36061
29316
32980
29296
34164
34899
32860
28918
33734
29070
30965
31538
31127
32204
31983
32652
34563
34865
32655
30308
30682
35817
29608
30092
34323
28402
33586
28462
29362
30272
32546
30918
35817
31733
32382
30890
36092
29701
30115
34319
33332
28803
32126
32682
31874
32054
29044
33378
32059
35620
35429
29719
35918
35210
33656
28904
28582
34713
35912
29737
35777
32116
28783
35258
36046
33556
35893
30932
35845
32096
32174
35729
35457
28636
32922
29216
28574
31301
28382
30673
32709
36102
28683
28231
34223
34821
28625
28402
32329
30328
35766
28447
35315
29507
30410
30358
34580
34334
28514
30935
33157
28713
32230
35919
35602
35796
36197
36153
31371
31765
32783
28625
28445
32995
29258
29993
30154
31605
35227
31245
35719
35345
28758
32439
30934
35456
35692
32566
31001
30579
35942
29165
29076
33425
28455
30387
35202
29443
35363
35419
35653
32056
31726
30706
32297
32420
35576
33607
32963
35725
33498
28354
28145
35702
35131
29894
35644
33365
28589
28176
34645
33712
29874
32269
35928
35116
30515
31445
35501
35335
31666
35814
30240
34296
36057
28579
35495
34831
34987
33986
28657
35671
33770
30774
31358
35104
31323
32696
31610
30697
33166
28947
34830
34243
29241
30172
32054
28446
28279
28435
33952
35809
28448
28332
32596
29402
35840
29899
34771
34492
34713
35104
34283
28643
34696
35548
30250
34462
34863
29533
34344
28373
35799
34815
31536
34857
29480
35924
28421
31391
29814
33107
31397
35750
29847
28131
31372
35885
34884
31508
35917
29098
28693
35532
33735
35654
34902
36020
35799
34958
31292
30281
34047
32172
32674
32836
30564
28647
28275
34909
28455
29423
33692
30785
31185
32253
28862
29319
35982
29235
30547
28305
32724
35236
34968
34446
32439
28545
32496
31047
35158
34995
32959
35868
35822
35132
28798
31177
33023
30580
28776
28544
35348
31834
31051
34214
31000
35404
30864
29771
35196
34426
28697
31358
32298
31705
31162
33382
35792
33706
31002
30141
34469
35763
34225
29083
28652
30544
30631
35799
34336
35612
33862
33225
34472
28793
32950
31213
29161
30441
32576
29678
36005
35568
32670
29568
34674
29518
35394
31639
32180
35970
30525
35888
28734
28515
31888
33663
31302
30021
30912
32000
29819
32370
28599
33174
29199
32050
33513
28856
35783
29420
28831
34239
35797
32574
29426
32116
28491
34967
30983
31528
28430
30364
32530
30121
35502
34585
31408
32062
30888
34506
34907
28644
28475
34299
32076
32517
30498
28375
30241
29417
35923
33272
36029
31588
28677
28328
35265
35374
32715
28581
28619
35853
34679
30216
34130
34041
33868
28553
28471
33446
30886
35223
35992
33597
33318
34511
28362
29929
35594
32012
34361
33753
31297
34034
34694
35922
33176
28624
28837
30558
33373
33673
34852
34095
31570
28587
29706
32767
28551
32144
29578
29272
29538
34842
35378
34734
32410
30823
28338
32633
34707
33453
33824
35430
28959
32117
34370
28739
32361
30037
34271
34278
32684
28501
29680
35145
32228
28569
32900
30103
35723
32504
32434
35749
29478
34302
33748
30686
35394
31614
33564
35160
28425
28105
34645
33013
35108
29586
30572
31878
30123
31298
34863
33057
35946
29952
34124
29007
31647
35500
35348
33079
35721
35925
30668
35929
29901
31187
32466
30910
30520
32484
31397
32275
28494
30357
31258
34326
33504
34215
31737
28407
28343
34516
34094
33368
29849
31627
34722
33347
34894
29716
29156
30504
33581
32892
34066
32425
33068
34486
32547
33156
28492
28192
35169
30184
36047
34641
30102
35329
32780
34638
35095
35919
36029
35809
32800
28657
28271
35745
34889
29909
33891
33290
35663
28683
28362
34991
28931
32135
34501
32377
35330
29442
30491
35780
28788
33743
35655
36036
31448
34200
33593
29123
29438
35938
33070
34737
31585
32720
35370
31124
35974
29770
33816
29287
34640
28481
34848
30167
35442
35216
31650
31279
32955
29652
32867
29670
30088
34544
34716
35766
29137
35880
34601
33683
29834
35369
34899
28705
34668
28507
28997
35644
34089
28607
34419
30181
28547
34858
29694
33039
28344
28802
35830
35819
33525
32900
35454
34315
31047
30221
34403
30095
32674
35925
35865
31979
28953
28715
28485
29487
35752
30773
35754
36048
35042
28508
35323
28474
28488
29607
35758
31555
30415
32327
34068
35245
30986
29053
28280
35110
35927
29465
30983
35631
31808
35533
32339
29389
33990
30577
31133
33110
32250
29519
29662
31553
29737
28605
31636
35770
28463
28820
32303
35806
29501
28619
32102
35072
34832
31037
33352
35787
33513
36069
29259
29627
35737
34799
34407
30016
29064
34893
35654
34077
33536
31080
35200
30352
28599
32040
28464
34777
36028
36238
30454
36064
30980
29574
35604
35478
34182
30926
30971
30533
35675
35937
36040
33627
33199
30364
35636
28855
33539
28439
34972
28862
31445
35042
33121
28569
34245
28814
29134
31754
33217
35102
31675
28658
28822
35648
32902
32976
36064
30798
35628
35917
35861
35022
32954
33492
31946
28818
32275
32011
30236
33655
29560
34544
34041
32321
34771
31227
29221
35535
35926
35029
33154
28631
32476
28517
29226
30447
35598
32800
35064
28518
29240
35041
34201
32980
28718
30135
35397
31534
31878
30735
33521
31860
33987
28787
32610
31308
30076
34488
33659
30003
35668
34389
34612
31752
28670
31431
35837
34811
31591
30446
35753
30853
32787
35046
33731
35902
29412
34291
33381
28648
31339
35977
34929
35136
30288
32647
30095
35754
28268
35167
34822
30776
29068
30446
34590
32267
29140
29822
30910
35427
30978
28580
30590
35093
28802
28241
34542
33653
33179
29002
35499
33621
35808
31559
34301
35581
29167
29533
30228
35990
28612
30431
34278
33013
33239
35474
29164
30015
32326
31093
28736
29731
30933
32674
29675
28896
32812
29251
34685
35860
35534
34295
29712
33718
35965
29743
34861
32696
31908
35789
34285
33066
35614
29570
28270
35745
35811
35162
32070
32703
36149
33833
34646
29303
33109
29907
30752
35805
35687
36107
31765
35649
33515
30132
34958
35838
35649
28527
28800
28928
31009
29897
34072
33843
29967
28327
29444
34063
33241
30154
31686
35349
35056
30668
30986
35589
28577
30275
34951
33258
28871
32890
28894
28362
31559
35416
33105
35971
33359
28557
29478
28871
32468
30965
29777
32661
28406
28130
35200
29234
36006
28679
28394
33544
35900
35277
28580
35245
29667
34104
32041
28314
28653
35137
33972
31257
35754
29768
34050
35694
29705
33016
35077
33482
29657
33877
29263
30354
33371
35306
29294
36054
35816
32962
34218
29037
33070
29562
32579
30320
29651
34885
35741
30759
35226
31406
32163
33700
33231
29555
29013
33221
28791
30800
34751
35405
31978
31661
35860
34975
31577
34288
34445
35660
36272
29700
28413
33730
35111
33151
36188
35923
35981
32736
28825
33063
33518
31889
33839
29200
35645
35302
32788
34163
34012
35600
31682
36023
35094
33928
28665
29708
32758
28586
31768
35939
32630
29456
35510
35799
31888
29462
32349
33949
35293
28922
29759
33603
34180
32021
28468
29194
28282
30298
35920
28729
28732
28356
35830
33706
35901
33336
30393
31939
28617
29186
35818
33510
30282
31181
35678
31661
35946
28480
34143
36085
34129
35712
33439
31156
35830
35842
32664
32887
31437
35876
36067
34586
31430
35979
32987
29827
34517
34154
28900
28676
28955
28102
34043
35462
32691
34015
35405
28895
32941
29041
31674
34649
33066
35581
28967
30436
28564
28523
34392
34681
35952
34624
35846
29726
34682
31479
35965
33239
35877
29271
35803
31617
30917
33181
29007
35359
30363
34876
35586
31045
29960
28306
33895
34798
31355
29983
28988
33279
28434
28398
34035
31897
35952
33603
28754
34910
34017
35091
32017
28273
28289
35767
35536
31830
33040
28601
34359
33326
35209
29862
34838
32762
29858
28960
30343
35451
30767
30352
35962
28839
28384
28114
35082
33722
35560
29492
31702
35839
29742
35229
34139
30561
33497
33189
29982
30958
35479
31534
30764
31350
29015
32192
35961
28747
34333
32994
34971
32362
29491
28413
34175
31546
30488
34825
32223
35789
28538
30090
34028
32172
33694
35742
35756
35922
36187
28589
32628
35367
32270
28903
28439
35932
34835
33173
28554
31312
35221
28402
32984
36074
32994
32165
33208
29666
34806
35869
30619
35997
28752
28357
33844
32354
35813
35971
29329
28332
35232
32389
30100
31565
33422
35652
35653
35040
33249
34903
28687
34354
33041
32725
31336
34242
31281
29079
31670
31788
28646
34427
29032
32666
30938
33003
35238
33298
29603
33759
28831
28361
31777
28895
29840
31328
35103
29468
30579
28835
31121
33364
35584
35517
36116
29603
33093
28741
35338
33940
35764
28910
29660
29464
31840
28434
28413
35680
31753
28286
28700
34831
33112
36018
29550
35210
32341
35326
31421
32442
28502
28776
29915
30844
35594
28764
35791
34879
35936
29540
30731
28723
28551
34464
28589
28743
31667
30631
28383
29305
33435
32752
29548
28572
35629
35920
29678
32973
35739
29191
33175
35888
32219
35384
33577
32048
36005
28282
35573
34112
35877
29183
32963
36013
29303
29023
35373
35423
30788
28536
31745
33200
34318
34529
35242
29626
33885
29827
35236
34666
32081
35301
36021
36054
35415
35723
29284
31216
34509
35611
28493
28337
35656
32980
35573
33452
28430
33876
33703
33645
28691
28489
34558
29594
29121
34588
35200
29772
34370
36046
34415
33389
28545
31124
33981
35820
31780
28598
28762
30772
28511
28996
31716
35771
31152
35671
36074
28563
28631
31049
31409
35612
35138
35927
29167
30205
33754
33150
31664
35942
35606
35815
30652
35199
30054
34460
34841
34853
29679
29927
32404
30309
30035
33308
30677
35792
30297
35222
31460
31638
35160
28787
31140
30866
34583
34328
34297
28828
35094
32427
34917
32875
33040
28847
34808
32975
28496
29867
33576
28365
29330
34376
31224
29495
35535
32319
31585
33441
31123
29726
35192
34891
35131
29150
30814
29106
34647
30329
30932
33263
29329
29788
33400
28491
29117
35840
35726
28464
28218
35851
35236
33762
33338
30273
35257
35605
28567
31783
29148
35940
28330
28200
35854
35372
28419
29651
31024
35237
34678
29249
35773
35958
29797
31050
34165
33745
29409
30103
35146
32873
30099
34818
32548
28397
28332
34337
29608
35803
35824
36167
29827
31132
32677
31790
31678
29448
30347
28754
30674
31173
28676
28291
35391
34702
33250
34132
34031
29746
30733
28749
28701
34791
31225
35162
31898
30718
33631
30378
35603
35878
33572
32365
33590
29051
32069
29928
35889
35935
28790
32142
28360
29086
28783
35449
32945
30429
31761
35100
34303
33425
28379
28605
32145
28806
35709
32129
29607
35418
32893
28827
34378
32069
34622
30647
35153
31986
36011
30640
33873
35320
33204
29908
35583
30406
35275
35698
32818
32585
28363
30668
35176
35138
32199
34649
32747
29251
35693
28993
34924
34746
32554
28373
29314
33379
28475
32964
34012
35673
34182
35952
35076
30547
30071
33450
31515
35866
29055
34319
29557
30475
28450
34949
29124
33033
31353
35429
28602
32863
35115
28431
30190
31404
34090
31291
35860
34361
32803
28624
28198
34482
29115
33203
29156
33881
30584
31281
33599
30056
31046
32205
28615
29951
29422
32581
29673
29838
35709
35789
28714
34297
35734
28414
28179
35964
34819
35251
28563
35756
36145
33438
28457
31465
28351
33946
31644
33458
34063
28345
28249
34073
28396
29197
35360
36022
34651
35030
30729
31701
35912
28951
29514
28937
35105
33072
28275
29403
35578
34255
30879
32139
35569
35568
33694
32227
29878
35785
30082
35864
35291
36131
30620
35529
35164
33146
28427
28254
34712
33210
31413
31377
29640
28794
30653
29208
32984
31233
35116
32814
34928
28970
32734
30953
28219
33868
32576
28879
32073
28947
29880
34467
28549
29951
35607
30241
35858
36084
28488
32517
28945
31946
28399
29767
30969
35079
31326
28568
35779
35504
33638
28659
35696
36065
28957
32404
28477
33002
29961
31887
31104
34978
36086
31556
30517
35532
28692
34680
31778
29542
35493
33729
28407
28788
30916
32779
28347
33677
34508
30363
32361
32862
35913
35841
29830
30901
33901
35606
34543
29636
32971
29276
28600
34241
29094
28334
28439
32632
35768
31596
33209
29171
35440
35468
33817
32499
32118
35734
35635
33351
31708
28230
28267
34356
35143
29243
33462
30850
35638
28786
35910
35141
29152
29738
35733
31352
33733
35569
32945
31550
29793
30542
34819
28814
35792
35326
28767
34525
29672
35600
34609
29977
35840
36122
34478
31475
35412
31013
35860
31557
35647
30875
35713
35166
35620
32953
32020
29151
30895
28876
34519
35921
30540
34408
34509
28633
34487
35656
35433
29219
35785
35126
33478
31785
35942
28614
33311
36105
33929
28409
31784
28305
28226
33744
35111
31859
34112
28383
28199
34955
31802
28883
30582
33228
29525
35684
33801
35835
35634
35956
33705
32461
28375
29798
29957
32163
35948
35648
34233
35502
33934
36080
33137
28605
29598
33473
35573
35999
34588
31957
33863
33892
29634
34913
35821
28393
33624
29080
35857
36110
33453
28471
31706
35872
33872
30802
34398
31207
34753
35116
31233
35416
33998
31484
32093
34961
33475
28469
35454
29383
28343
35230
34933
33949
35799
35959
35192
34114
33355
29934
34151
35690
32818
31535
34968
30300
35479
36102
33366
29605
35297
35576
35727
34398
30531
32399
29689
35009
32879
35760
33446
31371
28769
29565
32824
34718
33667
35501
28760
31650
28381
34969
28494
30060
31854
34525
34876
32814
28799
32921
31105
31440
35060
33059
35117
28254
29605
30960
35333
30393
30686
33595
30120
34969
35822
35975
33713
34839
32137
34773
31646
30811
30753
35839
32075
35410
34127
32698
30810
33056
29587
29888
32821
29226
35584
35965
35884
30414
35889
34819
32431
35862
32057
30000
35561
29589
28349
30179
35204
34426
34730
35098
35089
29988
35396
35258
29361
29352
28296
31602
28572
30003
36059
33190
35789
34261
35474
32742
28326
28216
34684
33607
31863
29091
29647
30743
33357
35733
31592
32583
33609
34905
29711
32899
33334
34313
30590
35297
30718
33484
33734
30264
35772
35619
29177
35674
35698
31514
28986
30307
35969
28577
34454
32861
28440
28239
28413
29285
28823
30930
31485
35736
34606
35650
28439
28406
33356
35906
30588
35250
35133
34282
28389
29906
34756
28425
35814
33967
35859
35488
35988
35722
29279
29004
34876
29592
29403
33484
29138
30460
32279
33258
29856
35941
28958
34492
28356
29390
31628
35689
28525
28267
35829
35517
29061
33475
35669
32018
35900
35610
32088
32536
30058
35257
31331
31053
35664
35584
31663
30559
32103
32353
28297
32664
28963
29343
35631
28556
28459
35789
28607
30438
30471
30443
35676
32362
28368
34198
35826
32993
29117
28349
35420
30666
31130
29096
28799
28604
33071
35929
35905
33671
29631
33658
35491
30568
32425
29174
30217
31861
28389
33924
35600
28529
30339
33034
32852
29852
35860
33157
35610
33372
30356
35222
32383
35673
33995
29700
35926
30826
35185
29232
30788
28846
28179
34557
30730
35947
28725
31220
35184
33659
34398
33192
35105
33468
28397
29364
35831
30820
33198
32699
31633
34938
34454
31934
35985
31920
28696
35614
28556
30990
31958
28297
29365
33753
32493
33628
28525
32710
34533
34633
29236
32782
35604
32158
30928
32035
34134
28427
28444
33981
29880
30930
28288
30406
35754
30924
35447
34620
33779
35789
32885
31194
31212
35684
30742
31104
35396
31589
29242
31283
35885
34883
29825
35877
35847
33972
30182
35233
34877
28721
28254
34101
28955
32796
30372
33595
32254
31932
32434
36097
35595
35526
28553
30349
33048
31283
35646
35124
28782
35984
34039
36174
33843
31965
34872
35591
29628
34949
33432
29264
34218
36123
28925
31648
31026
33686
35190
34014
35036
32437
33658
29493
35796
36075
28738
33488
35528
30185
28473
34434
33647
30423
32453
32145
31756
28715
31736
35508
35903
35893
29047
31923
34753
29065
32587
33772
29992
35779
34950
32571
35582
30465
29084
30686
28315
32851
33910
32856
29919
35891
31922
35594
30664
35582
30980
31383
35156
35577
32206
35825
29140
28283
35529
35473
31192
30856
36043
33608
34346
30026
34133
32573
35301
33919
28570
34562
34985
29300
33749
31629
35482
32705
28602
29773
30399
32648
33882
34319
28562
28142
35255
30644
33335
28364
28647
35413
28634
33923
31291
32033
28385
28256
35751
35625
32359
30837
30319
28506
34137
31030
30906
31242
31023
30769
31138
31682
32222
28377
28723
31303
33822
35744
34608
32039
30911
30270
36009
29804
34909
29021
29720
35513
33274
35230
33406
30798
31699
35374
36099
34902
33610
35761
28401
35845
34303
31267
30484
36066
34988
35283
31354
31659
29298
29036
33940
32494
32134
35873
30994
28505
29421
34692
33407
28498
28359
34280
34297
29823
35778
32702
35825
29100
35340
35133
33856
34174
30417
35811
35964
28484
35012
33634
35727
32459
32058
35841
31869
28426
28805
31361
29616
35348
28456
28167
34642
29796
29143
29701
33070
34247
30280
35899
32647
33863
31799
36148
28924
32846
28678
30417
31138
33933
35050
30155
32409
30612
31275
29570
34396
33975
36076
28579
34295
33768
28491
32415
30289
30029
34958
33941
28786
28138
32235
30068
29256
29155
32454
33222
34972
35096
30732
34726
35932
29426
28384
35000
29826
30167
29837
33753
33940
34901
31892
28512
28216
35812
34298
30970
35593
28612
33640
35082
35495
31308
31552
35737
35700
36008
30373
32779
35634
30578
32846
28700
31089
33466
35935
28433
31365
32820
29408
34238
34154
28873
35097
35188
31854
35969
28404
28218
34877
30643
35066
32557
32086
32512
34254
31398
33921
36116
34125
35539
32894
29903
35785
36223
35710
32897
35868
35808
32829
30818
35617
31218
35907
35578
35182
29753
30628
35609
29389
29131
34495
32712
29751
33807
32850
28782
34915
28884
31607
28352
30352
29075
28594
33797
33373
29481
35526
32014
28546
32357
35012
32739
28824
31722
31458
29864
32941
28310
30311
31430
28862
29273
35425
32074
28891
32682
28322
28338
34222
28931
28497
35657
31841
30252
35257
35622
34377
31685
36026
33775
35230
35891
33974
35726
35242
35425
34426
31910
28509
34247
28499
28253
35556
31169
30763
32935
35182
35560
35822
34299
32108
28972
35777
31054
34889
35592
35391
32619
33507
32738
31563
32643
31764
34913
34132
28648
28411
33476
28717
28983
34365
29176
32614
34281
32924
35925
34175
29244
28355
29201
34499
35096
33491
35964
28504
28603
35741
35514
30364
35961
30440
34599
32851
30793
33792
30463
35744
33335
35381
30036
31661
31973
31386
34141
28887
34178
29744
35548
34545
28780
28519
32741
29549
35721
28366
28180
34691
34109
30808
32840
35640
33023
29856
28281
35818
33943
30818
34029
31036
35643
36179
30806
35977
33274
29883
29235
30130
33477
32753
34874
33516
34476
33740
33855
34452
34585
31145
35410
29539
29601
29213
29120
34012
29467
28346
35479
35508
29327
35919
36059
28749
29032
30726
35464
32675
33240
29613
35892
29099
32806
28855
28440
30151
34284
34161
35740
31384
30808
32276
36036
33774
28745
35471
33927
35889
36027
31097
33644
28742
30565
33740
28414
28634
35104
33382
35629
35881
36052
31122
35701
31434
35867
34422
31661
35900
34168
31366
36116
28514
29143
31981
34933
29767
29451
30187
35389
34670
35237
29122
31933
31398
33660
28944
35796
34971
30301
36028
34582
31135
35749
35936
28676
34607
29134
35040
30119
33312
33322
35908
34118
29643
34727
35707
33607
28329
29547
32725
29116
29515
33034
30096
31023
30240
32877
28618
33848
35740
33861
30392
35273
33620
28467
35621
31897
35964
33158
35890
34507
32406
30142
33584
35868
35933
32736
35681
34645
28882
29940
31565
28329
29824
30095
30234
30985
35434
28540
28432
33788
33525
30729
35386
35177
34582
35009
28582
28275
35142
28583
31317
34681
31664
33186
28415
32387
30848
29914
35842
35362
28721
28174
28475
28463
35035
34062
28435
32651
30355
32229
30060
32036
35384
30045
35702
31560
31701
31983
36015
29110
35769
32497
35098
29712
35930
35898
30980
35833
35105
34694
28561
30395
33846
33726
35838
33599
34801
35359
34997
31946
35955
35470
34473
31904
35711
28455
33639
35926
35166
34810
35524
35750
30654
35853
28534
28255
35794
35432
28765
35800
29710
35633
35629
30794
35895
29038
35787
33224
30283
35852
31305
28346
29249
35905
33891
35912
32278
35696
33415
29423
28779
28512
30687
30068
35267
28471
34947
34280
35549
30597
30426
32929
28889
31306
28610
28620
29623
34432
30429
32439
32070
34738
33993
34999
35218
29514
33985
34990
33498
34709
34304
30459
31384
31697
34314
33098
32884
29251
33908
35952
29676
30518
33185
35800
36022
29791
28732
35460
35405
31107
32416
28407
35877
33439
29938
34889
28472
34087
35710
30932
33899
33120
35831
35570
30675
35226
35259
35653
35053
35312
35902
28410
34715
34063
28688
30175
30264
35713
31903
28326
28366
34534
34328
32489
35389
28904
30525
32763
32771
33890
33107
35418
28473
28346
34170
36083
35236
29533
29123
35554
35840
30363
35116
34785
32533
31704
30290
34491
30644
35640
34414
33837
29651
35743
34378
30212
31662
34196
34011
34097
34182
30809
35893
29686
31674
29535
35659
33409
30307
30033
35830
34308
31779
34790
32621
31526
34058
31018
30644
32155
35896
28916
28339
32374
32740
30870
35306
31942
29564
29650
30997
35857
34570
32363
28564
28673
34186
35307
29107
28587
34797
34774
33479
28915
31141
31736
35341
35954
29470
32220
29418
33719
30976
35850
33986
35648
34066
36022
35877
33549
32057
35918
28525
34642
33876
30019
35643
29243
35599
34642
35798
36084
31061
30264
31044
31382
32989
29951
35998
29788
28268
34425
33993
33312
30053
32139
30236
34968
32699
35796
30273
31022
28350
29615
32184
35058
35924
34457
35732
35899
34720
34617
35576
31551
35937
34364
35748
30574
32885
34294
35552
31174
33681
28616
30138
31334
33530
33658
28582
29287
32964
30193
36002
35877
28479
33280
32099
32294
35025
28426
34539
35494
28584
30740
35258
33033
28992
35430
32878
29630
34165
32387
35349
33361
34777
35311
34899
31174
29987
35146
34386
32335
28636
29719
32895
35609
33998
35023
31737
28538
28281
34975
32324
34145
29642
31927
35112
28377
28292
34968
33200
29848
30048
30917
35353
33114
28437
28153
35197
34970
28896
29450
28532
29007
35154
35341
32762
29285
31457
30382
32606
29407
29321
35277
28485
29532
28289
34155
35126
29611
30398
28685
30117
34244
29767
35707
35529
29181
28138
28474
35565
35100
34571
29827
33841
29079
29268
30108
35737
28540
34366
28357
28612
34192
35100
35863
30421
30880
35831
29871
34010
35505
35487
33864
32110
32001
29213
34369
36006
29302
30881
29846
33434
28507
33978
31523
32807
31603
32378
29082
28177
30072
33828
28934
35832
30305
35708
34250
32556
32837
35991
29097
32351
35579
30205
30212
35785
35853
30055
34358
33105
35953
33232
28575
35589
29821
35341
34397
34815
28887
29580
29828
35895
28351
28568
35743
34211
35932
35897
32596
28394
28774
33639
35062
31197
28454
30325
32354
29226
30979
28416
35725
30425
31614
28223
29353
33555
28477
31558
34726
29892
34085
35496
35756
33265
29186
35904
35274
34672
31565
35963
33054
28873
35211
28378
30014
29337
31882
33765
29124
28521
33833
33525
28412
28601
32615
35985
34068
31396
35595
35570
36132
31919
32807
28702
31112
31426
30692
30066
35688
34185
31863
28399
30455
32651
34827
35401
35398
30929
34369
30065
35091
34566
35062
31464
34656
30108
28567
29763
30554
34374
29297
32387
28423
32965
32750
28848
30933
31362
35699
35639
33700
35940
28677
28761
34904
34760
28360
34925
33814
35410
30132
30574
34776
29966
29671
35457
32057
33793
29687
29676
35762
34692
29736
28807
30257
29334
32412
35191
28695
35636
34180
35091
35623
30400
31041
34369
34281
30743
35276
28641
30529
29035
33185
36060
34552
33303
28729
29273
29177
35460
29543
35551
31894
35349
29606
35360
31078
33224
28360
34569
35554
31840
29699
36001
32111
31642
33010
36011
36076
33043
33679
31430
28394
32444
34598
34391
29259
33755
35471
35183
28751
35686
30781
35422
35525
29123
29883
35054
30145
28365
32077
33184
28542
29612
34467
29267
35263
33757
32759
36005
28834
32555
34447
32739
28545
29171
29516
35731
34794
32393
29226
31730
35923
29273
28713
35391
35530
34473
30059
28330
28927
31207
33758
34649
31351
34153
35636
31905
35358
35390
33190
35548
28541
29098
32490
35247
32886
31948
29838
35658
34758
33859
31888
33499
30073
29834
35902
36018
35122
29887
35092
34523
28524
28189
35316
34522
30837
34078
30669
34945
35912
35345
28467
28368
30943
30338
28392
33220
33096
28556
29517
32668
28615
33775
30498
30503
34206
31691
30682
35164
33046
31148
35210
35483
28530
28247
35088
33905
35547
29170
28571
28174
34870
31144
35281
32358
28352
34514
30703
35990
28829
28924
33773
30861
32710
29310
35676
36089
34904
35327
35856
35960
28687
33339
31306
28739
28817
30134
35040
32022
34306
33559
30528
34462
28284
35732
36081
28827
31832
30552
34122
28455
31714
36034
31905
31287
31042
29259
28825
35900
28978
33042
28607
35801
29908
28869
28897
34141
30934
35177
28445
35334
35075
28412
28690
30611
31465
33122
29064
34498
29884
29698
35504
32433
34030
32553
31334
34878
29101
33159
31144
34932
34241
35180
31858
30061
32553
31631
28875
31261
35801
29393
29209
30664
32967
35699
33071
31906
29063
29081
34697
33112
35677
33907
32558
33279
29070
29672
29129
35769
35193
31880
35695
33540
35929
30138
31735
34897
28402
29927
33486
30236
35889
33360
30200
30087
29039
33818
31814
29834
30018
29356
32194
35176
33522
32051
32624
31175
35867
36071
35182
28520
28608
35030
32566
33749
29791
35633
35826
35944
36154
35125
36024
35165
34872
35092
29234
29128
32377
31700
34916
33522
32866
29454
34106
32268
33769
34291
35796
32714
32433
34065
35698
31659
35980
35456
34686
28955
32869
36166
33220
34895
32186
32474
35670
35523
32502
31736
35807
29957
28799
33962
35879
34635
35216
28466
35786
35685
28760
33141
30184
32222
33715
33701
33868
35507
35010
35228
34512
36113
35181
29012
35875
34419
35058
31083
28512
33008
31756
34640
32149
32833
30588
31605
35506
30120
34981
34897
31105
34149
36024
32113
30634
30436
34434
34840
28555
28334
35684
34151
33541
35756
34210
28778
29605
34435
30120
30069
31666
35207
30401
30857
35220
34553
30875
31360
35673
35950
31247
35480
29474
34025
28666
33228
30425
32667
32247
32945
31768
29858
31674
34824
35760
31589
31969
31219
36038
35351
28924
30864
28395
35334
34461
31193
35560
34434
35443
32716
32716
32716
32716
32716
32716
32716
32716
32716
32716
32716
32716
32716
32716
32716
32716
32716
32716
32716
32716
32716
32716
32716
32716
32716
