9910
32920
34467
34258
28260
31707
30623
29604
30861
28323
29774
35216
34370
31508
33273
29264
35578
34110
28223
35348
35234
28850
28112
35172
33635
32689
35577
32952
35649
35690
28868
29535
33335
28342
35286
35812
34592
30384
35496
33607
34989
32134
35145
31632
33839
28225
35018
31943
35589
30911
34377
35761
35921
33782
34150
30926
31301
32938
30608
29560
29905
32924
34526
32593
30158
35513
33520
34209
28358
30340
35715
29628
31010
34485
28456
29824
35606
35783
29667
33547
35097
35375
32623
31439
29900
28707
29435
34870
28604
33098
28850
31108
30693
34496
35963
29468
31076
35497
33710
29026
31729
29488
32608
34066
30647
32334
30882
31535
32674
35205
35552
30708
35062
35012
28586
28588
30380
35604
28299
28136
33512
32719
32240
29817
35899
31581
32099
30674
35885
35922
29228
33469
35389
35104
32208
31110
32384
34163
32825
30608
29766
30429
35584
35251
34875
30040
34745
35353
29950
35278
31728
28338
28356
30524
28257
29755
34136
33044
35156
32050
29325
28773
34124
32243
33114
35774
35258
35755
28354
29140
28240
31808
33351
35485
29077
33794
35871
28504
30570
28503
28366
28104
30032
29130
28075
30171
30838
28226
34482
31911
35885
34843
35775
32318
30662
28103
30151
28224
28354
29223
28317
29360
28404
30878
30084
28540
29042
34775
35812
29345
31988
33417
35142
35757
28414
31428
32323
35788
35695
32372
35334
32651
28666
28256
28706
29532
34780
32027
35083
32925
34501
29708
31403
30073
28354
28159
33400
34673
34484
28734
30315
29329
35736
33042
29718
30328
30511
28902
34776
28667
35727
33120
35589
34456
32463
29976
28213
35844
35859
35747
35437
33984
31593
28338
30161
30458
31400
29414
29472
33142
30763
29997
29349
28731
28289
31765
34302
28596
30095
35492
31761
29679
35641
35935
31288
34318
31597
32893
29996
28487
28355
30325
35750
34174
34961
36145
29247
35745
34349
35347
31122
34150
33614
31924
30835
33626
34202
33672
35846
31710
35510
34782
35941
35341
29303
34214
33365
35502
35521
28505
28281
34091
29391
28426
29517
34564
32624
32906
35887
34933
34247
30653
33677
29026
35579
33676
28169
28544
35860
34026
28639
33726
35766
31567
35639
29437
28626
35029
29384
34876
33034
35874
29383
28232
30323
31971
28487
29739
33364
35398
29761
34732
35752
28594
35056
32043
33957
35667
28121
32144
29372
33698
29371
28438
31342
28562
34885
35701
32978
35504
35892
35963
35897
32251
28356
33877
31541
35892
28458
33221
30536
31550
30280
35042
32835
29045
35784
32616
34106
29276
30361
28506
34269
33942
33368
34801
34609
29391
35179
36098
35123
29517
34293
33912
28446
29813
34043
35975
30480
30345
35797
36164
28752
28413
31543
35222
29441
28303
33240
34899
33622
33782
32269
31633
32144
33520
35682
28511
35059
29004
28558
28356
34704
29352
29446
32552
34311
34394
32254
28671
35176
29901
34180
29848
28758
32428
28891
34003
32149
34355
30448
34628
34722
35155
28620
35777
34047
35742
31510
28448
29365
28451
33540
34676
35706
28503
32014
33170
28807
35829
35069
31502
28538
34705
35972
35984
34933
28743
30666
31048
35690
28483
28541
35635
28727
34522
29752
35820
35521
28333
33533
32062
35682
35937
34430
30390
30643
32277
30958
32714
29792
34084
32791
31176
29089
35784
35894
35211
35927
30911
28999
29742
33199
28848
28362
34277
33769
32825
29505
35727
30338
28287
35787
35364
29541
35869
33663
34792
29725
35100
32676
32816
34488
33714
29580
30865
34444
28360
33754
33447
31929
32738
34633
28716
34694
30132
35222
29197
32755
29696
34503
35838
35077
32687
35200
28894
33425
33306
28562
29933
29677
33095
33842
29711
29612
29732
32919
32841
28392
33809
31218
31347
35545
28714
33500
31010
30217
32564
28190
33178
29067
35812
30306
35498
34435
33037
30340
28210
33537
29012
35083
28979
30107
34713
30862
29235
28975
33451
35595
30072
32522
28907
33367
30559
28290
35619
28830
33509
31239
28801
33958
29206
28546
28278
35820
34442
34290
35693
35276
35684
30814
28508
32815
29264
35543
35603
28831
32734
30132
33711
35010
35896
30815
33417
35924
36117
28840
35885
30398
28363
34324
35389
33520
36125
35857
32444
31603
35601
36039
31112
28413
35002
29586
28962
32645
28298
33795
31900
33499
32794
28739
28801
35568
34993
34177
32457
30266
29844
34826
34211
32178
28354
32200
33272
28446
34968
35012
29315
32417
29833
34863
34720
33503
29091
29041
33332
35224
29471
28560
30555
34983
28808
33078
28721
35217
35059
35420
33002
29557
35029
32231
29147
30872
28707
35734
34776
28619
29579
34185
34486
35854
34558
35947
36111
28859
32894
30823
34899
35472
29692
35616
33516
34646
35769
31073
31451
35257
35718
28946
30393
33987
28498
32327
34909
28440
35013
35360
32325
35013
31409
33681
28816
32180
34500
30499
34442
30328
35695
30268
33871
32548
28301
32181
35686
30049
34764
28553
34870
30868
29063
34482
33735
35145
30939
33432
29513
28263
35005
28819
32914
28650
35791
31960
29178
28604
35392
35106
29574
31825
35908
35973
28414
33122
28723
33622
31733
29163
31620
35681
31845
28463
35610
30075
35037
35891
34708
30955
28580
32239
30468
31235
31047
35039
35488
35582
32738
30779
32841
35359
33955
34160
36081
32160
29668
29335
28969
34111
28523
35613
28573
35883
29536
32330
28591
33510
31303
28272
35377
29431
35726
36036
35684
31060
29467
35497
35469
35321
31837
28317
34282
33605
31373
29589
28915
28181
28922
35586
28923
33433
31859
28822
33144
29212
35763
31087
35688
35636
32885
35253
28575
35836
28727
34896
29517
32286
35561
29999
34746
28610
35980
35642
35350
35288
29436
30983
35489
28518
35743
29479
28326
34631
32448
35806
31990
32990
28345
34140
32722
29653
33230
35106
32399
30744
35782
33554
33230
29440
29575
34548
29318
29130
35877
28422
30810
28628
35662
28553
34707
30670
35877
28706
30579
30971
31575
28409
28385
33981
28591
35540
29989
35576
32920
31461
28891
34552
30750
29307
35694
35253
35093
33685
29595
28613
32134
34759
32334
28540
33292
29095
34312
29151
35836
28432
35335
34191
34554
28663
32107
35540
28289
35081
33438
28362
34037
34348
28944
35817
30396
34469
34772
33513
35699
31212
35801
36022
33568
31669
29303
30283
35748
35615
34076
28663
35137
28446
35196
28762
35192
31358
31890
34070
32758
32713
33899
33696
35835
34300
31491
35873
29703
29333
34472
33114
35232
30222
34219
34415
35728
32242
31444
31636
31753
30479
29642
35026
33742
28377
33869
30728
28239
34590
33772
30552
28639
35766
31360
28442
29383
34779
31882
34944
31572
35913
35877
29242
28812
34240
35957
35678
29732
34876
35013
29372
31804
32973
35261
28856
35691
36011
35476
31109
35917
28778
28572
35684
33492
35913
35968
34678
30091
28899
28278
29508
30763
35741
28835
29594
35880
30209
33593
35437
32194
36022
28414
33392
28559
28269
28821
35347
28449
34871
32093
33956
28974
35917
33076
31530
30393
32465
34659
30648
35919
35918
29079
34997
31826
33022
33607
34186
32300
35651
31630
29290
28412
34913
29178
35550
28365
33491
31561
31164
28423
33462
35659
35717
28509
31155
28534
34447
33673
31422
34005
28490
33922
34154
28694
34624
31694
31175
28251
34465
28530
33697
31844
33438
33408
31240
33196
30127
35418
35704
29550
34181
32030
35549
35872
29336
28384
35241
31563
34124
28298
34789
28817
34535
33476
29625
35860
35380
28376
35735
33093
33791
29305
31497
29672
30786
31181
34606
35676
30926
33348
30054
30512
32820
35704
33667
31143
32667
30789
29023
34467
30146
29344
35150
35645
28455
34751
35553
30829
30670
30833
35486
35893
30506
34408
29780
28212
34715
32353
34485
33669
35738
30169
30981
35567
32409
28435
32013
34365
33959
34612
35296
31450
33543
29863
32304
35941
29847
35787
35368
29801
34298
31628
30543
35808
29335
34124
31035
32214
34982
32200
30000
35383
33462
30637
34370
35982
29644
35022
31377
35772
31940
35651
31909
35789
29167
28286
35735
35926
35451
32388
33237
35990
34061
33257
33994
35209
31414
35125
30594
35516
31874
35640
36122
28606
35103
29171
33021
32788
28677
28275
35701
35120
28450
28294
30608
32194
35070
35852
31751
28729
32958
34493
28976
31540
33360
35252
31563
34697
29939
33263
32999
32075
29634
35324
32151
35676
32431
35386
29408
30516
35982
34840
28729
34678
28712
29931
35805
31469
31706
35253
28638
30167
34937
30183
34813
33849
30285
35794
31734
31490
30840
35392
29609
31616
28386
28861
35259
32698
28347
31858
32893
30816
31299
28309
29288
35619
29654
29007
35547
30024
31747
28279
35563
30564
34152
31476
30359
30581
33626
32630
33929
29404
35958
33037
28498
35212
33607
36038
28882
29183
33912
30286
28504
35642
34233
32587
29160
35663
31279
35245
31026
31953
33052
31003
32852
34813
34746
29730
29102
35649
28469
34613
34356
31635
32815
30195
34332
35995
33134
31912
35780
29646
32447
28573
28286
34598
35987
33987
31914
35497
33346
33539
31351
31053
29134
34087
31590
31573
28483
31542
28287
35155
33046
29049
28283
35636
35474
28794
28407
35281
35277
32493
28415
32266
34996
32307
34527
31908
35950
30412
35748
35272
29015
33368
33720
35770
29367
32406
36023
34730
31973
35230
28587
31095
28355
33506
29169
30415
29569
28945
35220
34239
33894
28620
29579
31379
35848
31910
30628
35305
31143
35241
33593
30783
34400
33342
30541
31376
32050
31881
30694
33590
28504
33067
35902
35518
28678
34790
29668
29187
35129
35751
30924
35765
35238
28501
31271
29613
35859
32934
28395
30334
35402
30685
34462
31372
29435
28352
35067
33506
35459
32032
35420
34855
30466
35929
28721
35698
28411
33035
33711
28285
33794
36039
30655
35502
36117
31910
30037
30472
29391
35508
30992
28610
35238
34623
35666
35386
29367
28282
35585
30253
33268
35980
34862
30327
35351
29656
28301
28971
35662
35832
31447
28982
35777
29038
29403
28358
35149
32538
31391
35684
28481
28859
35709
31420
32152
35580
33895
35736
30471
29039
34517
33463
34048
33360
29653
35888
30103
32204
32148
28360
33058
28424
34624
34075
31262
33684
36040
33816
33998
35504
33083
28307
32817
35886
30040
32112
35489
28649
35205
32705
36108
29479
28550
34113
34989
29690
30918
31989
35470
36079
35780
35385
28505
34344
32490
29969
34929
31535
31215
32385
35693
33554
28485
29085
34946
31185
28910
35474
31786
35373
31154
35757
32571
28288
33662
35981
28556
29123
34502
32135
33377
29147
35806
30587
35030
34082
32652
30444
35617
29864
28437
35157
31566
35760
33039
30342
35163
35277
33603
35771
32567
28975
35005
34876
35034
30878
35928
34934
29655
35276
28613
34176
31670
28326
28553
35785
31262
35422
29623
30687
28245
28348
34289
31685
30446
32695
35245
31118
34171
29034
35966
36149
28617
29947
35795
29847
28455
31784
34553
35041
29459
31063
35301
32742
29233
30518
33406
28378
34854
35608
31585
28377
30947
31945
30483
28317
32319
31587
31171
28419
35371
36081
28451
29717
35689
28439
34387
33687
31045
28862
30080
31817
34484
34506
31597
34879
34908
29748
34841
32466
36089
28905
29057
34904
31614
35964
31394
31512
35106
33699
30508
33598
31186
32932
34818
30479
32434
35708
31253
34969
31775
35719
28732
34928
35161
32926
35327
34843
35091
34465
34440
33579
35858
30126
29616
30616
32512
35168
33714
35434
32634
28895
33645
29194
34945
30225
34170
28714
32802
31032
35705
35109
33535
31665
33837
33690
28796
35632
29103
34302
35833
32634
31304
35701
31133
32979
29127
29638
35443
30096
35371
35678
28789
35789
30479
31101
28283
28481
35681
28913
34799
35595
35709
30521
35208
29924
35077
32904
31930
33085
28630
32729
34422
32292
29291
33427
31993
32353
35708
28617
34134
28778
28863
33266
35392
33074
35688
29894
28256
34963
31631
34253
34673
32736
33835
35717
34101
32000
31171
36041
32646
30871
35566
35960
33569
30921
35719
34705
28976
35631
29800
35326
29419
35224
33206
30257
35957
32202
30048
28324
33807
35970
29574
35290
35927
31101
33264
28753
31032
30569
34952
29090
35512
32975
28944
29867
32026
28813
29349
33637
28544
35465
33588
32516
32330
34277
33807
33872
35893
28983
33759
29638
32974
35202
34933
29476
28761
33372
28424
32880
35571
31114
28913
29038
31798
34194
33279
35761
31767
35781
32362
31324
31848
30396
35745
29847
34731
31281
32966
31551
35434
28544
35744
34838
28464
32816
33652
29284
34720
35890
30563
35895
31488
34465
35673
29132
35478
33141
29191
31545
28464
32398
35971
36028
30674
34646
33373
35909
30239
29268
32359
35965
31305
28504
31257
28707
35481
33804
29532
35451
29352
34775
32605
34678
35443
28444
34307
35789
28813
29016
35262
31042
34199
36060
32783
33911
32311
28562
35461
34819
32897
28660
35428
31993
31694
33727
28236
35762
35045
31405
35664
28663
34253
31561
30362
35404
32298
30417
35186
35353
30119
35855
35884
34812
32531
30938
35580
28927
35483
31438
34481
28788
33523
29821
35369
35391
28889
29086
35507
31642
33580
34001
33427
32391
33412
33297
32007
34023
29212
35646
32925
35677
33047
28398
32323
35304
28529
30369
35617
35771
29978
35540
28866
29504
32479
35523
31589
35620
35400
34455
29548
35416
32809
35832
28567
31629
30805
29623
28684
35675
33071
28511
30816
28745
35299
34963
34849
31528
31321
34126
28486
32968
29898
30166
28918
32715
31712
28945
34925
34617
34797
32114
28550
35800
29311
33306
33493
29506
31562
31176
28507
35614
28390
32337
33822
35742
34601
30017
30436
30743
35718
30171
35257
28704
35191
32469
33395
33142
35776
29625
30078
35477
32363
34897
30508
29047
35390
31409
29459
34225
30729
30705
29792
29913
34389
35013
31882
35660
28427
35797
29835
34809
32543
29293
30816
35062
34938
28746
28268
30496
28859
35934
28903
32295
32422
32591
28251
33084
31398
35937
33683
31082
33031
30007
28383
35577
33922
30759
35579
33431
33658
29466
33176
35729
28610
33172
32958
28945
31847
30636
35374
29389
28130
34042
35061
33091
28407
31650
28673
35236
33362
31661
35678
29696
34095
30836
32596
32172
36017
30234
35661
35825
33994
29701
32686
36063
33923
28647
28137
35597
29839
29324
33330
32371
30574
33363
28643
29142
33444
31525
30697
29044
28245
33880
35787
28522
29168
35612
33627
33190
33269
35172
28517
31323
32319
28518
30857
29789
34534
28450
30344
35731
35246
29703
28640
35317
34323
35102
35246
30327
29840
35676
30754
31936
34497
34795
29617
35916
30886
31130
35896
32853
30608
28647
35728
29843
33386
35597
34194
29919
34941
33922
35771
33583
32193
31946
35880
28498
35485
28926
32290
34390
36022
29537
28185
35825
33117
35073
30379
33601
36019
28486
31201
28529
33248
35244
34444
33352
35729
28507
29670
35662
33082
29068
30296
30885
31550
35846
34975
30802
34567
34218
33773
33252
29570
35638
34742
33514
35922
29984
30893
33934
34114
30851
32474
36011
35503
34375
30495
31012
35778
31727
35737
34044
29476
35661
35297
32473
29145
29818
28336
34118
31607
35709
29889
35695
28536
31562
30486
34573
30760
35796
29071
35398
32250
29654
30434
33267
28416
31902
32946
33200
33593
32835
34671
35267
31384
30844
30440
35763
34635
30765
34691
33174
34891
33767
29113
34779
33165
30035
30629
31419
33933
28702
35946
31537
35863
35523
29240
28240
35733
31051
35392
33498
28469
34645
34279
30975
34329
28567
30728
29487
29618
33136
28422
28401
35815
35045
29884
30608
33024
33256
34087
35933
35244
36104
35960
30091
30642
33712
35382
28383
29674
35780
28513
33996
29921
35343
35056
34893
32869
30877
28383
30025
35746
32858
35824
35999
34544
28486
35736
28347
33611
31056
30922
33295
35373
33222
28302
35248
31350
36159
29315
35622
35278
33145
28529
30055
31974
30081
34306
35320
33899
30889
35994
33099
35575
29469
35733
35758
28597
29109
35553
30466
34776
35166
35637
29414
35564
32126
32006
35266
35734
28430
34174
31661
35484
31657
35747
34245
30719
32601
28806
29035
35167
33316
34403
32243
28523
34463
31881
35651
30033
35198
32625
34979
29077
34801
35895
32758
28553
30879
31034
29628
35553
35862
30731
35273
29186
35177
30126
32910
34856
34236
33538
28497
32232
29339
35742
32203
35096
28521
36007
28429
32688
34870
34114
35502
35412
31442
35234
30324
34278
33111
29418
32994
30679
29004
34306
33542
31234
28429
30467
28986
29876
35641
36096
34187
28541
29675
35697
31470
33584
35459
35563
33528
28442
34354
35208
28685
31518
30995
30665
34789
31916
29465
35150
34830
31551
35975
28817
29049
35026
32679
30124
33999
35602
35838
35160
35023
31371
34385
32313
31361
35774
28935
34862
28569
35434
35905
31682
35825
36018
33720
28408
35018
32892
29135
35875
32408
33851
35716
29557
28675
28318
35336
36000
33926
34495
35724
29545
35464
32928
28328
31334
28580
34524
32345
36001
31433
33067
34832
30622
33175
31761
35348
30568
32426
33961
36127
33950
35719
32633
35907
29527
31447
28726
35117
35771
29323
35785
30168
35636
34646
32728
35577
28811
29283
35101
30889
30115
29935
28698
35461
33507
33744
34526
33755
28523
32592
32229
33984
31464
30805
34245
31690
30481
32609
36004
35972
32515
34987
33411
30658
31966
33825
28584
29515
34954
29101
34680
32894
33050
35498
29366
34888
34678
33910
29616
29651
33249
28310
33839
36002
35816
32518
29758
35860
29648
35132
34597
31539
34639
32169
35741
32263
35030
34153
28488
28727
35648
30948
32426
33362
34356
34332
35288
34442
30818
32870
29650
35017
28473
33296
33359
28543
29867
31801
29258
34023
35408
28946
28329
34917
30550
35612
31238
33579
28631
33784
30661
31166
33119
34837
32175
31949
28676
34851
35593
28634
34663
33330
33684
30795
29524
34752
31788
35905
30708
35583
35893
35066
28561
34714
34230
34056
31134
35678
31830
36024
28495
30531
28845
30180
28368
30566
30051
28362
35614
36000
28553
29823
32441
35308
35379
34287
34900
33261
34023
29118
35942
35548
28467
32741
32891
30567
35123
30373
30173
30556
35730
29713
28640
34216
34273
29527
29568
35616
31923
29257
31982
29718
28259
35287
28400
32829
35825
33529
28914
28319
35881
29981
30554
33218
35027
30934
34179
33009
31431
31124
32328
31607
32208
33930
30116
34863
30047
35610
31157
31044
33556
28512
29566
34579
32338
35910
34850
35486
29128
35760
35165
31553
31981
35909
31510
35320
33574
29950
34021
28556
35255
31814
34829
35741
28361
31185
30198
31723
32570
28596
30953
31166
36029
29843
34285
32869
28608
29155
35402
31930
28626
29626
35108
31629
35700
35219
34546
33109
35788
28532
34178
31049
30942
34709
29819
35821
34824
30909
35035
30675
35755
28468
30309
32177
30148
35704
30469
35382
31573
30191
35885
36193
34941
29586
34580
30594
31254
33066
30487
31942
35299
35202
34372
32972
35621
33300
35768
29463
30837
34117
31714
30574
33623
29722
35756
30839
30769
35031
34671
32790
29067
28885
34287
34912
31891
28768
35452
28540
35861
29212
33215
35963
34213
35610
35968
33728
28727
34678
35125
33012
31885
28572
28166
35813
29387
32602
28736
29171
34775
32097
35176
33602
29655
28653
34338
28676
31561
28464
34224
33883
31254
33225
30081
35773
35569
30491
32593
30283
33329
29871
33213
28688
31507
30821
32865
30405
33384
30962
35687
31914
35795
32583
36058
29012
32358
35848
30648
35974
34814
34223
34037
28451
28878
33947
32082
28764
28639
35291
29448
29205
35767
32702
29941
29220
35478
32484
28373
33006
35144
28553
33914
30514
35983
32937
30078
34658
28978
34501
34901
34942
35031
34046
30206
28467
35447
30996
32040
35098
29084
33625
35816
33150
34341
34723
31456
32149
35269
34150
30856
33130
36015
34662
28463
29375
28440
32500
28468
30113
34277
36035
34642
30028
28873
34310
31889
34028
36073
31166
34613
35927
33977
29366
35638
34013
31170
31307
35131
28363
30977
34438
36037
28524
31037
30072
35476
31949
34912
30260
35552
29736
32605
33191
35121
33109
31423
34209
35835
35117
29735
34076
29672
33869
29025
28146
35809
31208
31185
28511
29731
35731
32027
29309
28742
34142
35327
30533
35659
35964
33517
32889
28318
31487
31635
32674
28852
30264
31549
30028
34714
32429
35486
29500
35666
31237
35232
30771
32254
33938
34945
29251
34940
34892
32764
33123
33748
33586
32459
35347
31012
34844
33918
31321
35668
35383
35203
32958
29832
31648
30839
31202
30614
35723
35717
34885
34971
29403
31931
31914
35479
32800
35457
30871
31693
35637
35636
29473
34634
35950
35199
30045
30803
31737
29068
35577
35345
31061
31237
35899
34266
30826
33734
30793
35233
35997
31382
35509
35957
28524
28305
33434
35579
35802
28349
32915
36058
34614
35920
30712
29089
34582
33735
28885
35799
30155
31682
34414
31647
29398
29517
34869
32636
30018
33908
28664
33768
31882
29756
34242
34507
35953
33627
35481
35174
35009
30988
30729
33228
28428
30820
28205
35747
29400
31468
28405
35645
31197
29684
28303
35763
31393
35109
32822
33554
34560
35523
28870
35276
35301
30229
35901
29586
28268
32415
35281
35879
29033
33471
35300
35742
28475
29347
35729
35683
33953
30443
34906
32311
29752
28318
35713
30410
33330
29949
30133
32649
34832
32417
34297
33848
28857
34442
31988
32342
30620
30164
33835
29975
35749
36069
30980
35303
31683
36008
29879
28597
33009
30899
31363
33269
34206
35639
35693
28485
33337
36169
35527
34433
34778
34107
28666
35496
35029
35623
32822
28387
29380
35604
34448
30588
35156
35575
32955
28701
35787
29891
34633
35762
29387
35302
31622
31549
35083
32587
35414
33071
31656
29272
28520
28341
35385
28593
30188
31465
28448
29989
33098
35673
30171
32625
35525
34098
29612
34404
31517
33978
28500
31717
30005
35166
33349
28989
35787
31059
35901
35108
28476
34645
34287
29657
35781
35027
35881
35752
33383
30047
35149
34588
31388
32355
33515
34079
33575
35662
30231
33057
35811
35802
29341
35615
31953
35801
31541
35773
31790
31590
35874
35224
29890
29630
35108
29128
34862
33713
28517
28702
34000
35404
30492
35581
29004
35737
36051
35211
33886
30793
30771
35730
32420
28557
35694
34945
30407
29830
35221
29868
34960
34974
35648
32768
31354
28676
28294
35380
32963
33999
30067
32626
29912
34922
33008
32274
33748
33943
30674
31810
34563
33930
32498
30697
33635
35826
28531
29079
35583
33871
33144
35808
33769
34494
31889
28658
35557
32072
32512
32961
35327
32963
35690
29056
35674
31248
33902
35938
31436
32274
30695
28474
28546
35046
33154
32835
28696
35725
28761
34194
35169
33825
35938
35620
31166
34638
35314
36057
28520
28642
35463
29156
30949
28435
34959
35913
35289
35864
34891
28542
28451
29634
35649
29317
34095
29867
34265
33344
31506
30863
32961
34079
34793
31064
31757
35256
32340
35733
29860
30318
30415
33695
32620
35194
29150
32319
35899
31099
28359
28415
35293
29952
32842
34357
28627
31119
29010
35008
32421
35605
31958
33407
30648
31014
35073
32098
35364
32746
35334
33580
33308
31752
32593
32272
29504
35730
35520
29965
35574
30739
28267
29756
35789
28388
28480
34112
33920
33114
35542
29423
29065
35289
32267
35063
33700
29306
28393
35069
31636
34396
28575
34330
35406
32815
36032
30548
35813
28991
35776
35869
34949
33230
28620
29404
29074
35371
34476
31631
33010
35435
32523
35844
32185
35361
29017
36069
29870
32091
32146
33450
30341
30154
28699
28913
35441
34134
31039
32134
33465
32858
30235
31408
28765
30841
28261
35646
36053
35775
28504
33617
29797
35709
32356
28973
30597
33371
30969
33628
33652
28536
35604
33783
35864
34672
30392
35761
28417
35787
29035
33320
29169
34691
32065
30602
30053
29352
35794
35950
35027
28895
34373
28506
32401
34872
35772
35868
29058
35949
29998
35853
34001
35547
33383
30987
28592
35791
29463
30080
34012
35984
28599
33946
35501
33239
35810
29207
32934
35372
34957
33692
32722
35749
28665
32615
35486
32323
28915
34227
30269
35738
29887
32742
28384
29342
35399
35294
28821
29579
34943
33569
32314
30428
30374
30597
33559
28332
29910
34779
30926
32464
33236
33521
35545
35085
32976
29936
33573
29599
30410
28856
28701
34633
33281
35768
34597
29003
35901
34893
34660
28584
34181
30889
33627
34165
35787
36005
30786
35890
30906
33945
29799
34438
33785
36156
30163
35784
28486
28264
29158
32960
35667
30171
33518
34160
28864
29300
35875
28469
34017
30082
32030
35668
32687
28447
31485
28647
35000
35399
30334
32414
28367
33101
36010
33233
29330
33126
31871
28307
29419
35690
29315
28989
35395
35073
32331
28210
32644
35753
29606
35589
31496
36017
32966
34210
32497
35089
34451
28475
34114
31649
31414
32326
29717
28518
34876
32184
29982
35650
35986
31513
31601
34412
28946
35872
31658
35390
35415
28834
35835
31055
28390
33931
28818
28564
34400
31581
35466
32518
35906
30289
33525
28342
35692
35389
33263
33724
35733
31198
35270
35709
31822
31601
34882
32868
35930
28770
30168
35919
31691
31064
35005
32230
35908
34281
33240
28426
36005
32639
28629
28638
35756
32447
29176
29619
35815
32597
35985
30534
35408
32779
30570
31601
29157
35173
35165
34017
30262
33921
28398
33324
29043
29682
35840
31147
35117
33302
34308
33840
32929
28360
34070
35567
35816
30064
30583
30448
29133
33902
29301
35449
31413
31598
35373
29657
29162
35365
32635
29531
34734
35231
30780
34032
28470
33905
35871
29804
34232
33149
34941
32352
35544
35896
32046
28550
28855
34440
32694
32757
34557
32694
30893
36023
29345
28883
33415
28836
32526
35966
30588
31827
33326
28321
34805
34804
30492
33276
33796
33869
28601
35761
28334
32800
35656
29803
35541
29392
35722
35736
28525
28978
35195
32913
34482
35320
32452
32408
35970
30953
34758
35529
32313
32502
30580
33021
30376
31265
31004
35009
30625
35576
31357
36048
30348
28830
35739
32145
32227
28517
33794
36003
28408
30765
32430
35953
29403
28782
32328
35941
35524
33398
29668
33656
29826
35824
30939
35366
31322
28716
34955
35081
35333
28760
32402
35309
33524
35961
28651
30286
29247
29278
31872
34981
35471
28418
35423
30660
35737
31711
31984
30879
32469
32394
29697
31532
35919
29343
35125
35328
35736
34160
31211
28821
32270
34656
28654
33286
28481
35197
33839
29792
31975
29798
32835
28284
35719
30254
34104
29092
29079
32990
35184
35792
33242
30182
31643
29715
33424
35037
29166
31641
29038
34694
32270
35857
35649
30608
35040
33242
29851
34572
32588
35559
33257
33382
29389
35630
29100
32218
29922
30843
31453
33530
29253
30487
32972
34875
28407
32175
35700
31541
34314
35536
32022
30168
34449
35886
29011
32838
32491
34568
30616
32424
35274
28783
35576
35523
28559
29367
35288
35606
31237
35321
32276
35826
33755
33224
29089
29858
35837
33616
30523
35653
31871
32550
35872
32187
35595
32299
32086
35778
29627
33616
33735
32260
33622
28601
33198
35880
36098
30171
32306
34461
33478
36050
28416
35529
30256
35352
30869
35447
30697
35556
30151
35875
29029
29247
35596
33570
28978
33311
28401
35729
35348
29728
32909
35472
35927
32981
35936
32276
35329
34809
35580
28890
35706
30822
35333
34240
35075
35671
32963
35429
34504
29876
31322
33435
33386
34577
34405
28888
32940
31135
29419
32963
31393
29867
35473
35340
29016
34478
35982
30703
35853
35685
28991
28302
35728
32868
35143
34438
31436
33768
30217
34056
29733
32111
29897
28527
35620
29706
33744
28637
31297
28761
32880
35587
33398
29963
35578
35925
28551
35665
29296
29323
31435
28932
31838
30574
29591
30662
29377
31904
30317
35634
30910
32577
28678
33480
30836
33298
28386
31276
28679
34429
31476
33508
35404
35637
28530
28266
35912
29995
31361
28770
28465
34369
35886
30310
30926
35676
31652
31551
33341
28376
33527
35662
34141
29247
34202
31649
31744
28860
34890
32951
29343
29942
35646
29752
31233
28298
35328
35474
31011
35425
35693
32537
30139
30354
28359
29342
35478
35722
34113
35922
28980
34245
35894
35887
34495
35131
28320
35532
35294
29293
30989
35768
35722
33259
32420
33074
30567
35760
35455
31669
35840
32817
33530
36009
28923
35877
32221
35874
35427
35857
35312
30741
35699
31184
30605
30462
35783
33161
30021
34227
33915
35966
29692
28972
34683
33989
29315
35348
35522
30808
33436
36028
28753
29104
30387
32553
35460
35908
32470
31607
31981
34686
35455
28380
33835
30309
34330
33870
28501
32563
35709
29210
34259
35154
29782
35848
31780
35822
34456
29053
35527
31352
35772
31976
35752
33687
32570
35069
33330
35759
32657
30690
31979
28981
31333
28182
31982
34620
36105
36054
35934
31872
33358
35407
33905
28617
30492
30126
29449
35747
29806
30323
30468
35853
35962
34145
28565
29300
35787
31054
34570
28881
35643
33594
34294
31222
35723
35616
30864
32955
34155
34303
29930
34530
34431
36055
35007
35177
36036
34046
30007
35453
31717
29211
35448
33690
33482
29348
35656
31178
34880
32179
33899
28841
34644
32953
29337
28826
35325
35801
30363
34331
34128
28477
31995
35957
29264
30199
29776
33338
31470
28987
28109
35540
34554
35677
28592
35638
35927
32529
29195
35136
35911
31253
29023
34486
32988
28851
29080
34097
32085
29889
34191
29432
35643
34781
34224
35031
35631
30010
30563
31744
35413
31149
36087
28855
28549
35096
33408
31701
35660
33278
34838
35157
28592
34307
29899
35493
36299
30281
31525
32850
35028
31896
28798
28412
35711
29540
33667
35479
28511
35417
34558
31101
28439
30809
35470
34560
33486
29877
34950
32248
28933
32449
35436
33242
28581
30992
29775
33817
32870
33964
35194
33467
31429
28988
34839
34468
31248
30867
33885
30094
35551
35770
30117
28939
35508
35990
28849
28281
35671
35113
28661
32248
34393
35419
31930
35348
32449
35484
30140
31857
28288
28283
33947
28536
32037
28455
28670
35711
29559
28903
29333
34776
32761
34393
35892
30053
35657
33146
30906
35912
29418
34108
28537
29288
32898
35374
28603
28481
33186
28951
28656
29683
35773
30654
35203
31569
35001
35717
28730
28470
35566
34058
30983
34640
35180
35946
33881
36106
33446
29919
35231
31760
28735
31381
28441
34643
35732
30251
35548
34462
35434
35871
33269
34118
30437
35333
29795
29151
35295
30055
35709
33531
35870
35057
29198
33897
29045
34963
35565
31597
35416
34337
29921
32654
28342
32875
30400
34128
28540
28581
35292
29159
29621
33070
33025
32261
35360
29803
28531
28825
35835
28961
28751
35723
29980
35696
36070
34303
35761
35961
34164
34839
32520
28489
28816
34862
35047
30307
35780
34528
31271
29158
33166
31772
36022
35262
35411
28835
29539
35120
30019
35580
34472
33814
29132
35712
32749
32129
34626
30837
33621
29189
35698
29553
33582
29377
35642
29407
33846
35843
35161
28636
28390
35929
33161
31846
28364
32426
36006
29540
35704
31787
34984
32112
35649
31256
32312
28354
30991
28185
35756
34915
28509
33208
31825
34895
28868
31250
29442
31710
32709
35280
33397
28987
30568
35358
33558
33954
36086
34584
28795
35873
31017
34663
31900
31056
28993
28377
35236
30405
34627
30447
31112
28580
29842
33625
33389
30238
28383
35398
30742
35344
29564
35069
35930
28550
28835
34430
34809
34979
33437
31714
33721
35880
34734
35088
34426
33557
31831
36105
28489
29978
35937
35427
28880
29967
33083
34378
28826
31785
30789
28492
35123
33110
34345
30193
35809
32011
30335
33552
28963
34283
29953
35687
32253
35553
28696
28259
35774
29277
31758
29883
28923
31494
31810
32036
28304
32517
28399
32730
34403
29215
31068
35085
35878
29336
32478
32661
31974
28489
29017
34109
32441
34713
30036
29539
34440
32448
35825
32197
30751
29952
33970
33827
34883
30030
34551
32070
28718
35217
30595
33988
32039
28844
30953
31851
33924
29742
34731
28959
35457
34088
29911
35974
33173
30492
34307
33470
35211
28576
28144
35164
32514
31606
28507
29544
35605
32834
28596
31919
32838
35597
32422
35575
30299
35484
33733
32817
33820
30324
34788
31136
34898
33392
28628
31281
28294
32217
35988
33053
30637
34694
30074
35501
35889
31984
35787
33538
32623
35437
28812
31816
33613
30824
28760
29579
33637
32475
31578
34364
34158
32481
30436
31378
35266
33130
35827
29717
35918
30312
34034
35864
32783
29823
35806
32263
33215
30892
30250
33898
30477
34342
30855
34214
33772
33901
28453
32210
33666
28422
28523
35065
34790
35149
32190
34617
28325
31895
32624
29206
35703
35441
30762
35116
32995
34946
30536
35816
30684
29065
34932
34200
35702
35849
30870
32854
29586
30996
28186
35777
34966
35238
29659
35811
34189
35927
28667
33906
30498
33842
32694
35837
30727
34772
28458
34675
28953
33633
30560
29252
28938
34415
32892
34964
33860
31531
35129
35609
35874
28899
28295
35049
34677
30225
35652
35180
31856
33520
30982
32014
33915
34411
35395
34245
33859
28995
35734
35497
35173
35847
32476
29535
31871
29540
29967
34257
35527
28638
31595
28429
34115
35149
34976
28278
32333
35542
36097
28542
29070
35721
35956
31730
28444
32167
29954
31558
35011
35358
33550
28895
31371
28287
34598
32759
34223
29316
34797
32549
29663
28534
35739
35072
32112
32214
35259
35800
30168
29220
34482
31279
34169
33600
33122
34610
29894
32396
33019
35868
34841
35538
29723
35834
32218
33940
29143
34565
30388
35579
28802
28267
34977
32364
33991
36114
28778
28871
34712
31490
33009
31149
34172
28477
35009
35198
32523
32137
32723
28423
28765
35524
35839
35408
30856
33138
31444
33576
30977
35539
30435
33190
35407
30520
35457
36210
34454
35972
29573
34956
31015
35822
35184
32051
35360
34818
30157
35104
32558
35547
31493
34849
28867
35423
35721
31432
34842
35231
35395
32810
34333
30207
33569
35616
32303
29427
35428
31905
33302
29711
32579
35997
30722
31222
35727
28472
30516
32813
33465
35191
32771
35317
31698
34439
32553
35524
30768
35813
35619
29506
30677
30830
30426
36125
31034
35724
29263
35784
31790
31093
35912
30583
35013
31614
28396
31796
35037
35118
34467
35591
34981
33854
31829
34437
32885
28587
31467
29584
35929
28864
28218
35287
30360
34361
29623
30385
32253
33865
34935
34758
35729
34612
35971
31176
34411
35774
34990
31288
33136
35952
30457
35853
28397
35717
34849
33915
28402
31962
32676
32620
30755
28790
28418
35058
32919
33721
28944
35666
35922
32981
29579
28338
35430
34455
31467
34301
33264
29223
35996
35398
30439
30395
32867
29813
35830
29825
28362
33897
28407
31762
30076
35131
35227
33960
30012
35858
29645
35356
28289
28380
35983
31235
34996
33666
35238
28429
33292
28283
31730
29840
28491
31816
33176
32343
33692
35836
28476
35497
32665
28682
29311
33465
32272
30926
35788
33135
31069
29034
35668
34981
35413
32267
33429
28529
31268
28638
31231
31486
35409
28382
33199
32487
33107
28438
29887
35606
28780
35627
30984
34640
33441
33843
31181
35510
31097
34538
30877
35869
28695
31974
30534
34566
31943
34088
29767
34253
28613
28814
34857
31469
29416
33975
35725
34261
29303
35527
32550
35560
34429
29912
35581
34510
35311
28691
33701
28794
34826
35622
34300
35145
35597
30240
35140
34741
33923
33507
28357
30211
35960
35234
28806
29277
35194
30876
35644
32010
32017
32238
35613
33583
28607
29135
35601
31602
29895
35871
30276
29811
30974
28589
35171
33327
30939
35980
30293
36040
31381
31868
33674
28409
33496
35509
31074
34119
32446
35962
35031
30791
29281
28571
35331
30961
34553
33510
31249
35681
31157
35585
29447
32481
31631
33643
33226
29003
32101
33054
28347
33731
29744
35616
34723
28939
35709
34590
33047
29236
30065
31143
28894
35925
32967
29670
35230
32360
28327
33082
34277
32686
35961
28737
34922
35860
33702
28464
35959
29067
34168
32738
28354
31060
29417
32126
33394
36019
28393
31393
28519
30660
30328
31904
30690
31134
33954
28489
30638
32402
35909
33791
29679
28346
35615
32295
31478
35323
35132
31639
30839
29434
30203
32763
30663
28320
31541
30873
35454
28906
34885
33009
28525
29650
35507
31617
32899
33306
32315
35028
28544
29926
35012
28490
30012
28721
34134
30093
35707
28996
31033
31233
28837
35158
31552
34309
33380
30140
34295
29213
33593
34996
30778
32264
35416
35573
29231
35246
33680
33042
31834
32869
32506
28493
33960
35626
31078
28843
33387
28363
31943
32050
34119
35663
31937
35300
33226
28833
28451
35541
31842
32024
34064
28628
34416
35028
29854
31354
28374
28304
35221
30124
31404
29148
34396
32171
35920
31557
35504
32527
35042
34388
35463
30104
32231
34322
35879
29780
31808
35139
32950
35128
31792
31721
30896
35949
31381
33607
34090
31324
31085
34543
32114
36070
35745
28858
33433
29051
34290
31012
34409
35279
32352
28551
31294
28479
35785
34323
34039
32542
30576
31398
35353
33421
34560
30753
33763
35871
33473
30285
28353
31644
28576
35244
34093
32732
34197
31234
35806
35425
32478
35694
35529
29788
28816
35618
31858
35660
31324
34714
32378
35541
28513
30992
30315
31073
29620
28601
35597
28755
32398
35070
33373
30684
35742
34782
31615
28549
28351
28688
33000
30577
30657
33207
31040
33930
30055
35890
32483
28894
31004
30580
32428
35659
32360
28506
32515
29608
35675
34801
35553
30545
35630
34794
32700
29173
35420
35957
29151
35296
30587
33665
33772
29055
34445
30069
34338
35673
34023
35977
34756
34321
33455
33791
28702
30320
32265
34350
34816
35612
28901
32584
35919
31572
31127
34825
31527
33870
34378
29608
30026
33816
33595
29221
35932
33730
28428
30418
34066
28727
28465
35745
36182
31231
34710
34569
32785
32087
32932
33673
35388
28442
29944
35698
28529
35748
34701
34961
29231
30339
35843
34882
29855
28606
35148
34128
28458
29771
34119
35056
29454
28223
35201
35942
31151
28292
32053
32889
31730
28748
31062
28349
35734
31626
28492
32718
34174
28705
34084
29939
35231
35062
28785
31714
29385
33049
29691
31880
32285
32693
29917
36004
35854
30716
33511
35978
32538
34301
31620
28815
34613
34705
32154
28757
31431
28245
33606
35181
34581
33210
29807
35860
28658
30472
28380
28067
32783
34168
30690
33622
35452
31756
30103
34433
35906
33320
35940
33649
30869
30856
32506
28649
33670
28568
35585
35826
30451
35154
31397
28370
30081
35782
30740
34599
28522
29008
33985
32942
35307
29828
29032
32260
32323
34413
35185
31133
34992
33096
32269
28717
34578
34957
30132
30374
31927
29509
28670
34693
33825
34557
30605
32672
28683
28972
35060
31482
35827
31684
28863
34013
31356
29100
29863
29416
33435
30461
34638
30951
32696
28875
28327
35754
35867
32382
35713
33941
30727
33407
28476
29980
35640
34886
32559
33013
33948
29621
29868
33257
32293
29331
32314
35306
34881
34731
32148
35799
33898
35078
31391
35858
35570
28411
28494
33993
31417
33457
28496
33241
29397
28331
34703
29387
30062
33374
29806
29187
34382
32626
35647
34047
36045
29344
34555
35858
35966
31932
34217
34916
33038
29950
30612
28186
35670
28697
33648
35895
34792
32196
34536
28720
34807
32232
35988
33443
30717
31918
32875
35920
33908
28806
33397
32181
31690
35620
34494
31979
29341
31312
28267
32571
35163
28382
34806
31645
35784
31945
28328
30649
35539
28415
34681
33835
31267
35325
30498
35733
32509
30840
34194
28353
31998
32576
28936
34980
32671
35781
32225
34867
30492
33582
35562
31934
32705
35164
30227
29315
30935
28644
33278
35351
28617
35441
29131
32433
35169
31675
35577
29150
35658
34981
31133
33133
32231
35414
34629
30475
30364
30739
30454
30099
32522
34932
33213
35079
28482
33916
32047
32439
28547
33524
29065
34248
31737
33588
35445
35887
33780
31658
29610
33142
33583
28940
33912
30661
28409
35538
35698
28538
30652
28601
35463
31975
33834
32721
35361
29595
28581
35496
34758
31780
35451
33439
28931
30806
32116
33054
30496
29066
30828
28215
35725
30023
31661
28655
33518
28881
35427
35198
34837
33126
35448
36068
31995
34602
31836
28715
34664
32302
35978
32191
36024
30182
31749
29332
35809
30564
30342
33391
34577
28299
32838
33871
34506
29398
33118
33803
28966
33208
29511
32085
31589
28557
33010
28959
29378
34766
32735
28922
28282
35728
33277
35346
31628
31134
28434
34424
32296
36049
35960
33466
31341
28337
35170
35444
30594
29536
35406
31944
35941
35815
28588
35655
30447
32134
28920
30549
28975
34371
34396
31288
32780
35432
34190
30195
33669
30111
34488
36063
33319
29291
34919
31656
28413
33468
35855
35505
31559
34114
34309
29994
34285
31263
32781
32788
28503
31664
31991
28909
31389
28825
34328
35861
35512
35731
35885
32417
28572
28256
35365
30370
30959
34429
35087
28943
32645
35235
29461
35535
33876
28485
30890
29521
34228
30192
28797
28854
35384
32655
34395
35528
33806
30644
35481
30988
32355
31846
34529
35274
28586
34889
35240
32240
34459
35484
35441
33076
28664
34753
33657
35741
28458
28842
34858
33732
28728
30774
28294
35312
35979
30137
28511
35333
35533
32495
28572
35040
33213
29577
35277
35976
31057
35365
28972
29317
35369
31782
35439
32812
30239
28635
34815
31468
30184
32772
31898
30295
33954
31446
35891
34140
28858
35911
28490
31350
29215
29808
28606
35396
30989
35488
28653
33597
30914
32857
31453
35018
34860
34943
34835
28412
34312
31143
30785
35582
32620
28553
33588
28349
28330
30350
35247
28402
34550
29068
35746
36102
30125
31699
34873
33021
34974
33238
35452
34499
36047
29609
29080
30487
33979
33884
28600
28619
35623
30073
34893
30521
30380
35755
31099
35414
35508
31508
28368
28545
30770
30649
34619
33073
28302
28714
32153
33684
32592
31395
35431
32306
31303
33570
34069
35392
35826
28441
35341
35964
35812
28602
35381
34859
32618
31435
28374
32924
28330
31540
28326
34142
33605
35657
33156
29706
31102
29045
28840
29992
35899
34329
33873
28621
32038
34069
29750
35832
34994
33874
35310
29215
35327
33354
29670
34708
32226
35886
34754
29764
29557
35785
30537
33934
28300
28514
29277
31521
29848
33038
32972
30418
35240
28887
34888
35319
35955
28460
28346
35502
36029
30997
35245
32390
36055
34245
33977
35687
32338
35938
29097
28480
35448
28478
31834
30901
29178
32148
34474
32702
35841
28461
28414
35499
29907
33075
30243
35546
29579
28658
30775
32925
35796
32899
29585
28956
34206
34569
30774
35445
30785
33653
30794
33337
33941
35601
33518
32523
35764
33811
28962
35655
35230
28914
29737
33644
34255
28992
35763
35664
28809
31840
33344
28463
35223
32475
34262
29482
31947
35931
28707
30735
33248
35545
36020
30105
35333
31009
29767
35552
31191
34048
31419
34355
35971
33060
34278
29730
33437
28490
34965
32934
35626
34956
30749
31886
29710
32195
35430
34949
31962
28834
32407
35681
36060
30508
34567
34550
35558
35960
35192
34044
34850
35781
30946
34751
34839
32626
30970
32990
35411
34557
29351
29937
35462
30052
28446
29480
35141
33595
28612
29106
34999
31826
35053
34325
31848
35187
34389
33733
31378
30382
35777
29327
35290
35039
30078
29277
30098
28923
29701
30233
35673
34567
29924
28257
32215
35009
32586
35826
35832
29667
33374
30951
29493
28313
35686
33326
33347
35965
29216
32574
36064
28973
35294
31334
29250
28393
31750
33849
34311
32839
33408
35946
30442
35568
34549
34638
34779
35220
31664
31683
31949
30478
35117
35398
32481
32277
35505
30159
33020
30620
30368
35744
28614
35099
33767
35299
34358
28695
32217
35754
31685
35084
34152
29654
33500
35183
28563
31077
33600
35225
30153
33530
28280
32881
35767
35949
32044
30626
35507
31550
32449
34386
33262
31561
35387
30455
30522
31197
35233
30806
33413
30952
31920
29019
35113
29157
35262
29466
32830
35360
32897
28396
30250
35579
35296
32522
33901
33564
29532
30842
30703
31854
28328
33114
35879
34615
31581
35429
28866
29976
35492
32747
31479
32632
28693
30572
34036
35909
33748
32129
34317
28378
32484
33639
29046
29713
34553
34927
28557
32091
31820
28869
33609
31615
28721
32920
28514
31778
30650
31561
33283
36027
35755
34731
34772
35066
31893
35932
30994
33339
35886
35102
35048
29330
33636
35003
33574
35714
32641
34494
33370
28558
33667
35286
33545
32988
34647
32794
29696
33874
28502
32167
36029
29658
29803
32428
35780
32365
35461
30958
34440
28408
35692
33236
30070
35246
34951
35388
34900
28780
34558
35283
30531
31474
35568
35880
28421
32881
35438
30487
34253
30635
35558
31671
34405
35390
31955
35354
30880
35125
34088
35821
35556
29355
32825
36235
34556
28846
30902
30926
33003
33535
29598
30232
35158
31611
29120
35250
34508
30626
35012
28524
28751
35444
35764
30065
35710
35495
35745
35908
36046
29252
32799
32670
35821
34485
29334
30561
32625
34768
29979
28915
35550
34818
33809
32201
35356
32957
31302
35823
32729
28643
28907
35274
33311
33714
28982
35506
31202
32373
35820
35565
33040
35982
34975
34709
34859
32681
35956
28878
34189
33016
28865
30520
35806
34579
30935
28792
28843
35631
32881
30290
30888
34771
34815
30404
35858
35465
28683
29414
35264
35371
33680
36064
30508
34920
29115
31857
35056
35186
30558
32338
35948
36347
31707
35771
30317
28590
35686
35063
31599
33122
35905
34124
35601
35980
30692
35665
30108
35925
29831
31427
29060
32833
32091
33836
28368
33444
32497
35798
35960
29199
28362
35822
30589
28480
35918
32983
29178
30272
34671
32840
31532
35025
35672
29512
30862
35097
32393
35780
35767
35265
29655
33321
33559
35642
30914
32388
35825
31966
35858
30395
30677
28621
35690
36010
30972
35004
34277
35657
28695
29525
35457
29704
28867
34789
32804
29781
28677
35631
32193
34832
29009
34741
31026
35017
34135
29832
31173
31719
28374
32929
35868
36010
30914
31714
34446
30304
29112
35709
32730
28375
31531
28257
34727
34611
31660
35834
30464
34731
28744
34990
34574
32493
35080
28625
32157
33927
32994
28255
35654
35553
30240
35840
29954
35359
35720
29088
35245
34148
30250
29638
28834
34292
35956
28820
29403
35547
31933
29759
28675
34905
33333
32539
33490
35688
28475
28488
35450
33193
34319
31314
35860
36052
29940
35614
28468
28482
35842
35994
35720
32458
28518
33374
28301
34297
33876
29573
31848
33090
31918
31915
35493
31867
35309
34940
29039
28536
35361
35137
35907
35121
29230
28250
35595
34262
29651
34894
33208
29545
35745
30620
35985
30549
32927
30935
35604
32166
36001
35759
35741
31182
34014
29983
33726
28293
32248
34574
32356
36030
30416
29310
28239
28559
30132
31460
29956
33549
28869
34515
34646
29543
34797
33336
30304
33803
31642
30687
35398
31722
33082
30356
35180
32457
30549
35701
34985
29843
32169
34657
29248
35677
34986
32425
30564
31842
35220
31278
35766
35876
29527
34450
32639
30346
35390
31449
35740
35777
30075
35873
29400
30228
31691
33717
33003
35789
30833
33006
29020
34409
34076
29837
33153
28472
34268
34498
35850
29699
35703
29484
28460
34952
33439
34997
28520
32150
33805
28502
28216
35600
31127
30839
35168
30727
31727
35925
33677
30105
35324
33548
32130
32277
30194
28625
28985
35957
30415
28968
35691
28654
35079
32405
33097
34301
34476
31727
28845
34250
30106
35871
35436
35005
31068
32582
35892
34169
30000
35403
35895
30565
35577
28947
34277
34679
31673
35272
31836
35747
29472
30226
33634
34462
30463
30766
34314
30987
28621
33386
33886
29434
30375
29443
35755
29662
31691
35779
30439
28437
35259
30696
33210
30245
35011
29027
33654
31175
28395
33914
35359
35659
28492
28310
35694
28544
35085
35667
32257
31398
35473
35596
32474
29828
35756
36040
34326
29270
35687
31849
32189
34670
28778
34948
34913
34182
28462
32458
35928
35399
34116
34551
33549
34723
28641
31605
29923
35917
30012
34809
34240
35387
31344
35509
33144
33018
28534
34565
36027
35368
28667
35652
34058
34391
30119
35606
30172
34445
28879
34625
30574
32531
35668
28805
34081
30115
32341
34236
29689
28942
33999
31044
35164
31780
33664
32685
34508
34283
31819
29739
31674
29641
34786
31954
35802
31465
32846
36028
29585
35452
29453
34030
34565
31565
35589
35870
33234
34233
32045
29920
30285
34697
35749
33730
35885
29448
33162
34783
28417
33597
30535
34727
29162
28388
35699
33600
35410
29653
31007
28249
35727
29534
30702
33017
31811
35649
29957
29635
35703
31364
34719
29886
34822
31901
32356
31102
30650
34518
28818
31468
28224
32723
35089
28369
31794
31827
29093
34057
33290
35829
35796
35305
32387
31721
30379
33145
35826
29496
29595
34814
32133
34307
34768
28610
28759
30133
30020
34153
30841
35660
35854
29959
35525
35493
29714
29930
35599
30533
30433
29622
28689
34286
32203
32370
35901
28655
35090
28446
32481
35580
36007
32127
36041
34035
32918
35713
35962
32462
32821
32301
35731
30955
28409
28170
35334
29304
35462
34445
35277
28454
30285
35234
28580
28535
29200
35639
32307
34792
28332
31186
28199
31742
30001
29943
33370
31917
35286
34756
31630
35521
30084
28591
35602
31712
35788
29581
34877
32523
35667
35468
36013
35813
30078
30765
34507
34102
30780
35618
31452
32669
28589
35786
33823
33103
28288
34462
36091
32329
34974
28593
29548
32499
35265
28989
31841
31641
28815
35256
34355
28607
33428
28520
30971
29897
35649
30115
35262
35244
30746
34869
34606
30957
35423
34620
32713
29942
29170
35789
28917
33929
29959
29727
32093
29828
35222
29318
28247
35765
30090
31132
31030
29651
33044
31819
34156
31812
36060
35954
32874
29355
32946
31595
35015
29427
30201
30791
34183
31707
35598
34447
34204
28804
35167
31645
35514
31027
31405
33984
31756
35298
35146
29808
35790
35769
29796
34711
28575
34236
31292
33418
29111
30987
28357
35929
28528
31506
29015
34900
33038
28664
29429
35563
30739
29686
35874
30450
34722
31015
35115
34210
33676
28658
29170
32441
35410
36012
28454
30781
28902
35387
34297
28442
35877
35354
29270
33666
28914
35080
31959
35069
35536
36063
30871
33179
28347
33097
36042
31969
28776
33109
35935
28523
35627
32611
28490
31125
28483
35937
30702
35810
32825
32983
35778
35341
32395
36033
28939
28506
35203
30814
32505
35764
30099
35658
36107
31097
31757
34497
33490
31025
34969
29272
35161
31334
31854
35395
35451
36016
34697
34438
35376
34602
28668
33446
32260
35691
34128
29595
32506
33855
35785
35281
29242
34594
32213
35581
29237
35153
35965
34423
35652
35549
32476
36004
28525
29548
35832
30736
35335
31880
30495
35091
29515
35234
29445
28937
35730
29767
28360
35593
28981
29390
35585
32636
28721
33077
33585
31455
32995
29327
35095
28682
33884
29847
35912
31796
30205
35389
32402
29329
32132
35725
35847
32723
30219
28306
33537
34639
35062
35243
29135
35014
33852
34780
33376
31769
33473
28558
30684
33284
33568
33190
28486
30533
35933
30629
33222
30588
35336
30881
35780
33648
29579
35694
34929
30730
35256
30619
35925
34862
35819
34311
33182
35769
29077
28392
35861
35898
30333
31246
31038
34293
35737
28625
35441
35822
35480
31554
28816
32428
35702
34458
32397
30836
35785
35942
31671
35657
32102
35573
32548
35980
31541
31182
35692
30466
31998
28326
30318
34741
28736
28594
34370
34131
32719
29662
34960
34347
35641
33712
35617
33790
35137
32512
28627
34213
29129
30111
34873
32885
31822
28533
30881
28292
35447
30611
31457
34053
30243
35910
29272
28558
35405
32560
35886
30600
35163
31734
32281
34059
33129
31658
28923
34557
31527
34407
28487
31839
29493
32814
28547
28836
34623
32713
29908
34476
35413
33163
31630
31776
32832
28379
29972
34464
29293
34149
28417
35619
30657
33454
28590
28842
29736
28423
34614
28571
30620
29866
32082
33568
31071
33605
35288
29190
29119
35639
29334
31571
31293
28456
32545
35673
32866
28352
31542
31723
35029
35681
30612
35672
36130
35249
35423
30840
33351
30077
34863
33681
35618
31055
34192
32566
32741
28409
29401
35807
30371
35554
29863
30401
28602
31606
35411
35160
34419
28378
35135
30942
28492
35179
31604
34451
31212
30293
34549
31641
30161
34199
35917
35535
31720
32870
35877
28870
35840
34047
33569
28691
32677
29604
28228
35898
30988
29530
35449
31936
28537
29678
35652
32002
35833
32549
30153
33840
30387
35689
32117
30127
33433
35851
30372
35371
28547
29017
35621
32968
28885
34991
29832
33768
31523
29411
33041
28336
29425
35591
29950
29394
34341
32560
30130
34485
31252
28314
33677
33661
29263
29320
35658
29296
28959
34866
36005
31635
31430
34247
31851
31270
33290
35597
28773
35216
34434
31688
30809
28702
28401
28347
35131
32545
33549
28761
35869
28440
30528
33655
33654
33392
30586
35532
35929
33386
30195
32866
33837
35943
28948
35487
33616
29130
35280
35017
31151
30908
33434
34375
30408
35002
28510
30879
30013
31475
28403
34700
29131
30762
29075
33203
33822
30272
35222
30713
35135
34518
34066
35625
29388
35420
28680
28911
35297
31249
31949
33726
35477
28579
29129
35040
30529
35440
35731
33951
35800
31473
30557
30754
28303
35736
33119
33554
32878
34064
31356
30521
32291
30497
28529
33449
28839
33621
29311
34191
34784
30750
31390
28351
29137
34638
35237
35965
30466
35724
35911
33201
28747
33711
33788
28841
31650
35282
35033
29584
28384
35622
34141
34526
31737
34532
31786
28606
31112
28899
35624
35785
30784
35437
35971
28519
28639
35639
33633
33468
30191
30012
35985
30523
29927
28258
35656
34619
32090
32343
33442
35941
29477
28317
35823
35976
30624
35275
28817
35387
31488
29144
35769
34890
31298
35793
35517
28955
35369
29391
28253
35243
32094
31646
31372
35711
35371
32849
28464
34351
33236
35292
29646
34616
28685
32248
32748
34522
31845
35518
31176
35260
28385
33674
34169
33491
36190
28518
28583
35609
32325
32340
31931
28566
33895
34222
28617
35449
31544
35559
34856
30373
35808
35635
29403
35212
32947
28415
31602
28950
35900
29257
30685
35646
31531
35135
30959
35341
32408
35791
34830
29069
28300
35836
30593
32338
31851
30010
30734
29085
33866
28582
33186
28575
31161
34794
29953
32746
29382
33316
31456
35998
28533
29912
33664
29092
28378
35423
34848
34069
28733
29575
35601
29878
30964
35450
31128
35904
35329
32792
29918
35599
29034
33298
30555
35645
32328
28923
34291
28684
35591
34954
29536
33654
33533
28478
32885
28553
30976
28737
33862
35416
30718
35350
35947
35654
28375
34066
31186
28895
34662
34213
36065
35428
30943
32791
31306
31977
34640
32425
35943
33485
35478
33270
28983
30588
28379
35913
34908
33017
31804
33105
31093
29043
29083
33877
33733
32387
29639
35002
30517
33825
34533
35613
30494
31641
30491
34095
33595
34856
32503
36056
31057
33469
35751
30086
35335
30614
34428
34919
34338
32297
33171
34801
30518
31300
34921
34953
28979
35463
31918
29653
28388
35568
32336
32463
33308
31261
33003
35930
34924
35065
30802
34673
31307
35713
29555
32098
34108
28683
34268
35887
29045
34946
35078
35135
35558
36203
34608
29414
33148
32087
33315
29323
28416
35625
35672
30883
35883
29697
28332
34827
29372
35821
33139
31654
35565
33064
30513
35983
32724
29931
28778
35895
30401
35644
29228
35797
28595
31350
31475
32372
34657
31034
35267
29679
33847
29011
34419
29622
34824
35340
31436
33274
31362
28529
30322
35181
31269
35224
28986
32498
33615
34642
32611
35633
33266
28693
35625
34729
29958
35488
31132
32698
31385
33785
35870
31539
35821
35006
32251
35715
31847
35633
31861
30014
28437
31744
30842
32113
31042
36050
28521
28768
35311
32393
34322
30577
30311
32156
34642
28574
35445
34646
33438
29620
28999
28912
35480
33461
28348
33625
34530
31992
34527
33508
29786
32780
29086
33154
29243
29077
34391
33101
28357
35495
29367
34353
31259
33987
31542
33542
32048
31097
34117
35248
33688
30081
30842
29626
32721
35249
28530
29249
35666
29379
33688
29288
35364
33961
35800
35108
33655
32760
30963
35836
32546
35863
33431
35103
28707
30477
33569
33604
29106
31011
28632
33198
32214
34272
32018
35836
28542
29683
34706
31923
28999
35267
33517
33188
35876
35173
28478
35037
35479
31224
35623
29827
35779
29061
34940
28791
35767
34329
30464
35381
33659
33248
31127
28458
28508
28696
35024
34349
35835
28621
28572
35551
32185
31261
32850
34620
32210
31653
28766
31837
34145
35191
33655
32834
28421
31600
31755
29857
32841
35633
30643
34532
34694
34161
28555
35831
36080
28886
28902
35087
31351
33782
33414
35693
34156
32788
32138
30791
31890
35929
35051
32387
28739
31726
31774
28509
31091
28686
35861
34872
33700
35641
29900
35828
29612
31114
33017
34827
35963
34563
34334
28559
28335
35918
28479
32789
30930
30975
35860
29956
35594
34796
35861
34576
33792
28760
28743
32888
28779
29171
35093
32375
33978
34486
32293
33131
35451
35529
31898
30422
35741
35467
34582
30759
33018
35937
35937
31141
30918
34979
33999
30673
31726
28827
28225
35007
29896
30068
30841
34699
29620
35810
31921
32015
31550
29231
34666
32547
35723
35357
33435
35882
34587
35553
33100
35696
34710
28257
35541
34414
35503
30376
29347
30485
33903
31580
33696
28961
32599
31113
35662
32854
29991
30139
30148
35790
32250
32086
35008
30498
29947
30471
29543
33833
30162
33902
35896
31935
30112
28873
35805
29782
35459
34073
33142
30810
35950
28720
33753
34658
28372
28701
35713
30108
35063
35344
35876
28865
31918
28443
34618
35420
29706
30371
35687
36149
35782
28476
34057
31327
28589
29426
30285
35739
35025
35442
30100
35899
32159
33252
34414
35652
33828
28511
33596
28560
35601
32985
35243
30717
35827
30422
29369
32647
28328
28704
35835
30434
33270
30927
28767
31195
29145
34506
32398
35524
28870
35589
29761
35287
34439
33368
28713
35945
28652
35489
34255
34322
36050
29980
35691
34203
35920
28573
29779
35964
29066
28278
35644
31651
32030
31949
35564
36093
35547
31009
35405
35423
28538
32702
30551
33906
29255
34293
32213
34926
29806
33987
35608
32526
28479
30134
32199
35696
30904
28392
32862
35061
28983
35409
28623
35200
32779
28457
32292
35705
33056
28335
31330
30933
30118
28957
28145
35566
35917
31445
34219
29706
32525
36011
35477
30617
36126
35065
30022
30552
34618
34874
33146
32544
32959
36108
31671
31540
35827
33775
28514
28918
35637
34476
33913
29377
28768
35371
35865
31939
28334
35324
29612
31140
31764
33997
28956
35828
30242
35431
35141
35857
28459
31661
32331
35399
32965
35766
33274
28649
29742
35444
28438
35214
35492
31372
35021
36129
29122
28435
35323
32703
34903
28870
32199
36007
33546
35688
34149
35628
29230
33349
28274
35565
29562
33174
28864
30229
32609
28893
29676
29338
30555
31289
32136
31653
35829
34744
34470
29046
34537
31994
34306
34766
29061
28960
34459
34904
29119
34096
33996
36054
34990
30277
32812
28357
32888
33353
35555
32462
34003
30247
33464
35653
34114
31160
29852
35680
34823
28800
35263
34667
31088
35504
29735
32308
33785
28569
34861
35904
29138
33729
29324
29443
30432
32592
33285
34507
35480
30014
28409
30060
35704
29530
29505
35679
35598
34920
32389
32666
29069
35216
33865
29898
28399
35511
31900
35218
29343
29619
31364
29200
35139
35892
35366
34290
28923
29140
35060
33640
32669
32041
36129
29917
28509
28269
31540
29548
31249
28690
35804
35004
32858
28422
29067
35372
31270
36053
33454
35464
33303
29323
33474
36175
32758
28353
32133
34162
29176
34534
35948
35664
30314
28524
30247
35514
35497
30161
35293
30737
35334
28388
33724
29981
33794
33043
34538
31465
29456
34099
31382
35375
35977
35500
31830
35759
28494
33697
35000
32852
28826
28275
35366
30819
34694
32904
30203
35315
30228
35853
33949
31832
29168
29325
34333
32598
28970
28398
35581
34235
29221
30638
32591
28669
31489
28392
34912
34863
35002
34429
28544
30847
28198
35772
29678
34635
29631
35029
31966
30829
28387
33410
28966
33223
35784
35768
35927
35449
28329
28518
32532
29019
28864
34885
32651
32044
32749
36043
32600
29231
32280
35512
29369
35140
31481
34251
34832
32097
30187
35821
33444
36116
30161
35160
31983
30135
31939
29519
29618
34694
31111
35872
36113
30968
34603
33990
35742
35764
32611
35847
32666
34782
28388
33825
32782
35787
29182
34916
33543
29356
31858
32890
35878
35037
31941
29875
32906
29970
28840
30628
35417
31870
31915
32059
35518
33352
35656
32966
32502
29963
35589
32312
33003
31618
32254
35839
35693
28887
29331
34972
34097
34740
30656
35217
30820
28497
35061
34686
34918
35956
28465
35907
28340
33326
28830
35022
32157
30870
29804
28414
35564
35407
31701
33609
34568
33977
29596
29653
32760
29636
34540
35235
33306
33638
28938
28945
34805
32609
31037
35711
30674
29091
28363
34769
34336
35883
32082
35802
32487
34682
28833
33669
29132
35761
28976
35386
34975
30137
30093
32818
31591
34910
33701
33282
35985
28467
30955
28666
34536
34353
34564
32927
30647
33550
34087
28850
31725
30109
35406
28997
28322
35629
31800
34384
30682
32722
34961
36000
28579
35975
31267
35184
33252
33251
29061
30783
29063
33845
29544
30284
28438
30309
35100
28560
31262
29350
32438
35148
33894
29704
31448
28816
32478
29929
35345
36142
28822
28418
35501
35499
34730
33226
35894
30036
35632
29876
35926
30809
35641
29698
30399
35164
33792
32517
32529
32852
35230
30718
33642
31322
35900
35584
31524
29007
31199
34612
34571
36049
29816
35572
29292
30114
35694
35694
31251
33982
34454
35032
35523
28607
29306
34777
34506
34392
31482
33665
34734
34826
29119
34754
32187
29957
32714
33227
35252
36193
34418
28861
34344
28473
35718
31846
30281
31891
35920
32944
28322
33983
30318
35610
32941
35022
29117
35401
30515
35067
29835
31241
29345
28277
35725
34384
35765
34868
32240
34948
35217
34195
35470
28464
35611
35965
32422
28898
31126
28495
35796
33338
28643
34232
30273
32086
35729
34675
34161
28940
35788
29650
30041
35596
32366
28991
30759
29111
35279
34564
29268
35821
30415
35680
33363
35847
30402
29625
30877
30173
35645
29136
35761
32947
35754
35943
28488
29637
35552
30493
33515
35857
35904
28815
35873
29577
34442
30708
30002
35806
30307
28907
31470
29387
32923
35474
29990
35185
30172
34003
35992
30171
35744
28387
28302
28478
28683
34060
35330
29007
35196
33666
28367
29952
28364
29269
32482
34670
34709
32837
35264
33629
28757
35785
32126
28741
28854
29268
35246
28973
34615
33142
28916
28318
35513
32702
31121
35797
31377
28374
30919
28181
32900
32777
30353
35802
31534
33260
33902
30246
30185
31145
28402
33727
30757
29485
28712
35108
34011
34858
34221
29723
30417
35065
30446
29426
29137
28185
30962
29020
35406
35590
28860
35787
34701
32105
33988
35137
33812
33340
32363
34918
32887
33510
29546
35291
34930
31653
33057
36003
35733
31728
33763
33311
30215
29797
35556
31023
28535
31047
35839
28876
33306
35729
35391
35117
31629
32582
34473
29243
35585
31134
35440
31595
35785
33256
35807
34522
33818
33268
34265
29066
36024
30912
32257
35908
34708
34082
29350
31840
31955
35878
28605
31181
29759
33144
35118
33346
35911
29170
33216
35324
34266
35258
31805
35884
28885
35206
34225
32418
30213
28357
35392
34977
34747
34554
33003
32555
35931
31891
30862
34694
35398
29858
31556
28599
35218
33275
34029
35639
28518
31986
31145
32747
28504
34468
31417
28256
28402
29791
32976
31842
35927
29311
28391
35547
31590
34198
29771
34539
30778
29339
33982
36216
30795
31059
34248
31305
30192
34947
30828
33945
31867
32660
32660
32660
32660
32660
32660
32660
32660
32660
32660
32660
32660
32660
32660
32660
32660
32660
32660
32660
32660
32660
32660
32660
32660
32660
