9948
32469
32468
32477
32410
32478
32404
32439
32392
32396
32382
32463
32449
32368
32343
32377
32436
32416
32451
32387
32463
32461
32402
32364
32438
32401
32461
32432
32431
32487
32376
32445
32408
32402
32453
32378
32430
32450
32457
32487
32418
32515
32456
32453
32418
32408
32410
32427
32441
32419
32486
32452
32492
32395
32406
32438
32413
32401
32483
32400
32457
32400
32429
32469
32493
32447
32514
32473
32452
32399
32375
32466
32394
32453
32447
32369
32404
32413
32494
32468
32501
32423
32472
32462
32409
32426
32479
32455
32455
32406
32444
32465
32416
32441
32460
32412
32432
32479
32452
32449
32473
32425
32439
32459
32469
32376
32448
32418
32425
32434
32324
32440
32398
32472
32414
32525
32488
32409
32393
32454
32430
32398
32423
32472
32464
32454
32365
32393
32405
32457
32444
32462
32436
32417
32410
32521
32393
32449
32461
32497
32473
32390
32390
32402
32430
32445
32403
32396
32442
32394
32450
32447
32469
32448
32462
32398
32503
32459
32442
32521
32414
32364
32442
32358
32409
32434
32433
32436
32454
32465
32470
32524
32444
32462
32481
32389
32465
32452
32413
32438
32463
32382
32450
32450
32443
32433
32388
32426
32394
32462
32452
32440
32411
32433
32459
32471
32478
32446
32382
32517
32419
32455
32390
32429
32394
32404
32385
32449
32490
32455
32405
32425
32441
32420
32431
32443
32434
32432
32374
32452
32410
32416
32416
32382
32466
32419
32497
32251
32446
32422
32461
32404
32430
32437
32479
32448
32475
32473
32450
32418
32446
32403
32474
32452
32391
32465
32418
32435
32506
32456
32460
32432
32455
32460
32476
32486
32478
32381
32430
32452
32464
32390
32412
32462
32440
32462
32500
32372
32478
32382
32456
32452
32416
32478
32432
32446
32452
32421
32437
32423
32449
32428
32436
32399
32457
32427
32436
32433
32467
32404
32453
32389
32442
32404
32465
32431
32461
32466
32473
32381
32455
32415
32416
32425
32417
32458
32431
32450
32409
32425
32454
32420
32440
32443
32331
32362
32485
32412
32414
32373
32393
32436
32410
32472
32482
32410
32467
32410
32431
32402
32487
32426
32428
32433
32380
32448
32397
32437
32385
32455
32428
32470
32479
32480
32492
32461
32325
32476
32472
32413
32411
32435
32422
32380
32489
32433
32458
32437
32462
32430
32444
32438
32433
32450
32389
32402
32462
32367
32419
32356
32414
32432
32448
32406
32441
32415
32420
32428
32441
32402
32454
32438
32373
32397
32469
32392
32435
32469
32434
32423
32449
32464
32388
32415
32480
32523
32414
32527
32463
32410
32369
32419
32387
32450
32394
32412
32414
32449
32449
32476
32467
32407
32444
32392
32434
32450
32400
32478
32433
32427
32418
32362
32402
32436
32423
32469
32431
32465
32494
32398
32471
32420
32418
32423
32461
32493
32466
32377
32449
32457
32483
32444
32442
32470
32421
32440
32381
32443
32434
32466
32447
32492
32421
32483
32502
32364
32437
32516
32398
32392
32451
32370
32412
32420
32391
32429
32473
32420
32471
32418
32454
32456
32429
32432
32407
32459
32360
32384
32436
32481
32371
32497
32415
32468
32403
32417
32415
32410
32402
32399
32445
32372
32413
32406
32402
32422
32448
32370
32484
32427
32440
32422
32375
32420
32418
32449
32409
32380
32454
32462
32383
32444
32429
32413
32385
32456
32452
32504
32456
32414
32432
32398
32489
32509
32384
32425
32505
32463
32386
32369
32296
32386
32444
32447
32406
32386
32451
32429
32453
32405
32435
32372
32421
32400
32441
32482
32464
32465
32480
32520
32508
32438
32432
32466
32405
32438
32462
32408
32501
32348
32374
32442
32501
32409
32470
32367
32427
32463
32457
32486
32418
32430
32477
32419
32472
32396
32481
32410
32444
32496
32452
32457
32448
32459
32439
32455
32374
32482
32388
32416
32431
32366
32384
32457
32465
32446
32453
32420
32418
32413
32479
32444
32478
32416
32439
32392
32426
32448
32373
32430
32390
32455
32413
32413
32478
32425
32379
32435
32431
32426
32386
32434
32487
32391
32436
32443
32482
32460
32426
32454
32432
32585
32468
32403
32433
32397
32487
32459
32434
32485
32478
32370
32392
32428
32401
32437
32460
32438
32406
32543
32453
32451
32448
32433
32454
32416
32477
32458
32440
32510
32428
32397
32430
32436
32450
32464
32481
32344
32458
32445
32431
32418
32447
32507
32387
32411
32451
32454
32533
32388
32453
32484
32484
32431
32499
32432
32472
32410
32440
32406
32440
32448
32368
32420
32460
32493
32497
32427
32532
32420
32449
32436
32441
32500
32452
32457
32484
32441
32393
32390
32365
32414
32418
32437
32424
32384
32409
32445
32409
32408
32454
32371
32456
32440
32393
32436
32432
32493
32412
32440
32461
32439
32375
32455
32464
32416
32482
32466
32442
32470
32457
32461
32427
32443
32453
32425
32449
32455
32418
32442
32482
32394
32436
32402
32401
32437
32397
32415
32448
32340
32462
32428
32376
32471
32404
32448
32440
32487
32446
32412
32430
32412
32399
32442
32448
32423
32414
32434
32450
32424
32454
32411
32426
32485
32479
32436
32416
32455
32416
32506
32488
32462
32459
32416
32449
32429
32483
32507
32449
32428
32447
32423
32447
32471
32442
32500
32415
32426
32420
32464
32459
32462
32444
32461
32481
32484
32438
32528
32438
32386
32439
32398
32480
32400
32455
32415
32432
32415
32507
32444
32406
32369
32471
32488
32457
32459
32437
32442
32408
32421
32462
32462
32372
32449
32462
32456
32442
32460
32453
32475
32417
32476
32467
32457
32380
32398
32458
32419
32449
32430
32386
32492
32491
32423
32495
32452
32407
32390
32442
32446
32401
32517
32398
32441
32457
32417
32435
32395
32430
32433
32422
32444
32425
32484
32445
32454
32475
32441
32454
32420
32443
32427
32461
32405
32443
32448
32394
32490
32461
32403
32411
32424
32483
32474
32481
32392
32429
32425
32411
32492
32430
32451
32453
32429
32430
32471
32486
32481
32447
32406
32515
32479
32508
32451
32411
32457
32439
32437
32439
32444
32466
32484
32440
32401
32485
32411
32360
32412
32422
32433
32421
32405
32451
32443
32426
32513
32450
32438
32403
32407
32427
32449
32443
32463
32496
32414
32428
32378
32479
32384
32389
32451
32483
32483
32470
32488
32423
32436
32515
32485
32430
32414
32432
32442
32374
32489
32389
32472
32484
32431
32399
32499
32432
32443
32485
32455
32343
32442
32414
32471
32417
32460
32500
32515
32453
32455
32433
32423
32403
32416
32368
32447
32483
32377
32451
32378
32484
32410
32421
32482
32444
32410
32432
32421
32426
32458
32445
32477
32416
32470
32373
32401
32458
32484
32447
32474
32443
32496
32445
32449
32431
32465
32416
32422
32452
32432
32409
32457
32421
32403
32494
32473
32447
32466
32357
32401
32482
32401
32393
32444
32414
32499
32481
32536
32441
32404
32439
32422
32391
32423
32324
32420
32434
32519
32428
32487
32462
32432
32485
32458
32430
32432
32430
32492
32413
32444
32418
32417
32476
32452
32541
32384
32464
32440
32393
32434
32423
32473
32386
32479
32451
32435
32434
32467
32422
32437
32419
32501
32410
32431
32450
32449
32447
32478
32542
32438
32451
32473
32391
32469
32369
32475
32368
32506
32460
32402
32471
32430
32399
32448
32475
32398
32495
32362
32466
32431
32398
32427
32434
32441
32539
32434
32430
32516
32421
32449
32410
32430
32420
32444
32464
32477
32438
32440
32490
32424
32455
32411
32452
32409
32448
32410
32469
32438
32469
32441
32482
32456
32441
32400
32426
32451
32475
32486
32451
32387
32467
32463
32414
32434
32474
32510
32424
32536
32414
32456
32459
32422
32476
32402
32476
32424
32423
32390
32414
32430
32434
32426
32414
32398
32448
32444
32414
32394
32476
32491
32526
32409
32435
32516
32389
32470
32440
32419
32451
32374
32448
32439
32388
32433
32446
32366
32435
32489
32477
32470
32355
32455
32502
32442
32459
32520
32416
32402
32402
32437
32419
32430
32456
32431
32497
32425
32406
32443
32455
32380
32429
32462
32397
32388
32406
32440
32393
32453
32457
32406
32428
32433
32415
32451
32499
32413
32424
32403
32405
32411
32465
32505
32448
32437
32436
32435
32442
32445
32429
32424
32438
32454
32489
32491
32417
32447
32415
32459
32457
32437
32438
32454
32418
32424
32469
32466
32399
32463
32423
32464
32434
32417
32496
32460
32539
32480
32454
32476
32397
32480
32473
32381
32479
32397
32439
32376
32454
32425
32463
32574
32378
32468
32486
32424
32485
32473
32435
32401
32453
32402
32438
32361
32409
32406
32390
32394
32434
32455
32346
32426
32464
32449
32404
32457
32455
32453
32415
32435
32440
32421
32392
32445
32447
32480
32513
32441
32402
32482
32458
32397
32430
32424
32412
32455
32437
32461
32450
32383
32412
32481
32403
32453
32441
32392
32363
32467
32428
32478
32466
32430
32364
32485
32453
32446
32441
32453
32462
32381
32454
32476
32408
32452
32402
32388
32451
32442
32477
32421
32414
32434
32432
32467
32457
32333
32472
32378
32438
32462
32488
32415
32391
32414
32437
32439
32397
32372
32378
32416
32510
32393
32427
32448
32398
32445
32425
32461
32439
32388
32475
32405
32411
32421
32366
32438
32392
32424
32455
32422
32415
32406
32451
32439
32463
32405
32472
32352
32396
32416
32421
32373
32498
32467
32413
32463
32456
32433
32462
32411
32398
32425
32439
32468
32417
32417
32333
32474
32385
32415
32459
32394
32430
32424
32409
32454
32441
32408
32354
32404
32412
32482
32492
32495
32433
32470
32449
32441
32485
32331
32448
32462
32350
32437
32380
32464
32370
32439
32397
32417
32404
32430
32455
32466
32418
32432
32413
32435
32414
32343
32473
32408
32462
32436
32493
32511
32409
32392
32461
32478
32457
32415
32448
32441
32418
32482
32406
32475
32428
32427
32396
32483
32460
32394
32439
32429
32451
32394
32417
32434
32424
32422
32479
32426
32400
32405
32442
32456
32461
32397
32342
32411
32455
32435
32451
32439
32426
32394
32424
32402
32427
32387
32426
32395
32445
32417
32404
32456
32483
32472
32485
32374
32433
32470
32491
32388
32393
32433
32426
32390
32423
32410
32405
32447
32508
32390
32428
32410
32407
32473
32457
32433
32435
32469
32412
32397
32475
32424
32430
32389
32485
32451
32437
32378
32423
32455
32460
32411
32433
32435
32475
32495
32416
32431
32444
32424
32462
32446
32464
32457
32422
32460
32439
32493
32440
32454
32434
32405
32390
32481
32406
32486
32425
32430
32444
32417
32380
32456
32461
32454
32411
32442
32494
32428
32454
32503
32455
32384
32460
32398
32423
32460
32490
32383
32443
32415
32464
32495
32466
32436
32427
32312
32543
32429
32432
32423
32367
32418
32405
32364
32422
32469
32543
32483
32447
32468
32396
32451
32448
32421
32426
32419
32434
32435
32431
32405
32483
32449
32407
32479
32416
32520
32480
32474
32396
32514
32449
32427
32495
32499
32455
32428
32349
32406
32422
32415
32523
32432
32363
32457
32445
32530
32468
32429
32388
32383
32468
32526
32476
32435
32443
32326
32433
32352
32428
32401
32334
32420
32362
32487
32459
32488
32512
32384
32504
32431
32406
32439
32413
32415
32449
32389
32409
32371
32363
32420
32418
32433
32421
32502
32429
32362
32485
32466
32454
32357
32381
32449
32427
32460
32506
32498
32343
32384
32399
32460
32442
32435
32400
32445
32411
32395
32480
32416
32404
32373
32458
32439
32423
32477
32542
32441
32420
32403
32462
32462
32451
32479
32359
32436
32425
32508
32394
32397
32467
32483
32381
32452
32479
32400
32408
32462
32506
32434
32448
32473
32438
32490
32555
32415
32410
32407
32491
32486
32439
32426
32421
32458
32359
32464
32403
32476
32431
32489
32507
32436
32424
32489
32427
32409
32374
32399
32429
32419
32410
32401
32474
32447
32454
32370
32446
32368
32400
32385
32425
32440
32449
32441
32445
32460
32402
32439
32438
32457
32407
32415
32370
32494
32401
32468
32433
32410
32437
32392
32455
32484
32490
32440
32339
32495
32376
32428
32375
32437
32430
32370
32438
32465
32406
32446
32457
32420
32469
32440
32423
32388
32399
32464
32429
32448
32441
32393
32472
32441
32490
32459
32459
32478
32431
32478
32456
32432
32416
32407
32422
32446
32421
32489
32474
32474
32431
32481
32425
32455
32450
32447
32427
32469
32483
32408
32414
32467
32499
32462
32333
32371
32438
32377
32473
32524
32523
32417
32386
32416
32387
32423
32405
32414
32447
32427
32394
32460
32438
32441
32476
32421
32453
32477
32438
32510
32452
32434
32464
32400
32496
32465
32465
32424
32431
32428
32493
32477
32449
32458
32436
32499
32394
32401
32396
32453
32471
32434
32393
32410
32367
32407
32418
32476
32407
32411
32487
32461
32428
32448
32402
32457
32371
32433
32378
32460
32456
32413
32436
32410
32377
32438
32465
32449
32440
32449
32352
32306
32418
32397
32449
32438
32369
32409
32395
32407
32506
32470
32458
32415
32460
32360
32399
32410
32418
32462
32515
32478
32462
32421
32389
32457
32452
32471
32448
32509
32410
32485
32407
32397
32417
32410
32494
32424
32530
32447
32396
32459
32429
32427
32480
32434
32363
32438
32462
32447
32521
32460
32431
32407
32375
32472
32463
32408
32404
32548
32426
32486
32527
32429
32464
32442
32418
32474
32460
32456
32438
32432
32447
32411
32467
32398
32429
32487
32520
32443
32420
32444
32479
32412
32418
32452
32456
32450
32522
32438
32522
32439
32433
32465
32414
32409
32424
32461
32441
32422
32475
32440
32440
32438
32424
32475
32373
32488
32464
32448
32431
32404
32492
32374
32408
32434
32389
32494
32378
32401
32418
32422
32428
32439
32507
32401
32464
32402
32441
32470
32424
32461
32428
32485
32480
32399
32453
32393
32459
32429
32452
32477
32464
32418
32421
32413
32459
32398
32464
32472
32404
32420
32485
32445
32408
32466
32355
32433
32400
32391
32437
32492
32578
32373
32468
32422
32439
32428
32440
32455
32463
32381
32371
32398
32463
32450
32407
32438
32432
32474
32463
32376
32486
32484
32414
32417
32473
32490
32445
32414
32485
32437
32427
32425
32354
32426
32500
32449
32452
32461
32437
32457
32434
32418
32476
32497
32466
32455
32489
32488
32429
32429
32437
32415
32385
32398
32366
32432
32362
32443
32413
32416
32514
32433
32485
32419
32425
32373
32464
32471
32386
32520
32505
32472
32460
32448
32516
32473
32490
32363
32435
32463
32478
32408
32444
32459
32460
32425
32456
32460
32459
32490
32426
32429
32490
32462
32477
32472
32451
32510
32428
32418
32476
32480
32414
32460
32436
32440
32414
32413
32465
32468
32500
32425
32499
32424
32483
32477
32426
32428
32461
32447
32460
32436
32487
32447
32418
32443
32432
32519
32399
32486
32501
32450
32466
32422
32405
32514
32448
32504
32459
32453
32493
32462
32455
32463
32428
32508
32376
32402
32478
32503
32488
32458
32425
32483
32380
32466
32398
32478
32435
32414
32484
32402
32443
32425
32392
32424
32440
32449
32444
32480
32422
32540
32447
32491
32471
32469
32465
32482
32441
32481
32413
32418
32476
32511
32440
32438
32447
32480
32405
32460
32378
32478
32453
32440
32468
32466
32431
32428
32430
32420
32545
32477
32474
32503
32496
32491
32504
32486
32421
32503
32354
32434
32419
32450
32465
32403
32489
32490
32473
32456
32458
32384
32460
32477
32468
32453
32431
32412
32500
32457
32449
32396
32517
32486
32403
32444
32460
32421
32505
32383
32417
32493
32396
32447
32422
32417
32419
32392
32460
32444
32434
32404
32474
32434
32456
32422
32439
32486
32414
32437
32422
32453
32439
32442
32468
32442
32422
32436
32410
32428
32449
32456
32441
32475
32470
32471
32411
32391
32463
32480
32469
32482
32459
32421
32418
32461
32433
32450
32463
32426
32419
32413
32388
32402
32483
32492
32493
32419
32433
32458
32436
32463
32448
32469
32496
32484
32481
32441
32384
32404
32432
32446
32463
32453
32445
32495
32468
32443
32455
32424
32494
32483
32411
32448
32404
32391
32507
32529
32424
32453
32470
32439
32454
32475
32438
32467
32512
32478
32476
32483
32467
32542
32412
32415
32438
32478
32447
32420
32458
32413
32437
32453
32407
32458
32419
32442
32476
32472
32410
32446
32492
32403
32445
32370
32499
32466
32400
32423
32446
32456
32428
32488
32505
32448
32435
32468
32402
32376
32464
32424
32527
32471
32466
32434
32390
32518
32457
32430
32404
32470
32440
32452
32410
32400
32434
32475
32531
32463
32380
32439
32372
32556
32493
32446
32235
32438
32444
32343
32511
32477
32426
32482
32473
32426
32483
32449
32482
32428
32449
32463
32433
32426
32464
32376
32412
32411
32429
32463
32383
32483
32428
32425
32463
32493
32402
32462
32483
32452
32455
32481
32453
32424
32502
32457
32447
32453
32471
32429
32442
32420
32374
32440
32440
32448
32446
32419
32483
32443
32482
32487
32424
32388
32418
32476
32456
32458
32460
32440
32516
32399
32358
32382
32476
32435
32494
32411
32426
32466
32450
32461
32435
32486
32500
32438
32474
32390
32441
32386
32471
32418
32434
32427
32467
32450
32564
32454
32465
32476
32496
32430
32487
32450
32446
32416
32417
32411
32473
32450
32451
32462
32463
32435
32413
32460
32467
32478
32450
32461
32412
32431
32448
32465
32483
32410
32424
32420
32462
32470
32453
32354
32432
32464
32533
32432
32487
32459
32481
32407
32399
32427
32443
32424
32445
32500
32462
32405
32449
32466
32440
32420
32418
32470
32495
32462
32468
32412
32391
32395
32516
32395
32407
32458
32413
32477
32449
32386
32443
32471
32372
32456
32472
32437
32382
32400
32496
32442
32295
32387
32388
32489
32414
32406
32404
32461
32452
32489
32416
32482
32514
32444
32437
32431
32436
32382
32424
32445
32465
32425
32453
32511
32390
32479
32477
32505
32446
32426
32427
32448
32442
32395
32377
32422
32407
32407
32416
32398
32421
32412
32414
32375
32420
32472
32418
32430
32419
32434
32443
32427
32405
32372
32373
32474
32448
32394
32535
32458
32439
32488
32450
32537
32434
32380
32499
32428
32453
32420
32439
32465
32443
32432
32413
32418
32428
32459
32452
32499
32411
32484
32468
32437
32429
32502
32532
32392
32483
32449
32386
32457
32456
32485
32420
32408
32416
32454
32485
32519
32436
32467
32431
32414
32496
32471
32462
32410
32458
32457
32443
32423
32416
32419
32403
32495
32419
32408
32430
32491
32407
32435
32442
32478
32399
32482
32403
32452
32468
32409
32450
32502
32420
32350
32437
32429
32432
32406
32421
32423
32538
32495
32502
32437
32449
32489
32453
32553
32535
32501
32408
32397
32395
32443
32497
32451
32512
32444
32407
32470
32457
32496
32507
32447
32505
32474
32397
32416
32476
32471
32460
32405
32469
32490
32465
32418
32508
32465
32392
32469
32442
32446
32519
32484
32434
32407
32466
32396
32459
32422
32465
32398
32444
32387
32475
32471
32396
32466
32449
32436
32435
32445
32382
32406
32433
32426
32458
32397
32481
32497
32418
32460
32525
32419
32431
32381
32475
32454
32470
32476
32419
32516
32468
32471
32460
32464
32435
32429
32445
32461
32462
32431
32462
32419
32342
32454
32512
32478
32374
32386
32442
32471
32438
32449
32488
32423
32494
32393
32390
32407
32445
32441
32455
32422
32468
32455
32451
32446
32474
32431
32412
32447
32454
32498
32430
32404
32389
32399
32464
32487
32407
32480
32397
32466
32493
32455
32425
32448
32484
32428
32468
32451
32394
32459
32485
32436
32426
32444
32449
32402
32407
32425
32417
32425
32472
32437
32432
32486
32479
32434
32485
32451
32429
32519
32468
32507
32505
32483
32425
32400
32448
32454
32475
32502
32449
32428
32432
32425
32362
32457
32427
32432
32418
32428
32462
32420
32522
32361
32376
32525
32468
32496
32437
32357
32445
32452
32436
32463
32464
32476
32487
32425
32431
32447
32406
32454
32454
32433
32418
32437
32412
32432
32398
32411
32429
32473
32503
32462
32516
32452
32440
32413
32435
32428
32452
32435
32450
32472
32404
32552
32470
32433
32432
32410
32416
32505
32424
32464
32414
32327
32506
32432
32409
32487
32468
32431
32410
32454
32443
32428
32400
32402
32445
32501
32425
32464
32448
32504
32441
32422
32418
32396
32447
32412
32446
32441
32415
32442
32427
32434
32419
32433
32440
32401
32479
32381
32448
32447
32444
32478
32447
32444
32405
32421
32483
32393
32445
32437
32426
32439
32366
32482
32476
32407
32415
32415
32464
32440
32439
32382
32494
32364
32350
32448
32400
32450
32460
32414
32465
32472
32467
32454
32458
32467
32444
32521
32459
32447
32462
32416
32460
32422
32480
32463
32494
32387
32416
32413
32456
32501
32454
32422
32500
32453
32455
32502
32421
32477
32451
32476
32375
32452
32403
32509
32439
32476
32458
32373
32382
32503
32445
32442
32422
32447
32399
32434
32425
32441
32522
32403
32527
32437
32446
32446
32410
32433
32426
32409
32425
32442
32450
32422
32415
32433
32441
32413
32437
32453
32371
32416
32408
32448
32448
32408
32463
32474
32479
32447
32481
32436
32478
32504
32525
32443
32486
32463
32473
32466
32423
32447
32456
32437
32448
32471
32409
32455
32473
32414
32500
32491
32462
32360
32450
32413
32380
32455
32423
32457
32419
32487
32432
32474
32346
32457
32448
32435
32428
32470
32365
32452
32476
32429
32488
32475
32424
32440
32442
32368
32460
32447
32532
32449
32417
32377
32424
32453
32434
32481
32434
32369
32425
32469
32478
32473
32415
32480
32440
32458
32479
32469
32454
32490
32390
32451
32488
32420
32435
32412
32469
32395
32468
32426
32486
32409
32404
32460
32469
32472
32464
32465
32446
32467
32473
32518
32457
32465
32492
32460
32426
32429
32425
32468
32402
32454
32439
32412
32448
32473
32452
32446
32404
32442
32446
32464
32440
32435
32429
32411
32434
32487
32487
32356
32418
32449
32403
32470
32420
32480
32495
32421
32479
32451
32428
32463
32408
32445
32438
32397
32440
32416
32441
32476
32520
32478
32437
32460
32491
32462
32476
32383
32467
32382
32464
32396
32471
32445
32459
32466
32426
32389
32451
32444
32418
32513
32486
32413
32421
32386
32441
32478
32473
32365
32440
32504
32442
32462
32462
32501
32436
32419
32470
32389
32485
32429
32428
32399
32460
32409
32482
32463
32367
32473
32420
32427
32399
32414
32476
32431
32447
32452
32455
32497
32424
32434
32482
32459
32519
32492
32468
32406
32518
32389
32451
32513
32467
32524
32418
32496
32413
32393
32453
32417
32422
32461
32456
32466
32415
32461
32454
32478
32460
32421
32361
32428
32403
32420
32404
32448
32423
32480
32393
32432
32471
32401
32434
32490
32470
32422
32442
32459
32382
32411
32427
32383
32432
32471
32501
32408
32471
32463
32464
32413
32460
32446
32478
32461
32448
32487
32454
32439
32413
32436
32474
32440
32473
32360
32416
32454
32470
32450
32412
32438
32445
32400
32420
32414
32452
32476
32424
32437
32418
32475
32469
32436
32419
32427
32409
32447
32420
32508
32465
32491
32445
32396
32446
32412
32407
32396
32490
32520
32455
32432
32432
32428
32478
32414
32407
32435
32451
32451
32448
32439
32471
32480
32430
32449
32462
32448
32436
32514
32453
32496
32401
32472
32414
32425
32386
32480
32441
32415
32443
32395
32452
32458
32375
32440
32408
32389
32493
32406
32506
32422
32413
32500
32511
32381
32434
32420
32416
32482
32441
32433
32463
32417
32474
32466
32440
32474
32499
32411
32426
32400
32430
32436
32391
32426
32359
32438
32485
32479
32522
32381
32423
32456
32446
32443
32419
32445
32453
32440
32403
32371
32434
32421
32450
32475
32441
32461
32407
32459
32424
32413
32408
32429
32439
32447
32414
32401
32513
32393
32446
32376
32467
32480
32471
32457
32446
32471
32393
32467
32417
32520
32466
32403
32365
32461
32419
32410
32456
32385
32461
32429
32482
32440
32424
32454
32452
32455
32468
32427
32509
32362
32531
32441
32544
32458
32458
32463
32455
32452
32397
32400
32464
32425
32493
32422
32429
32450
32440
32406
32444
32471
32376
32363
32477
32409
32465
32467
32402
32518
32448
32468
32445
32479
32445
32477
32491
32467
32456
32424
32449
32486
32433
32426
32474
32467
32450
32417
32473
32351
32466
32486
32476
32444
32485
32448
32416
32503
32366
32509
32484
32476
32461
32482
32458
32377
32458
32440
32408
32397
32411
32367
32392
32455
32389
32471
32422
32435
32451
32513
32374
32484
32442
32396
32424
32447
32379
32469
32475
32466
32425
32431
32504
32442
32449
32442
32462
32482
32453
32446
32429
32420
32446
32452
32384
32406
32358
32412
32412
32480
32383
32374
32410
32480
32474
32478
32450
32411
32492
32402
32466
32461
32469
32440
32443
32520
32495
32401
32478
32422
32393
32514
32459
32422
32460
32428
32566
32479
32442
32442
32429
32437
32468
32502
32438
32385
32415
32404
32407
32384
32411
32404
32461
32426
32442
32468
32432
32384
32487
32443
32408
32427
32416
32497
32458
32439
32416
32462
32466
32455
32410
32400
32427
32449
32377
32443
32405
32437
32506
32450
32479
32390
32430
32450
32435
32472
32459
32445
32425
32469
32472
32496
32474
32424
32437
32402
32444
32404
32480
32449
32433
32475
32465
32390
32417
32407
32470
32438
32422
32432
32448
32446
32487
32459
32450
32505
32413
32438
32494
32498
32439
32382
32458
32441
32433
32435
32434
32451
32465
32439
32461
32436
32429
32434
32458
32392
32454
32403
32485
32403
32421
32475
32412
32423
32492
32420
32432
32464
32462
32463
32423
32531
32332
32546
32459
32436
32446
32416
32508
32451
32454
32509
32434
32435
32454
32480
32484
32442
32415
32461
32411
32426
32390
32392
32462
32413
32416
32428
32437
32405
32423
32488
32415
32478
32389
32456
32485
32434
32448
32473
32499
32422
32408
32418
32446
32492
32430
32406
32474
32488
32464
32387
32470
32513
32416
32523
32403
32398
32460
32399
32398
32421
32427
32488
32385
32464
32398
32442
32492
32418
32434
32409
32455
32392
32456
32472
32450
32483
32501
32432
32393
32417
32342
32445
32413
32417
32466
32441
32444
32444
32361
32439
32435
32420
32446
32400
32445
32421
32465
32407
32406
32446
32383
32426
32472
32431
32414
32383
32410
32445
32333
32437
32408
32429
32427
32427
32426
32402
32459
32472
32453
32458
32422
32398
32428
32372
32399
32449
32479
32404
32405
32388
32418
32399
32426
32410
32419
32389
32474
32460
32462
32420
32458
32451
32453
32408
32489
32401
32491
32467
32483
32432
32406
32441
32464
32421
32437
32455
32449
32473
32397
32419
32497
32436
32486
32407
32406
32423
32447
32535
32399
32458
32469
32465
32472
32472
32441
32369
32423
32432
32476
32416
32434
32419
32463
32391
32428
32428
32446
32472
32390
32440
32381
32425
32372
32503
32405
32430
32448
32420
32431
32352
32454
32426
32492
32448
32464
32400
32401
32478
32482
32463
32346
32432
32412
32445
32365
32499
32472
32441
32504
32406
32484
32501
32355
32432
32418
32478
32490
32463
32489
32357
32492
32436
32471
32434
32443
32444
32456
32410
32513
32452
32433
32448
32454
32422
32445
32454
32430
32439
32463
32396
32480
32537
32391
32344
32425
32456
32508
32390
32409
32427
32385
32442
32450
32437
32421
32416
32430
32433
32510
32496
32506
32391
32383
32473
32461
32478
32442
32403
32400
32500
32477
32477
32465
32432
32452
32462
32429
32394
32428
32486
32362
32465
32443
32452
32412
32440
32458
32402
32390
32456
32489
32453
32435
32489
32494
32447
32460
32454
32427
32478
32432
32468
32418
32474
32443
32428
32394
32467
32438
32471
32421
32437
32401
32438
32370
32385
32547
32471
32473
32466
32394
32455
32451
32398
32418
32419
32417
32426
32440
32367
32381
32422
32400
32486
32417
32439
32477
32450
32479
32450
32435
32358
32437
32485
32482
32369
32431
32460
32487
32450
32483
32469
32439
32498
32426
32383
32437
32425
32458
32480
32414
32384
32432
32452
32444
32462
32381
32449
32457
32451
32387
32463
32481
32464
32430
32452
32494
32507
32421
32471
32469
32470
32495
32451
32428
32460
32404
32437
32429
32454
32469
32389
32380
32437
32387
32486
32487
32533
32398
32405
32455
32439
32502
32506
32487
32500
32463
32472
32434
32486
32471
32459
32353
32463
32417
32405
32402
32381
32446
32495
32522
32445
32375
32460
32420
32482
32452
32556
32382
32481
32373
32439
32415
32523
32497
32462
32433
32456
32395
32476
32456
32415
32461
32456
32399
32460
32512
32530
32467
32462
32471
32457
32496
32406
32489
32425
32413
32435
32437
32416
32427
32470
32453
32444
32447
32425
32510
32504
32481
32473
32481
32528
32483
32472
32474
32436
32407
32422
32486
32492
32374
32416
32447
32464
32426
32467
32444
32386
32500
32472
32442
32428
32480
32515
32408
32438
32461
32411
32454
32492
32423
32478
32460
32418
32442
32399
32440
32453
32461
32434
32386
32511
32460
32432
32435
32467
32402
32442
32389
32439
32365
32455
32456
32452
32428
32477
32355
32462
32505
32398
32426
32430
32447
32461
32453
32489
32433
32363
32467
32443
32435
32446
32448
32460
32434
32465
32356
32456
32468
32424
32435
32472
32416
32455
32509
32485
32494
32498
32358
32471
32430
32455
32450
32445
32366
32457
32458
32418
32449
32473
32447
32535
32318
32457
32462
32447
32412
32434
32419
32417
32448
32423
32491
32438
32399
32421
32402
32425
32398
32499
32396
32440
32409
32467
32511
32411
32419
32446
32457
32449
32428
32456
32403
32429
32428
32510
32436
32423
32443
32461
32418
32447
32439
32460
32377
32442
32398
32449
32442
32385
32459
32435
32422
32347
32499
32416
32509
32437
32437
32467
32426
32365
32487
32474
32420
32402
32489
32438
32442
32443
32441
32446
32438
32492
32427
32396
32452
32438
32513
32391
32436
32446
32436
32405
32411
32461
32381
32420
32428
32414
32464
32455
32409
32506
32449
32517
32497
32359
32395
32400
32395
32462
32449
32496
32373
32390
32500
32504
32378
32475
32503
32385
32381
32439
32384
32422
32403
32420
32367
32438
32441
32349
32449
32481
32395
32467
32432
32406
32434
32445
32466
32477
32423
32458
32508
32439
32396
32418
32459
32470
32489
32477
32424
32441
32407
32340
32368
32440
32391
32456
32471
32410
32407
32522
32452
32439
32425
32504
32490
32595
32330
32426
32414
32356
32482
32405
32455
32468
32411
32450
32361
32449
32450
32490
32488
32461
32467
32450
32441
32441
32423
32487
32381
32429
32368
32487
32430
32448
32378
32424
32363
32464
32490
32434
32354
32456
32431
32456
32477
32440
32468
32495
32411
32435
32484
32484
32470
32525
32497
32441
32530
32388
32422
32469
32464
32522
32419
32437
32359
32438
32416
32328
32423
32418
32412
32424
32447
32372
32383
32415
32452
32428
32438
32463
32464
32463
32378
32437
32400
32428
32446
32398
32450
32437
32463
32412
32485
32504
32449
32475
32468
32392
32449
32440
32419
32444
32424
32441
32394
32371
32333
32480
32431
32417
32467
32440
32447
32464
32486
32364
32474
32424
32420
32419
32412
32439
32442
32403
32512
32360
32363
32411
32449
32411
32438
32388
32501
32459
32479
32393
32441
32473
32417
32370
32467
32461
32450
32429
32479
32443
32416
32418
32486
32487
32425
32464
32527
32442
32397
32506
32435
32425
32465
32496
32428
32446
32442
32438
32398
32400
32440
32477
32442
32456
32398
32438
32474
32400
32455
32396
32462
32430
32337
32522
32494
32443
32357
32483
32428
32425
32419
32420
32501
32446
32463
32479
32465
32423
32410
32437
32456
32489
32390
32496
32480
32440
32516
32485
32476
32567
32431
32483
32470
32487
32404
32451
32392
32481
32413
32401
32476
32444
32502
32504
32482
32385
32461
32505
32459
32405
32430
32449
32426
32471
32404
32482
32431
32454
32424
32434
32463
32467
32505
32403
32400
32437
32416
32450
32442
32475
32478
32473
32400
32439
32456
32432
32432
32469
32489
32477
32481
32485
32492
32468
32439
32529
32418
32382
32494
32405
32431
32383
32399
32416
32403
32471
32461
32456
32436
32468
32424
32467
32462
32412
32472
32426
32444
32362
32414
32398
32398
32427
32473
32435
32425
32439
32461
32420
32439
32410
32399
32497
32417
32463
32424
32401
32470
32465
32498
32436
32399
32458
32412
32493
32354
32466
32476
32448
32416
32387
32401
32565
32455
32427
32462
32397
32384
32412
32458
32411
32456
32503
32480
32452
32469
32464
32435
32483
32440
32470
32436
32420
32446
32441
32435
32343
32442
32444
32518
32457
32456
32393
32436
32464
32467
32465
32427
32429
32423
32422
32414
32451
32450
32434
32407
32477
32436
32470
32437
32401
32413
32468
32466
32460
32396
32480
32460
32480
32408
32511
32413
32417
32355
32505
32510
32420
32566
32508
32474
32430
32456
32436
32447
32513
32415
32374
32419
32483
32474
32447
32491
32414
32390
32424
32498
32473
32457
32437
32387
32466
32430
32480
32512
32417
32500
32438
32472
32381
32424
32463
32462
32420
32360
32422
32485
32424
32473
32440
32458
32462
32398
32454
32442
32442
32461
32421
32452
32440
32444
32427
32414
32467
32420
32452
32523
32415
32467
32429
32495
32374
32391
32425
32442
32466
32450
32419
32435
32460
32458
32451
32405
32453
32462
32430
32445
32465
32472
32396
32530
32426
32497
32405
32457
32450
32421
32433
32475
32432
32430
32417
32483
32428
32360
32466
32510
32454
32464
32465
32449
32443
32513
32455
32452
32408
32477
32357
32447
32568
32478
32426
32439
32460
32496
32404
32454
32479
32436
32432
32426
32419
32422
32426
32435
32397
32407
32462
32502
32463
32512
32454
32442
32452
32404
32510
32418
32507
32439
32470
32430
32431
32538
32411
32410
32461
32476
32405
32452
32579
32540
32458
32467
32504
32400
32497
32428
32404
32404
32477
32384
32483
32344
32478
32409
32463
32527
32486
32457
32499
32564
32459
32481
32487
32433
32428
32469
32427
32538
32401
32433
32417
32433
32448
32476
32469
32475
32394
32541
32473
32404
32440
32397
32462
32451
32418
32392
32405
32511
32604
32406
32420
32398
32439
32434
32480
32404
32526
32419
32541
32465
32473
32528
32447
32438
32411
32440
32384
32439
32454
32442
32447
32430
32488
32444
32414
32468
32479
32467
32494
32435
32439
32478
32392
32403
32430
32492
32459
32448
32529
32453
32484
32406
32435
32434
32397
32458
32430
32430
32482
32430
32456
32443
32455
32304
32444
32413
32466
32414
32381
32490
32427
32448
32456
32494
32395
32401
32402
32447
32467
32453
32385
32426
32420
32419
32406
32515
32586
32509
32406
32421
32387
32404
32396
32438
32461
32416
32404
32487
32401
32469
32470
32465
32405
32445
32439
32445
32463
32425
32445
32417
32480
32418
32468
32398
32450
32451
32440
32456
32418
32365
32458
32434
32527
32429
32446
32500
32439
32386
32387
32497
32512
32506
32477
32450
32487
32452
32468
32436
32510
32478
32421
32421
32436
32436
32479
32405
32420
32436
32420
32530
32454
32463
32459
32487
32420
32446
32463
32464
32470
32395
32471
32463
32430
32421
32432
32428
32465
32418
32442
32435
32424
32412
32417
32407
32448
32436
32446
32459
32508
32376
32443
32413
32476
32455
32472
32431
32472
32469
32430
32499
32488
32397
32397
32505
32383
32368
32499
32434
32407
32409
32394
32402
32433
32410
32438
32408
32450
32471
32434
32447
32389
32436
32389
32453
32430
32439
32418
32439
32397
32475
32470
32439
32468
32454
32479
32485
32464
32377
32478
32383
32554
32517
32501
32416
32441
32428
32435
32498
32398
32464
32461
32457
32441
32493
32463
32472
32440
32418
32428
32490
32455
32494
32388
32448
32417
32448
32503
32423
32423
32387
32489
32415
32478
32402
32413
32432
32466
32462
32470
32487
32401
32401
32424
32384
32429
32534
32479
32510
32433
32409
32446
32402
32471
32439
32478
32453
32435
32448
32402
32492
32444
32405
32457
32415
32450
32514
32471
32425
32382
32454
32412
32382
32389
32442
32377
32373
32473
32400
32431
32393
32446
32453
32412
32515
32518
32448
32412
32441
32474
32458
32402
32455
32452
32444
32415
32488
32458
32428
32423
32431
32344
32468
32407
32441
32440
32469
32426
32373
32459
32391
32485
32450
32452
32389
32426
32429
32404
32436
32523
32347
32431
32464
32428
32442
32453
32415
32413
32441
32439
32433
32315
32492
32497
32496
32476
32433
32480
32436
32415
32456
32454
32433
32374
32473
32372
32378
32456
32453
32422
32443
32519
32470
32388
32464
32382
32481
32437
32450
32431
32362
32427
32491
32346
32392
32446
32495
32454
32482
32499
32471
32441
32399
32455
32430
32424
32455
32487
32391
32423
32457
32486
32351
32339
32444
32424
32430
32445
32476
32408
32496
32468
32384
32454
32427
32428
32409
32369
32452
32452
32471
32392
32525
32486
32445
32403
32394
32470
32520
32556
32464
32394
32472
32491
32451
32495
32473
32446
32506
32445
32400
32493
32442
32403
32404
32465
32417
32500
32447
32426
32485
32464
32384
32443
32453
32419
32415
32476
32470
32383
32451
32447
32394
32441
32365
32430
32443
32442
32431
32444
32422
32477
32430
32391
32452
32394
32482
32418
32534
32370
32441
32462
32450
32510
32524
32495
32420
32462
32502
32415
32485
32465
32473
32445
32450
32439
32408
32490
32396
32466
32365
32419
32450
32421
32453
32431
32411
32406
32475
32404
32398
32534
32501
32422
32416
32402
32458
32436
32448
32466
32393
32531
32467
32550
32453
32483
32442
32476
32447
32446
32469
32447
32508
32391
32480
32472
32472
32500
32433
32460
32465
32438
32412
32471
32464
32421
32470
32450
32406
32500
32376
32486
32402
32480
32457
32472
32493
32407
32407
32465
32395
32436
32460
32402
32555
32507
32464
32396
32439
32457
32420
32420
32465
32517
32370
32407
32451
32425
32500
32377
32453
32487
32476
32377
32461
32462
32458
32403
32455
32446
32333
32407
32465
32394
32461
32381
32464
32477
32451
32447
32479
32468
32451
32465
32487
32415
32437
32464
32421
32448
32505
32461
32445
32384
32387
32466
32411
32436
32453
32411
32436
32410
32374
32435
32483
32425
32431
32394
32469
32450
32430
32467
32424
32464
32409
32459
32431
32450
32466
32397
32517
32430
32373
32423
32406
32484
32531
32406
32450
32394
32383
32454
32434
32431
32487
32425
32428
32428
32463
32441
32441
32508
32471
32499
32435
32442
32439
32460
32441
32514
32524
32389
32451
32445
32450
32439
32449
32452
32372
32440
32439
32497
32390
32407
32454
32460
32492
32439
32508
32437
32405
32354
32447
32485
32476
32456
32490
32457
32458
32483
32429
32392
32464
32434
32410
32455
32420
32368
32482
32484
32449
32451
32392
32419
32412
32389
32486
32395
32476
32361
32451
32487
32464
32464
32417
32439
32470
32444
32482
32426
32413
32452
32449
32491
32428
32449
32445
32442
32415
32473
32408
32454
32510
32453
32437
32443
32459
32432
32419
32443
32369
32399
32486
32429
32455
32473
32460
32409
32502
32439
32467
32434
32404
32442
32432
32453
32431
32386
32398
32461
32449
32432
32446
32389
32409
32463
32441
32450
32379
32473
32404
32465
32403
32463
32485
32481
32364
32451
32448
32509
32447
32457
32460
32463
32480
32439
32416
32384
32467
32452
32464
32457
32476
32412
32464
32455
32450
32456
32406
32514
32430
32420
32411
32454
32369
32402
32465
32360
32486
32493
32407
32396
32438
32505
32463
32458
32413
32462
32429
32481
32523
32427
32436
32403
32453
32494
32486
32405
32433
32456
32442
32439
32418
32406
32493
32444
32411
32430
32412
32424
32465
32436
32434
32394
32409
32468
32497
32456
32477
32424
32397
32424
32379
32467
32420
32477
32429
32326
32377
32446
32428
32456
32421
32388
32394
32431
32452
32439
32433
32460
32499
32432
32446
32446
32481
32446
32456
32445
32431
32471
32447
32514
32453
32448
32520
32439
32436
32445
32416
32479
32503
32479
32384
32452
32413
32426
32382
32366
32471
32446
32444
32454
32458
32420
32448
32473
32454
32432
32473
32366
32489
32402
32438
32458
32413
32417
32434
32355
32433
32416
32471
32448
32455
32474
32539
32488
32405
32555
32437
32418
32482
32445
32469
32442
32448
32472
32464
32397
32456
32369
32491
32509
32423
32492
32436
32415
32381
32500
32452
32439
32478
32421
32459
32523
32439
32403
32386
32381
32554
32435
32436
32526
32273
32446
32466
32436
32414
32466
32411
32433
32378
32461
32464
32482
32416
32429
32420
32457
32464
32401
32431
32442
32474
32457
32461
32444
32486
32414
32387
32418
32433
32434
32451
32454
32485
32369
32458
32428
32418
32442
32513
32366
32461
32495
32384
32483
32355
32430
32427
32364
32408
32454
32423
32387
32454
32454
32417
32487
32401
32364
32433
32440
32460
32384
32482
32372
32397
32383
32454
32450
32494
32437
32417
32464
32442
32435
32415
32439
32438
32361
32386
32435
32474
32414
32416
32464
32400
32423
32438
32453
32393
32425
32457
32427
32428
32439
32358
32481
32485
32391
32399
32489
32470
32509
32420
32484
32418
32501
32424
32472
32476
32354
32408
32436
32425
32456
32425
32471
32426
32441
32462
32409
32466
32419
32429
32371
32455
32490
32445
32504
32449
32451
32468
32491
32464
32479
32446
32500
32393
32439
32495
32498
32430
32409
32448
32438
32515
32447
32364
32422
32436
32492
32409
32429
32458
32420
32498
32392
32461
32510
32420
32399
32400
32376
32464
32332
32426
32427
32462
32436
32449
32352
32434
32473
32401
32485
32389
32376
32507
32510
32457
32362
32441
32468
32422
32418
32438
32437
32418
32479
32454
32435
32441
32480
32508
32390
32530
32501
32503
32472
32420
32464
32428
32398
32402
32374
32458
32488
32431
32467
32455
32420
32422
32426
32431
32468
32408
32487
32485
32483
32473
32417
32438
32442
32465
32433
32435
32501
32459
32480
32429
32418
32426
32394
32381
32453
32446
32435
32387
32433
32485
32382
32396
32435
32417
32449
32457
32462
32476
32378
32434
32464
32443
32529
32489
32459
32451
32454
32395
32470
32401
32389
32450
32429
32458
32492
32534
32524
32410
32473
32390
32409
32456
32473
32485
32456
32529
32574
32419
32523
32438
32444
32458
32433
32467
32484
32448
32495
32597
32498
32492
32454
32490
32515
32418
32419
32439
32468
32470
32473
32444
32362
32397
32476
32415
32369
32443
32457
32390
32374
32423
32370
32404
32416
32448
32358
32428
32484
32453
32429
32377
32432
32448
32440
32517
32470
32462
32523
32484
32411
32429
32412
32424
32452
32455
32407
32424
32400
32410
32432
32431
32430
32429
32398
32369
32443
32419
32434
32414
32411
32383
32402
32484
32384
32458
32423
32404
32430
32484
32414
32474
32464
32433
32390
32431
32507
32478
32435
32444
32383
32467
32418
32455
32452
32472
32468
32447
32462
32496
32476
32430
32426
32471
32434
32496
32438
32441
32404
32412
32416
32451
32502
32401
32521
32462
32421
32424
32508
32503
32474
32405
32439
32430
32480
32476
32361
32390
32474
32451
32494
32402
32454
32431
32496
32450
32384
32422
32442
32476
32447
32445
32484
32409
32397
32470
32450
32416
32487
32361
32503
32475
32482
32469
32385
32445
32427
32510
32454
32428
32473
32418
32396
32410
32531
32373
32439
32415
32450
32444
32459
32413
32469
32398
32426
32416
32453
32472
32446
32478
32464
32401
32422
32497
32445
32441
32351
32426
32399
32443
32452
32450
32456
32453
32532
32472
32409
32421
32442
32375
32447
32455
32444
32471
32355
32457
32374
32429
32517
32428
32433
32446
32409
32404
32482
32391
32437
32448
32446
32448
32479
32462
32426
32573
32488
32446
32437
32526
32480
32479
32480
32431
32453
32497
32456
32437
32451
32395
32431
32426
32489
32402
32464
32490
32525
32421
32430
32368
32428
32414
32370
32411
32452
32439
32500
32464
32425
32456
32418
32431
32482
32476
32417
32424
32469
32463
32417
32478
32442
32368
32535
32401
32489
32399
32414
32458
32438
32420
32487
32411
32443
32420
32416
32422
32470
32373
32432
32403
32428
32366
32442
32372
32424
32335
32508
32454
32432
32439
32401
32471
32431
32460
32438
32454
32353
32434
32485
32436
32508
32462
32483
32407
32459
32438
32394
32431
32419
32435
32440
32438
32377
32408
32417
32409
32440
32413
32438
32457
32408
32488
32402
32466
32402
32441
32335
32421
32425
32371
32366
32385
32460
32437
32431
32422
32493
32389
32387
32448
32438
32457
32429
32438
32446
32432
32365
32428
32446
32379
32421
32477
32455
32402
32468
32411
32481
32434
32438
32472
32411
32456
32428
32378
32458
32433
32452
32403
32423
32426
32460
32420
32377
32548
32421
32458
32493
32404
32367
32391
32366
32426
32433
32460
32436
32403
32465
32388
32491
32442
32372
32442
32435
32476
32362
32485
32380
32468
32437
32416
32442
32489
32412
32359
32511
32460
32423
32440
32461
32464
32404
32481
32469
32378
32397
32455
32418
32470
32483
32452
32437
32484
32445
32461
32382
32484
32428
32528
32435
32475
32438
32484
32422
32445
32417
32492
32415
32450
32438
32467
32346
32454
32421
32385
32416
32465
32420
32394
32486
32413
32428
32394
32457
32482
32408
32449
32421
32394
32434
32421
32426
32427
32506
32425
32413
32465
32485
32371
32464
32376
32405
32373
32424
32335
32430
32448
32492
32475
32449
32426
32483
32400
32412
32467
32409
32414
32407
32383
32428
32408
32442
32402
32431
32505
32447
32480
32389
32423
32391
32449
32398
32414
32448
32503
32376
32471
32439
32444
32396
32409
32404
32474
32453
32474
32405
32438
32435
32444
32461
32459
32456
32392
32437
32467
32442
32494
32439
32434
32475
32387
32413
32452
32466
32416
32411
32427
32452
32447
32447
32433
32435
32416
32441
32503
32425
32435
32386
32360
32445
32361
32454
32460
32440
32427
32459
32447
32451
32448
32428
32442
32513
32444
32462
32468
32392
32464
32459
32500
32407
32398
32477
32403
32466
32438
32450
32468
32408
32420
32400
32391
32407
32464
32430
32453
32422
32424
32387
32479
32429
32473
32407
32427
32413
32365
32457
32471
32467
32503
32396
32442
32391
32475
32480
32403
32418
32492
32451
32428
32452
32418
32435
32465
32412
32475
32478
32411
32465
32440
32406
32438
32482
32455
32419
32455
32454
32433
32412
32448
32421
32447
32423
32427
32440
32450
32486
32440
32470
32460
32476
32438
32420
32433
32403
32427
32415
32441
32436
32440
32418
32459
32470
32450
32442
32485
32461
32458
32409
32424
32439
32486
32421
32440
32431
32429
32385
32498
32476
32391
32447
32441
32495
32457
32390
32440
32404
32452
32498
32382
32471
32444
32469
32444
32462
32442
32436
32426
32501
32430
32402
32493
32418
32419
32471
32448
32436
32517
32424
32425
32422
32477
32458
32459
32423
32415
32525
32469
32424
32447
32421
32444
32391
32459
32433
32457
32415
32446
32414
32512
32525
32356
32490
32425
32421
32398
32418
32433
32496
32392
32425
32431
32427
32447
32492
32473
32472
32471
32406
32414
32499
32459
32454
32459
32505
32472
32453
32447
32448
32492
32451
32413
32469
32520
32435
32443
32400
32457
32462
32428
32478
32447
32466
32396
32422
32489
32395
32479
32506
32469
32424
32372
32490
32421
32459
32498
32491
32470
32470
32457
32511
32490
32459
32480
32469
32488
32482
32429
32467
32410
32416
32398
32450
32475
32412
32487
32509
32518
32419
32482
32509
32478
32422
32456
32416
32413
32494
32437
32516
32422
32435
32468
32435
32471
32471
32450
32461
32494
32461
32476
32485
32436
32425
32404
32396
32430
32446
32478
32382
32457
32433
32467
32455
32386
32447
32409
32479
32451
32397
32439
32448
32458
32427
32433
32422
32442
32475
32382
32506
32517
32414
32469
32422
32478
32444
32369
32403
32516
32449
32443
32521
32443
32451
32390
32351
32393
32433
32406
32424
32455
32489
32520
32431
32494
32493
32452
32415
32376
32425
32500
32501
32504
32428
32484
32517
32512
32406
32388
32437
32446
32455
32455
32415
32412
32495
32454
32431
32480
32425
32464
32392
32394
32370
32435
32433
32429
32445
32455
32422
32468
32412
32475
32398
32486
32452
32485
32414
32411
32502
32426
32466
32366
32445
32484
32421
32449
32443
32440
32455
32474
32437
32465
32461
32409
32458
32443
32459
32432
32404
32513
32460
32432
32504
32354
32401
32489
32496
32474
32431
32438
32445
32436
32476
32426
32485
32442
32418
32470
32488
32488
32464
32478
32425
32384
32451
32484
32470
32395
32448
32435
32520
32552
32492
32464
32375
32550
32386
32522
32400
32412
32467
32474
32384
32460
32407
32410
32471
32485
32454
32363
32434
32442
32466
32410
32457
32422
32470
32388
32444
32417
32426
32519
32400
32457
32476
32391
32530
32453
32425
32382
32518
32516
32457
32416
32410
32441
32448
32438
32426
32439
32420
32391
32382
32389
32455
32475
32457
32437
32409
32407
32417
32505
32522
32496
32450
32329
32399
32533
32468
32433
32403
32453
32407
32443
32371
32511
32475
32399
32470
32404
32431
32406
32430
32428
32417
32440
32439
32385
32369
32405
32453
32407
32463
32425
32431
32437
32427
32426
32432
32463
32418
32479
32410
32401
32481
32435
32475
32389
32422
32453
32436
32468
32420
32422
32486
32467
32428
32487
32449
32430
32477
32479
32451
32442
32393
32488
32407
32369
32447
32378
32497
32412
32469
32458
32422
32478
32441
32452
32401
32472
32429
32416
32396
32451
32398
32474
32432
32410
32384
32374
32460
32388
32341
32410
32367
32409
32425
32479
32416
32406
32421
32435
32466
32401
32473
32444
32511
32439
32464
32488
32391
32433
32439
32460
32454
32412
32423
32406
32391
32397
32413
32412
32368
32477
32451
32480
32362
32455
32473
32425
32472
32486
32447
32410
32445
32476
32466
32424
32405
32483
32412
32407
32372
32413
32438
32503
32422
32435
32457
32429
32448
32436
32475
32422
32444
32422
32467
32474
32401
32396
32408
32417
32465
32400
32499
32457
32427
32418
32423
32423
32402
32373
32449
32412
32422
32428
32413
32470
32512
32444
32395
32492
32438
32411
32420
32419
32434
32428
32447
32429
32442
32479
32443
32461
32414
32449
32439
32380
32498
32415
32429
32392
32433
32472
32460
32448
32530
32329
32381
32458
32471
32462
32481
32470
32468
32472
32448
32470
32461
32444
32394
32441
32469
32469
32459
32425
32468
32448
32440
32391
32430
32468
32457
32471
32468
32401
32471
32456
32473
32441
32366
32408
32401
32412
32430
32450
32499
32365
32457
32469
32454
32489
32487
32467
32432
32424
32396
32463
32463
32430
32460
32441
32428
32473
32415
32457
32451
32437
32438
32478
32407
32414
32448
32424
32464
32468
32462
32432
32447
32419
32415
32454
32472
32430
32454
32420
32436
32440
32425
32464
32403
32455
32450
32443
32433
32481
32441
32447
32457
32444
32461
32432
32443
32481
32472
32404
32424
32451
32454
32469
32392
32453
32425
32429
32508
32456
32393
32456
32507
32440
32446
32416
32447
32453
32396
32455
32456
32430
32448
32472
32486
32489
32436
32408
32465
32465
32453
32390
32423
32501
32482
32397
32418
32461
32459
32432
32435
32484
32475
32450
32486
32418
32447
32433
32391
32389
32409
32419
32381
32473
32375
32407
32458
32408
32483
32463
32449
32402
32430
32420
32473
32423
32429
32443
32443
32479
32331
32480
32449
32442
32424
32399
32500
32413
32453
32460
32434
32426
32421
32457
32427
32444
32384
32478
32406
32437
32477
32473
32393
32479
32470
32459
32436
32428
32444
32431
32473
32457
32441
32457
32446
32446
32482
32464
32409
32455
32446
32504
32434
32423
32415
32434
32448
32405
32450
32425
32505
32460
32423
32562
32491
32451
32480
32421
32443
32457
32416
32455
32433
32456
32427
32414
32423
32417
32370
32475
32400
32545
32472
32473
32428
32451
32384
32468
32579
32439
32527
32512
32445
32432
32490
32414
32468
32524
32426
32465
32488
32414
32441
32475
32433
32356
32403
32419
32483
32426
32452
32409
32430
32383
32494
32423
32428
32440
32389
32429
32453
32393
32407
32391
32409
32424
32481
32403
32441
32447
32426
32445
32420
32475
32461
32440
32428
32469
32437
32479
32465
32446
32422
32450
32493
32515
32502
32479
32430
32454
32433
32418
32400
32387
32409
32335
32482
32445
32436
32496
32417
32469
32375
32469
32419
32455
32425
32425
32460
32409
32400
32444
32381
32485
32461
32403
32399
32421
32472
32428
32395
32416
32484
32489
32382
32437
32429
32410
32413
32412
32430
32413
32440
32439
32389
32433
32431
32436
32476
32483
32469
32431
32446
32430
32396
32397
32383
32400
32405
32419
32435
32438
32484
32404
32377
32404
32435
32470
32370
32407
32401
32412
32486
32448
32455
32483
32449
32471
32427
32413
32428
32461
32414
32456
32462
32412
32399
32411
32501
32457
32482
32478
32345
32433
32394
32441
32426
32409
32506
32378
32450
32433
32423
32471
32447
32415
32361
32442
32457
32442
32414
32438
32414
32448
32419
32448
32403
32417
32430
32386
32434
32427
32438
32449
32436
32431
32460
32426
32446
32482
32415
32428
32391
32507
32403
32448
32390
32462
32441
32439
32455
32376
32477
32403
32466
32389
32436
32428
32498
32459
32490
32445
32439
32447
32390
32426
32423
32463
32394
32461
32463
32370
32463
32454
32481
32404
32378
32466
32441
32433
32435
32477
32519
32489
32504
32423
32353
32420
32450
32475
32463
32459
32410
32479
32438
32422
32474
32417
32490
32457
32386
32406
32425
32478
32408
32378
32419
32493
32477
32398
32446
32417
32482
32430
32432
32515
32468
32448
32407
32453
32419
32373
32480
32357
32443
32476
32436
32450
32456
32462
32434
32380
32445
32442
32428
32472
32436
32413
32414
32431
32480
32441
32382
32460
32432
32482
32421
32452
32390
32467
32406
32505
32456
32419
32418
32417
32431
32357
32420
32391
32418
32468
32414
32456
32434
32463
32542
32456
32402
32385
32511
32440
32340
32437
32381
32419
32442
32431
32396
32458
32404
32369
32449
32406
32419
32429
32495
32443
32442
32404
32449
32411
32462
32485
32482
32500
32432
32459
32500
32465
32471
32449
32466
32459
32453
32439
32400
32494
32442
32440
32382
32440
32399
32398
32457
32439
32439
32431
32455
32424
32479
32452
32400
32568
32451
32498
32449
32433
32426
32423
32415
32469
32445
32461
32417
32375
32456
32478
32425
32424
32420
32504
32403
32426
32408
32430
32450
32506
32417
32435
32429
32385
32460
32459
32408
32487
32409
32423
32433
32448
32483
32466
32422
32440
32438
32387
32465
32396
32420
32370
32515
32426
32478
32410
32460
32461
32510
32438
32428
32450
32462
32472
32420
32466
32425
32457
32439
32431
32472
32433
32430
32522
32506
32463
32523
32522
32453
32415
32436
32390
32499
32449
32453
32446
32430
32468
32400
32446
32482
32423
32407
32445
32409
32394
32463
32451
32492
32502
32421
32477
32497
32452
32444
32420
32445
32431
32434
32500
32429
32408
32513
32472
32377
32428
32463
32417
32457
32457
32418
32422
32452
32495
32438
32364
32440
32471
32414
32405
32456
32419
32369
32394
32411
32458
32431
32531
32449
32407
32406
32440
32454
32436
32456
32448
32476
32483
32430
32458
32531
32461
32415
32455
32420
32446
32451
32427
32454
32459
32402
32450
32433
32434
32424
32450
32463
32482
32452
32457
32511
32492
32458
32401
32463
32480
32454
32423
32423
32482
32427
32454
32497
32478
32466
32498
32478
32442
32456
32424
32406
32422
32443
32476
32440
32454
32450
32437
32466
32435
32454
32431
32387
32454
32452
32394
32438
32417
32437
32498
32450
32384
32398
32436
32465
32421
32422
32451
32442
32416
32400
32436
32481
32468
32444
32414
32516
32431
32444
32472
32457
32325
32429
32472
32443
32406
32475
32413
32478
32462
32449
32475
32479
32359
32448
32506
32409
32447
32368
32453
32445
32420
32440
32395
32416
32479
32425
32457
32454
32442
32455
32484
32443
32418
32355
32453
32452
32426
32473
32400
32434
32418
32427
32428
32460
32464
32470
32439
32471
32460
32418
32430
32436
32447
32443
32451
32445
32485
32477
32467
32426
32405
32480
32444
32364
32379
32422
32351
32465
32470
32449
32423
32400
32451
32430
32389
32485
32434
32419
32485
32384
32382
32412
32458
32423
32459
32482
32416
32382
32433
32392
32483
32428
32407
32442
32450
32469
32471
32454
32428
32397
32415
32462
32474
32464
32439
32467
32469
32408
32444
32480
32481
32514
32486
32411
32455
32470
32422
32452
32477
32429
32447
32508
32534
32458
32459
32440
32475
32440
32447
32402
32458
32391
32466
32447
32433
32459
32444
32498
32434
32459
32519
32441
32443
32468
32471
32459
32394
32491
32451
32423
32454
32405
32463
32394
32423
32411
32446
32448
32434
32382
32417
32433
32440
32423
32475
32387
32403
32418
32458
32411
32500
32447
32494
32459
32454
32403
32479
32448
32435
32418
32453
32472
32444
32438
32468
32434
32434
32475
32401
32405
32495
32456
32412
32436
32468
32459
32502
32443
32446
32420
32420
32436
32474
32452
32459
32418
32444
32434
32444
32426
32454
32452
32417
32436
32461
32387
32442
32420
32414
32434
32408
32458
32471
32414
32458
32434
32409
32435
32423
32395
32439
32444
32360
32489
32444
32447
32383
32329
32415
32464
32383
32395
32419
32466
32444
32405
32423
32424
32484
32419
32436
32511
32482
32457
32418
32470
32441
32415
32470
32400
32419
32414
32416
32456
32427
32432
32438
32437
32488
32465
32427
32408
32451
32402
32492
32491
32439
32449
32480
32435
32364
32485
32496
32414
32493
32451
32503
32416
32409
32456
32390
32483
32414
32463
32450
32412
32453
32431
32436
32418
32510
32493
32426
32458
32421
32400
32438
32466
32469
32492
32467
32393
32465
32469
32432
32454
32480
32449
32437
32459
32490
32493
32369
32440
32426
32474
32416
32427
32417
32459
32408
32408
32428
32404
32450
32460
32457
32471
32460
32452
32495
32450
32432
32429
32398
32410
32433
32399
32380
32430
32520
32436
32425
32480
32465
32545
32487
32447
32454
32393
32367
32435
32409
32482
32379
32352
32391
32405
32431
32416
32430
32351
32415
32579
32431
32492
32441
32415
32368
32448
32425
32420
32376
32436
32447
32431
32395
32448
32445
32434
32487
32453
32443
32383
32395
32458
32463
32474
32433
32450
32553
32447
32439
32494
32504
32436
32438
32393
32371
32431
32477
32341
32435
32512
32390
32413
32446
32388
32539
32453
32460
32499
32432
32460
32431
32408
32416
32444
32421
32430
32421
32472
32422
32400
32434
32485
32409
32426
32442
32438
32398
32450
32373
32458
32359
32446
32472
32436
32417
32407
32447
32415
32421
32430
32496
32459
32393
32396
32432
32441
32452
32391
32498
32458
32509
32467
32405
32452
32437
32489
32491
32432
32380
32488
32435
32468
32477
32461
32461
32431
32382
32360
32414
32408
32435
32453
32422
32434
32361
32494
32419
32441
32423
32426
32432
32434
32433
32439
32428
32436
32461
32390
32417
32437
32422
32434
32451
32443
32391
32386
32393
32436
32436
32472
32398
32389
32538
32475
32401
32396
32440
32459
32454
32460
32416
32414
32425
32446
32444
32459
32496
32381
32441
32400
32458
32369
32461
32486
32458
32522
32462
32455
32440
32449
32435
32415
32395
32410
32466
32485
32472
32440
32428
32453
32435
32466
32441
32505
32501
32476
32465
32391
32428
32450
32383
32495
32464
32455
32460
32451
32427
32427
32446
32482
32448
32414
32428
32432
32424
32483
32443
32430
32450
32417
32434
32437
32406
32452
32476
32463
32439
32469
32408
32439
32453
32445
32432
32428
32455
32398
32389
32428
32507
32432
32424
32475
32440
32455
32456
32449
32450
32420
32495
32438
32472
32424
32476
32404
32426
32431
32436
32502
32426
32424
32485
32467
32449
32390
32510
32392
32438
32445
32404
32444
32392
32485
32446
32433
32481
32380
32503
32488
32448
32460
32383
32515
32461
32435
32447
32482
32476
32464
32474
32434
32442
32439
32488
32447
32486
32426
32461
32432
32482
32503
32440
32455
32432
32454
32420
32518
32535
32425
32467
32431
32431
32470
32516
32377
32446
32464
32403
32494
32420
32410
32422
32441
32440
32480
32449
32394
32456
32436
32461
32466
32436
32417
32432
32408
32422
32408
32410
32503
32429
32396
32497
32518
32465
32363
32466
32379
32504
32440
32468
32418
32497
32441
32435
32401
32464
32431
32428
32520
32463
32466
32411
32423
32465
32526
32469
32435
32420
32380
32486
32454
32475
32444
32502
32463
32459
32384
32475
32391
32474
32392
32468
32424
32461
32494
32401
32404
32431
32405
32478
32451
32453
32454
32392
32389
32424
32419
32425
32470
32459
32526
32436
32368
32492
32499
32427
32523
32481
32397
32411
32452
32413
32495
32430
32411
32489
32385
32426
32484
32481
32433
32413
32481
32406
32399
32431
32456
32454
32507
32481
32384
32422
32424
32423
32497
32430
32460
32497
32428
32442
32374
32467
32445
32432
32452
32376
32399
32450
32440
32447
32423
32412
32423
32481
32441
32454
32387
32435
32450
32430
32427
32493
32416
32451
32422
32403
32388
32426
32463
32426
32436
32416
32455
32458
32497
32450
32457
32470
32394
32408
32396
32399
32458
32474
32470
32484
32426
32398
32439
32517
32448
32410
32447
32468
32423
32461
32381
32422
32426
32431
32479
32405
32388
32476
32376
32459
32402
32450
32426
32425
32404
32428
32452
32439
32458
32455
32447
32451
32390
32398
32436
32471
32448
32414
32454
32455
32435
32459
32423
32469
32422
32381
32429
32444
32453
32446
32484
32412
32470
32436
32418
32435
32437
32454
32418
32463
32399
32430
32461
32447
32452
32488
32427
32424
32455
32442
32388
32437
32415
32490
32398
32472
32440
32388
32436
32453
32405
32396
32413
32490
32459
32418
32425
32365
32407
32441
32465
32406
32455
32427
32462
32462
32481
32451
32404
32443
32462
32466
32461
32414
32445
32450
32410
32460
32421
32445
32452
32472
32483
32450
32353
32447
32487
32414
32374
32347
32416
32430
32503
32480
32411
32416
32376
32483
32460
32374
32429
32346
32441
32403
32433
32449
32485
32409
32365
32411
32454
32452
32470
32352
32374
32465
32422
32431
32449
32405
32400
32406
32522
32440
32397
32490
32462
32466
32423
32439
32489
32395
32459
32429
32454
32468
32366
32469
32435
32445
32375
32455
32471
32490
32436
32394
32450
32472
32428
32394
32433
32524
32445
32421
32479
32433
32449
32415
32451
32474
32459
32402
32425
32512
32402
32470
32460
32397
32445
32419
32411
32389
32474
32500
32392
32525
32457
32420
32446
32477
32479
32455
32417
32410
32451
32462
32459
32400
32424
32491
32548
32514
32438
32439
32456
32518
32526
32462
32389
32404
32458
32423
32430
32459
32421
32470
32436
32485
32450
32375
32489
32487
32459
32471
32439
32396
32456
32499
32428
32461
32435
32438
32431
32446
32443
32496
32475
32446
32409
32480
32428
32439
32514
32446
32482
32407
32468
32444
32453
32438
32434
32473
32417
32501
32332
32517
32443
32508
32429
32476
32411
32456
32424
32459
32448
32436
32406
32460
32362
32322
32440
32424
32443
32462
32417
32470
32407
32447
32443
32394
32485
32424
32420
32396
32482
32440
32381
32450
32443
32405
32381
32454
32434
32431
32465
32507
32396
32440
32508
32415
32461
32356
32430
32433
32455
32455
32397
32492
32458
32455
32442
32399
32367
32434
32462
32398
32404
32506
32456
32409
32419
32414
32415
32387
32462
32458
32474
32473
32423
32418
32451
32457
32502
32453
32428
32480
32384
32459
32495
32495
32521
32523
32461
32467
32491
32504
32453
32482
32478
32439
32495
32378
32424
32450
32466
32474
32495
32429
32448
32389
32473
32457
32465
32523
32431
32537
32455
32478
32405
32425
32438
32418
32434
32430
32421
32455
32438
32462
32406
32435
32486
32434
32461
32430
32411
32449
32384
32414
32427
32416
32394
32428
32415
32398
32413
32410
32420
32467
32466
32474
32393
32406
32471
32454
32436
32409
32422
32457
32436
32352
32420
32401
32471
32405
32420
32457
32405
32386
32452
32462
32414
32384
32429
32435
32402
32383
32409
32449
32383
32431
32449
32402
32433
32484
32413
32402
32430
32396
32379
32481
32471
32427
32434
32534
32468
32365
32495
32455
32482
32440
32411
32382
32442
32442
32442
32442
32442
32442
32442
32442
32442
32442
32442
32442
32442
32442
32442
32442
32442
32442
32442
32442
32442
32442
32442
32442
32442
32442
