9884
32385
32371
32284
32545
32388
32411
32486
32345
32374
32367
32328
32480
32529
32350
32388
32441
32405
32303
32442
32316
32391
32440
32424
32354
32309
32353
32420
32407
32432
32318
32527
32318
32455
32400
32523
32422
32361
32409
32391
32462
32301
32413
32398
32289
32376
32422
32391
32390
32397
32525
32381
32424
32404
32442
32483
32377
32448
32302
32392
32425
32463
32362
32379
32382
32411
32424
32432
32368
32421
32511
32401
32450
32464
32415
32416
32420
32484
32398
32451
32376
32442
32366
32390
32486
32326
32391
32437
32460
32386
32301
32386
32399
32422
32409
32473
32386
32381
32527
32405
32343
32360
32379
32423
32422
32397
32396
32436
32415
32409
32381
32326
32352
32501
32454
32346
32445
32449
32410
32368
32394
32477
32388
32453
32326
32422
32450
32475
32435
32412
32407
32418
32521
32383
32403
32327
32353
32389
32362
32391
32453
32510
32405
32420
32395
32331
32430
32348
32382
32419
32312
32339
32516
32413
32460
32432
32383
32330
32399
32415
32421
32472
32389
32448
32396
32500
32405
32408
32481
32421
32354
32471
32434
32407
32426
32398
32434
32456
32496
32433
32358
32437
32435
32443
32430
32325
32356
32462
32439
32364
32455
32451
32424
32396
32416
32428
32392
32389
32357
32280
32412
32378
32556
32405
32389
32447
32467
32441
32416
32473
32448
32464
32388
32377
32465
32367
32366
32395
32411
32394
32549
32495
32363
32406
32370
32382
32419
32508
32341
32318
32454
32324
32418
32454
32487
32476
32327
32456
32405
32389
32374
32260
32459
32366
32424
32371
32455
32401
32385
32286
32526
32425
32294
32453
32533
32320
32348
32408
32504
32395
32545
32514
32391
32419
32458
32423
32394
32466
32492
32513
32500
32389
32506
32490
32494
32422
32471
32446
32448
32394
32404
32356
32446
32397
32481
32397
32433
32464
32354
32474
32495
32414
32399
32340
32434
32442
32388
32497
32444
32464
32300
32412
32413
32396
32464
32391
32328
32313
32405
32532
32417
32449
32310
32443
32421
32382
32503
32473
32455
32308
32439
32485
32402
32357
32322
32510
32369
32457
32381
32396
32317
32416
32399
32403
32446
32403
32410
32467
32340
32342
32400
32403
32372
32395
32527
32479
32378
32391
32462
32393
32428
32368
32410
32439
32384
32442
32423
32451
32361
32422
32379
32470
32440
32330
32440
32360
32467
32370
32353
32488
32454
32369
32409
32406
32376
32501
32434
32456
32359
32486
32300
32510
32424
32367
32354
32302
32444
32469
32489
32395
32441
32297
32492
32353
32382
32466
32459
32444
32346
32341
32411
32464
32390
32433
32404
32278
32446
32365
32336
32423
32392
32521
32363
32472
32321
32326
32378
32508
32481
32396
32451
32541
32374
32354
32470
32366
32377
32403
32422
32384
32399
32443
32404
32450
32408
32399
32444
32373
32394
32409
32449
32412
32369
32420
32438
32405
32454
32466
32348
32466
32462
32342
32433
32445
32401
32300
32476
32428
32460
32320
32426
32424
32473
32353
32382
32404
32359
32360
32423
32414
32517
32368
32422
32510
32401
32366
32436
32505
32482
32493
32497
32352
32389
32516
32374
32368
32409
32399
32436
32524
32412
32527
32423
32454
32427
32401
32418
32330
32413
32512
32434
32449
32388
32368
32489
32478
32397
32531
32462
32431
32442
32473
32477
32419
32358
32438
32492
32486
32484
32380
32306
32533
32400
32437
32515
32368
32361
32376
32392
32441
32366
32465
32406
32396
32459
32386
32387
32352
32410
32350
32322
32462
32400
32480
32463
32461
32484
32399
32402
32488
32425
32370
32443
32514
32472
32408
32408
32492
32507
32360
32438
32497
32334
32398
32523
32497
32440
32322
32392
32355
32379
32407
32555
32516
32326
32462
32429
32341
32402
32404
32458
32471
32383
32430
32321
32478
32420
32334
32418
32362
32332
32455
32362
32461
32445
32371
32453
32500
32363
32371
32436
32415
32463
32408
32390
32483
32339
32524
32365
32401
32325
32415
32432
32379
32399
32458
32368
32403
32530
32525
32405
32392
32421
32421
32357
32383
32415
32437
32536
32439
32391
32485
32369
32370
32362
32445
32418
32365
32432
32377
32407
32353
32444
32423
32374
32390
32412
32397
32433
32386
32423
32296
32468
32458
32389
32412
32511
32464
32366
32450
32486
32427
32384
32368
32442
32428
32358
32420
32426
32332
32404
32382
32336
32414
32504
32357
32431
32416
32484
32444
32388
32467
32525
32520
32329
32479
32482
32391
32340
32503
32429
32395
32404
32378
32427
32406
32525
32398
32523
32373
32452
32389
32436
32380
32360
32410
32381
32465
32512
32520
32494
32402
32379
32436
32401
32487
32330
32441
32438
32355
32414
32416
32500
32355
32378
32557
32470
32444
32372
32431
32355
32493
32354
32352
32357
32444
32444
32441
32421
32481
32439
32449
32375
32518
32421
32353
32503
32383
32526
32470
32358
32354
32445
32420
32406
32469
32458
32397
32440
32380
32430
32354
32308
32426
32485
32411
32426
32381
32406
32375
32416
32353
32473
32474
32434
32427
32426
32401
32382
32367
32304
32524
32504
32406
32410
32422
32481
32476
32390
32458
32442
32434
32339
32357
32474
32286
32403
32373
32374
32321
32407
32451
32448
32423
32412
32416
32411
32457
32414
32439
32391
32522
32390
32421
32453
32321
32413
32466
32549
32426
32371
32370
32505
32491
32480
32278
32420
32404
32399
32331
32397
32472
32426
32384
32352
32493
32420
32395
32430
32376
32464
32459
32425
32421
32423
32394
32387
32463
32486
32314
32512
32453
32367
32328
32304
32471
32465
32470
32370
32414
32380
32458
32508
32457
32459
32351
32381
32415
32390
32394
32421
32473
32465
32420
32541
32431
32479
32444
32379
32359
32431
32385
32412
32446
32371
32485
32488
32389
32484
32425
32456
32303
32423
32389
32418
32367
32443
32504
32467
32343
32440
32460
32422
32401
32340
32432
32387
32414
32433
32408
32414
32389
32437
32443
32479
32394
32424
32435
32315
32393
32484
32413
32535
32449
32452
32370
32388
32455
32469
32449
32440
32461
32401
32409
32327
32339
32461
32478
32387
32449
32476
32473
32453
32421
32443
32512
32394
32316
32389
32471
32372
32459
32402
32445
32359
32400
32305
32406
32470
32537
32547
32468
32431
32317
32552
32591
32380
32354
32536
32486
32375
32364
32347
32453
32360
32382
32556
32521
32305
32419
32394
32333
32403
32431
32479
32388
32397
32366
32385
32503
32415
32413
32544
32441
32424
32404
32342
32341
32440
32550
32439
32537
32431
32532
32330
32425
32495
32403
32411
32352
32410
32486
32401
32295
32422
32410
32406
32413
32408
32461
32381
32517
32533
32411
32486
32438
32429
32376
32483
32428
32389
32378
32406
32500
32325
32434
32382
32367
32430
32424
32528
32329
32568
32469
32450
32434
32353
32448
32397
32449
32531
32398
32347
32446
32477
32445
32456
32398
32383
32394
32498
32498
32337
32491
32569
32412
32446
32475
32331
32485
32493
32356
32459
32428
32409
32442
32340
32425
32282
32443
32408
32434
32512
32455
32454
32442
32367
32539
32439
32344
32378
32453
32386
32387
32394
32487
32439
32397
32396
32420
32378
32430
32413
32396
32325
32475
32375
32387
32298
32492
32476
32394
32388
32446
32384
32408
32443
32450
32460
32423
32483
32459
32432
32487
32362
32413
32373
32474
32377
32385
32389
32546
32261
32364
32420
32475
32363
32336
32413
32382
32366
32464
32413
32453
32445
32460
32339
32385
32410
32464
32343
32429
32399
32453
32359
32521
32396
32478
32458
32414
32386
32431
32535
32521
32341
32454
32431
32348
32411
32494
32446
32385
32531
32495
32423
32468
32487
32534
32452
32468
32432
32430
32430
32410
32494
32376
32471
32598
32388
32362
32450
32427
32417
32387
32440
32533
32398
32456
32487
32531
32501
32437
32499
32526
32364
32457
32519
32351
32401
32441
32467
32494
32436
32469
32488
32403
32464
32465
32456
32422
32363
32452
32347
32515
32438
32381
32469
32409
32427
32432
32521
32411
32456
32469
32394
32432
32484
32342
32468
32428
32312
32329
32472
32425
32348
32436
32350
32414
32370
32461
32439
32431
32409
32419
32435
32404
32415
32468
32435
32456
32448
32425
32420
32393
32460
32446
32356
32308
32315
32443
32522
32451
32417
32401
32487
32331
32467
32424
32471
32405
32419
32308
32540
32455
32447
32438
32474
32385
32402
32292
32424
32449
32393
32437
32470
32420
32338
32460
32469
32425
32368
32491
32458
32413
32317
32416
32532
32548
32345
32405
32390
32371
32467
32464
32338
32493
32484
32419
32454
32446
32439
32373
32483
32471
32515
32255
32512
32383
32349
32425
32425
32411
32289
32340
32359
32393
32565
32389
32305
32396
32451
32438
32448
32445
32385
32474
32474
32405
32325
32481
32460
32408
32420
32436
32317
32500
32412
32366
32428
32442
32354
32365
32462
32374
32374
32379
32363
32445
32427
32423
32361
32345
32354
32394
32445
32343
32432
32411
32518
32307
32456
32497
32570
32431
32447
32371
32337
32398
32455
32510
32414
32391
32392
32467
32344
32399
32410
32416
32440
32338
32417
32438
32435
32271
32346
32298
32489
32554
32434
32515
32533
32345
32392
32394
32456
32357
32450
32461
32356
32403
32454
32456
32285
32322
32303
32419
32400
32477
32471
32396
32464
32360
32425
32372
32435
32446
32408
32403
32368
32356
32434
32431
32306
32457
32404
32405
32484
32468
32467
32416
32307
32504
32307
32396
32389
32429
32420
32408
32417
32504
32530
32457
32355
32383
32330
32438
32408
32364
32471
32427
32461
32405
32499
32328
32452
32444
32382
32294
32398
32304
32403
32409
32431
32358
32348
32466
32448
32432
32389
32505
32360
32508
32426
32476
32408
32384
32462
32423
32457
32321
32296
32385
32555
32375
32366
32425
32388
32339
32459
32401
32340
32391
32435
32445
32410
32461
32389
32443
32438
32466
32427
32362
32497
32368
32442
32404
32363
32401
32524
32378
32492
32552
32382
32457
32310
32512
32421
32419
32443
32432
32328
32451
32419
32410
32490
32347
32485
32448
32423
32460
32419
32416
32457
32362
32405
32541
32442
32445
32386
32395
32370
32393
32318
32453
32479
32434
32459
32362
32416
32474
32419
32412
32387
32426
32440
32497
32505
32413
32371
32311
32424
32412
32423
32387
32442
32407
32296
32494
32428
32361
32328
32475
32418
32440
32396
32353
32427
32451
32423
32463
32439
32422
32487
32461
32415
32539
32370
32416
32517
32452
32489
32389
32398
32350
32508
32435
32386
32330
32524
32346
32412
32376
32486
32382
32343
32372
32471
32503
32423
32477
32462
32524
32482
32395
32475
32462
32392
32406
32415
32355
32409
32436
32346
32394
32394
32356
32429
32406
32438
32419
32424
32375
32391
32492
32475
32518
32403
32400
32368
32428
32481
32413
32483
32442
32334
32431
32461
32399
32406
32366
32483
32506
32517
32419
32436
32469
32386
32362
32363
32433
32410
32441
32443
32460
32397
32422
32562
32388
32477
32526
32504
32382
32338
32374
32434
32500
32373
32452
32391
32297
32446
32370
32428
32472
32535
32384
32390
32449
32415
32484
32398
32412
32441
32468
32379
32497
32451
32439
32410
32385
32426
32396
32368
32383
32323
32461
32444
32392
32413
32401
32372
32373
32475
32383
32467
32401
32435
32351
32384
32456
32468
32455
32495
32388
32374
32383
32483
32504
32515
32528
32399
32369
32466
32446
32396
32418
32429
32364
32334
32450
32470
32459
32363
32380
32467
32384
32418
32429
32463
32448
32496
32401
32390
32400
32384
32497
32450
32506
32268
32481
32433
32363
32370
32491
32329
32342
32345
32434
32444
32437
32420
32456
32416
32407
32312
32401
32452
32520
32332
32361
32421
32392
32470
32306
32453
32405
32471
32358
32355
32323
32400
32459
32417
32397
32357
32334
32442
32332
32482
32538
32384
32455
32398
32440
32366
32430
32475
32441
32489
32403
32351
32423
32398
32415
32495
32385
32357
32360
32498
32384
32412
32410
32393
32471
32499
32374
32450
32403
32553
32427
32443
32419
32427
32369
32312
32426
32448
32392
32423
32407
32490
32447
32435
32396
32431
32295
32345
32491
32457
32425
32414
32478
32422
32429
32428
32500
32471
32456
32406
32460
32315
32402
32318
32365
32476
32504
32420
32329
32326
32416
32428
32416
32514
32472
32388
32479
32350
32446
32453
32344
32384
32462
32427
32372
32465
32418
32355
32367
32450
32531
32406
32310
32433
32361
32371
32368
32397
32417
32467
32402
32547
32364
32418
32437
32375
32455
32508
32364
32378
32318
32389
32480
32407
32306
32456
32509
32507
32456
32436
32360
32433
32434
32342
32374
32432
32406
32434
32406
32422
32527
32463
32480
32547
32458
32410
32485
32392
32478
32488
32352
32367
32417
32506
32489
32453
32401
32395
32422
32453
32565
32501
32409
32409
32432
32415
32461
32441
32372
32493
32434
32486
32423
32334
32420
32428
32395
32473
32516
32436
32507
32432
32420
32368
32459
32385
32395
32517
32377
32429
32456
32363
32411
32449
32464
32550
32512
32400
32338
32359
32405
32368
32447
32398
32423
32409
32424
32360
32431
32343
32386
32498
32433
32407
32370
32419
32431
32534
32391
32469
32421
32458
32468
32397
32450
32317
32385
32498
32482
32490
32353
32396
32365
32475
32327
32494
32434
32423
32357
32511
32409
32466
32488
32506
32409
32376
32360
32436
32330
32376
32426
32340
32389
32361
32392
32455
32386
32294
32473
32438
32472
32459
32494
32394
32475
32475
32351
32491
32462
32477
32417
32422
32397
32444
32395
32432
32524
32460
32496
32485
32494
32431
32404
32331
32485
32347
32468
32468
32416
32456
32368
32469
32525
32471
32441
32448
32415
32392
32440
32367
32432
32381
32410
32466
32352
32432
32372
32424
32460
32488
32420
32485
32312
32475
32365
32363
32408
32318
32531
32401
32460
32331
32395
32454
32437
32479
32475
32404
32543
32472
32444
32482
32391
32440
32364
32380
32420
32426
32405
32457
32389
32435
32409
32422
32408
32493
32508
32347
32380
32421
32504
32503
32445
32282
32345
32374
32459
32435
32519
32391
32376
32438
32416
32404
32408
32435
32398
32411
32583
32419
32411
32443
32397
32481
32504
32496
32415
32417
32452
32410
32440
32398
32414
32403
32367
32529
32451
32389
32341
32359
32430
32479
32380
32405
32378
32484
32343
32495
32415
32384
32461
32326
32483
32432
32411
32425
32312
32434
32370
32356
32547
32500
32402
32382
32328
32433
32438
32447
32497
32489
32367
32415
32414
32418
32533
32441
32408
32430
32494
32467
32361
32402
32426
32542
32460
32422
32408
32318
32418
32394
32482
32562
32429
32361
32402
32512
32374
32471
32310
32349
32428
32454
32416
32458
32348
32463
32424
32417
32349
32448
32368
32361
32469
32429
32406
32371
32367
32389
32440
32501
32365
32383
32362
32385
32541
32473
32414
32468
32427
32454
32437
32415
32396
32434
32373
32395
32424
32424
32490
32393
32357
32357
32310
32426
32452
32388
32392
32416
32480
32441
32376
32443
32471
32477
32379
32455
32366
32509
32473
32371
32442
32463
32419
32523
32317
32361
32405
32397
32389
32471
32438
32403
32408
32413
32446
32431
32284
32359
32441
32426
32460
32465
32320
32482
32438
32437
32451
32377
32535
32381
32510
32371
32452
32423
32391
32473
32447
32345
32444
32397
32389
32419
32452
32399
32485
32416
32322
32463
32376
32405
32399
32544
32393
32441
32482
32511
32451
32427
32457
32341
32408
32414
32460
32442
32477
32404
32448
32400
32440
32414
32372
32400
32417
32349
32411
32376
32455
32348
32398
32509
32476
32367
32493
32450
32396
32551
32425
32494
32349
32401
32498
32454
32473
32375
32488
32362
32460
32410
32396
32481
32399
32498
32399
32532
32487
32400
32412
32490
32375
32385
32422
32369
32373
32417
32369
32468
32479
32444
32365
32475
32509
32501
32445
32427
32451
32430
32435
32427
32373
32488
32419
32480
32412
32330
32319
32357
32468
32345
32381
32409
32476
32396
32344
32473
32455
32400
32385
32469
32470
32453
32447
32513
32468
32426
32437
32470
32526
32495
32438
32459
32382
32344
32369
32307
32345
32339
32417
32432
32427
32462
32450
32442
32384
32394
32418
32351
32377
32371
32458
32378
32408
32348
32400
32357
32376
32394
32395
32330
32444
32397
32417
32433
32465
32430
32441
32280
32470
32330
32373
32348
32379
32356
32386
32381
32408
32381
32335
32436
32465
32300
32272
32372
32461
32478
32443
32472
32456
32382
32437
32398
32477
32397
32383
32350
32467
32348
32322
32344
32493
32362
32440
32458
32485
32453
32389
32435
32440
32518
32480
32458
32361
32500
32451
32371
32434
32481
32389
32473
32379
32445
32337
32484
32489
32439
32422
32469
32403
32441
32445
32301
32444
32340
32399
32455
32459
32406
32278
32325
32334
32410
32459
32397
32291
32519
32517
32356
32409
32440
32471
32356
32398
32477
32386
32338
32416
32461
32440
32406
32481
32396
32365
32356
32325
32376
32496
32463
32484
32434
32400
32482
32389
32485
32407
32397
32437
32458
32478
32290
32420
32496
32352
32440
32483
32392
32412
32502
32327
32471
32456
32340
32387
32398
32439
32460
32385
32347
32395
32432
32426
32404
32482
32505
32315
32401
32329
32314
32492
32399
32392
32335
32450
32337
32470
32344
32330
32419
32395
32500
32500
32291
32445
32427
32522
32376
32409
32343
32454
32407
32409
32326
32376
32397
32466
32477
32432
32396
32485
32337
32466
32436
32413
32536
32515
32447
32427
32416
32353
32363
32370
32445
32395
32432
32436
32452
32479
32459
32451
32407
32522
32489
32391
32475
32399
32391
32438
32368
32348
32387
32374
32395
32370
32466
32474
32474
32513
32321
32518
32407
32356
32430
32299
32326
32475
32462
32398
32338
32423
32297
32421
32361
32284
32245
32548
32417
32292
32408
32380
32411
32425
32375
32444
32412
32361
32412
32418
32400
32502
32590
32401
32518
32532
32333
32367
32456
32272
32368
32460
32281
32461
32405
32376
32441
32482
32472
32433
32465
32402
32442
32344
32417
32479
32503
32377
32502
32478
32422
32465
32375
32393
32486
32412
32387
32403
32371
32358
32402
32417
32432
32518
32320
32443
32295
32457
32558
32357
32308
32473
32411
32366
32372
32469
32382
32422
32486
32442
32350
32418
32440
32478
32308
32385
32424
32366
32414
32473
32313
32403
32350
32371
32291
32444
32444
32379
32426
32456
32392
32457
32423
32371
32395
32402
32389
32376
32405
32424
32358
32466
32442
32345
32425
32373
32535
32489
32326
32473
32529
32396
32435
32416
32423
32396
32469
32424
32468
32392
32493
32439
32365
32393
32446
32398
32418
32317
32419
32523
32500
32322
32441
32421
32406
32474
32373
32436
32466
32388
32389
32386
32418
32484
32492
32432
32456
32498
32319
32372
32485
32448
32369
32386
32407
32391
32452
32387
32466
32317
32309
32446
32463
32354
32426
32424
32426
32430
32472
32425
32401
32322
32441
32394
32357
32432
32342
32510
32336
32290
32495
32463
32401
32436
32406
32414
32402
32370
32280
32414
32400
32455
32485
32458
32398
32418
32417
32491
32476
32390
32427
32415
32419
32335
32349
32390
32387
32390
32449
32376
32434
32364
32461
32438
32435
32509
32415
32321
32456
32343
32404
32463
32375
32336
32401
32358
32476
32421
32435
32400
32378
32443
32492
32408
32436
32344
32369
32448
32479
32452
32364
32460
32312
32429
32358
32466
32391
32494
32484
32376
32488
32391
32427
32426
32292
32512
32436
32397
32326
32423
32447
32465
32413
32480
32459
32356
32338
32454
32435
32458
32435
32415
32414
32455
32408
32418
32388
32403
32303
32397
32489
32336
32516
32524
32432
32389
32316
32414
32490
32506
32460
32404
32462
32436
32446
32408
32432
32444
32315
32356
32443
32406
32374
32528
32413
32462
32497
32378
32264
32381
32367
32365
32396
32404
32465
32340
32322
32472
32415
32388
32446
32431
32481
32418
32306
32435
32417
32309
32392
32373
32470
32432
32438
32458
32509
32425
32315
32367
32451
32472
32457
32420
32461
32365
32362
32484
32497
32427
32373
32407
32399
32327
32385
32471
32462
32445
32405
32452
32381
32366
32348
32416
32333
32438
32409
32388
32320
32447
32410
32458
32488
32419
32323
32431
32402
32512
32479
32412
32478
32479
32346
32387
32408
32450
32288
32440
32356
32512
32356
32426
32465
32454
32459
32536
32482
32387
32389
32492
32351
32495
32508
32457
32504
32430
32372
32328
32409
32353
32416
32353
32411
32436
32385
32468
32349
32456
32471
32419
32376
32325
32400
32377
32408
32562
32490
32483
32484
32378
32367
32396
32426
32451
32395
32337
32430
32390
32312
32443
32525
32378
32383
32502
32409
32446
32489
32425
32459
32384
32475
32417
32451
32379
32336
32421
32369
32422
32316
32411
32422
32376
32462
32421
32511
32433
32386
32289
32316
32374
32439
32444
32327
32412
32498
32431
32348
32495
32376
32459
32464
32331
32441
32473
32318
32430
32427
32406
32334
32313
32424
32544
32461
32460
32470
32402
32403
32347
32340
32468
32411
32374
32462
32482
32483
32407
32422
32364
32414
32447
32455
32452
32369
32477
32418
32468
32452
32434
32411
32381
32454
32424
32379
32308
32438
32528
32381
32569
32462
32373
32449
32421
32394
32334
32411
32340
32454
32305
32406
32407
32448
32260
32383
32453
32409
32414
32374
32489
32458
32350
32366
32357
32486
32414
32502
32464
32326
32493
32475
32493
32444
32389
32434
32428
32441
32439
32373
32314
32428
32367
32482
32450
32402
32394
32479
32507
32424
32416
32414
32333
32386
32380
32456
32536
32492
32383
32441
32427
32528
32402
32416
32398
32343
32415
32493
32489
32408
32378
32497
32526
32407
32482
32303
32460
32387
32534
32366
32400
32430
32410
32408
32411
32460
32317
32493
32407
32440
32391
32457
32396
32414
32433
32476
32520
32489
32413
32380
32416
32529
32363
32417
32364
32419
32378
32378
32467
32468
32474
32414
32407
32382
32409
32432
32440
32454
32374
32433
32400
32330
32338
32480
32297
32360
32337
32409
32365
32394
32343
32431
32513
32453
32408
32374
32410
32358
32352
32379
32376
32381
32324
32423
32413
32474
32295
32485
32311
32471
32467
32327
32384
32478
32323
32370
32297
32369
32439
32433
32336
32358
32408
32378
32403
32469
32415
32532
32478
32484
32394
32499
32361
32425
32375
32426
32471
32409
32440
32406
32472
32541
32479
32423
32533
32421
32345
32374
32462
32525
32524
32433
32513
32388
32471
32440
32349
32339
32382
32436
32364
32484
32444
32470
32404
32363
32426
32460
32478
32395
32422
32428
32425
32386
32379
32455
32523
32401
32508
32302
32446
32408
32406
32346
32538
32378
32528
32322
32336
32393
32408
32357
32392
32428
32464
32446
32381
32373
32403
32317
32416
32402
32444
32488
32380
32439
32379
32370
32438
32393
32368
32510
32365
32323
32388
32459
32364
32470
32417
32297
32381
32458
32401
32455
32451
32410
32462
32415
32399
32436
32272
32323
32386
32384
32417
32476
32445
32468
32505
32356
32380
32363
32329
32392
32456
32430
32498
32394
32463
32389
32340
32521
32458
32406
32352
32447
32480
32358
32366
32488
32347
32491
32470
32401
32454
32397
32402
32474
32393
32352
32481
32461
32389
32324
32424
32388
32407
32403
32400
32285
32377
32430
32463
32439
32456
32450
32311
32466
32451
32376
32465
32384
32426
32432
32525
32418
32394
32418
32408
32433
32459
32349
32425
32332
32318
32381
32504
32320
32419
32447
32336
32409
32355
32521
32381
32428
32402
32329
32378
32521
32473
32495
32374
32350
32421
32469
32462
32456
32455
32426
32417
32424
32400
32493
32465
32390
32372
32352
32382
32415
32339
32448
32452
32430
32471
32336
32345
32387
32397
32481
32382
32472
32456
32400
32500
32461
32336
32396
32412
32457
32497
32493
32398
32448
32460
32468
32422
32383
32359
32359
32382
32339
32488
32474
32482
32429
32415
32356
32353
32436
32372
32471
32426
32374
32355
32435
32357
32460
32475
32488
32456
32356
32455
32483
32359
32319
32379
32334
32337
32459
32453
32380
32447
32431
32480
32339
32437
32517
32478
32355
32341
32403
32436
32387
32438
32391
32473
32361
32453
32358
32440
32310
32493
32456
32359
32350
32342
32475
32364
32447
32429
32378
32388
32357
32352
32380
32362
32351
32449
32460
32384
32419
32470
32512
32500
32457
32394
32385
32417
32437
32479
32506
32377
32376
32457
32473
32423
32399
32377
32292
32388
32393
32328
32431
32418
32349
32313
32520
32443
32456
32377
32372
32408
32414
32485
32394
32382
32394
32461
32509
32439
32432
32417
32439
32420
32412
32465
32371
32471
32412
32377
32384
32312
32392
32349
32303
32414
32373
32302
32369
32399
32440
32357
32429
32428
32414
32314
32424
32387
32448
32410
32456
32470
32397
32479
32430
32387
32397
32429
32388
32494
32392
32432
32354
32397
32403
32353
32537
32428
32514
32521
32373
32394
32376
32444
32419
32441
32348
32443
32415
32338
32458
32268
32376
32418
32497
32363
32372
32361
32508
32391
32376
32403
32302
32330
32563
32458
32402
32386
32380
32450
32536
32465
32447
32341
32358
32441
32507
32522
32424
32410
32465
32521
32376
32332
32489
32529
32340
32416
32362
32414
32410
32373
32416
32411
32422
32331
32387
32384
32386
32384
32426
32431
32411
32330
32487
32432
32388
32367
32422
32385
32394
32340
32419
32360
32482
32414
32399
32445
32344
32470
32486
32443
32491
32393
32470
32348
32410
32412
32496
32412
32465
32372
32440
32416
32404
32462
32517
32580
32431
32413
32389
32455
32541
32484
32383
32503
32444
32365
32387
32431
32471
32422
32362
32461
32364
32358
32321
32521
32370
32470
32455
32491
32466
32358
32477
32423
32409
32444
32351
32431
32376
32423
32487
32402
32510
32521
32414
32340
32474
32386
32442
32430
32412
32398
32427
32437
32407
32439
32334
32455
32405
32404
32405
32281
32510
32415
32410
32340
32418
32378
32453
32421
32494
32521
32495
32366
32477
32496
32357
32378
32488
32353
32377
32481
32342
32357
32376
32436
32440
32443
32444
32459
32323
32441
32378
32445
32512
32382
32272
32455
32424
32369
32420
32465
32356
32386
32315
32409
32404
32481
32491
32425
32476
32361
32515
32423
32341
32333
32423
32382
32388
32433
32389
32396
32385
32441
32418
32498
32488
32516
32335
32381
32382
32390
32423
32387
32561
32477
32509
32355
32413
32431
32312
32340
32551
32306
32479
32430
32368
32354
32462
32493
32448
32403
32418
32391
32502
32495
32530
32502
32557
32343
32374
32411
32555
32461
32482
32473
32369
32335
32469
32373
32404
32360
32491
32449
32384
32389
32515
32373
32450
32437
32344
32313
32392
32409
32398
32430
32441
32439
32390
32441
32459
32371
32466
32464
32402
32419
32433
32438
32399
32337
32420
32494
32417
32434
32282
32480
32486
32521
32427
32436
32414
32391
32357
32389
32491
32507
32515
32449
32364
32410
32478
32594
32421
32441
32370
32406
32387
32379
32481
32455
32409
32460
32449
32435
32421
32478
32451
32362
32408
32376
32459
32290
32463
32418
32552
32419
32372
32356
32369
32353
32383
32421
32490
32418
32454
32400
32533
32454
32358
32461
32404
32453
32462
32535
32419
32445
32463
32476
32445
32326
32406
32482
32449
32432
32487
32481
32477
32438
32435
32340
32446
32529
32463
32331
32467
32494
32427
32436
32433
32456
32352
32409
32438
32472
32451
32500
32416
32346
32449
32350
32439
32410
32407
32461
32352
32355
32490
32434
32467
32417
32438
32366
32419
32445
32334
32390
32444
32460
32516
32482
32514
32472
32491
32418
32340
32346
32384
32412
32478
32507
32411
32382
32431
32368
32318
32413
32455
32431
32405
32457
32409
32373
32374
32461
32508
32343
32365
32343
32388
32527
32396
32397
32415
32535
32500
32335
32369
32489
32430
32384
32370
32275
32487
32426
32373
32359
32390
32440
32433
32445
32495
32427
32460
32498
32477
32472
32420
32468
32370
32492
32487
32429
32356
32438
32334
32313
32461
32481
32447
32406
32461
32433
32444
32315
32402
32404
32438
32429
32378
32376
32318
32370
32361
32508
32395
32417
32472
32451
32419
32422
32365
32438
32420
32334
32378
32391
32437
32431
32504
32360
32462
32459
32388
32403
32445
32552
32423
32280
32473
32346
32448
32382
32470
32567
32419
32416
32417
32366
32406
32360
32461
32373
32417
32457
32473
32359
32329
32290
32366
32326
32429
32389
32469
32405
32488
32503
32466
32421
32490
32427
32412
32471
32478
32440
32383
32400
32436
32374
32500
32380
32351
32397
32377
32488
32364
32457
32350
32396
32383
32421
32439
32430
32459
32476
32441
32383
32383
32428
32341
32428
32322
32406
32463
32477
32418
32490
32455
32427
32365
32487
32349
32399
32432
32454
32423
32348
32502
32501
32519
32427
32374
32394
32482
32457
32466
32343
32341
32458
32473
32385
32453
32399
32456
32377
32488
32462
32407
32485
32372
32348
32533
32427
32391
32344
32477
32392
32369
32347
32420
32341
32398
32418
32384
32389
32411
32289
32442
32421
32309
32441
32299
32422
32389
32381
32411
32374
32488
32529
32420
32382
32415
32419
32304
32480
32442
32400
32324
32403
32410
32457
32471
32360
32485
32440
32423
32453
32447
32363
32351
32396
32401
32448
32349
32422
32412
32368
32430
32463
32507
32490
32417
32460
32436
32482
32449
32390
32430
32512
32432
32338
32490
32477
32451
32483
32358
32483
32423
32312
32443
32360
32499
32419
32411
32434
32417
32427
32370
32415
32429
32478
32400
32412
32443
32413
32408
32422
32385
32362
32487
32482
32365
32438
32500
32526
32392
32467
32474
32443
32435
32401
32440
32291
32372
32393
32252
32386
32441
32368
32446
32538
32404
32401
32400
32479
32402
32379
32339
32452
32523
32462
32462
32385
32328
32417
32383
32347
32389
32461
32376
32412
32466
32426
32398
32422
32417
32424
32424
32460
32396
32336
32441
32370
32382
32469
32381
32272
32350
32411
32501
32404
32307
32421
32384
32386
32439
32455
32451
32358
32456
32511
32419
32515
32371
32528
32424
32434
32406
32360
32314
32429
32453
32532
32353
32466
32409
32448
32427
32398
32331
32375
32420
32519
32532
32424
32492
32468
32379
32458
32398
32344
32506
32436
32457
32422
32423
32440
32425
32415
32445
32474
32491
32459
32439
32376
32388
32403
32536
32453
32369
32343
32397
32423
32361
32327
32479
32510
32379
32451
32386
32388
32432
32364
32279
32412
32487
32410
32570
32430
32389
32351
32381
32370
32484
32474
32436
32384
32359
32400
32411
32530
32348
32383
32443
32424
32425
32455
32485
32316
32332
32394
32381
32389
32339
32463
32407
32404
32307
32447
32343
32296
32348
32320
32427
32367
32416
32482
32476
32392
32431
32493
32508
32448
32325
32474
32484
32415
32397
32494
32490
32403
32288
32411
32361
32406
32497
32415
32465
32411
32351
32481
32422
32428
32414
32368
32417
32402
32422
32325
32517
32404
32325
32332
32298
32455
32468
32425
32401
32431
32488
32414
32385
32318
32343
32369
32395
32301
32406
32424
32417
32417
32484
32406
32370
32452
32394
32492
32421
32424
32366
32432
32376
32397
32413
32407
32415
32408
32487
32375
32479
32439
32448
32486
32386
32306
32430
32408
32439
32456
32420
32520
32492
32329
32453
32443
32472
32444
32387
32416
32567
32422
32385
32369
32419
32431
32314
32534
32477
32450
32409
32494
32380
32502
32491
32427
32412
32467
32477
32442
32494
32507
32365
32425
32419
32438
32391
32407
32478
32323
32447
32421
32449
32363
32466
32409
32477
32440
32507
32416
32429
32511
32431
32406
32384
32405
32464
32388
32387
32415
32456
32355
32390
32492
32474
32333
32396
32448
32447
32483
32465
32441
32401
32477
32513
32498
32496
32370
32503
32512
32354
32343
32361
32385
32413
32488
32407
32568
32468
32349
32379
32334
32419
32403
32422
32319
32441
32398
32328
32511
32402
32434
32395
32482
32357
32528
32462
32357
32401
32490
32357
32324
32368
32475
32414
32449
32412
32442
32492
32289
32396
32352
32353
32409
32460
32362
32387
32416
32424
32370
32403
32462
32460
32406
32480
32346
32445
32448
32377
32429
32499
32468
32388
32419
32430
32412
32399
32406
32367
32330
32312
32416
32506
32435
32468
32327
32411
32440
32448
32461
32385
32481
32420
32415
32442
32426
32496
32463
32353
32406
32410
32343
32347
32509
32454
32453
32417
32400
32394
32414
32437
32360
32450
32478
32402
32363
32346
32395
32374
32411
32327
32491
32390
32365
32440
32473
32429
32428
32400
32442
32436
32341
32403
32360
32426
32407
32498
32456
32388
32325
32388
32468
32325
32382
32455
32449
32353
32410
32462
32375
32410
32402
32420
32354
32475
32331
32502
32457
32410
32448
32502
32450
32407
32449
32454
32465
32454
32397
32363
32464
32348
32509
32361
32347
32396
32389
32535
32405
32431
32383
32465
32446
32349
32493
32465
32349
32482
32401
32330
32421
32424
32348
32433
32411
32577
32299
32379
32400
32398
32440
32504
32493
32369
32407
32462
32427
32433
32435
32444
32450
32435
32408
32421
32470
32457
32412
32490
32480
32406
32377
32476
32518
32410
32405
32515
32549
32516
32455
32432
32487
32481
32462
32512
32380
32392
32469
32509
32514
32327
32470
32423
32404
32369
32338
32451
32472
32414
32381
32462
32339
32443
32464
32499
32453
32405
32384
32360
32447
32458
32463
32414
32429
32358
32436
32485
32505
32514
32464
32455
32312
32468
32463
32388
32331
32335
32361
32412
32454
32519
32445
32361
32420
32369
32476
32370
32442
32423
32467
32388
32443
32473
32563
32478
32442
32432
32495
32410
32411
32454
32376
32412
32284
32375
32452
32395
32433
32343
32402
32358
32454
32435
32421
32525
32365
32472
32390
32450
32404
32364
32383
32492
32450
32459
32422
32317
32402
32458
32485
32457
32413
32360
32514
32368
32352
32392
32452
32344
32514
32500
32499
32455
32429
32389
32401
32382
32399
32354
32378
32308
32375
32549
32449
32488
32397
32387
32448
32348
32467
32399
32435
32389
32432
32371
32358
32519
32332
32348
32397
32443
32439
32462
32397
32477
32435
32364
32463
32402
32334
32427
32514
32496
32434
32321
32358
32383
32344
32439
32432
32484
32411
32435
32493
32421
32476
32407
32420
32459
32493
32469
32319
32399
32455
32451
32404
32349
32386
32339
32358
32413
32432
32411
32436
32369
32361
32383
32501
32454
32459
32511
32535
32422
32494
32446
32394
32450
32433
32385
32449
32456
32468
32324
32400
32500
32386
32510
32367
32369
32371
32431
32269
32326
32430
32460
32468
32403
32516
32393
32461
32410
32404
32459
32386
32426
32403
32362
32447
32460
32385
32418
32512
32433
32328
32417
32413
32383
32436
32481
32403
32463
32518
32451
32397
32374
32394
32421
32475
32494
32435
32353
32450
32410
32330
32405
32431
32424
32438
32323
32458
32357
32363
32418
32432
32367
32455
32434
32346
32323
32427
32345
32461
32533
32505
32365
32365
32464
32401
32427
32287
32370
32325
32481
32354
32413
32482
32506
32382
32419
32423
32308
32421
32374
32384
32421
32469
32487
32404
32352
32489
32516
32316
32337
32372
32306
32450
32421
32405
32445
32372
32412
32320
32459
32483
32455
32487
32434
32518
32337
32331
32419
32378
32391
32424
32427
32461
32403
32486
32452
32474
32393
32405
32293
32449
32363
32458
32403
32395
32520
32335
32471
32463
32374
32440
32465
32450
32488
32419
32387
32432
32471
32387
32399
32447
32528
32436
32425
32407
32418
32407
32487
32320
32405
32428
32480
32458
32438
32452
32372
32476
32481
32404
32419
32455
32426
32385
32431
32428
32445
32412
32463
32442
32397
32453
32392
32335
32443
32506
32376
32392
32381
32498
32432
32487
32426
32451
32429
32428
32404
32476
32471
32448
32351
32481
32488
32401
32505
32449
32393
32511
32452
32456
32466
32500
32442
32402
32477
32388
32346
32448
32361
32460
32485
32428
32334
32501
32356
32422
32519
32435
32395
32388
32448
32414
32434
32348
32427
32457
32287
32478
32486
32397
32441
32380
32386
32428
32376
32467
32343
32459
32440
32439
32323
32371
32369
32483
32372
32447
32408
32336
32478
32466
32427
32469
32477
32455
32484
32413
32272
32522
32404
32324
32395
32396
32452
32351
32440
32421
32415
32424
32415
32357
32404
32357
32338
32406
32398
32443
32307
32400
32437
32442
32379
32405
32374
32452
32496
32501
32366
32426
32436
32400
32450
32340
32360
32426
32380
32460
32370
32392
32508
32422
32436
32417
32504
32402
32236
32321
32472
32405
32366
32495
32374
32415
32474
32373
32448
32369
32506
32459
32456
32355
32465
32454
32446
32404
32374
32503
32452
32350
32460
32415
32356
32400
32529
32426
32368
32383
32404
32401
32532
32449
32456
32375
32398
32450
32433
32440
32349
32528
32458
32440
32497
32453
32338
32467
32420
32533
32430
32441
32424
32453
32450
32419
32360
32467
32397
32424
32367
32386
32402
32472
32364
32295
32382
32465
32525
32479
32490
32390
32376
32400
32388
32431
32422
32449
32488
32418
32397
32366
32411
32386
32401
32491
32414
32507
32415
32398
32481
32408
32310
32402
32387
32422
32433
32405
32500
32355
32346
32452
32404
32433
32390
32454
32348
32447
32300
32419
32490
32458
32410
32492
32510
32432
32438
32346
32437
32461
32447
32482
32533
32366
32400
32402
32407
32397
32442
32467
32398
32376
32408
32370
32496
32346
32389
32429
32420
32483
32416
32352
32485
32492
32467
32489
32388
32399
32480
32425
32372
32488
32452
32334
32396
32335
32397
32371
32477
32390
32388
32401
32337
32420
32463
32475
32478
32348
32343
32420
32452
32408
32384
32415
32446
32346
32443
32338
32343
32397
32434
32368
32433
32461
32390
32409
32449
32369
32392
32372
32517
32449
32465
32437
32420
32493
32447
32365
32334
32414
32427
32456
32427
32509
32401
32358
32438
32417
32477
32410
32461
32458
32378
32268
32348
32397
32494
32451
32362
32408
32449
32480
32434
32427
32436
32391
32380
32418
32422
32420
32418
32366
32416
32400
32365
32374
32495
32456
32497
32494
32414
32399
32323
32368
32374
32428
32417
32476
32430
32472
32532
32422
32460
32514
32555
32386
32510
32513
32417
32448
32406
32406
32420
32360
32456
32463
32446
32444
32488
32474
32503
32466
32444
32417
32362
32356
32464
32406
32473
32391
32424
32401
32389
32428
32365
32432
32428
32337
32414
32466
32342
32457
32426
32439
32435
32401
32373
32344
32339
32493
32476
32363
32442
32309
32466
32519
32579
32550
32463
32331
32397
32399
32320
32441
32386
32463
32412
32458
32434
32379
32422
32367
32435
32506
32349
32492
32379
32439
32423
32465
32465
32415
32347
32439
32481
32472
32541
32465
32450
32478
32417
32537
32495
32478
32321
32474
32381
32407
32443
32488
32414
32459
32448
32370
32492
32344
32320
32412
32352
32444
32320
32485
32465
32413
32372
32488
32350
32468
32407
32456
32434
32398
32513
32394
32348
32490
32416
32446
32436
32470
32460
32403
32464
32491
32370
32370
32386
32430
32375
32416
32335
32447
32332
32469
32372
32489
32465
32437
32442
32419
32287
32501
32388
32487
32401
32389
32348
32479
32498
32574
32521
32400
32433
32491
32360
32401
32414
32458
32479
32427
32354
32379
32421
32449
32395
32460
32470
32402
32381
32462
32409
32393
32411
32371
32398
32462
32420
32398
32437
32457
32425
32426
32383
32489
32481
32452
32426
32425
32424
32424
32466
32497
32337
32397
32476
32368
32349
32500
32386
32538
32313
32482
32398
32405
32457
32382
32384
32387
32335
32515
32407
32429
32467
32343
32407
32478
32556
32383
32434
32472
32459
32395
32411
32314
32476
32339
32393
32421
32369
32447
32319
32457
32481
32416
32485
32349
32465
32393
32356
32302
32452
32498
32381
32483
32354
32419
32454
32408
32381
32449
32327
32325
32459
32490
32420
32330
32386
32400
32367
32366
32505
32429
32384
32373
32371
32411
32469
32397
32413
32402
32390
32462
32508
32363
32437
32385
32416
32417
32472
32480
32422
32422
32405
32357
32415
32401
32304
32326
32399
32405
32305
32493
32468
32502
32399
32348
32378
32404
32367
32408
32566
32348
32410
32462
32551
32541
32479
32363
32427
32297
32442
32366
32418
32400
32489
32301
32406
32519
32370
32400
32407
32441
32506
32503
32470
32456
32485
32377
32402
32411
32344
32423
32433
32383
32317
32468
32400
32394
32408
32421
32418
32404
32370
32470
32479
32459
32479
32490
32401
32467
32478
32381
32402
32448
32426
32353
32420
32355
32437
32316
32451
32481
32500
32470
32339
32430
32448
32372
32474
32316
32448
32533
32471
32402
32331
32549
32479
32370
32502
32364
32358
32389
32327
32417
32517
32368
32378
32389
32430
32382
32353
32432
32421
32474
32489
32356
32392
32415
32356
32390
32464
32394
32473
32474
32436
32461
32419
32483
32424
32437
32409
32508
32399
32477
32465
32367
32478
32377
32524
32508
32490
32474
32444
32398
32481
32360
32411
32435
32388
32429
32555
32420
32400
32439
32420
32346
32434
32416
32278
32420
32343
32408
32426
32389
32359
32386
32470
32518
32407
32479
32368
32445
32352
32437
32395
32506
32319
32414
32410
32394
32297
32395
32523
32507
32498
32372
32419
32362
32479
32360
32409
32382
32419
32334
32407
32431
32471
32373
32340
32466
32437
32424
32342
32403
32414
32440
32331
32494
32338
32412
32381
32371
32456
32413
32351
32360
32317
32356
32505
32376
32427
32444
32396
32360
32430
32509
32413
32473
32349
32509
32361
32438
32431
32340
32435
32449
32454
32379
32426
32491
32448
32417
32457
32450
32401
32473
32427
32294
32319
32423
32455
32478
32527
32506
32356
32403
32433
32399
32353
32472
32389
32403
32461
32299
32316
32461
32352
32455
32461
32367
32393
32410
32400
32376
32356
32443
32544
32514
32333
32334
32480
32366
32353
32472
32411
32447
32454
32344
32441
32368
32328
32396
32361
32470
32281
32400
32515
32433
32497
32502
32375
32429
32494
32478
32491
32447
32432
32357
32437
32413
32520
32395
32423
32490
32371
32428
32447
32348
32493
32530
32353
32428
32460
32302
32506
32362
32401
32502
32316
32493
32384
32379
32432
32396
32388
32402
32415
32414
32447
32494
32362
32454
32544
32421
32437
32386
32417
32460
32385
32474
32442
32324
32390
32366
32379
32379
32422
32394
32411
32298
32345
32369
32409
32401
32405
32307
32366
32527
32376
32419
32425
32481
32473
32450
32424
32461
32448
32464
32470
32428
32408
32344
32235
32426
32480
32420
32404
32369
32428
32401
32317
32440
32334
32374
32390
32466
32436
32414
32399
32307
32458
32444
32432
32448
32502
32422
32418
32384
32422
32501
32466
32524
32363
32403
32362
32470
32364
32299
32388
32386
32400
32390
32410
32324
32465
32337
32477
32462
32469
32387
32484
32488
32531
32380
32415
32400
32345
32420
32448
32381
32412
32431
32458
32422
32401
32414
32458
32444
32419
32459
32442
32417
32347
32299
32401
32472
32420
32367
32410
32409
32318
32385
32507
32438
32464
32396
32450
32556
32442
32472
32424
32327
32392
32464
32263
32362
32284
32440
32424
32357
32425
32384
32457
32451
32460
32481
32407
32326
32452
32410
32463
32408
32372
32467
32456
32370
32343
32356
32425
32439
32403
32419
32521
32413
32361
32425
32473
32406
32417
32347
32404
32336
32389
32450
32415
32423
32374
32334
32456
32368
32373
32481
32295
32513
32495
32478
32446
32315
32433
32333
32461
32490
32414
32479
32440
32494
32428
32500
32412
32433
32415
32429
32512
32400
32400
32428
32430
32453
32390
32380
32442
32370
32483
32474
32427
32484
32382
32480
32348
32514
32427
32374
32307
32425
32452
32426
32348
32399
32479
32423
32497
32437
32364
32412
32354
32418
32359
32457
32380
32413
32423
32329
32401
32504
32395
32378
32485
32338
32443
32534
32410
32438
32453
32370
32434
32385
32470
32419
32478
32334
32280
32521
32460
32438
32419
32390
32440
32411
32404
32468
32466
32438
32460
32463
32446
32377
32331
32403
32443
32382
32366
32455
32425
32406
32335
32488
32517
32422
32435
32369
32385
32364
32407
32452
32449
32468
32475
32335
32467
32354
32384
32339
32411
32335
32440
32438
32458
32414
32343
32344
32448
32451
32356
32440
32442
32468
32408
32396
32414
32369
32550
32460
32412
32419
32392
32333
32450
32369
32508
32416
32456
32451
32432
32449
32512
32418
32490
32315
32369
32460
32398
32432
32417
32366
32467
32407
32474
32393
32361
32345
32443
32493
32473
32419
32428
32427
32440
32386
32386
32397
32345
32462
32448
32389
32411
32421
32423
32446
32422
32437
32373
32403
32384
32470
32512
32367
32377
32473
32412
32376
32408
32377
32438
32435
32414
32558
32430
32456
32478
32353
32376
32448
32390
32349
32294
32442
32361
32529
32367
32421
32375
32374
32368
32406
32386
32473
32452
32395
32488
32463
32431
32495
32359
32383
32374
32423
32421
32397
32482
32460
32466
32428
32382
32355
32326
32451
32338
32382
32363
32425
32459
32390
32362
32424
32466
32444
32441
32443
32410
32394
32407
32515
32414
32300
32404
32443
32395
32395
32336
32374
32414
32417
32442
32413
32403
32431
32351
32411
32382
32416
32531
32419
32441
32373
32328
32470
32363
32286
32460
32371
32374
32434
32395
32415
32425
32446
32330
32418
32500
32383
32402
32463
32415
32427
32452
32486
32473
32379
32395
32426
32500
32471
32376
32349
32361
32377
32388
32283
32390
32399
32330
32371
32395
32507
32369
32333
32417
32450
32450
32307
32368
32417
32548
32393
32277
32386
32443
32353
32435
32421
32371
32446
32439
32383
32399
32455
32316
32466
32411
32333
32405
32376
32326
32377
32533
32371
32438
32515
32530
32315
32501
32398
32319
32361
32358
32436
32501
32395
32342
32333
32376
32361
32316
32436
32312
32401
32383
32384
32411
32258
32434
32455
32429
32411
32341
32385
32444
32394
32403
32433
32500
32384
32348
32483
32411
32366
32348
32384
32425
32457
32501
32395
32407
32476
32305
32383
32456
32466
32456
32400
32487
32439
32391
32465
32354
32488
32442
32406
32397
32366
32435
32367
32499
32436
32403
32465
32361
32480
32297
32397
32418
32398
32423
32390
32388
32471
32336
32407
32373
32356
32485
32315
32526
32467
32488
32491
32420
32500
32424
32362
32439
32442
32463
32359
32433
32404
32439
32428
32425
32340
32406
32482
32418
32383
32408
32503
32385
32303
32527
32492
32437
32413
32388
32368
32437
32315
32325
32391
32512
32451
32457
32427
32445
32418
32314
32384
32425
32432
32394
32387
32413
32429
32342
32404
32334
32428
32397
32468
32339
32403
32435
32392
32392
32480
32469
32463
32388
32412
32450
32431
32333
32382
32453
32428
32478
32490
32374
32299
32430
32346
32415
32396
32505
32433
32474
32347
32477
32419
32362
32441
32379
32512
32333
32384
32429
32399
32427
32280
32458
32468
32458
32380
32295
32413
32456
32383
32426
32405
32474
32395
32407
32473
32392
32413
32430
32432
32458
32454
32325
32341
32513
32363
32388
32445
32449
32534
32501
32457
32369
32418
32426
32307
32330
32412
32505
32435
32332
32334
32424
32393
32447
32392
32362
32443
32426
32442
32437
32502
32442
32497
32457
32409
32309
32463
32506
32339
32509
32453
32300
32458
32483
32385
32408
32405
32572
32532
32445
32350
32451
32440
32427
32382
32384
32387
32517
32383
32321
32410
32496
32386
32417
32404
32395
32458
32466
32416
32419
32302
32431
32399
32423
32474
32360
32384
32336
32512
32347
32359
32405
32448
32367
32463
32508
32519
32552
32364
32466
32511
32501
32511
32353
32411
32376
32415
32540
32473
32371
32438
32482
32451
32417
32472
32421
32498
32481
32349
32400
32425
32483
32334
32383
32383
32364
32347
32340
32395
32342
32521
32370
32300
32434
32417
32432
32430
32377
32425
32469
32429
32395
32436
32482
32383
32423
32433
32324
32370
32387
32376
32445
32478
32447
32474
32450
32486
32435
32492
32335
32440
32396
32340
32434
32507
32497
32347
32363
32410
32416
32356
32500
32430
32344
32397
32511
32455
32369
32465
32362
32447
32334
32406
32374
32396
32457
32478
32452
32386
32397
32328
32286
32466
32394
32383
32357
32438
32366
32471
32419
32434
32384
32486
32438
32478
32413
32450
32434
32425
32420
32473
32361
32419
32428
32492
32437
32506
32398
32401
32387
32470
32432
32398
32408
32411
32398
32304
32377
32364
32366
32400
32437
32460
32442
32491
32379
32434
32414
32376
32333
32366
32401
32473
32380
32445
32436
32379
32370
32426
32429
32431
32421
32392
32478
32473
32422
32419
32419
32483
32330
32476
32415
32428
32338
32409
32351
32386
32276
32442
32370
32379
32465
32463
32477
32386
32434
32364
32411
32499
32385
32509
32428
32374
32299
32349
32339
32406
32436
32362
32334
32351
32475
32330
32420
32468
32340
32437
32476
32437
32381
32365
32403
32400
32397
32347
32310
32428
32409
32414
32467
32429
32465
32483
32438
32423
32420
32538
32399
32400
32454
32389
32330
32464
32441
32407
32380
32468
32354
32393
32461
32394
32407
32337
32426
32370
32332
32454
32447
32445
32398
32483
32361
32439
32515
32374
32432
32520
32389
32408
32452
32479
32415
32358
32442
32421
32454
32435
32418
32405
32334
32334
32378
32455
32457
32419
32462
32480
32373
32520
32514
32551
32410
32477
32409
32452
32350
32439
32373
32395
32438
32426
32448
32347
32355
32444
32401
32444
32418
32371
32393
32376
32517
32363
32425
32368
32395
32469
32527
32397
32413
32435
32497
32391
32423
32402
32444
32447
32464
32421
32423
32457
32417
32493
32479
32455
32352
32483
32397
32409
32423
32470
32405
32367
32480
32424
32454
32399
32406
32455
32398
32387
32391
32397
32525
32321
32449
32475
32396
32542
32474
32422
32390
32388
32410
32452
32362
32490
32395
32458
32431
32433
32451
32405
32377
32414
32509
32365
32446
32356
32449
32399
32391
32403
32427
32342
32357
32341
32410
32423
32296
32386
32430
32464
32422
32301
32403
32392
32493
32404
32359
32468
32479
32414
32424
32451
32372
32534
32468
32490
32350
32400
32531
32488
32401
32477
32380
32455
32394
32452
32445
32407
32464
32494
32443
32436
32462
32441
32432
32447
32438
32403
32467
32269
32387
32356
32441
32345
32487
32381
32420
32405
32351
32436
32475
32419
32335
32359
32388
32414
32400
32378
32406
32444
32477
32384
32372
32439
32442
32514
32389
32490
32447
32517
32483
32390
32467
32375
32394
32441
32362
32418
32339
32469
32472
32358
32371
32333
32303
32421
32447
32402
32418
32381
32450
32415
32392
32388
32423
32465
32527
32374
32399
32368
32435
32455
32401
32426
32378
32407
32380
32387
32342
32430
32379
32436
32404
32371
32419
32435
32346
32475
32281
32439
32324
32453
32470
32440
32382
32450
32339
32404
32362
32457
32439
32433
32484
32483
32403
32428
32409
32423
32490
32514
32494
32504
32486
32466
32440
32472
32534
32504
32418
32372
32429
32482
32372
32421
32387
32492
32378
32535
32554
32493
32379
32540
32469
32410
32462
32416
32334
32514
32446
32418
32420
32413
32352
32442
32393
32445
32337
32481
32538
32421
32354
32367
32437
32356
32444
32488
32435
32477
32438
32356
32377
32473
32478
32382
32464
32352
32425
32411
32436
32446
32494
32419
32478
32353
32364
32443
32367
32477
32371
32438
32346
32325
32444
32404
32412
32416
32362
32255
32433
32459
32362
32448
32433
32481
32338
32437
32535
32472
32333
32423
32382
32538
32369
32420
32416
32483
32453
32329
32331
32424
32396
32399
32526
32476
32437
32367
32418
32420
32512
32532
32474
32391
32397
32446
32477
32426
32461
32476
32440
32441
32502
32530
32501
32408
32333
32359
32468
32449
32368
32445
32452
32391
32393
32362
32392
32386
32368
32440
32405
32414
32429
32345
32472
32366
32524
32353
32437
32404
32300
32425
32316
32445
32452
32348
32439
32421
32479
32369
32365
32323
32354
32264
32383
32280
32417
32401
32403
32385
32447
32347
32379
32419
32482
32354
32419
32371
32394
32308
32428
32437
32434
32475
32388
32386
32382
32442
32445
32382
32411
32383
32390
32436
32371
32387
32403
32493
32394
32324
32359
32367
32455
32402
32433
32317
32307
32372
32333
32463
32365
32348
32427
32346
32450
32503
32491
32424
32448
32284
32358
32428
32454
32368
32492
32442
32410
32523
32396
32333
32460
32380
32459
32385
32392
32395
32283
32402
32467
32442
32447
32423
32341
32502
32451
32360
32389
32452
32432
32348
32468
32399
32355
32488
32445
32376
32428
32387
32396
32422
32443
32367
32327
32289
32467
32451
32370
32361
32462
32388
32371
32469
32322
32379
32444
32450
32367
32399
32349
32408
32356
32460
32514
32435
32411
32425
32344
32342
32396
32354
32434
32418
32360
32483
32504
32481
32463
32517
32375
32429
32369
32439
32384
32484
32552
32386
32425
32431
32463
32403
32266
32455
32377
32414
32453
32418
32521
32388
32462
32478
32313
32385
32394
32430
32576
32403
32397
32376
32303
32442
32502
32309
32446
32343
32450
32367
32452
32472
32387
32313
32321
32369
32442
32470
32478
32332
32429
32483
32353
32331
32426
32429
32502
32454
32448
32285
32465
32496
32317
32334
32427
32483
32352
32329
32484
32358
32463
32323
32446
32377
32526
32342
32366
32339
32413
32326
32406
32389
32493
32428
32495
32396
32322
32515
32382
32396
32449
32434
32434
32403
32435
32449
32388
32412
32347
32400
32375
32503
32466
32333
32435
32423
32332
32500
32457
32477
32413
32381
32493
32345
32456
32408
32418
32354
32502
32437
32547
32358
32432
32464
32393
32456
32464
32385
32410
32393
32405
32327
32390
32355
32368
32553
32440
32382
32375
32339
32468
32354
32391
32398
32370
32435
32418
32466
32327
32348
32494
32290
32325
32378
32389
32416
32401
32490
32380
32441
32468
32526
32364
32356
32371
32359
32330
32461
32325
32289
32423
32488
32384
32366
32449
32512
32507
32448
32531
32377
32408
32480
32368
32371
32404
32473
32390
32445
32384
32281
32434
32494
32546
32329
32414
32476
32392
32328
32441
32422
32402
32342
32416
32494
32540
32440
32314
32412
32394
32407
32361
32499
32400
32507
32462
32446
32339
32452
32420
32332
32509
32504
32418
32349
32417
32480
32283
32441
32408
32435
32341
32429
32384
32473
32453
32446
32481
32297
32389
32422
32456
32339
32419
32446
32494
32419
32438
32481
32327
32474
32469
32446
32379
32454
32389
32377
32346
32502
32409
32378
32380
32381
32479
32400
32335
32508
32593
32476
32332
32403
32356
32385
32477
32381
32367
32421
32386
32524
32507
32488
32499
32522
32451
32364
32452
32376
32368
32473
32318
32413
32371
32490
32449
32520
32450
32493
32411
32429
32432
32315
32526
32418
32368
32365
32371
32538
32499
32446
32380
32377
32423
32494
32429
32447
32365
32419
32432
32462
32406
32411
32295
32502
32454
32523
32324
32454
32334
32391
32385
32423
32484
32407
32462
32386
32395
32341
32383
32382
32379
32359
32507
32480
32428
32521
32424
32420
32413
32466
32377
32283
32380
32378
32471
32304
32447
32443
32322
32418
32388
32344
32391
32462
32403
32358
32439
32451
32456
32420
32425
32477
32388
32518
32435
32410
32355
32430
32494
32455
32359
32382
32465
32390
32334
32457
32336
32461
32422
32357
32438
32445
32325
32569
32373
32361
32457
32420
32519
32452
32396
32490
32458
32358
32382
32492
32432
32320
32403
32408
32406
32529
32359
32366
32426
32360
32571
32352
32449
32366
32461
32385
32384
32354
32417
32421
32344
32480
32441
32412
32449
32478
32426
32362
32430
32399
32493
32464
32299
32393
32338
32395
32478
32497
32332
32396
32402
32509
32452
32454
32313
32404
32409
32457
32427
32300
32404
32401
32344
32426
32414
32432
32453
32424
32407
32415
32423
32350
32444
32296
32482
32404
32510
32360
32364
32464
32402
32431
32411
32386
32503
32382
32461
32363
32404
32399
32441
32417
32431
32416
32398
32404
32360
32399
32400
32343
32404
32396
32404
32349
32409
32502
32478
32508
32492
32422
32473
32408
32501
32383
32449
32466
32505
32461
32382
32479
32366
32368
32364
32527
32407
32425
32352
32371
32406
32486
32484
32376
32384
32454
32442
32460
32490
32480
32397
32379
32467
32321
32407
32450
32436
32446
32439
32488
32382
32382
32420
32370
32425
32376
32389
32368
32330
32547
32447
32405
32372
32310
32513
32397
32383
32407
32422
32343
32551
32374
32428
32462
32478
32435
32302
32431
32402
32435
32509
32467
32437
32414
32390
32507
32464
32423
32438
32366
32404
32414
32336
32387
32369
32331
32474
32464
32370
32436
32388
32382
32360
32425
32380
32413
32492
32398
32389
32429
32389
32399
32349
32468
32368
32431
32431
32382
32372
32454
32448
32406
32421
32400
32418
32400
32362
32515
32554
32459
32425
32500
32360
32417
32400
32438
32432
32283
32279
32406
32398
32423
32304
32409
32431
32431
32499
32420
32397
32434
32397
32411
32309
32429
32415
32419
32409
32375
32381
32405
32375
32544
32324
32491
32441
32330
32418
32327
32341
32374
32339
32413
32495
32327
32415
32418
32391
32487
32468
32336
32316
32471
32381
32352
32351
32461
32388
32473
32322
32283
32471
32436
32367
32531
32482
32528
32488
32397
32484
32426
32309
32426
32366
32325
32436
32397
32390
32335
32448
32522
32456
32375
32472
32465
32491
32466
32480
32401
32387
32396
32441
32395
32429
32516
32525
32392
32443
32432
32423
32461
32461
32306
32431
32369
32351
32459
32345
32352
32286
32342
32378
32480
32373
32477
32445
32428
32330
32388
32459
32357
32350
32520
32510
32401
32384
32532
32463
32303
32409
32382
32441
32340
32425
32462
32512
32334
32429
32348
32375
32439
32495
32410
32465
32337
32192
32468
32436
32351
32374
32360
32467
32436
32374
32333
32502
32312
32382
32437
32474
32411
32424
32432
32476
32388
32419
32416
32567
32423
32446
32429
32333
32443
32482
32448
32509
32313
32288
32469
32449
32370
32462
32468
32386
32392
32326
32312
32500
32372
32418
32351
32491
32528
32474
32296
32381
32453
32403
32472
32439
32462
32385
32480
32461
32420
32391
32375
32532
32472
32411
32420
32504
32438
32518
32451
32418
32461
32402
32411
32432
32434
32510
32404
32344
32290
32384
32361
32431
32540
32365
32405
32512
32473
32406
32474
32387
32380
32421
32464
32441
32524
32447
32393
32477
32446
32407
32494
32414
32490
32422
32326
32314
32374
32367
32350
32320
32432
32393
32437
32416
32439
32471
32519
32416
32288
32430
32432
32400
32463
32465
32518
32461
32345
32466
32463
32483
32467
32516
32337
32372
32471
32424
32389
32372
32451
32431
32413
32325
32366
32479
32340
32442
32377
32510
32372
32409
32428
32502
32359
32509
32489
32309
32391
32418
32339
32479
32438
32357
32510
32477
32265
32326
32410
32474
32464
32395
32452
32458
32480
32438
32442
32510
32345
32508
32478
32434
32468
32435
32406
32506
32481
32440
32429
32481
32437
32402
32434
32366
32443
32392
32450
32378
32408
32340
32447
32410
32443
32411
32350
32522
32493
32373
32415
32402
32425
32380
32382
32346
32410
32415
32376
32461
32420
32486
32380
32415
32424
32384
32494
32461
32357
32388
32365
32456
32460
32370
32379
32461
32367
32561
32503
32374
32448
32279
32350
32460
32431
32421
32500
32358
32351
32403
32412
32388
32363
32419
32408
32387
32404
32375
32506
32405
32328
32429
32394
32444
32466
32386
32504
32443
32525
32490
32402
32409
32346
32429
32402
32521
32462
32433
32382
32516
32487
32514
32446
32442
32513
32357
32377
32438
32385
32477
32416
32453
32460
32427
32460
32386
32438
32423
32475
32525
32398
32483
32451
32446
32456
32405
32360
32466
32486
32506
32417
32421
32536
32422
32501
32464
32435
32430
32404
32394
32400
32464
32420
32396
32476
32398
32530
32402
32383
32384
32487
32442
32462
32386
32460
32329
32372
32339
32389
32435
32464
32420
32422
32452
32403
32338
32342
32447
32421
32358
32540
32476
32429
32382
32414
32388
32422
32385
32422
32390
32382
32411
32355
32481
32415
32362
32527
32463
32404
32413
32519
32361
32365
32441
32310
32311
32489
32362
32440
32279
32467
32474
32437
32464
32300
32505
32378
32419
32509
32440
32481
32526
32434
32390
32425
32402
32530
32540
32472
32493
32356
32428
32484
32477
32427
32419
32337
32330
32407
32398
32382
32390
32404
32498
32429
32473
32422
32432
32403
32450
32394
32353
32384
32469
32390
32465
32484
32447
32428
32373
32392
32380
32471
32416
32409
32415
32416
32403
32400
32407
32388
32363
32310
32433
32502
32561
32445
32371
32382
32341
32435
32403
32372
32436
32459
32420
32501
32479
32400
32466
32490
32444
32490
32406
32438
32433
32497
32375
32418
32536
32382
32418
32544
32497
32364
32410
32398
32456
32309
32441
32435
32389
32470
32449
32346
32403
32397
32453
32474
32431
32492
32377
32459
32521
32458
32438
32365
32407
32264
32268
32369
32358
32316
32348
32472
32376
32399
32316
32513
32432
32417
32437
32330
32351
32533
32436
32423
32442
32387
32344
32389
32374
32376
32361
32334
32376
32497
32402
32407
32442
32398
32283
32352
32520
32440
32389
32489
32415
32436
32296
32394
32332
32429
32358
32341
32293
32396
32371
32481
32413
32414
32329
32310
32374
32395
32350
32340
32470
32394
32400
32366
32340
32385
32413
32417
32362
32399
32360
32332
32375
32397
32352
32475
32503
32415
32465
32483
32404
32429
32469
32402
32374
32442
32418
32361
32451
32380
32429
32471
32440
32521
32470
32526
32369
32476
32428
32394
32339
32350
32466
32371
32368
32354
32347
32346
32390
32433
32408
32382
32488
32496
32519
32416
32432
32469
32341
32433
32450
32473
32377
32471
32415
32353
32367
32397
32504
32531
32396
32319
32344
32454
32349
32418
32349
32305
32421
32372
32478
32425
32459
32479
32492
32524
32396
32430
32418
32413
32429
32359
32429
32398
32443
32389
32347
32388
32387
32444
32451
32462
32477
32376
32383
32373
32400
32393
32426
32455
32438
32432
32579
32339
32510
32418
32339
32340
32458
32429
32473
32440
32337
32481
32393
32385
32392
32510
32480
32412
32386
32518
32485
32537
32377
32349
32427
32506
32451
32275
32368
32423
32475
32395
32454
32388
32305
32405
32438
32384
32321
32522
32423
32400
32438
32484
32295
32531
32431
32381
32531
32524
32446
32474
32409
32491
32373
32446
32458
32444
32435
32499
32374
32527
32420
32438
32472
32367
32531
32368
32477
32354
32392
32430
32443
32375
32396
32389
32471
32355
32438
32367
32419
32476
32515
32383
32517
32409
32396
32488
32323
32363
32451
32419
32422
32306
32388
32395
32441
32359
32418
32464
32438
32417
32293
32395
32381
32317
32433
32379
32363
32393
32480
32409
32310
32330
32415
32391
32459
32392
32397
32445
32488
32419
32490
32490
32368
32356
32445
32429
32284
32366
32372
32448
32494
32327
32498
32322
32368
32444
32439
32388
32421
32449
32514
32518
32305
32334
32489
32394
32502
32443
32435
32321
32413
32356
32415
32388
32423
32418
32458
32472
32425
32466
32340
32536
32510
32440
32403
32378
32392
32448
32479
32388
32364
32342
32400
32447
32467
32384
32287
32341
32331
32419
32274
32474
32451
32467
32286
32479
32392
32454
32424
32380
32438
32470
32513
32551
32492
32492
32429
32408
32442
32463
32389
32336
32378
32422
32341
32367
32425
32462
32335
32373
32374
32414
32441
32338
32372
32345
32425
32500
32300
32420
32437
32406
32424
32463
32556
32433
32414
32394
32448
32444
32437
32308
32449
32379
32451
32397
32408
32352
32489
32395
32368
32490
32406
32456
32536
32420
32449
32408
32435
32437
32420
32377
32362
32303
32425
32421
32418
32432
32453
32392
32463
32406
32409
32436
32504
32310
32344
32405
32447
32383
32416
32473
32534
32322
32370
32329
32329
32329
32329
32329
32329
32329
32329
32329
32329
32329
32329
32329
32329
32329
32329
32329
32329
32329
32329
32329
32329
32329
32329
32329
32329
