9948
32352
32321
32407
32231
32383
32360
32359
32516
32288
32324
32299
32437
32404
32430
32346
32395
32380
32298
32482
32340
32478
32434
32411
32497
32427
32452
32405
32334
32429
32310
32360
32482
32378
32422
32413
32450
32386
32492
32327
32344
32413
32370
32343
32415
32400
32339
32360
32356
32440
32526
32435
32375
32388
32450
32497
32486
32341
32225
32401
32418
32343
32367
32438
32493
32355
32381
32431
32484
32416
32316
32482
32466
32266
32350
32375
32450
32466
32400
32443
32475
32345
32407
32378
32473
32371
32317
32392
32522
32444
32385
32431
32414
32366
32426
32397
32387
32405
32469
32469
32322
32387
32318
32445
32428
32456
32444
32440
32400
32408
32315
32349
32353
32477
32480
32338
32360
32430
32484
32358
32423
32356
32374
32417
32383
32480
32489
32363
32362
32352
32409
32417
32386
32485
32412
32505
32348
32428
32369
32347
32326
32408
32462
32405
32376
32491
32477
32363
32313
32390
32302
32401
32447
32458
32420
32453
32475
32534
32324
32452
32492
32510
32456
32463
32362
32344
32438
32498
32441
32319
32443
32463
32374
32522
32313
32415
32469
32517
32493
32447
32402
32475
32365
32489
32507
32342
32525
32386
32414
32367
32432
32351
32369
32488
32423
32432
32353
32353
32549
32372
32280
32414
32489
32396
32414
32283
32444
32432
32476
32364
32408
32431
32388
32538
32412
32446
32409
32394
32305
32328
32364
32389
32454
32347
32432
32408
32402
32362
32369
32426
32420
32399
32365
32418
32493
32400
32452
32466
32355
32334
32414
32371
32377
32331
32423
32480
32391
32407
32477
32477
32469
32453
32391
32445
32457
32509
32349
32350
32493
32518
32476
32472
32423
32394
32392
32375
32315
32347
32400
32497
32412
32494
32389
32347
32446
32403
32475
32296
32427
32375
32280
32401
32309
32516
32426
32469
32442
32381
32478
32384
32385
32357
32322
32396
32420
32421
32460
32424
32376
32339
32451
32387
32430
32535
32306
32341
32364
32467
32362
32453
32401
32379
32288
32416
32500
32376
32419
32303
32442
32475
32417
32344
32340
32418
32397
32412
32446
32309
32310
32468
32276
32431
32498
32418
32460
32311
32512
32425
32460
32440
32308
32296
32421
32388
32429
32300
32492
32461
32355
32384
32354
32343
32454
32461
32427
32418
32537
32467
32395
32433
32437
32414
32449
32560
32407
32386
32432
32399
32398
32404
32357
32429
32420
32343
32506
32388
32474
32421
32440
32365
32310
32368
32447
32446
32325
32415
32442
32459
32392
32436
32331
32481
32442
32482
32365
32459
32333
32495
32419
32339
32389
32407
32369
32389
32452
32516
32384
32446
32460
32522
32494
32449
32418
32437
32437
32324
32372
32385
32443
32502
32434
32393
32483
32448
32472
32411
32391
32398
32483
32360
32501
32417
32410
32420
32371
32471
32453
32406
32360
32508
32416
32469
32364
32328
32407
32443
32447
32358
32417
32456
32433
32484
32403
32401
32513
32424
32449
32473
32362
32379
32381
32386
32480
32507
32352
32376
32425
32393
32551
32480
32496
32464
32388
32473
32341
32418
32414
32531
32445
32339
32395
32418
32480
32386
32449
32492
32440
32469
32481
32384
32251
32393
32466
32418
32321
32487
32398
32447
32367
32393
32410
32489
32383
32433
32329
32359
32412
32541
32400
32322
32345
32427
32370
32455
32387
32498
32378
32422
32329
32486
32291
32379
32458
32440
32392
32318
32474
32445
32436
32443
32546
32378
32428
32428
32404
32444
32443
32410
32365
32473
32382
32509
32553
32446
32426
32362
32353
32517
32410
32417
32350
32398
32373
32411
32381
32409
32416
32376
32381
32397
32355
32477
32510
32391
32395
32333
32382
32556
32450
32511
32450
32450
32466
32417
32404
32370
32311
32439
32428
32441
32443
32470
32382
32432
32493
32522
32418
32361
32428
32401
32442
32360
32495
32475
32468
32487
32366
32384
32377
32472
32498
32426
32452
32293
32382
32452
32547
32392
32499
32469
32392
32367
32429
32473
32284
32348
32542
32436
32452
32454
32505
32543
32354
32482
32407
32466
32499
32564
32387
32514
32325
32411
32338
32384
32489
32463
32375
32435
32400
32352
32413
32398
32507
32467
32337
32395
32361
32464
32404
32500
32367
32268
32404
32502
32368
32388
32429
32427
32446
32389
32383
32479
32471
32433
32325
32519
32480
32394
32347
32473
32513
32399
32448
32404
32482
32378
32426
32388
32547
32472
32372
32425
32478
32529
32534
32548
32455
32496
32403
32420
32398
32405
32363
32552
32510
32497
32387
32425
32436
32432
32342
32366
32492
32463
32437
32400
32244
32502
32477
32543
32425
32405
32477
32404
32424
32503
32443
32362
32338
32443
32380
32446
32441
32467
32368
32472
32536
32448
32393
32444
32451
32389
32423
32431
32436
32365
32429
32377
32484
32355
32506
32483
32390
32345
32483
32486
32454
32320
32406
32380
32439
32368
32412
32450
32430
32434
32455
32482
32421
32355
32478
32411
32349
32451
32448
32382
32483
32510
32502
32455
32438
32392
32416
32325
32393
32423
32522
32516
32465
32444
32401
32571
32399
32424
32462
32339
32339
32338
32449
32456
32365
32461
32491
32349
32403
32426
32447
32431
32457
32498
32380
32379
32415
32476
32396
32404
32414
32466
32358
32411
32400
32452
32400
32415
32429
32387
32550
32395
32347
32387
32520
32400
32380
32474
32415
32372
32361
32416
32446
32468
32426
32459
32408
32505
32360
32494
32310
32428
32492
32440
32468
32321
32538
32529
32423
32318
32434
32458
32573
32488
32415
32403
32451
32458
32399
32424
32334
32422
32318
32535
32352
32510
32403
32406
32459
32500
32489
32435
32351
32447
32494
32409
32451
32379
32423
32365
32465
32382
32277
32449
32528
32475
32340
32431
32476
32397
32408
32437
32380
32384
32358
32366
32474
32321
32423
32481
32419
32450
32453
32317
32529
32320
32514
32346
32342
32451
32430
32361
32479
32392
32419
32407
32408
32438
32546
32381
32403
32464
32518
32353
32394
32479
32383
32392
32353
32490
32422
32362
32493
32467
32489
32512
32567
32392
32315
32497
32427
32433
32470
32427
32507
32523
32439
32360
32440
32486
32490
32349
32488
32431
32349
32425
32481
32392
32394
32445
32417
32550
32496
32518
32529
32495
32509
32453
32488
32468
32448
32419
32428
32439
32405
32435
32357
32490
32420
32355
32404
32422
32336
32370
32459
32393
32476
32513
32330
32514
32308
32436
32412
32327
32364
32500
32419
32271
32483
32367
32359
32448
32398
32402
32410
32410
32449
32404
32382
32470
32359
32540
32501
32395
32350
32444
32509
32411
32410
32463
32392
32471
32371
32483
32399
32393
32418
32455
32409
32455
32381
32384
32399
32446
32428
32287
32440
32432
32361
32414
32417
32486
32350
32428
32542
32427
32559
32387
32393
32343
32503
32428
32398
32409
32461
32433
32473
32436
32543
32417
32425
32451
32461
32400
32411
32521
32530
32311
32540
32393
32389
32466
32338
32386
32344
32384
32338
32485
32498
32425
32453
32373
32430
32497
32362
32445
32483
32318
32402
32416
32528
32446
32461
32366
32517
32436
32534
32361
32436
32404
32345
32444
32516
32512
32408
32431
32405
32486
32406
32548
32390
32450
32495
32426
32307
32490
32418
32391
32469
32487
32417
32409
32416
32441
32483
32464
32503
32381
32396
32448
32382
32418
32405
32382
32409
32372
32504
32326
32433
32387
32476
32384
32366
32393
32532
32489
32418
32375
32354
32459
32430
32512
32363
32484
32331
32425
32353
32378
32328
32343
32379
32348
32436
32467
32453
32386
32490
32417
32507
32520
32406
32396
32391
32458
32421
32514
32320
32472
32499
32514
32496
32446
32438
32457
32308
32408
32494
32439
32446
32418
32437
32492
32291
32476
32428
32462
32353
32433
32475
32461
32481
32465
32463
32465
32471
32463
32395
32347
32422
32418
32409
32473
32449
32442
32416
32514
32519
32477
32447
32406
32414
32467
32353
32395
32453
32362
32503
32438
32346
32435
32470
32421
32464
32424
32568
32454
32507
32376
32444
32455
32412
32459
32343
32484
32383
32534
32379
32375
32418
32364
32413
32377
32410
32422
32522
32398
32473
32311
32462
32413
32352
32370
32436
32416
32374
32451
32312
32464
32427
32498
32335
32415
32509
32415
32457
32438
32388
32440
32417
32439
32354
32368
32403
32479
32475
32313
32375
32351
32522
32446
32408
32411
32417
32395
32363
32526
32365
32445
32410
32402
32387
32421
32367
32391
32488
32474
32380
32418
32355
32501
32435
32303
32455
32501
32363
32487
32312
32407
32394
32363
32457
32465
32368
32433
32379
32363
32471
32390
32326
32390
32542
32364
32430
32343
32486
32381
32340
32465
32401
32513
32397
32467
32470
32469
32511
32515
32498
32382
32402
32454
32401
32393
32439
32368
32503
32496
32450
32480
32365
32352
32411
32483
32433
32519
32539
32419
32391
32487
32398
32289
32391
32427
32496
32465
32450
32474
32440
32394
32412
32491
32346
32504
32466
32360
32350
32414
32505
32365
32472
32451
32444
32446
32428
32468
32488
32398
32365
32458
32524
32497
32406
32394
32531
32288
32393
32396
32523
32488
32437
32364
32420
32471
32391
32390
32493
32416
32484
32405
32459
32299
32435
32371
32512
32440
32410
32503
32499
32477
32380
32383
32373
32467
32462
32515
32432
32408
32374
32454
32376
32427
32412
32564
32402
32426
32371
32260
32417
32434
32419
32514
32480
32487
32460
32547
32434
32463
32421
32489
32468
32471
32493
32460
32346
32449
32408
32450
32413
32445
32461
32366
32431
32408
32471
32324
32455
32355
32394
32356
32452
32428
32418
32401
32482
32461
32432
32324
32514
32395
32429
32386
32439
32434
32432
32425
32356
32373
32459
32476
32465
32320
32383
32443
32399
32389
32505
32434
32390
32366
32481
32527
32364
32467
32449
32486
32380
32522
32473
32412
32446
32418
32449
32445
32412
32387
32453
32453
32505
32397
32428
32429
32344
32343
32357
32477
32396
32358
32509
32428
32336
32346
32313
32499
32470
32394
32395
32344
32446
32498
32352
32322
32487
32457
32409
32433
32394
32309
32456
32436
32432
32331
32515
32485
32482
32394
32379
32324
32412
32469
32421
32502
32408
32454
32485
32410
32494
32394
32465
32424
32458
32456
32402
32432
32362
32436
32465
32443
32371
32522
32352
32442
32418
32456
32365
32379
32405
32412
32468
32394
32355
32459
32372
32338
32402
32337
32420
32497
32421
32389
32354
32417
32418
32398
32365
32358
32373
32560
32428
32342
32445
32318
32396
32424
32372
32417
32340
32383
32333
32361
32426
32396
32427
32429
32400
32403
32507
32415
32371
32378
32402
32402
32406
32405
32509
32383
32349
32494
32550
32500
32483
32479
32462
32493
32466
32444
32311
32434
32454
32384
32389
32374
32469
32421
32492
32508
32394
32361
32413
32504
32415
32473
32417
32381
32355
32488
32434
32440
32451
32426
32350
32375
32396
32342
32432
32351
32445
32502
32510
32433
32374
32317
32356
32492
32307
32503
32507
32415
32496
32470
32296
32386
32455
32440
32481
32486
32478
32503
32388
32457
32545
32416
32481
32347
32422
32449
32431
32483
32517
32432
32471
32418
32405
32515
32463
32418
32362
32321
32509
32437
32298
32404
32543
32372
32369
32484
32478
32294
32406
32472
32447
32532
32508
32517
32457
32466
32392
32404
32445
32384
32459
32495
32316
32435
32385
32427
32457
32438
32382
32449
32438
32399
32475
32480
32382
32438
32431
32448
32375
32325
32393
32462
32474
32415
32443
32402
32382
32355
32432
32555
32350
32413
32407
32344
32476
32393
32390
32496
32420
32535
32455
32356
32486
32410
32368
32437
32390
32360
32498
32473
32375
32457
32439
32283
32427
32446
32363
32442
32458
32434
32424
32447
32447
32513
32367
32367
32406
32511
32449
32375
32408
32520
32340
32416
32429
32314
32384
32411
32442
32526
32398
32483
32490
32406
32382
32411
32363
32378
32358
32479
32417
32430
32276
32467
32406
32386
32527
32382
32584
32443
32403
32377
32508
32380
32537
32463
32318
32415
32471
32419
32358
32467
32540
32441
32418
32350
32524
32339
32539
32453
32411
32336
32471
32351
32442
32418
32461
32507
32481
32393
32331
32524
32513
32341
32482
32428
32461
32474
32383
32494
32466
32325
32401
32525
32463
32349
32442
32401
32365
32390
32338
32435
32466
32378
32412
32472
32485
32421
32453
32498
32452
32482
32459
32372
32531
32495
32425
32399
32407
32369
32408
32394
32433
32487
32368
32435
32402
32467
32471
32442
32484
32531
32488
32507
32370
32359
32435
32379
32544
32436
32488
32412
32380
32364
32451
32371
32542
32384
32384
32329
32351
32486
32572
32540
32497
32533
32465
32383
32400
32514
32396
32490
32504
32410
32329
32372
32375
32457
32417
32419
32457
32516
32355
32500
32470
32399
32410
32396
32438
32382
32499
32453
32382
32422
32431
32415
32533
32478
32336
32476
32425
32369
32391
32342
32408
32389
32438
32471
32418
32568
32390
32401
32463
32392
32387
32471
32335
32545
32389
32347
32482
32355
32383
32369
32342
32457
32379
32436
32316
32491
32376
32370
32404
32350
32445
32391
32380
32527
32525
32414
32490
32455
32345
32473
32328
32430
32361
32412
32466
32464
32397
32457
32459
32362
32422
32433
32421
32373
32339
32405
32397
32381
32393
32453
32348
32444
32351
32516
32448
32382
32322
32318
32455
32406
32544
32314
32476
32424
32469
32412
32412
32339
32375
32350
32351
32424
32354
32413
32490
32438
32391
32517
32481
32391
32438
32322
32493
32445
32361
32376
32384
32426
32387
32359
32400
32385
32414
32380
32507
32432
32478
32335
32326
32434
32390
32524
32370
32372
32410
32472
32414
32443
32425
32484
32508
32436
32491
32573
32431
32378
32334
32519
32444
32526
32450
32499
32528
32372
32372
32388
32522
32501
32365
32503
32383
32347
32396
32385
32442
32500
32532
32473
32352
32434
32394
32524
32466
32365
32413
32384
32453
32432
32313
32362
32428
32469
32408
32291
32430
32369
32422
32438
32330
32444
32504
32396
32350
32481
32368
32426
32374
32444
32462
32418
32380
32440
32452
32424
32378
32404
32403
32445
32477
32511
32391
32423
32444
32390
32421
32430
32509
32466
32496
32438
32524
32408
32477
32465
32351
32343
32431
32434
32425
32382
32413
32476
32438
32343
32284
32511
32503
32442
32326
32438
32467
32488
32469
32408
32407
32336
32494
32344
32437
32461
32495
32369
32525
32495
32320
32467
32324
32492
32372
32489
32449
32493
32398
32403
32444
32402
32494
32462
32450
32506
32444
32462
32375
32384
32302
32261
32320
32452
32348
32440
32480
32397
32422
32462
32437
32397
32552
32405
32470
32390
32373
32431
32366
32390
32520
32357
32504
32422
32450
32459
32393
32401
32460
32473
32365
32508
32488
32387
32362
32436
32435
32425
32478
32342
32338
32401
32492
32393
32309
32390
32456
32450
32418
32426
32355
32430
32460
32469
32348
32450
32339
32390
32419
32415
32382
32506
32486
32448
32493
32354
32398
32392
32390
32243
32452
32425
32497
32434
32381
32440
32385
32340
32444
32430
32445
32471
32512
32357
32396
32446
32424
32427
32432
32517
32376
32403
32396
32426
32515
32467
32352
32433
32405
32406
32460
32411
32397
32343
32474
32438
32516
32429
32349
32432
32347
32278
32496
32400
32394
32460
32273
32430
32514
32488
32445
32482
32498
32375
32270
32478
32426
32397
32396
32387
32404
32353
32365
32518
32383
32407
32362
32487
32435
32394
32455
32393
32490
32483
32541
32396
32465
32372
32490
32493
32405
32410
32362
32343
32359
32390
32404
32362
32479
32426
32341
32383
32525
32506
32434
32472
32505
32424
32380
32351
32503
32497
32395
32498
32515
32383
32515
32478
32402
32451
32419
32353
32447
32402
32446
32466
32337
32389
32322
32428
32402
32386
32439
32326
32552
32392
32404
32524
32383
32503
32399
32333
32453
32400
32441
32463
32487
32495
32463
32300
32364
32354
32376
32424
32355
32377
32345
32487
32402
32398
32506
32340
32432
32388
32415
32349
32445
32402
32431
32430
32510
32499
32449
32335
32479
32320
32360
32389
32343
32467
32339
32476
32394
32409
32397
32501
32409
32384
32513
32512
32424
32441
32473
32340
32445
32363
32365
32494
32360
32477
32364
32503
32372
32392
32383
32418
32350
32389
32458
32494
32425
32480
32460
32366
32435
32414
32488
32408
32483
32443
32477
32309
32427
32467
32393
32459
32385
32424
32495
32496
32388
32409
32338
32414
32471
32519
32454
32430
32402
32371
32488
32350
32332
32330
32415
32501
32443
32407
32404
32349
32444
32464
32307
32459
32459
32387
32388
32414
32360
32479
32338
32495
32476
32388
32423
32359
32390
32434
32511
32374
32415
32368
32337
32349
32359
32433
32448
32369
32460
32347
32485
32392
32493
32477
32481
32464
32454
32390
32402
32339
32462
32418
32524
32532
32415
32518
32403
32516
32534
32326
32434
32424
32408
32476
32409
32348
32327
32384
32487
32391
32462
32393
32369
32394
32460
32321
32354
32387
32409
32469
32370
32403
32439
32446
32345
32460
32504
32528
32578
32451
32434
32456
32500
32478
32517
32393
32364
32451
32474
32419
32416
32451
32407
32334
32470
32522
32387
32359
32450
32340
32464
32497
32519
32460
32428
32409
32478
32411
32468
32379
32529
32398
32383
32423
32350
32526
32507
32412
32327
32450
32497
32376
32504
32396
32463
32471
32483
32500
32421
32483
32405
32434
32516
32394
32429
32375
32430
32369
32301
32535
32462
32394
32295
32547
32461
32442
32415
32419
32382
32505
32408
32437
32443
32475
32435
32368
32428
32419
32497
32460
32379
32441
32360
32422
32391
32393
32397
32449
32385
32454
32356
32400
32402
32466
32431
32366
32402
32382
32433
32357
32426
32406
32373
32374
32484
32507
32442
32346
32405
32477
32403
32472
32485
32458
32410
32507
32408
32411
32355
32404
32520
32479
32414
32456
32364
32500
32480
32329
32399
32404
32413
32377
32356
32348
32343
32489
32395
32464
32498
32343
32301
32426
32461
32458
32372
32425
32456
32436
32444
32494
32327
32484
32379
32362
32369
32494
32336
32379
32439
32382
32469
32380
32470
32402
32462
32484
32393
32370
32483
32427
32407
32326
32415
32535
32400
32438
32390
32380
32507
32409
32337
32498
32523
32423
32484
32340
32319
32492
32322
32434
32459
32456
32416
32499
32549
32506
32430
32427
32549
32376
32340
32527
32370
32327
32542
32477
32458
32419
32336
32495
32513
32419
32476
32491
32354
32442
32512
32507
32496
32499
32330
32459
32497
32364
32399
32431
32408
32475
32492
32418
32455
32413
32447
32361
32513
32424
32476
32399
32415
32472
32368
32413
32428
32459
32422
32398
32386
32446
32346
32436
32478
32334
32414
32371
32382
32514
32502
32429
32519
32378
32411
32340
32328
32363
32480
32433
32477
32544
32459
32445
32450
32531
32475
32486
32400
32487
32401
32287
32319
32346
32366
32488
32454
32331
32320
32422
32381
32474
32354
32399
32344
32366
32437
32381
32396
32496
32420
32405
32394
32472
32456
32524
32461
32478
32352
32503
32347
32502
32389
32412
32332
32450
32413
32456
32351
32419
32479
32416
32514
32395
32342
32377
32395
32409
32349
32427
32457
32306
32381
32514
32410
32478
32386
32537
32406
32443
32399
32434
32491
32447
32377
32418
32381
32356
32481
32364
32509
32402
32410
32514
32487
32449
32388
32480
32462
32366
32487
32490
32464
32488
32431
32445
32438
32418
32398
32388
32485
32385
32415
32455
32319
32430
32354
32409
32347
32379
32356
32470
32517
32454
32399
32385
32471
32474
32440
32449
32416
32471
32553
32568
32421
32503
32466
32307
32397
32362
32402
32366
32481
32491
32417
32320
32502
32407
32460
32407
32417
32466
32531
32409
32492
32451
32436
32336
32515
32322
32294
32505
32366
32402
32436
32414
32478
32476
32387
32466
32506
32272
32330
32381
32405
32383
32534
32267
32401
32420
32448
32412
32415
32473
32495
32384
32414
32500
32437
32361
32395
32446
32372
32509
32465
32439
32470
32530
32371
32469
32403
32441
32446
32456
32495
32317
32401
32447
32350
32405
32395
32376
32519
32440
32469
32534
32460
32450
32506
32460
32445
32411
32481
32374
32472
32495
32455
32345
32402
32462
32453
32504
32424
32425
32510
32369
32417
32486
32520
32367
32410
32428
32514
32400
32428
32411
32310
32431
32561
32471
32533
32459
32275
32398
32372
32345
32505
32483
32441
32328
32446
32468
32335
32367
32318
32349
32482
32465
32394
32511
32408
32524
32382
32374
32375
32389
32315
32327
32444
32484
32461
32478
32326
32415
32464
32460
32465
32487
32398
32358
32366
32306
32344
32436
32458
32484
32373
32427
32418
32475
32371
32420
32458
32385
32372
32427
32457
32528
32441
32363
32327
32513
32420
32462
32466
32402
32497
32374
32402
32506
32414
32532
32492
32375
32383
32343
32471
32464
32360
32435
32428
32465
32575
32306
32394
32410
32431
32258
32552
32447
32441
32390
32444
32473
32399
32315
32482
32439
32349
32393
32350
32473
32441
32522
32440
32538
32426
32382
32520
32461
32432
32525
32480
32455
32509
32437
32392
32374
32388
32332
32491
32393
32545
32459
32455
32439
32435
32459
32462
32475
32433
32446
32424
32480
32489
32470
32388
32350
32410
32421
32372
32364
32536
32458
32387
32412
32417
32342
32421
32384
32401
32418
32408
32434
32369
32423
32446
32478
32414
32425
32480
32375
32457
32444
32395
32444
32357
32458
32477
32511
32390
32443
32500
32505
32470
32462
32351
32401
32383
32471
32356
32392
32361
32439
32474
32435
32411
32442
32417
32431
32478
32466
32470
32485
32475
32486
32496
32422
32488
32347
32380
32429
32389
32341
32466
32407
32358
32466
32350
32288
32440
32447
32454
32456
32357
32386
32430
32433
32447
32379
32528
32431
32427
32435
32389
32507
32375
32484
32384
32462
32417
32465
32413
32440
32436
32381
32435
32301
32411
32321
32470
32407
32486
32442
32359
32481
32391
32495
32476
32496
32531
32379
32377
32420
32371
32468
32373
32398
32491
32494
32392
32472
32395
32457
32314
32513
32520
32471
32442
32495
32422
32479
32388
32357
32373
32460
32438
32478
32440
32413
32317
32318
32324
32296
32446
32364
32336
32396
32392
32469
32372
32498
32463
32361
32434
32423
32402
32366
32351
32407
32446
32430
32517
32458
32436
32439
32364
32430
32380
32456
32371
32423
32442
32326
32422
32370
32404
32402
32411
32397
32376
32485
32433
32460
32410
32478
32437
32505
32371
32423
32487
32336
32396
32404
32406
32365
32361
32464
32442
32586
32434
32466
32376
32491
32490
32407
32443
32473
32451
32370
32439
32298
32430
32371
32460
32413
32348
32414
32381
32381
32364
32445
32360
32489
32319
32439
32314
32381
32457
32375
32351
32470
32385
32472
32504
32413
32414
32459
32388
32501
32397
32454
32480
32400
32522
32426
32392
32494
32379
32345
32320
32421
32384
32369
32476
32413
32543
32471
32393
32493
32483
32447
32304
32443
32454
32382
32432
32502
32384
32400
32393
32439
32375
32406
32394
32350
32508
32366
32516
32356
32331
32458
32459
32452
32451
32296
32335
32527
32450
32462
32483
32536
32369
32475
32425
32483
32285
32463
32393
32426
32339
32344
32397
32426
32430
32473
32455
32498
32455
32487
32469
32551
32440
32414
32433
32424
32402
32419
32520
32498
32466
32400
32430
32428
32400
32491
32541
32397
32440
32392
32336
32413
32385
32409
32387
32463
32309
32415
32499
32430
32435
32275
32405
32469
32493
32340
32466
32440
32460
32372
32368
32372
32419
32548
32443
32511
32503
32532
32404
32356
32473
32503
32415
32459
32440
32319
32451
32326
32419
32440
32394
32469
32330
32336
32481
32373
32493
32348
32344
32419
32446
32373
32446
32347
32543
32348
32355
32393
32398
32427
32382
32357
32404
32402
32446
32375
32416
32337
32404
32414
32420
32432
32462
32475
32454
32364
32442
32374
32401
32425
32414
32399
32372
32503
32424
32570
32336
32396
32371
32359
32488
32415
32381
32393
32483
32428
32441
32482
32501
32412
32374
32552
32385
32445
32397
32478
32385
32525
32494
32440
32414
32407
32487
32435
32436
32324
32383
32506
32430
32540
32529
32387
32375
32407
32366
32372
32437
32502
32545
32451
32449
32397
32346
32470
32453
32402
32421
32470
32489
32476
32431
32468
32407
32349
32407
32397
32493
32412
32378
32383
32453
32477
32486
32460
32415
32397
32453
32376
32406
32396
32412
32414
32407
32548
32469
32486
32567
32470
32448
32516
32497
32253
32383
32358
32478
32496
32411
32467
32427
32495
32546
32456
32498
32472
32427
32529
32400
32509
32383
32446
32464
32344
32417
32480
32439
32437
32401
32493
32393
32425
32489
32387
32394
32507
32430
32455
32347
32408
32460
32466
32518
32367
32468
32464
32413
32391
32465
32464
32392
32410
32452
32393
32350
32468
32414
32484
32508
32361
32419
32487
32496
32375
32470
32464
32464
32486
32485
32483
32520
32395
32438
32419
32449
32500
32521
32483
32551
32438
32339
32399
32478
32407
32413
32434
32451
32475
32480
32455
32329
32447
32425
32431
32490
32350
32419
32406
32370
32493
32413
32388
32449
32394
32454
32503
32358
32418
32475
32332
32377
32399
32430
32501
32441
32531
32422
32361
32349
32527
32363
32399
32557
32450
32441
32403
32467
32500
32376
32459
32466
32449
32310
32374
32482
32335
32500
32322
32509
32375
32384
32458
32493
32361
32461
32415
32463
32490
32398
32458
32468
32429
32468
32403
32500
32492
32504
32440
32452
32456
32427
32476
32391
32344
32507
32454
32464
32469
32397
32331
32354
32489
32431
32345
32378
32418
32433
32427
32424
32412
32414
32493
32544
32466
32438
32331
32489
32447
32481
32390
32459
32344
32250
32478
32431
32492
32485
32455
32422
32409
32343
32353
32359
32487
32396
32477
32357
32420
32407
32341
32373
32427
32405
32371
32498
32410
32441
32445
32456
32442
32429
32321
32395
32529
32405
32450
32362
32467
32392
32480
32429
32333
32415
32562
32414
32453
32454
32322
32276
32341
32420
32388
32543
32418
32385
32516
32359
32392
32484
32362
32418
32419
32381
32473
32448
32459
32449
32509
32470
32404
32348
32405
32334
32414
32405
32495
32390
32355
32405
32494
32440
32488
32471
32467
32336
32399
32552
32512
32466
32383
32538
32403
32357
32470
32395
32429
32488
32440
32541
32451
32483
32378
32410
32568
32494
32434
32383
32475
32447
32562
32518
32454
32419
32497
32419
32441
32494
32475
32499
32511
32518
32506
32465
32380
32405
32398
32388
32391
32393
32412
32420
32397
32444
32479
32496
32375
32416
32387
32421
32366
32320
32474
32376
32499
32524
32466
32317
32444
32398
32424
32428
32381
32374
32393
32395
32382
32451
32467
32495
32525
32432
32356
32373
32290
32453
32451
32382
32434
32485
32504
32316
32468
32466
32395
32363
32503
32391
32377
32498
32465
32472
32405
32410
32423
32510
32391
32477
32442
32494
32480
32516
32403
32405
32482
32400
32475
32410
32489
32321
32386
32482
32354
32414
32459
32580
32445
32500
32379
32437
32370
32543
32454
32392
32406
32354
32417
32504
32460
32354
32391
32431
32403
32417
32400
32453
32504
32389
32461
32509
32425
32414
32422
32477
32448
32555
32499
32415
32530
32460
32450
32466
32388
32376
32479
32327
32477
32383
32399
32350
32404
32471
32472
32514
32508
32394
32346
32532
32478
32442
32407
32417
32440
32457
32444
32438
32421
32488
32482
32310
32441
32404
32411
32438
32356
32464
32410
32312
32444
32428
32479
32512
32308
32404
32415
32439
32375
32542
32552
32430
32375
32515
32414
32404
32468
32419
32412
32407
32452
32367
32436
32345
32407
32428
32401
32400
32464
32414
32371
32410
32425
32486
32455
32436
32480
32388
32594
32467
32442
32491
32506
32418
32524
32427
32414
32437
32432
32471
32522
32429
32291
32401
32429
32395
32520
32361
32511
32369
32427
32516
32422
32514
32316
32501
32426
32430
32403
32487
32365
32493
32479
32358
32316
32435
32478
32433
32414
32543
32371
32495
32404
32442
32394
32403
32415
32374
32456
32415
32366
32472
32447
32513
32439
32447
32423
32501
32412
32366
32357
32518
32526
32372
32441
32423
32430
32492
32437
32502
32482
32463
32464
32396
32491
32495
32416
32432
32437
32427
32417
32405
32436
32455
32495
32371
32472
32360
32460
32483
32322
32464
32454
32447
32544
32444
32393
32379
32441
32475
32455
32509
32412
32370
32358
32417
32438
32471
32346
32424
32429
32329
32474
32357
32405
32387
32437
32413
32455
32421
32409
32418
32434
32404
32437
32333
32516
32364
32433
32397
32488
32499
32524
32533
32354
32407
32457
32395
32490
32311
32513
32518
32303
32490
32410
32411
32341
32407
32469
32394
32392
32462
32358
32425
32537
32414
32419
32505
32450
32395
32422
32419
32362
32444
32464
32403
32414
32407
32357
32364
32451
32356
32501
32473
32369
32444
32420
32371
32422
32350
32435
32469
32396
32368
32400
32494
32406
32388
32402
32504
32392
32525
32364
32399
32448
32443
32423
32479
32444
32355
32332
32388
32387
32455
32441
32254
32445
32385
32412
32363
32464
32381
32389
32460
32459
32462
32407
32464
32430
32415
32431
32378
32390
32384
32405
32408
32346
32375
32538
32548
32505
32458
32423
32472
32401
32483
32404
32469
32421
32430
32379
32404
32437
32549
32450
32445
32420
32492
32397
32350
32446
32497
32463
32493
32530
32439
32416
32471
32415
32401
32397
32403
32412
32448
32419
32481
32546
32500
32380
32517
32415
32469
32503
32417
32348
32445
32467
32456
32480
32398
32399
32442
32351
32525
32406
32483
32376
32429
32453
32437
32414
32468
32490
32518
32411
32402
32446
32401
32492
32427
32434
32288
32477
32455
32455
32375
32414
32403
32493
32462
32473
32432
32417
32414
32396
32519
32411
32500
32399
32551
32361
32498
32471
32357
32399
32441
32387
32338
32387
32394
32398
32372
32484
32400
32491
32382
32382
32367
32430
32464
32399
32491
32373
32413
32367
32410
32360
32386
32442
32436
32286
32431
32377
32361
32531
32478
32425
32485
32368
32388
32356
32425
32376
32453
32396
32479
32405
32417
32438
32368
32426
32459
32494
32347
32390
32499
32527
32369
32501
32377
32446
32477
32485
32372
32342
32382
32485
32511
32361
32360
32445
32405
32385
32433
32537
32482
32354
32492
32506
32392
32422
32396
32322
32414
32386
32314
32409
32429
32478
32487
32387
32391
32503
32387
32474
32356
32341
32415
32377
32385
32450
32544
32412
32481
32497
32448
32443
32427
32402
32398
32417
32457
32470
32460
32372
32440
32454
32400
32457
32523
32458
32517
32411
32420
32381
32402
32459
32418
32440
32398
32416
32518
32491
32378
32362
32436
32353
32421
32461
32380
32354
32395
32424
32419
32530
32515
32453
32388
32470
32475
32448
32380
32386
32366
32409
32502
32445
32477
32343
32426
32332
32386
32329
32467
32397
32360
32340
32391
32435
32483
32421
32255
32352
32497
32473
32449
32377
32433
32311
32466
32472
32392
32373
32456
32390
32436
32342
32401
32458
32404
32535
32291
32319
32477
32409
32342
32513
32467
32399
32376
32363
32376
32379
32423
32519
32430
32477
32365
32519
32424
32388
32409
32447
32370
32413
32340
32280
32343
32503
32375
32349
32440
32460
32415
32517
32460
32500
32352
32449
32498
32443
32347
32360
32429
32485
32469
32381
32386
32477
32389
32436
32394
32445
32393
32392
32485
32405
32466
32429
32487
32383
32408
32459
32467
32485
32323
32382
32538
32288
32481
32428
32530
32398
32423
32371
32425
32485
32342
32468
32329
32417
32425
32488
32476
32393
32415
32416
32356
32454
32441
32427
32356
32483
32377
32430
32530
32368
32382
32405
32491
32411
32487
32407
32489
32460
32345
32376
32343
32425
32482
32421
32499
32301
32488
32316
32462
32415
32501
32374
32408
32355
32363
32453
32366
32390
32435
32344
32417
32390
32399
32432
32358
32524
32446
32381
32454
32533
32536
32485
32356
32434
32414
32491
32335
32331
32442
32454
32425
32468
32441
32513
32411
32391
32492
32524
32473
32536
32383
32538
32485
32466
32453
32488
32353
32497
32388
32435
32490
32487
32443
32485
32368
32480
32328
32558
32469
32485
32447
32389
32362
32408
32460
32335
32506
32438
32309
32394
32534
32429
32324
32387
32358
32463
32411
32463
32329
32335
32531
32434
32454
32493
32346
32522
32435
32465
32408
32420
32375
32380
32425
32472
32411
32430
32480
32443
32408
32466
32406
32355
32392
32386
32437
32535
32388
32437
32418
32520
32430
32513
32403
32454
32482
32416
32557
32526
32468
32401
32475
32405
32490
32489
32471
32362
32412
32469
32473
32405
32357
32479
32367
32369
32378
32457
32479
32491
32365
32368
32415
32484
32473
32318
32500
32449
32507
32337
32428
32468
32542
32402
32383
32429
32472
32395
32331
32484
32432
32339
32432
32454
32361
32500
32434
32447
32448
32481
32321
32324
32436
32496
32576
32544
32291
32398
32502
32522
32372
32465
32450
32397
32475
32422
32397
32413
32468
32371
32555
32415
32333
32445
32397
32511
32414
32384
32416
32350
32433
32411
32452
32377
32332
32347
32472
32468
32556
32416
32345
32469
32509
32555
32491
32433
32421
32511
32429
32454
32485
32318
32337
32367
32403
32435
32493
32375
32442
32320
32367
32405
32512
32392
32352
32433
32490
32375
32529
32457
32418
32439
32345
32384
32340
32459
32502
32322
32493
32486
32359
32431
32446
32507
32378
32562
32400
32486
32428
32461
32453
32391
32396
32460
32464
32452
32485
32394
32468
32390
32403
32498
32335
32512
32452
32417
32425
32460
32458
32460
32529
32473
32468
32472
32409
32457
32386
32411
32323
32493
32462
32458
32480
32313
32386
32418
32434
32463
32241
32397
32435
32402
32467
32286
32395
32434
32384
32384
32451
32479
32456
32406
32397
32401
32415
32424
32407
32391
32356
32500
32446
32493
32490
32339
32448
32396
32474
32427
32410
32387
32410
32412
32349
32494
32375
32428
32415
32400
32530
32312
32409
32509
32362
32445
32340
32376
32397
32394
32427
32407
32415
32469
32429
32556
32414
32407
32454
32351
32448
32333
32463
32400
32405
32462
32338
32462
32418
32547
32434
32357
32430
32376
32434
32480
32416
32342
32395
32389
32375
32351
32462
32465
32451
32433
32463
32461
32366
32352
32467
32361
32468
32437
32469
32297
32366
32473
32427
32495
32484
32383
32340
32539
32374
32456
32481
32402
32488
32436
32447
32345
32492
32382
32443
32522
32418
32486
32448
32358
32395
32512
32388
32417
32397
32445
32491
32526
32486
32450
32403
32362
32460
32471
32446
32366
32343
32433
32418
32508
32523
32490
32270
32455
32443
32393
32435
32438
32394
32508
32328
32528
32441
32344
32368
32439
32457
32329
32459
32448
32324
32314
32313
32533
32459
32458
32409
32436
32474
32362
32444
32397
32458
32427
32435
32557
32373
32518
32423
32420
32404
32526
32512
32481
32342
32522
32428
32416
32402
32438
32342
32387
32401
32394
32427
32318
32460
32437
32464
32501
32443
32372
32508
32393
32446
32429
32436
32562
32449
32422
32307
32367
32379
32431
32441
32341
32351
32475
32480
32440
32353
32415
32448
32412
32464
32525
32478
32459
32487
32479
32403
32491
32391
32442
32492
32400
32362
32360
32461
32404
32370
32437
32394
32478
32396
32546
32434
32444
32393
32417
32407
32485
32518
32508
32430
32427
32320
32457
32413
32402
32500
32401
32471
32499
32449
32371
32504
32418
32386
32527
32406
32376
32447
32509
32501
32341
32409
32532
32511
32462
32463
32405
32419
32415
32348
32466
32404
32372
32328
32377
32420
32454
32455
32354
32448
32383
32413
32376
32506
32467
32458
32376
32384
32483
32378
32524
32455
32406
32405
32419
32426
32372
32380
32354
32370
32474
32378
32398
32506
32416
32415
32506
32364
32467
32393
32395
32475
32310
32500
32390
32508
32407
32347
32435
32482
32479
32366
32322
32338
32515
32438
32377
32486
32380
32384
32431
32405
32466
32375
32390
32548
32409
32488
32496
32385
32379
32476
32362
32362
32416
32457
32387
32527
32310
32400
32401
32400
32448
32394
32446
32438
32483
32417
32414
32468
32427
32446
32480
32420
32508
32384
32462
32436
32412
32486
32374
32456
32509
32452
32340
32390
32508
32346
32436
32503
32410
32403
32315
32458
32426
32492
32463
32488
32497
32451
32500
32396
32421
32472
32370
32472
32368
32338
32377
32523
32440
32289
32360
32415
32457
32445
32466
32433
32408
32474
32412
32400
32312
32405
32435
32432
32404
32311
32389
32409
32346
32534
32479
32442
32335
32451
32480
32431
32300
32444
32400
32309
32350
32467
32421
32470
32443
32445
32510
32347
32419
32426
32472
32402
32425
32430
32484
32466
32356
32508
32484
32395
32353
32442
32371
32412
32452
32420
32320
32410
32471
32423
32462
32455
32507
32410
32371
32483
32429
32499
32464
32417
32502
32381
32309
32487
32419
32368
32401
32481
32322
32493
32379
32434
32396
32381
32459
32459
32491
32343
32371
32371
32428
32381
32552
32439
32353
32447
32304
32499
32512
32452
32382
32473
32367
32445
32408
32352
32419
32571
32472
32377
32445
32465
32409
32331
32415
32423
32398
32338
32374
32457
32402
32480
32498
32408
32471
32364
32478
32516
32307
32428
32462
32386
32458
32498
32376
32409
32491
32418
32492
32408
32433
32409
32368
32378
32387
32465
32380
32466
32424
32463
32483
32473
32420
32396
32435
32458
32384
32386
32270
32380
32561
32407
32431
32420
32375
32341
32436
32492
32424
32409
32439
32445
32286
32489
32417
32411
32318
32462
32447
32431
32308
32353
32419
32399
32336
32442
32433
32543
32367
32372
32419
32289
32435
32404
32418
32425
32387
32408
32493
32461
32402
32456
32361
32422
32470
32354
32454
32269
32435
32439
32346
32469
32415
32392
32341
32330
32353
32457
32449
32555
32447
32319
32376
32352
32460
32345
32388
32459
32457
32346
32402
32429
32477
32438
32454
32502
32481
32417
32494
32239
32435
32426
32383
32360
32514
32405
32350
32549
32536
32390
32471
32441
32461
32371
32427
32366
32309
32335
32537
32326
32491
32480
32528
32500
32493
32337
32405
32502
32434
32483
32481
32285
32382
32329
32368
32438
32428
32364
32482
32394
32493
32405
32345
32474
32475
32431
32485
32459
32528
32403
32442
32374
32565
32392
32340
32395
32398
32486
32457
32415
32507
32525
32437
32515
32424
32422
32433
32490
32304
32417
32417
32385
32453
32407
32466
32454
32443
32488
32444
32441
32434
32328
32407
32467
32521
32446
32441
32559
32409
32492
32404
32457
32493
32393
32554
32396
32364
32464
32460
32506
32460
32395
32391
32418
32501
32450
32366
32412
32449
32386
32429
32422
32399
32315
32466
32322
32358
32437
32361
32396
32380
32484
32449
32358
32384
32361
32418
32448
32424
32431
32419
32504
32434
32504
32436
32421
32415
32376
32463
32405
32320
32374
32455
32550
32479
32478
32463
32450
32476
32413
32416
32524
32419
32493
32455
32485
32249
32408
32415
32464
32476
32360
32501
32365
32442
32416
32387
32440
32453
32431
32485
32411
32313
32437
32427
32515
32336
32431
32447
32394
32375
32371
32388
32423
32511
32458
32381
32402
32339
32514
32425
32364
32550
32499
32556
32389
32405
32479
32385
32380
32443
32354
32392
32441
32449
32397
32462
32345
32388
32417
32329
32392
32502
32553
32443
32391
32417
32505
32363
32527
32424
32438
32498
32515
32376
32486
32469
32485
32536
32395
32405
32441
32347
32414
32368
32561
32450
32390
32540
32520
32465
32385
32420
32379
32423
32494
32458
32459
32462
32317
32444
32391
32414
32348
32396
32515
32451
32391
32373
32524
32444
32417
32425
32342
32425
32423
32474
32336
32551
32446
32368
32359
32338
32371
32414
32351
32521
32318
32449
32462
32392
32297
32491
32418
32496
32447
32430
32366
32401
32486
32351
32456
32479
32385
32300
32350
32409
32353
32452
32348
32503
32399
32433
32475
32434
32397
32435
32393
32445
32421
32445
32374
32423
32473
32320
32461
32431
32393
32361
32452
32347
32315
32445
32535
32400
32458
32390
32319
32442
32443
32412
32439
32391
32356
32389
32288
32407
32363
32348
32374
32383
32396
32497
32410
32460
32525
32375
32445
32506
32387
32396
32423
32407
32455
32343
32353
32412
32536
32554
32416
32380
32438
32493
32444
32481
32442
32431
32358
32403
32454
32476
32438
32438
32406
32440
32517
32527
32427
32327
32410
32402
32410
32531
32420
32417
32505
32481
32418
32524
32464
32437
32476
32337
32468
32387
32412
32422
32520
32438
32410
32372
32418
32288
32501
32338
32453
32415
32463
32357
32436
32407
32516
32376
32415
32495
32511
32356
32431
32440
32333
32443
32424
32356
32481
32391
32463
32450
32413
32330
32385
32388
32478
32496
32450
32417
32384
32447
32508
32513
32427
32429
32301
32329
32456
32376
32525
32370
32424
32397
32456
32484
32425
32361
32532
32475
32530
32488
32497
32482
32441
32428
32399
32428
32522
32428
32458
32532
32532
32575
32408
32478
32467
32326
32376
32429
32539
32406
32467
32378
32421
32537
32408
32425
32403
32487
32439
32361
32417
32453
32402
32398
32349
32375
32374
32373
32348
32398
32407
32439
32467
32518
32390
32454
32483
32431
32370
32386
32450
32539
32440
32374
32522
32445
32441
32361
32407
32432
32368
32380
32438
32436
32442
32387
32388
32533
32386
32476
32307
32361
32505
32468
32396
32530
32507
32441
32464
32380
32410
32388
32466
32345
32332
32347
32376
32404
32390
32441
32439
32454
32482
32361
32275
32411
32448
32532
32391
32502
32516
32368
32498
32415
32389
32416
32407
32450
32449
32402
32400
32404
32503
32419
32408
32416
32387
32348
32346
32450
32425
32436
32324
32338
32389
32413
32468
32390
32361
32442
32426
32455
32501
32447
32414
32447
32468
32500
32527
32453
32420
32425
32423
32461
32506
32354
32412
32428
32386
32319
32382
32379
32477
32505
32437
32457
32376
32472
32383
32595
32416
32432
32433
32478
32460
32423
32463
32373
32517
32459
32463
32498
32385
32421
32392
32534
32450
32405
32450
32460
32528
32493
32384
32384
32382
32524
32476
32402
32467
32404
32365
32457
32443
32366
32397
32517
32444
32339
32388
32454
32357
32346
32466
32414
32481
32361
32473
32478
32491
32403
32430
32414
32404
32393
32496
32496
32543
32412
32427
32461
32438
32508
32525
32450
32500
32480
32464
32452
32522
32506
32443
32445
32452
32549
32364
32377
32398
32395
32486
32521
32434
32368
32462
32385
32420
32461
32449
32427
32371
32351
32396
32357
32383
32428
32499
32445
32465
32324
32337
32398
32359
32523
32425
32394
32348
32422
32481
32463
32429
32459
32484
32317
32341
32467
32427
32498
32401
32408
32364
32357
32473
32471
32415
32281
32369
32438
32463
32392
32432
32522
32274
32341
32375
32356
32390
32372
32414
32413
32366
32456
32399
32505
32474
32407
32464
32408
32413
32492
32463
32448
32396
32345
32487
32510
32460
32521
32389
32462
32402
32360
32451
32314
32502
32470
32361
32393
32521
32363
32435
32522
32411
32543
32395
32481
32406
32367
32427
32401
32372
32420
32484
32508
32456
32449
32506
32505
32412
32411
32427
32371
32483
32566
32390
32454
32391
32430
32387
32506
32428
32456
32456
32383
32339
32524
32445
32471
32402
32455
32545
32510
32442
32454
32398
32414
32393
32486
32480
32500
32268
32392
32411
32464
32351
32489
32329
32537
32401
32434
32483
32358
32398
32419
32438
32516
32437
32352
32373
32436
32488
32371
32428
32369
32438
32542
32434
32526
32450
32424
32494
32432
32328
32512
32396
32401
32469
32516
32367
32342
32412
32485
32397
32334
32478
32431
32421
32415
32480
32434
32362
32357
32451
32330
32424
32400
32456
32404
32371
32345
32403
32446
32524
32449
32386
32315
32414
32475
32452
32369
32537
32523
32381
32455
32399
32389
32383
32502
32448
32416
32366
32433
32435
32367
32411
32357
32355
32525
32514
32383
32428
32393
32384
32492
32370
32409
32443
32425
32375
32383
32422
32396
32418
32441
32408
32329
32495
32501
32494
32480
32517
32457
32400
32501
32389
32444
32264
32354
32428
32463
32501
32473
32482
32549
32372
32501
32489
32334
32436
32408
32397
32418
32392
32462
32376
32488
32410
32440
32561
32411
32470
32502
32493
32491
32439
32469
32487
32396
32458
32533
32459
32447
32578
32375
32394
32440
32465
32443
32487
32390
32401
32499
32499
32367
32505
32361
32403
32354
32427
32439
32409
32517
32477
32486
32413
32468
32475
32451
32400
32351
32496
32468
32465
32451
32412
32420
32458
32392
32503
32438
32451
32455
32325
32403
32304
32371
32329
32355
32473
32571
32330
32509
32466
32362
32484
32444
32556
32378
32449
32304
32458
32329
32378
32411
32468
32387
32416
32528
32498
32447
32481
32364
32509
32457
32377
32436
32399
32408
32402
32503
32458
32480
32548
32438
32445
32516
32380
32397
32289
32442
32470
32369
32423
32396
32418
32459
32387
32415
32361
32358
32445
32422
32497
32444
32517
32427
32533
32405
32439
32593
32515
32413
32461
32281
32384
32532
32330
32321
32400
32363
32480
32496
32304
32518
32480
32465
32369
32391
32518
32484
32516
32384
32505
32470
32360
32496
32413
32472
32399
32378
32432
32472
32416
32448
32361
32496
32367
32542
32483
32387
32359
32449
32468
32522
32396
32407
32446
32338
32438
32392
32298
32447
32517
32351
32450
32426
32478
32396
32457
32504
32517
32382
32493
32470
32475
32399
32453
32449
32503
32406
32511
32507
32475
32448
32429
32398
32520
32359
32521
32580
32435
32456
32427
32381
32513
32258
32432
32477
32548
32407
32483
32425
32522
32467
32432
32560
32477
32384
32489
32476
32473
32435
32391
32410
32359
32426
32467
32429
32496
32423
32396
32446
32402
32353
32411
32512
32407
32492
32333
32444
32539
32538
32443
32367
32401
32369
32496
32531
32434
32412
32466
32387
32458
32467
32465
32552
32456
32405
32527
32422
32479
32451
32486
32371
32522
32465
32401
32473
32509
32339
32405
32416
32534
32532
32489
32445
32397
32419
32467
32415
32393
32499
32455
32393
32446
32395
32466
32416
32426
32339
32392
32394
32444
32455
32511
32417
32454
32416
32381
32511
32426
32333
32389
32441
32426
32398
32449
32374
32380
32466
32529
32385
32523
32504
32352
32401
32410
32446
32464
32439
32489
32390
32404
32423
32517
32407
32462
32450
32388
32432
32458
32543
32415
32348
32464
32477
32431
32509
32463
32405
32553
32518
32406
32449
32442
32346
32451
32495
32468
32315
32512
32387
32386
32356
32480
32515
32331
32346
32419
32491
32459
32475
32424
32469
32420
32491
32441
32460
32413
32479
32463
32427
32494
32546
32444
32467
32429
32418
32470
32498
32417
32566
32506
32372
32396
32410
32430
32451
32374
32393
32445
32399
32490
32554
32382
32456
32482
32441
32484
32475
32432
32382
32462
32425
32409
32419
32483
32400
32445
32382
32351
32433
32434
32411
32432
32320
32445
32492
32496
32387
32472
32458
32324
32434
32475
32379
32526
32434
32397
32398
32420
32432
32395
32415
32448
32430
32456
32469
32570
32421
32413
32514
32515
32327
32425
32317
32401
32352
32471
32560
32353
32452
32538
32300
32384
32437
32502
32424
32463
32464
32440
32467
32430
32379
32406
32338
32444
32467
32485
32376
32325
32451
32450
32508
32416
32419
32503
32482
32446
32402
32599
32392
32424
32419
32440
32493
32497
32360
32404
32293
32416
32457
32382
32462
32435
32379
32505
32509
32364
32394
32527
32540
32492
32470
32364
32420
32491
32526
32348
32439
32443
32457
32517
32525
32327
32398
32527
32373
32548
32459
32523
32370
32403
32525
32477
32442
32284
32408
32404
32475
32365
32339
32296
32425
32340
32489
32478
32439
32459
32284
32508
32352
32457
32393
32352
32473
32531
32422
32467
32320
32315
32402
32459
32450
32372
32360
32313
32420
32349
32489
32431
32433
32476
32416
32459
32362
32361
32505
32480
32468
32417
32385
32429
32520
32504
32451
32315
32524
32468
32378
32419
32390
32451
32442
32468
32427
32418
32439
32446
32330
32424
32427
32431
32480
32477
32421
32358
32369
32339
32463
32413
32331
32339
32522
32438
32351
32492
32369
32474
32389
32463
32506
32501
32393
32504
32356
32496
32381
32378
32502
32436
32510
32453
32357
32341
32373
32461
32451
32375
32417
32292
32389
32419
32407
32356
32526
32435
32425
32398
32418
32384
32291
32356
32464
32436
32331
32467
32344
32487
32405
32407
32457
32330
32421
32370
32510
32526
32473
32397
32474
32456
32508
32376
32531
32343
32473
32403
32468
32503
32324
32508
32310
32511
32505
32492
32413
32370
32466
32482
32462
32460
32448
32424
32395
32490
32461
32458
32396
32261
32361
32519
32442
32431
32390
32418
32526
32420
32467
32423
32387
32431
32477
32435
32486
32406
32400
32414
32455
32496
32451
32416
32360
32442
32406
32464
32464
32471
32533
32465
32448
32495
32486
32529
32481
32568
32415
32417
32420
32506
32364
32453
32433
32365
32400
32484
32451
32533
32460
32425
32365
32472
32334
32365
32430
32388
32421
32429
32509
32334
32447
32408
32479
32512
32370
32483
32499
32448
32468
32366
32423
32429
32479
32392
32405
32498
32361
32449
32392
32487
32320
32432
32475
32435
32428
32341
32473
32374
32483
32469
32447
32351
32448
32412
32398
32377
32384
32513
32432
32437
32376
32469
32383
32422
32437
32371
32410
32403
32345
32463
32459
32435
32357
32505
32380
32434
32552
32420
32387
32418
32486
32491
32526
32344
32524
32371
32403
32432
32464
32434
32487
32479
32535
32426
32544
32461
32342
32544
32437
32396
32338
32405
32366
32457
32392
32534
32366
32377
32365
32371
32437
32459
32464
32422
32515
32374
32465
32501
32422
32384
32302
32518
32466
32353
32327
32418
32472
32460
32490
32386
32441
32445
32417
32516
32398
32350
32482
32431
32478
32408
32430
32464
32422
32504
32438
32392
32420
32529
32443
32370
32394
32420
32379
32346
32492
32405
32408
32398
32499
32386
32401
32354
32405
32446
32425
32364
32362
32445
32445
32419
32469
32443
32402
32452
32331
32466
32435
32485
32501
32371
32483
32402
32476
32409
32472
32367
32451
32361
32384
32395
32381
32446
32508
32439
32449
32402
32345
32422
32368
32426
32524
32395
32486
32419
32407
32428
32388
32413
32294
32406
32345
32352
32461
32386
32444
32383
32443
32457
32437
32500
32397
32415
32484
32480
32427
32482
32529
32488
32467
32485
32438
32410
32402
32456
32517
32328
32411
32406
32354
32443
32553
32405
32375
32524
32360
32552
32448
32453
32413
32413
32404
32445
32542
32435
32386
32354
32395
32479
32416
32456
32398
32465
32415
32495
32572
32448
32524
32472
32362
32438
32392
32400
32346
32484
32321
32375
32536
32371
32477
32429
32370
32418
32363
32441
32510
32357
32437
32356
32321
32455
32433
32386
32426
32369
32433
32372
32415
32400
32386
32505
32378
32372
32521
32480
32413
32396
32364
32454
32510
32569
32481
32444
32434
32434
32394
32473
32330
32450
32487
32448
32507
32474
32414
32503
32456
32463
32500
32313
32497
32473
32340
32519
32355
32394
32444
32412
32428
32360
32338
32474
32411
32553
32327
32500
32426
32394
32510
32508
32381
32441
32476
32478
32454
32400
32422
32430
32421
32437
32401
32408
32315
32388
32442
32394
32380
32365
32493
32397
32304
32450
32459
32451
32471
32408
32371
32422
32332
32546
32430
32427
32483
32519
32425
32535
32363
32364
32404
32448
32342
32488
32423
32389
32463
32441
32435
32412
32545
32427
32463
32436
32448
32397
32493
32490
32409
32402
32347
32342
32331
32482
32544
32444
32341
32483
32524
32469
32401
32329
32483
32471
32527
32401
32509
32435
32421
32492
32442
32436
32429
32442
32468
32450
32495
32369
32479
32490
32405
32476
32439
32463
32501
32404
32396
32427
32405
32453
32454
32441
32464
32501
32539
32354
32425
32440
32482
32453
32291
32498
32468
32414
32423
32401
32428
32469
32342
32523
32456
32442
32358
32421
32466
32329
32446
32449
32468
32358
32448
32332
32366
32496
32354
32337
32374
32487
32465
32454
32489
32430
32534
32517
32412
32416
32423
32378
32427
32382
32515
32441
32544
32365
32440
32398
32406
32521
32412
32352
32473
32478
32431
32477
32342
32502
32375
32387
32296
32402
32552
32416
32314
32394
32412
32511
32370
32407
32412
32384
32420
32385
32379
32472
32523
32484
32550
32476
32456
32444
32410
32452
32340
32482
32359
32385
32415
32423
32352
32457
32378
32441
32427
32538
32493
32486
32506
32457
32445
32562
32492
32416
32487
32475
32527
32427
32557
32414
32427
32407
32352
32480
32510
32378
32391
32413
32464
32470
32479
32480
32439
32504
32439
32471
32416
32444
32459
32395
32468
32436
32392
32417
32399
32422
32424
32374
32496
32431
32452
32541
32362
32358
32520
32496
32439
32529
32553
32463
32428
32434
32484
32486
32503
32370
32371
32362
32422
32393
32424
32421
32474
32506
32504
32398
32457
32397
32348
32514
32409
32445
32460
32468
32533
32372
32443
32409
32397
32409
32392
32551
32441
32346
32448
32488
32535
32460
32447
32377
32438
32471
32393
32454
32500
32470
32514
32448
32439
32510
32482
32580
32432
32434
32544
32381
32440
32543
32479
32399
32367
32511
32400
32399
32467
32405
32478
32410
32320
32359
32379
32441
32461
32333
32557
32485
32532
32366
32384
32458
32415
32382
32463
32410
32435
32481
32401
32396
32404
32496
32467
32454
32456
32458
32422
32562
32370
32473
32393
32403
32465
32483
32360
32518
32421
32483
32424
32357
32453
32355
32417
32333
32389
32518
32523
32377
32343
32493
32346
32411
32495
32335
32341
32493
32409
32405
32573
32442
32362
32379
32382
32449
32502
32340
32406
32472
32357
32502
32454
32456
32383
32409
32429
32395
32315
32388
32458
32420
32356
32359
32505
32320
32412
32445
32410
32439
32446
32471
32475
32421
32422
32417
32532
32422
32463
32363
32418
32428
32454
32475
32343
32487
32317
32505
32489
32475
32435
32475
32429
32401
32461
32413
32370
32360
32427
32380
32451
32413
32504
32446
32526
32359
32492
32353
32387
32448
32373
32511
32453
32421
32354
32410
32551
32473
32421
32420
32393
32392
32487
32378
32391
32424
32498
32386
32355
32404
32488
32414
32374
32342
32384
32474
32388
32531
32510
32329
32410
32500
32422
32514
32409
32536
32422
32393
32447
32318
32517
32430
32379
32498
32433
32462
32498
32446
32325
32531
32393
32367
32368
32557
32362
32471
32411
32454
32482
32340
32498
32348
32465
32488
32406
32426
32400
32472
32443
32388
32357
32389
32398
32382
32346
32489
32531
32309
32443
32423
32465
32420
32466
32496
32515
32330
32381
32521
32519
32350
32470
32500
32498
32411
32405
32487
32455
32377
32363
32522
32414
32502
32368
32506
32406
32431
32365
32371
32498
32437
32368
32351
32410
32288
32427
32376
32497
32488
32480
32555
32497
32340
32410
32437
32482
32415
32430
32495
32336
32414
32503
32465
32498
32435
32320
32418
32457
32409
32344
32441
32392
32416
32516
32417
32457
32421
32395
32364
32422
32323
32358
32350
32404
32403
32407
32476
32424
32448
32423
32401
32508
32420
32367
32466
32398
32323
32464
32508
32327
32452
32475
32487
32396
32414
32389
32427
32376
32462
32440
32424
32292
32444
32421
32458
32352
32460
32503
32362
32556
32403
32428
32445
32391
32454
32400
32524
32270
32443
32469
32434
32482
32487
32444
32380
32431
32362
32434
32286
32522
32523
32449
32483
32444
32415
32346
32565
32415
32422
32478
32335
32430
32377
32387
32435
32522
32278
32501
32395
32442
32405
32478
32479
32478
32426
32339
32519
32481
32352
32515
32395
32412
32478
32423
32480
32407
32429
32506
32403
32447
32479
32349
32561
32348
32506
32501
32400
32468
32400
32382
32514
32431
32277
32411
32410
32330
32468
32507
32374
32467
32352
32298
32426
32366
32444
32364
32519
32364
32377
32404
32400
32486
32510
32355
32405
32475
32404
32367
32340
32471
32432
32451
32451
32440
32389
32507
32515
32426
32432
32485
32364
32453
32382
32382
32492
32353
32418
32512
32511
32515
32343
32360
32367
32368
32370
32435
32407
32458
32437
32500
32364
32374
32509
32374
32387
32432
32440
32485
32395
32418
32540
32399
32434
32320
32380
32385
32489
32436
32379
32360
32429
32424
32368
32379
32508
32528
32451
32471
32424
32437
32385
32375
32489
32450
32456
32425
32330
32467
32284
32424
32447
32405
32366
32556
32527
32404
32541
32329
32457
32410
32370
32446
32512
32390
32344
32517
32380
32538
32387
32327
32443
32466
32417
32449
32567
32450
32500
32423
32433
32463
32420
32437
32407
32509
32449
32482
32326
32459
32453
32506
32544
32378
32319
32505
32379
32488
32361
32530
32526
32410
32330
32449
32448
32533
32405
32507
32340
32377
32349
32383
32489
32386
32475
32441
32436
32309
32538
32409
32394
32368
32452
32457
32389
32388
32337
32494
32450
32386
32368
32460
32486
32404
32465
32454
32472
32440
32448
32493
32512
32472
32441
32391
32412
32442
32493
32457
32478
32456
32388
32334
32486
32518
32363
32512
32408
32394
32383
32521
32410
32475
32493
32448
32441
32404
32380
32322
32409
32404
32439
32313
32460
32388
32413
32442
32509
32515
32501
32495
32498
32550
32457
32505
32514
32492
32423
32354
32409
32545
32497
32501
32371
32474
32343
32371
32408
32341
32466
32422
32436
32437
32400
32495
32459
32494
32346
32407
32387
32390
32540
32428
32443
32464
32494
32398
32455
32422
32418
32410
32510
32487
32478
32489
32368
32412
32438
32398
32462
32474
32370
32394
32380
32393
32466
32417
32432
32399
32363
32377
32377
32449
32328
32353
32505
32390
32389
32405
32476
32499
32339
32424
32426
32458
32448
32422
32363
32432
32442
32493
32364
32426
32497
32352
32380
32375
32491
32481
32358
32498
32344
32305
32435
32334
32452
32524
32354
32412
32421
32432
32328
32522
32495
32557
32393
32366
32398
32388
32416
32393
32382
32412
32395
32433
32482
32372
32368
32417
32350
32355
32492
32334
32362
32479
32435
32487
32419
32492
32493
32431
32556
32457
32461
32454
32486
32462
32368
32496
32438
32537
32455
32361
32502
32401
32474
32526
32420
32461
32385
32362
32479
32464
32417
32397
32360
32482
32403
32491
32473
32418
32432
32389
32416
32416
32425
32484
32480
32424
32394
32428
32282
32449
32448
32450
32455
32511
32544
32464
32487
32425
32463
32523
32347
32425
32406
32492
32418
32423
32584
32385
32481
32468
32482
32420
32496
32421
32454
32410
32444
32423
32394
32346
32403
32489
32410
32428
32466
32361
32342
32459
32387
32400
32487
32352
32486
32304
32525
32384
32406
32427
32498
32470
32528
32408
32470
32520
32368
32424
32446
32513
32438
32439
32359
32429
32509
32398
32372
32477
32486
32469
32350
32467
32452
32548
32471
32468
32462
32375
32453
32552
32407
32389
32391
32364
32500
32493
32358
32472
32392
32389
32515
32490
32463
32585
32487
32474
32345
32502
32445
32394
32481
32480
32405
32473
32414
32454
32382
32563
32439
32414
32419
32395
32462
32486
32433
32388
32431
32438
32429
32443
32449
32412
32403
32408
32486
32494
32419
32514
32392
32450
32551
32469
32383
32460
32373
32524
32371
32467
32294
32388
32491
32358
32452
32396
32426
32449
32403
32388
32492
32413
32460
32490
32410
32479
32453
32502
32460
32390
32465
32461
32442
32537
32399
32472
32387
32458
32491
32450
32333
32485
32442
32388
32343
32564
32490
32454
32475
32335
32347
32433
32348
32446
32448
32525
32378
32412
32412
32431
32518
32412
32500
32389
32415
32453
32452
32349
32451
32481
32493
32420
32468
32444
32422
32472
32406
32413
32440
32440
32407
32444
32437
32405
32481
32365
32521
32383
32420
32371
32515
32434
32329
32389
32504
32501
32354
32439
32381
32320
32362
32458
32380
32495
32395
32516
32526
32352
32452
32511
32432
32370
32468
32471
32356
32446
32485
32382
32405
32454
32507
32462
32325
32431
32496
32375
32432
32488
32491
32443
32559
32435
32514
32428
32355
32358
32394
32375
32452
32440
32383
32354
32427
32430
32401
32465
32504
32476
32384
32529
32305
32367
32447
32518
32387
32494
32501
32363
32362
32359
32359
32394
32478
32369
32420
32504
32488
32501
32429
32450
32486
32460
32543
32387
32481
32431
32428
32459
32353
32458
32484
32472
32531
32388
32543
32471
32392
32427
32452
32443
32527
32382
32480
32474
32407
32514
32447
32448
32413
32465
32517
32313
32491
32450
32494
32532
32482
32508
32421
32389
32512
32364
32457
32453
32387
32445
32406
32524
32396
32309
32355
32511
32388
32478
32405
32353
32332
32411
32550
32412
32516
32398
32460
32352
32500
32475
32405
32398
32427
32506
32540
32377
32399
32345
32480
32519
32466
32430
32415
32550
32418
32550
32388
32372
32388
32513
32430
32447
32467
32425
32390
32500
32464
32518
32432
32397
32487
32486
32556
32456
32384
32480
32327
32501
32520
32574
32429
32468
32488
32377
32381
32446
32450
32511
32500
32417
32312
32481
32491
32508
32537
32436
32539
32449
32426
32440
32455
32506
32468
32573
32385
32410
32492
32412
32513
32550
32484
32516
32485
32411
32364
32476
32431
32462
32455
32365
32378
32505
32386
32573
32438
32508
32397
32517
32488
32382
32464
32378
32326
32503
32443
32404
32421
32418
32478
32524
32404
32298
32476
32487
32454
32339
32406
32541
32539
32355
32432
32465
32489
32480
32481
32456
32410
32481
32487
32373
32407
32419
32450
32570
32529
32536
32467
32429
32406
32442
32427
32472
32520
32464
32390
32439
32493
32524
32523
32446
32410
32438
32352
32360
32424
32454
32502
32428
32446
32509
32462
32405
32470
32508
32418
32437
32384
32326
32426
32360
32373
32422
32387
32392
32356
32451
32477
32374
32423
32338
32517
32430
32422
32439
32321
32414
32402
32501
32456
32485
32467
32397
32510
32501
32370
32516
32367
32512
32450
32311
32370
32459
32487
32389
32394
32453
32375
32484
32498
32519
32485
32452
32490
32426
32542
32389
32335
32384
32343
32439
32529
32418
32437
32378
32409
32444
32452
32415
32405
32409
32402
32409
32553
32398
32508
32372
32468
32462
32337
32400
32396
32437
32415
32417
32449
32541
32473
32451
32441
32390
32443
32423
32407
32414
32480
32539
32438
32340
32403
32494
32496
32519
32471
32442
32400
32388
32423
32403
32381
32489
32419
32511
32459
32512
32480
32488
32500
32314
32368
32365
32442
32393
32421
32462
32368
32398
32404
32493
32532
32358
32464
32513
32449
32479
32398
32452
32416
32566
32394
32371
32490
32321
32493
32509
32436
32364
32446
32447
32434
32476
32526
32415
32491
32422
32536
32414
32374
32427
32544
32464
32480
32536
32454
32488
32448
32460
32294
32456
32459
32454
32420
32405
32410
32403
32399
32407
32458
32371
32521
32487
32353
32399
32420
32393
32470
32490
32442
32432
32530
32478
32396
32499
32367
32482
32490
32394
32363
32402
32390
32434
32475
32475
32510
32377
32380
32549
32531
32438
32379
32504
32412
32406
32395
32438
32487
32538
32476
32486
32505
32423
32366
32432
32382
32358
32481
32358
32429
32478
32499
32434
32414
32431
32474
32354
32555
32410
32512
32498
32419
32512
32409
32361
32459
32381
32272
32330
32414
32396
32294
32434
32433
32473
32396
32467
32416
32496
32397
32454
32334
32437
32386
32423
32517
32409
32447
32447
32515
32343
32465
32457
32410
32334
32482
32444
32347
32425
32365
32441
32494
32427
32422
32420
32337
32549
32509
32430
32418
32445
32345
32388
32439
32405
32384
32504
32380
32428
32452
32510
32350
32461
32459
32339
32398
32461
32398
32499
32425
32398
32410
32484
32430
32479
32390
32478
32486
32409
32352
32327
32464
32397
32401
32581
32537
32511
32440
32346
32391
32488
32382
32380
32533
32475
32482
32433
32435
32510
32472
32512
32436
32394
32481
32425
32401
32546
32413
32437
32500
32493
32390
32540
32406
32396
32431
32414
32525
32371
32427
32440
32444
32338
32415
32389
32393
32469
32480
32415
32370
32408
32513
32420
32340
32519
32459
32318
32433
32423
32441
32436
32294
32491
32485
32505
32555
32509
32429
32402
32402
32402
32402
32402
32402
32402
32402
32402
32402
32402
32402
32402
32402
32402
32402
32402
32402
32402
32402
32402
32402
32402
32402
32402
32402
