9884
32411
32451
32368
32321
32339
32413
32388
32332
32324
32427
32346
32286
32414
32387
32380
32459
32499
32395
32369
32353
32407
32396
32407
32434
32471
32409
32264
32427
32352
32456
32324
32462
32427
32397
32337
32454
32374
32471
32370
32353
32357
32417
32328
32346
32336
32246
32425
32334
32367
32340
32484
32324
32424
32362
32364
32518
32421
32299
32399
32352
32418
32401
32471
32342
32357
32440
32322
32290
32348
32390
32331
32372
32365
32411
32328
32414
32418
32435
32394
32290
32327
32463
32382
32392
32431
32534
32435
32388
32316
32337
32384
32382
32430
32392
32395
32389
32427
32434
32405
32370
32444
32395
32352
32448
32377
32298
32485
32364
32377
32440
32394
32402
32444
32360
32427
32544
32401
32428
32382
32384
32373
32394
32251
32355
32380
32391
32411
32459
32331
32414
32423
32336
32281
32413
32382
32386
32424
32310
32460
32453
32437
32428
32417
32438
32382
32393
32452
32385
32362
32404
32412
32405
32433
32430
32507
32391
32424
32430
32372
32406
32401
32461
32453
32375
32475
32416
32363
32389
32448
32360
32384
32406
32438
32298
32436
32415
32393
32356
32359
32421
32399
32335
32450
32335
32420
32396
32359
32466
32369
32396
32336
32506
32437
32434
32335
32429
32381
32481
32502
32360
32349
32260
32397
32366
32397
32391
32437
32410
32456
32393
32263
32433
32359
32465
32338
32305
32408
32462
32392
32327
32379
32438
32335
32451
32402
32409
32400
32379
32350
32396
32484
32394
32329
32399
32366
32435
32439
32437
32350
32377
32485
32359
32440
32444
32439
32434
32432
32406
32395
32456
32369
32486
32433
32416
32420
32391
32320
32408
32493
32445
32519
32450
32356
32356
32422
32375
32448
32497
32376
32483
32471
32355
32500
32372
32411
32443
32406
32433
32413
32344
32381
32373
32369
32386
32500
32384
32341
32459
32397
32419
32467
32434
32337
32392
32435
32422
32394
32420
32500
32360
32323
32306
32406
32383
32466
32471
32361
32395
32396
32430
32410
32488
32545
32263
32397
32517
32398
32408
32434
32410
32379
32483
32333
32501
32406
32510
32376
32502
32507
32491
32316
32404
32457
32445
32482
32431
32424
32374
32407
32426
32461
32314
32437
32467
32400
32525
32456
32424
32406
32379
32442
32332
32404
32428
32402
32479
32401
32384
32414
32507
32371
32323
32439
32431
32393
32359
32430
32407
32411
32361
32412
32437
32372
32400
32419
32395
32368
32436
32480
32379
32399
32274
32301
32421
32412
32413
32429
32418
32426
32321
32367
32421
32414
32459
32435
32350
32424
32334
32318
32444
32309
32480
32398
32398
32476
32347
32476
32398
32363
32460
32418
32397
32426
32427
32485
32389
32466
32459
32289
32385
32323
32417
32371
32351
32426
32437
32462
32484
32404
32448
32436
32370
32450
32494
32402
32378
32448
32361
32425
32514
32364
32458
32451
32397
32407
32365
32473
32413
32398
32382
32334
32443
32437
32285
32359
32433
32422
32473
32519
32402
32404
32380
32442
32408
32376
32382
32418
32432
32464
32427
32485
32397
32485
32407
32474
32407
32393
32543
32421
32437
32372
32344
32400
32408
32378
32422
32491
32406
32505
32436
32395
32444
32449
32442
32492
32409
32252
32477
32344
32390
32435
32341
32425
32431
32403
32385
32460
32340
32419
32412
32383
32370
32484
32373
32443
32347
32404
32396
32411
32416
32478
32491
32475
32460
32319
32446
32398
32412
32473
32417
32379
32325
32454
32361
32415
32426
32327
32415
32440
32281
32372
32473
32346
32456
32371
32440
32458
32483
32366
32350
32407
32492
32473
32512
32348
32496
32330
32496
32418
32398
32526
32417
32379
32333
32417
32487
32366
32415
32512
32313
32451
32508
32459
32481
32505
32419
32420
32408
32451
32316
32506
32437
32425
32435
32375
32418
32524
32289
32364
32427
32478
32403
32456
32473
32321
32478
32413
32309
32439
32391
32507
32304
32354
32417
32537
32360
32337
32451
32422
32512
32415
32405
32424
32444
32448
32467
32335
32450
32334
32476
32430
32429
32423
32424
32459
32277
32383
32503
32502
32536
32443
32442
32512
32376
32389
32445
32398
32399
32387
32419
32372
32411
32307
32443
32404
32391
32457
32374
32394
32370
32458
32462
32488
32428
32458
32409
32476
32349
32459
32402
32407
32464
32459
32412
32305
32425
32425
32322
32414
32442
32502
32390
32367
32348
32421
32357
32351
32475
32397
32456
32412
32329
32379
32401
32488
32249
32421
32398
32411
32443
32350
32455
32338
32398
32396
32382
32464
32413
32402
32477
32340
32381
32384
32469
32383
32323
32471
32369
32432
32434
32391
32448
32412
32422
32377
32441
32424
32431
32550
32340
32350
32425
32413
32361
32420
32461
32402
32395
32399
32452
32425
32370
32391
32382
32407
32457
32348
32382
32455
32312
32474
32336
32414
32354
32496
32375
32450
32366
32402
32350
32434
32431
32404
32368
32383
32433
32421
32495
32360
32514
32471
32312
32432
32451
32389
32458
32441
32405
32414
32359
32394
32497
32458
32547
32306
32398
32376
32381
32359
32429
32446
32467
32433
32406
32375
32393
32462
32377
32480
32400
32435
32451
32376
32427
32429
32347
32333
32419
32435
32443
32390
32497
32400
32414
32376
32443
32463
32455
32427
32377
32374
32428
32327
32409
32403
32356
32288
32415
32501
32381
32325
32507
32347
32383
32502
32359
32327
32405
32461
32436
32353
32414
32420
32432
32426
32430
32512
32454
32413
32503
32365
32426
32415
32438
32335
32432
32414
32517
32424
32341
32495
32440
32461
32447
32545
32424
32392
32393
32476
32457
32423
32375
32401
32344
32427
32457
32390
32336
32429
32339
32391
32451
32497
32384
32428
32427
32370
32461
32480
32340
32460
32459
32295
32477
32432
32494
32393
32462
32484
32407
32448
32335
32411
32353
32419
32358
32444
32413
32371
32416
32415
32405
32432
32297
32389
32360
32411
32390
32510
32438
32439
32477
32282
32396
32517
32448
32419
32510
32459
32455
32338
32377
32440
32349
32465
32242
32507
32412
32503
32338
32373
32373
32365
32382
32370
32374
32426
32349
32459
32436
32362
32441
32382
32412
32369
32478
32417
32431
32348
32382
32446
32431
32414
32418
32365
32435
32386
32316
32408
32491
32390
32425
32243
32376
32390
32413
32400
32379
32349
32300
32370
32418
32436
32303
32374
32383
32415
32431
32379
32354
32440
32400
32405
32483
32435
32305
32396
32416
32478
32397
32368
32403
32354
32420
32410
32385
32485
32433
32474
32334
32412
32461
32318
32457
32353
32372
32512
32376
32487
32456
32336
32425
32470
32474
32428
32402
32450
32368
32373
32356
32538
32400
32456
32374
32425
32433
32467
32515
32366
32422
32455
32500
32441
32410
32373
32384
32356
32445
32431
32398
32320
32478
32482
32494
32383
32338
32439
32418
32447
32335
32359
32378
32303
32278
32439
32296
32478
32362
32389
32433
32443
32469
32414
32471
32447
32389
32376
32386
32372
32398
32439
32467
32419
32454
32339
32339
32472
32442
32373
32421
32388
32374
32385
32369
32406
32484
32415
32345
32490
32504
32442
32453
32454
32377
32458
32378
32386
32568
32500
32434
32413
32314
32515
32432
32379
32449
32384
32407
32473
32380
32540
32468
32388
32474
32440
32355
32377
32437
32473
32448
32331
32527
32359
32373
32434
32334
32416
32385
32466
32439
32411
32416
32407
32416
32471
32398
32459
32393
32375
32336
32468
32432
32431
32396
32502
32401
32458
32405
32422
32397
32396
32466
32374
32443
32471
32463
32421
32429
32440
32438
32414
32420
32362
32458
32414
32431
32447
32461
32369
32388
32361
32336
32516
32374
32447
32375
32458
32419
32430
32452
32445
32303
32374
32402
32487
32396
32349
32398
32531
32473
32322
32472
32362
32455
32373
32287
32502
32449
32393
32282
32366
32362
32355
32352
32421
32398
32476
32423
32424
32324
32467
32438
32395
32476
32392
32394
32422
32346
32408
32360
32434
32359
32431
32405
32427
32369
32501
32322
32544
32427
32368
32467
32415
32347
32435
32394
32344
32422
32326
32427
32320
32481
32369
32413
32409
32457
32300
32441
32358
32371
32364
32403
32532
32439
32367
32423
32448
32479
32408
32426
32374
32365
32366
32421
32496
32482
32586
32461
32408
32353
32420
32315
32440
32434
32380
32403
32491
32371
32345
32343
32484
32429
32343
32408
32440
32337
32516
32362
32410
32321
32384
32385
32352
32366
32468
32357
32446
32309
32387
32401
32406
32533
32384
32484
32412
32415
32426
32419
32427
32460
32392
32526
32470
32318
32441
32502
32351
32436
32456
32441
32438
32511
32396
32387
32381
32436
32356
32422
32426
32426
32354
32430
32444
32435
32437
32435
32453
32323
32437
32459
32482
32309
32438
32542
32390
32420
32384
32423
32425
32460
32376
32438
32374
32344
32444
32377
32497
32319
32390
32414
32455
32344
32382
32489
32420
32464
32321
32408
32370
32370
32252
32372
32501
32440
32477
32408
32505
32412
32477
32476
32417
32531
32337
32467
32425
32449
32445
32445
32345
32405
32341
32395
32409
32398
32451
32486
32310
32426
32330
32484
32377
32556
32371
32406
32412
32375
32269
32496
32369
32409
32397
32394
32417
32449
32465
32370
32374
32473
32446
32374
32456
32360
32370
32503
32339
32433
32309
32412
32455
32416
32401
32370
32365
32439
32388
32430
32398
32410
32411
32366
32435
32429
32434
32432
32502
32430
32444
32372
32363
32374
32462
32390
32470
32512
32459
32409
32429
32400
32376
32394
32423
32340
32466
32373
32414
32408
32423
32509
32301
32431
32519
32432
32240
32283
32407
32526
32428
32352
32397
32302
32413
32413
32403
32334
32406
32386
32379
32351
32485
32389
32385
32545
32405
32470
32374
32436
32424
32464
32295
32458
32368
32397
32373
32560
32472
32401
32394
32397
32553
32505
32383
32496
32452
32412
32545
32384
32501
32515
32404
32358
32339
32426
32396
32483
32437
32373
32394
32452
32430
32417
32394
32396
32410
32455
32383
32393
32509
32378
32499
32461
32414
32469
32451
32283
32380
32444
32435
32446
32352
32450
32377
32508
32364
32422
32455
32448
32389
32461
32486
32406
32353
32384
32341
32348
32455
32454
32489
32458
32403
32425
32417
32316
32524
32411
32395
32420
32442
32387
32419
32359
32370
32316
32386
32416
32278
32466
32433
32365
32342
32448
32507
32406
32370
32422
32346
32394
32444
32260
32389
32491
32412
32445
32440
32505
32425
32494
32383
32430
32420
32383
32452
32423
32433
32390
32412
32442
32451
32412
32355
32445
32438
32406
32341
32453
32410
32434
32463
32472
32324
32451
32497
32420
32388
32433
32416
32473
32368
32438
32317
32347
32461
32332
32396
32483
32485
32348
32441
32395
32414
32356
32460
32463
32453
32388
32398
32441
32474
32418
32470
32413
32435
32436
32405
32437
32414
32379
32360
32410
32362
32385
32403
32382
32426
32402
32334
32378
32304
32479
32431
32503
32389
32406
32475
32413
32452
32392
32341
32404
32311
32446
32388
32351
32380
32442
32413
32408
32479
32357
32293
32407
32464
32495
32424
32368
32388
32437
32378
32439
32401
32409
32362
32442
32440
32359
32414
32358
32430
32389
32480
32333
32377
32438
32373
32490
32471
32420
32401
32408
32327
32385
32344
32366
32522
32269
32375
32384
32349
32377
32315
32399
32454
32361
32422
32414
32411
32320
32288
32457
32446
32340
32324
32449
32379
32455
32276
32414
32385
32395
32488
32453
32463
32390
32450
32395
32391
32415
32493
32424
32414
32491
32355
32408
32293
32419
32444
32383
32362
32415
32354
32392
32367
32353
32474
32501
32440
32423
32404
32399
32354
32387
32493
32411
32453
32434
32397
32418
32361
32380
32396
32359
32403
32428
32526
32393
32362
32358
32406
32432
32476
32404
32502
32534
32415
32415
32383
32374
32472
32348
32319
32335
32337
32390
32420
32333
32290
32387
32511
32422
32308
32428
32434
32402
32445
32370
32341
32438
32462
32383
32403
32390
32427
32360
32485
32470
32394
32368
32383
32426
32494
32428
32419
32461
32419
32487
32373
32452
32495
32388
32308
32375
32407
32418
32369
32418
32432
32403
32426
32492
32444
32301
32337
32278
32373
32392
32288
32368
32404
32341
32442
32435
32409
32402
32361
32422
32367
32315
32459
32461
32421
32422
32407
32477
32470
32425
32323
32467
32417
32339
32314
32367
32495
32453
32382
32479
32440
32496
32414
32421
32397
32440
32360
32406
32388
32428
32378
32426
32481
32457
32461
32505
32462
32405
32370
32583
32407
32402
32312
32524
32455
32325
32460
32453
32362
32352
32406
32338
32352
32350
32416
32369
32427
32425
32389
32405
32475
32482
32381
32413
32454
32270
32420
32378
32344
32486
32395
32444
32486
32317
32294
32426
32422
32388
32449
32418
32551
32502
32468
32419
32575
32258
32470
32418
32409
32340
32431
32421
32360
32399
32366
32397
32360
32434
32349
32416
32389
32351
32451
32423
32466
32378
32376
32389
32409
32329
32496
32455
32364
32352
32503
32415
32435
32407
32482
32451
32530
32413
32318
32351
32427
32430
32352
32335
32499
32313
32440
32409
32346
32470
32393
32411
32333
32412
32488
32428
32473
32429
32418
32438
32516
32424
32532
32329
32474
32452
32329
32468
32413
32439
32374
32384
32375
32425
32450
32360
32454
32405
32358
32444
32370
32442
32409
32412
32432
32405
32447
32422
32457
32395
32433
32380
32477
32358
32376
32475
32329
32410
32392
32390
32450
32349
32445
32438
32515
32407
32422
32390
32390
32415
32391
32474
32335
32444
32446
32362
32356
32432
32390
32399
32443
32488
32418
32386
32437
32348
32409
32329
32367
32408
32413
32406
32420
32437
32438
32451
32418
32399
32449
32418
32397
32392
32388
32351
32404
32342
32459
32435
32383
32492
32449
32388
32411
32403
32390
32349
32408
32405
32407
32334
32410
32487
32334
32346
32411
32279
32475
32441
32405
32363
32455
32399
32482
32418
32392
32301
32449
32463
32401
32442
32361
32399
32302
32385
32324
32438
32490
32450
32475
32457
32322
32400
32430
32440
32349
32414
32433
32437
32358
32484
32433
32383
32458
32306
32413
32359
32401
32387
32403
32412
32373
32364
32404
32384
32363
32435
32324
32402
32389
32424
32449
32447
32406
32471
32454
32357
32477
32351
32384
32398
32410
32535
32468
32399
32430
32351
32396
32330
32372
32422
32451
32357
32494
32426
32365
32397
32362
32413
32417
32442
32397
32437
32452
32400
32362
32384
32443
32345
32460
32356
32393
32402
32486
32410
32499
32405
32340
32450
32336
32496
32408
32405
32502
32386
32343
32414
32400
32428
32459
32298
32387
32550
32453
32364
32403
32432
32478
32485
32418
32413
32365
32517
32367
32399
32462
32424
32478
32431
32409
32359
32432
32399
32428
32354
32404
32447
32376
32339
32405
32445
32411
32462
32526
32408
32427
32420
32439
32407
32485
32468
32354
32497
32466
32461
32395
32441
32407
32389
32331
32362
32440
32523
32367
32413
32445
32263
32447
32456
32426
32410
32415
32385
32502
32363
32379
32501
32422
32414
32306
32420
32502
32451
32383
32409
32408
32411
32346
32447
32476
32419
32386
32454
32469
32438
32415
32378
32451
32447
32427
32478
32392
32407
32322
32367
32349
32407
32326
32466
32393
32408
32456
32464
32447
32423
32336
32366
32488
32420
32344
32368
32352
32401
32471
32388
32388
32351
32333
32438
32409
32425
32427
32412
32485
32448
32437
32534
32332
32450
32411
32480
32361
32326
32381
32501
32396
32354
32442
32394
32355
32510
32392
32393
32490
32502
32429
32342
32363
32385
32395
32506
32351
32481
32430
32387
32367
32386
32446
32450
32334
32398
32402
32422
32393
32484
32484
32436
32423
32380
32467
32390
32440
32405
32459
32407
32448
32462
32351
32335
32424
32412
32408
32395
32475
32399
32419
32514
32447
32457
32390
32504
32429
32453
32389
32348
32466
32428
32406
32483
32427
32441
32421
32478
32390
32443
32415
32430
32401
32423
32367
32407
32525
32430
32400
32339
32522
32348
32362
32349
32479
32474
32363
32412
32395
32330
32351
32482
32408
32377
32403
32359
32522
32412
32473
32419
32397
32313
32420
32347
32381
32455
32399
32377
32451
32458
32315
32475
32417
32427
32406
32360
32324
32490
32445
32437
32377
32417
32382
32429
32406
32437
32371
32414
32389
32389
32315
32407
32517
32410
32453
32396
32418
32511
32427
32398
32351
32317
32349
32326
32332
32346
32403
32379
32400
32349
32418
32396
32409
32418
32373
32238
32377
32371
32466
32392
32389
32466
32503
32340
32350
32404
32457
32372
32388
32379
32505
32355
32513
32434
32395
32518
32413
32382
32376
32496
32362
32539
32367
32395
32390
32395
32285
32327
32323
32383
32357
32450
32424
32425
32367
32425
32379
32495
32421
32527
32390
32361
32489
32451
32365
32427
32448
32436
32483
32399
32425
32474
32344
32453
32410
32482
32332
32430
32337
32342
32414
32382
32436
32399
32425
32415
32337
32489
32434
32510
32377
32449
32424
32313
32505
32410
32398
32425
32432
32481
32390
32422
32428
32417
32463
32519
32507
32436
32348
32445
32441
32391
32360
32374
32481
32437
32446
32482
32431
32361
32439
32389
32396
32361
32347
32376
32421
32348
32326
32366
32419
32322
32396
32398
32478
32460
32432
32436
32352
32454
32355
32448
32470
32374
32432
32379
32347
32357
32463
32360
32417
32351
32398
32445
32477
32396
32450
32345
32350
32415
32490
32409
32378
32462
32352
32394
32386
32441
32278
32419
32396
32520
32394
32356
32412
32368
32319
32364
32433
32415
32332
32501
32385
32403
32454
32484
32433
32400
32405
32368
32420
32425
32367
32462
32388
32383
32416
32529
32442
32332
32419
32442
32456
32452
32363
32435
32409
32458
32412
32427
32406
32491
32421
32464
32386
32386
32441
32429
32407
32363
32508
32372
32407
32450
32398
32401
32489
32438
32403
32387
32390
32449
32361
32377
32512
32410
32313
32534
32441
32386
32414
32336
32398
32437
32490
32407
32395
32383
32432
32347
32411
32384
32292
32361
32450
32337
32504
32269
32395
32395
32334
32362
32332
32344
32428
32436
32463
32347
32519
32433
32422
32484
32417
32334
32399
32458
32417
32463
32437
32405
32447
32401
32400
32352
32400
32487
32408
32314
32321
32371
32370
32449
32340
32457
32282
32421
32413
32425
32387
32450
32405
32435
32388
32382
32327
32409
32375
32395
32396
32397
32400
32378
32450
32366
32492
32427
32445
32413
32438
32353
32422
32405
32498
32435
32304
32418
32465
32387
32383
32393
32464
32430
32396
32461
32452
32393
32400
32421
32443
32404
32381
32360
32351
32441
32427
32447
32396
32384
32387
32431
32447
32511
32409
32300
32343
32435
32350
32356
32481
32351
32361
32437
32383
32349
32366
32449
32436
32437
32397
32396
32498
32515
32444
32391
32394
32373
32381
32426
32364
32409
32456
32478
32335
32469
32332
32460
32510
32406
32433
32449
32415
32363
32348
32473
32454
32426
32299
32340
32407
32468
32429
32382
32367
32479
32279
32408
32530
32370
32319
32293
32432
32407
32437
32379
32453
32435
32473
32421
32480
32412
32431
32446
32412
32403
32501
32399
32456
32448
32401
32389
32402
32344
32379
32397
32451
32416
32332
32434
32455
32390
32477
32540
32363
32384
32480
32397
32392
32484
32465
32511
32392
32481
32460
32351
32408
32482
32477
32414
32506
32403
32401
32413
32382
32399
32434
32440
32438
32351
32431
32467
32430
32487
32463
32437
32412
32386
32412
32407
32453
32370
32380
32446
32350
32490
32370
32373
32374
32486
32410
32396
32425
32330
32496
32535
32387
32308
32503
32383
32413
32310
32380
32480
32363
32498
32404
32484
32455
32489
32365
32505
32416
32418
32470
32348
32337
32349
32502
32430
32360
32403
32412
32389
32452
32374
32346
32384
32353
32395
32459
32406
32479
32371
32474
32343
32459
32445
32424
32406
32310
32407
32471
32404
32416
32405
32416
32429
32340
32470
32398
32411
32483
32362
32439
32384
32441
32446
32416
32424
32401
32471
32346
32378
32335
32406
32375
32523
32492
32466
32452
32416
32344
32356
32419
32446
32403
32335
32470
32404
32511
32367
32366
32369
32328
32422
32455
32520
32408
32466
32361
32354
32466
32396
32408
32499
32398
32379
32449
32389
32445
32484
32440
32396
32396
32396
32362
32455
32441
32413
32458
32400
32340
32402
32433
32367
32319
32481
32411
32518
32386
32425
32493
32380
32401
32431
32439
32393
32439
32320
32422
32341
32472
32401
32410
32387
32493
32376
32416
32425
32403
32337
32492
32398
32369
32407
32482
32336
32325
32398
32404
32380
32335
32451
32477
32399
32414
32407
32428
32412
32430
32336
32455
32391
32478
32356
32398
32418
32429
32346
32310
32374
32303
32365
32416
32331
32354
32535
32419
32364
32418
32430
32434
32504
32365
32383
32476
32413
32494
32345
32439
32442
32491
32381
32482
32405
32401
32398
32368
32395
32537
32443
32384
32388
32437
32384
32375
32383
32387
32324
32408
32394
32477
32473
32504
32404
32427
32401
32384
32374
32491
32464
32363
32359
32375
32401
32431
32297
32479
32424
32361
32259
32386
32500
32284
32510
32359
32375
32435
32336
32400
32423
32377
32404
32432
32446
32378
32407
32435
32499
32354
32389
32423
32425
32398
32309
32343
32380
32468
32331
32450
32436
32300
32370
32416
32397
32290
32322
32471
32391
32527
32450
32438
32437
32484
32468
32352
32522
32282
32474
32395
32269
32316
32444
32417
32265
32427
32491
32471
32442
32487
32450
32439
32430
32409
32429
32385
32506
32418
32486
32510
32408
32434
32447
32440
32415
32437
32387
32302
32390
32502
32447
32370
32415
32334
32486
32352
32468
32402
32416
32505
32401
32453
32419
32324
32454
32440
32349
32376
32377
32392
32438
32404
32376
32534
32416
32351
32406
32397
32377
32365
32448
32446
32478
32412
32393
32369
32466
32370
32426
32467
32379
32371
32421
32501
32548
32385
32406
32371
32432
32383
32433
32406
32359
32438
32409
32449
32476
32509
32480
32367
32391
32434
32396
32497
32439
32419
32369
32515
32377
32458
32347
32512
32483
32451
32429
32361
32399
32438
32442
32427
32388
32393
32431
32458
32412
32386
32323
32477
32401
32307
32493
32419
32414
32482
32347
32441
32401
32371
32391
32418
32468
32281
32432
32467
32329
32453
32330
32334
32435
32392
32451
32451
32393
32417
32435
32416
32414
32400
32426
32475
32358
32388
32436
32405
32402
32461
32372
32363
32424
32489
32437
32355
32380
32398
32355
32261
32368
32441
32402
32360
32419
32399
32390
32364
32417
32445
32421
32364
32387
32340
32429
32292
32335
32323
32444
32438
32381
32403
32373
32445
32425
32442
32498
32396
32398
32412
32454
32377
32340
32419
32397
32426
32487
32359
32377
32340
32458
32425
32466
32504
32372
32366
32378
32397
32386
32352
32321
32394
32442
32517
32380
32477
32398
32348
32341
32433
32511
32451
32382
32392
32249
32382
32489
32465
32383
32452
32427
32395
32414
32477
32416
32367
32363
32381
32384
32420
32468
32442
32417
32384
32379
32345
32470
32453
32419
32471
32374
32422
32467
32279
32441
32464
32414
32360
32441
32365
32317
32413
32408
32381
32344
32328
32460
32385
32348
32425
32342
32470
32503
32361
32413
32379
32352
32428
32404
32429
32405
32399
32401
32337
32455
32508
32310
32330
32469
32411
32487
32395
32401
32400
32499
32398
32360
32373
32451
32355
32438
32357
32379
32321
32368
32341
32405
32488
32490
32442
32436
32373
32407
32266
32373
32452
32387
32424
32387
32488
32410
32474
32339
32435
32431
32442
32431
32362
32339
32485
32408
32395
32349
32384
32436
32464
32355
32380
32442
32432
32500
32386
32382
32353
32430
32388
32401
32462
32477
32426
32451
32354
32515
32425
32475
32416
32420
32346
32354
32399
32312
32347
32429
32506
32429
32435
32428
32384
32410
32431
32364
32445
32347
32366
32378
32476
32433
32353
32459
32363
32420
32464
32402
32399
32443
32431
32432
32446
32350
32453
32524
32527
32434
32355
32449
32485
32426
32436
32375
32396
32533
32365
32360
32441
32420
32457
32442
32439
32473
32408
32393
32343
32430
32380
32292
32356
32404
32367
32424
32448
32433
32412
32418
32434
32435
32460
32394
32379
32404
32370
32332
32494
32390
32389
32398
32518
32439
32482
32507
32320
32358
32380
32496
32349
32388
32407
32437
32379
32477
32338
32513
32402
32387
32459
32393
32335
32360
32330
32458
32459
32414
32456
32410
32420
32469
32428
32419
32406
32344
32497
32398
32357
32463
32403
32486
32452
32532
32363
32432
32481
32373
32437
32469
32492
32517
32485
32427
32441
32399
32447
32348
32415
32410
32420
32378
32454
32441
32407
32409
32384
32366
32330
32272
32408
32478
32438
32484
32420
32357
32445
32386
32384
32348
32435
32462
32381
32379
32443
32437
32602
32354
32532
32382
32395
32387
32560
32421
32472
32413
32437
32406
32484
32431
32342
32415
32465
32397
32454
32416
32435
32427
32396
32488
32378
32435
32431
32393
32444
32401
32406
32474
32405
32507
32440
32391
32263
32353
32390
32367
32446
32409
32463
32354
32369
32502
32489
32324
32371
32533
32324
32361
32393
32408
32452
32441
32419
32508
32362
32330
32341
32462
32389
32486
32424
32340
32445
32383
32324
32311
32465
32485
32412
32426
32404
32412
32426
32363
32509
32521
32382
32417
32403
32398
32439
32475
32393
32458
32443
32358
32295
32432
32396
32376
32432
32402
32538
32398
32364
32446
32454
32296
32388
32494
32283
32448
32466
32433
32442
32372
32423
32440
32419
32392
32396
32496
32463
32404
32441
32374
32485
32457
32388
32352
32422
32467
32359
32386
32475
32459
32432
32336
32416
32561
32329
32510
32527
32554
32396
32331
32393
32433
32386
32453
32391
32433
32419
32341
32511
32399
32389
32427
32473
32448
32480
32460
32406
32417
32484
32378
32499
32347
32408
32349
32394
32491
32404
32393
32395
32343
32474
32409
32371
32463
32381
32478
32389
32381
32390
32431
32470
32472
32422
32381
32404
32468
32373
32427
32468
32382
32414
32447
32383
32421
32397
32506
32339
32431
32437
32482
32428
32391
32377
32286
32453
32428
32361
32462
32451
32404
32417
32435
32383
32460
32361
32305
32391
32538
32434
32380
32407
32327
32531
32481
32371
32374
32327
32424
32495
32384
32456
32392
32441
32360
32383
32421
32411
32471
32398
32375
32405
32397
32449
32404
32472
32385
32369
32415
32421
32470
32422
32537
32429
32422
32453
32382
32448
32391
32393
32426
32457
32437
32335
32393
32486
32414
32475
32430
32394
32416
32434
32289
32424
32359
32475
32467
32381
32384
32496
32448
32424
32457
32366
32459
32416
32457
32343
32438
32501
32397
32424
32469
32394
32366
32446
32375
32467
32410
32343
32419
32335
32349
32409
32303
32483
32512
32320
32426
32396
32334
32439
32379
32359
32449
32418
32369
32422
32259
32348
32387
32423
32310
32419
32419
32403
32341
32398
32505
32470
32419
32410
32419
32432
32469
32477
32372
32409
32480
32392
32521
32386
32447
32385
32459
32385
32369
32369
32393
32399
32383
32440
32382
32392
32412
32339
32400
32395
32427
32341
32450
32452
32359
32336
32464
32507
32440
32510
32410
32407
32388
32371
32420
32437
32410
32445
32423
32492
32431
32435
32290
32360
32383
32411
32384
32387
32440
32406
32388
32432
32369
32416
32452
32379
32419
32362
32403
32401
32428
32267
32507
32427
32388
32425
32408
32365
32450
32426
32433
32291
32389
32443
32399
32424
32335
32467
32348
32336
32390
32426
32433
32382
32314
32483
32389
32465
32354
32478
32466
32407
32352
32452
32430
32394
32324
32380
32442
32343
32354
32401
32457
32390
32469
32430
32527
32389
32282
32343
32334
32500
32444
32404
32450
32391
32502
32325
32371
32439
32367
32470
32586
32405
32318
32391
32439
32419
32410
32457
32465
32339
32490
32374
32407
32437
32444
32387
32331
32344
32433
32445
32482
32418
32443
32414
32421
32355
32343
32350
32402
32342
32299
32399
32417
32422
32357
32438
32387
32402
32420
32389
32423
32446
32460
32389
32457
32423
32440
32421
32434
32368
32347
32405
32405
32400
32399
32378
32452
32428
32375
32356
32432
32405
32486
32435
32416
32420
32478
32303
32404
32417
32402
32442
32458
32415
32392
32362
32486
32491
32394
32365
32419
32405
32540
32325
32452
32536
32403
32492
32386
32460
32328
32451
32453
32413
32360
32425
32412
32473
32386
32347
32411
32453
32322
32465
32279
32368
32356
32539
32433
32389
32491
32458
32373
32421
32437
32436
32413
32451
32468
32333
32380
32432
32433
32408
32434
32444
32372
32436
32420
32363
32409
32480
32303
32492
32381
32342
32346
32454
32336
32467
32375
32447
32432
32389
32372
32410
32428
32436
32327
32464
32339
32364
32410
32336
32538
32367
32328
32379
32451
32493
32463
32385
32427
32440
32464
32332
32479
32413
32435
32409
32412
32319
32406
32405
32398
32312
32457
32445
32392
32438
32419
32371
32526
32411
32363
32505
32376
32391
32498
32371
32351
32436
32495
32436
32418
32341
32414
32378
32384
32399
32403
32424
32406
32313
32416
32442
32409
32368
32416
32458
32434
32327
32295
32372
32406
32458
32367
32382
32453
32482
32482
32399
32361
32365
32335
32429
32414
32474
32424
32450
32346
32407
32427
32332
32310
32356
32348
32341
32306
32344
32404
32422
32390
32390
32386
32375
32462
32440
32497
32453
32526
32524
32368
32410
32300
32364
32394
32359
32454
32361
32380
32456
32454
32415
32459
32440
32398
32467
32390
32490
32381
32275
32423
32518
32446
32394
32457
32264
32387
32412
32456
32361
32377
32480
32464
32448
32428
32502
32370
32326
32436
32296
32481
32426
32463
32403
32409
32398
32366
32530
32438
32392
32422
32494
32404
32463
32292
32500
32484
32406
32337
32459
32394
32395
32545
32433
32473
32425
32523
32422
32471
32373
32410
32433
32296
32431
32392
32442
32419
32379
32461
32401
32401
32419
32369
32484
32318
32370
32532
32423
32367
32463
32484
32484
32462
32413
32343
32399
32434
32363
32368
32451
32436
32449
32454
32437
32395
32385
32444
32462
32424
32329
32457
32430
32399
32438
32414
32400
32458
32515
32465
32425
32343
32418
32432
32385
32396
32410
32354
32488
32425
32409
32311
32331
32383
32414
32420
32391
32456
32485
32359
32447
32388
32360
32499
32348
32390
32401
32452
32290
32448
32459
32362
32465
32386
32361
32378
32452
32429
32420
32433
32453
32450
32441
32437
32382
32381
32365
32468
32429
32438
32458
32423
32414
32254
32370
32444
32360
32368
32347
32388
32414
32395
32442
32445
32354
32343
32452
32390
32484
32301
32425
32386
32363
32395
32397
32399
32443
32448
32382
32518
32513
32318
32432
32305
32536
32428
32351
32389
32401
32397
32476
32470
32491
32400
32453
32367
32286
32370
32405
32423
32362
32504
32326
32450
32483
32525
32367
32466
32430
32325
32366
32388
32426
32461
32436
32345
32427
32465
32415
32379
32315
32402
32399
32372
32415
32426
32505
32374
32412
32430
32429
32452
32378
32448
32489
32401
32420
32484
32433
32459
32372
32363
32406
32261
32448
32412
32421
32426
32455
32424
32365
32368
32336
32390
32436
32400
32443
32331
32470
32418
32351
32364
32377
32305
32491
32346
32402
32387
32400
32419
32465
32383
32507
32408
32466
32441
32392
32254
32384
32394
32341
32504
32284
32515
32407
32415
32374
32385
32347
32386
32469
32413
32467
32443
32433
32357
32406
32404
32469
32386
32489
32541
32422
32461
32365
32545
32421
32354
32318
32383
32417
32408
32408
32367
32412
32419
32374
32434
32419
32442
32455
32437
32432
32381
32471
32372
32338
32518
32395
32404
32448
32336
32416
32555
32403
32428
32416
32413
32463
32328
32374
32488
32376
32423
32433
32432
32416
32417
32421
32425
32342
32492
32444
32347
32461
32403
32396
32391
32431
32371
32343
32387
32335
32421
32394
32323
32491
32335
32504
32371
32294
32470
32326
32474
32431
32498
32441
32337
32375
32498
32396
32437
32459
32355
32369
32463
32342
32420
32319
32360
32358
32407
32430
32383
32408
32380
32418
32340
32388
32413
32438
32369
32358
32474
32450
32328
32459
32386
32441
32377
32501
32466
32474
32442
32462
32468
32400
32364
32422
32397
32458
32448
32341
32292
32431
32497
32342
32428
32411
32405
32477
32394
32527
32386
32377
32319
32334
32469
32447
32510
32444
32339
32508
32395
32318
32369
32491
32415
32434
32358
32374
32444
32378
32392
32455
32372
32405
32481
32397
32399
32489
32401
32332
32423
32440
32514
32507
32382
32420
32432
32424
32553
32375
32571
32502
32389
32471
32392
32377
32428
32394
32409
32392
32482
32415
32381
32341
32420
32434
32351
32399
32408
32431
32425
32384
32522
32401
32558
32497
32430
32453
32511
32368
32517
32383
32416
32452
32300
32363
32388
32358
32399
32395
32329
32444
32395
32400
32381
32394
32468
32401
32476
32426
32537
32437
32410
32492
32415
32430
32416
32438
32374
32495
32393
32405
32428
32346
32378
32479
32449
32406
32358
32380
32354
32357
32481
32436
32410
32428
32421
32327
32529
32412
32441
32470
32468
32480
32442
32303
32468
32454
32445
32449
32389
32393
32420
32401
32503
32498
32429
32361
32377
32459
32455
32431
32420
32363
32383
32436
32355
32334
32382
32401
32457
32415
32425
32373
32350
32359
32407
32435
32315
32465
32517
32478
32506
32395
32406
32479
32451
32402
32430
32396
32332
32392
32440
32342
32293
32395
32310
32416
32554
32508
32427
32320
32530
32378
32421
32391
32409
32368
32508
32359
32397
32514
32411
32409
32404
32440
32478
32400
32397
32503
32359
32497
32510
32469
32381
32284
32406
32399
32445
32419
32353
32412
32483
32441
32283
32309
32446
32433
32437
32497
32412
32453
32431
32465
32535
32366
32325
32517
32432
32406
32427
32408
32484
32390
32419
32480
32411
32392
32410
32369
32462
32406
32469
32430
32376
32386
32459
32373
32379
32473
32434
32327
32385
32491
32380
32458
32434
32471
32448
32439
32361
32475
32415
32374
32472
32510
32355
32465
32439
32478
32498
32448
32408
32470
32515
32462
32358
32390
32381
32458
32381
32434
32478
32246
32427
32337
32294
32371
32446
32385
32384
32355
32374
32523
32415
32420
32373
32351
32343
32348
32455
32452
32418
32487
32398
32386
32444
32401
32356
32409
32386
32521
32314
32360
32330
32553
32440
32413
32397
32431
32342
32336
32414
32425
32514
32422
32398
32422
32405
32396
32503
32461
32388
32476
32407
32356
32350
32419
32356
32527
32308
32493
32427
32353
32383
32449
32440
32445
32421
32322
32504
32435
32335
32337
32430
32433
32388
32448
32550
32510
32514
32391
32420
32386
32366
32528
32444
32469
32417
32435
32413
32372
32441
32380
32403
32428
32509
32369
32521
32424
32390
32427
32306
32414
32435
32477
32462
32452
32406
32419
32359
32388
32334
32433
32446
32337
32472
32433
32355
32414
32499
32462
32406
32409
32403
32483
32460
32383
32421
32461
32452
32371
32375
32432
32382
32405
32347
32542
32374
32425
32468
32526
32332
32343
32380
32383
32415
32400
32433
32489
32448
32479
32486
32395
32425
32365
32347
32439
32362
32504
32408
32402
32384
32440
32399
32395
32456
32383
32460
32465
32398
32467
32472
32459
32440
32451
32411
32402
32520
32329
32459
32485
32388
32379
32385
32375
32379
32411
32369
32385
32403
32411
32399
32439
32386
32304
32400
32481
32503
32375
32376
32415
32352
32433
32408
32380
32398
32395
32383
32375
32359
32476
32441
32473
32348
32424
32373
32432
32478
32370
32462
32373
32409
32451
32384
32437
32331
32467
32436
32431
32441
32465
32408
32421
32376
32391
32475
32300
32397
32460
32439
32350
32456
32367
32323
32463
32402
32357
32524
32409
32423
32330
32430
32429
32438
32476
32337
32361
32471
32409
32400
32424
32269
32320
32474
32403
32465
32385
32389
32353
32355
32470
32443
32384
32395
32422
32491
32366
32391
32309
32401
32355
32456
32378
32415
32386
32372
32447
32378
32427
32500
32297
32451
32402
32425
32431
32410
32334
32458
32379
32451
32388
32387
32436
32346
32384
32419
32405
32469
32517
32473
32331
32495
32402
32444
32341
32339
32379
32441
32450
32413
32342
32412
32446
32422
32497
32416
32438
32351
32393
32398
32356
32368
32395
32479
32529
32441
32394
32389
32397
32346
32377
32395
32389
32367
32476
32339
32322
32419
32431
32431
32408
32451
32440
32406
32449
32470
32440
32387
32360
32401
32340
32421
32422
32507
32449
32487
32415
32319
32340
32373
32400
32460
32472
32486
32291
32449
32402
32389
32366
32533
32352
32489
32458
32455
32462
32457
32459
32397
32347
32413
32474
32354
32379
32510
32327
32360
32426
32358
32451
32405
32443
32365
32480
32425
32461
32447
32341
32445
32267
32504
32462
32433
32338
32400
32443
32442
32370
32426
32420
32438
32359
32462
32417
32427
32469
32387
32413
32524
32394
32358
32509
32376
32377
32363
32409
32363
32378
32385
32439
32411
32476
32439
32421
32324
32370
32459
32350
32456
32498
32332
32365
32399
32359
32379
32444
32379
32408
32418
32310
32396
32394
32402
32417
32483
32377
32366
32341
32492
32406
32447
32277
32465
32472
32491
32434
32368
32362
32524
32445
32451
32470
32283
32376
32385
32371
32388
32411
32422
32431
32406
32286
32409
32456
32329
32422
32500
32340
32312
32454
32426
32441
32391
32431
32311
32300
32426
32503
32511
32282
32402
32357
32490
32404
32404
32459
32491
32380
32308
32345
32439
32491
32444
32475
32439
32402
32497
32423
32360
32475
32489
32392
32422
32351
32408
32430
32313
32534
32383
32438
32376
32412
32474
32429
32436
32339
32439
32366
32366
32428
32429
32403
32422
32416
32381
32459
32457
32408
32396
32400
32320
32502
32402
32347
32366
32388
32444
32410
32442
32490
32459
32365
32386
32397
32380
32406
32401
32441
32442
32424
32366
32412
32371
32401
32427
32403
32454
32489
32340
32405
32343
32295
32483
32358
32461
32388
32452
32358
32406
32443
32528
32454
32493
32408
32414
32451
32455
32327
32363
32445
32441
32444
32386
32483
32321
32473
32430
32438
32321
32529
32372
32423
32425
32549
32405
32384
32332
32433
32317
32453
32383
32408
32509
32415
32393
32338
32421
32372
32414
32365
32486
32487
32418
32492
32423
32339
32414
32335
32422
32468
32379
32467
32393
32440
32401
32467
32399
32369
32409
32426
32472
32470
32374
32410
32447
32416
32329
32435
32450
32431
32464
32402
32430
32516
32324
32420
32386
32422
32370
32424
32457
32420
32342
32396
32448
32369
32377
32417
32477
32335
32325
32352
32457
32326
32358
32424
32495
32416
32426
32419
32391
32419
32383
32473
32435
32440
32429
32370
32453
32377
32376
32374
32397
32424
32437
32405
32419
32439
32407
32445
32432
32327
32409
32297
32499
32429
32498
32431
32318
32366
32401
32428
32451
32363
32403
32402
32444
32467
32431
32477
32404
32378
32398
32370
32471
32367
32313
32455
32458
32294
32486
32387
32396
32433
32452
32317
32383
32418
32537
32457
32429
32446
32387
32415
32472
32388
32430
32386
32502
32395
32415
32503
32441
32414
32436
32468
32401
32480
32391
32353
32509
32377
32415
32417
32439
32412
32425
32473
32482
32485
32324
32466
32485
32486
32353
32444
32438
32500
32382
32434
32426
32407
32435
32463
32398
32303
32443
32473
32310
32415
32390
32448
32394
32314
32417
32361
32432
32489
32451
32374
32328
32466
32317
32406
32391
32504
32454
32434
32542
32374
32301
32388
32347
32377
32318
32405
32440
32431
32339
32440
32502
32334
32402
32339
32495
32420
32332
32417
32368
32462
32427
32379
32397
32359
32279
32454
32392
32328
32386
32393
32397
32382
32390
32470
32380
32389
32382
32393
32465
32348
32342
32452
32319
32393
32392
32412
32360
32438
32372
32344
32367
32471
32377
32333
32444
32321
32440
32400
32410
32394
32437
32412
32410
32362
32414
32402
32388
32479
32365
32359
32419
32446
32385
32429
32462
32413
32467
32503
32442
32477
32429
32403
32316
32403
32425
32431
32371
32406
32430
32404
32364
32491
32416
32470
32407
32462
32455
32447
32435
32500
32498
32494
32433
32453
32331
32408
32384
32366
32411
32414
32310
32322
32395
32393
32390
32400
32387
32371
32448
32348
32454
32518
32406
32420
32426
32521
32339
32467
32340
32429
32461
32431
32372
32314
32433
32371
32418
32453
32421
32369
32423
32385
32357
32433
32338
32476
32451
32330
32383
32444
32438
32419
32392
32443
32529
32361
32493
32501
32291
32462
32378
32341
32392
32526
32456
32448
32531
32472
32457
32422
32440
32423
32359
32389
32477
32390
32414
32405
32353
32384
32463
32420
32296
32457
32417
32394
32509
32413
32330
32385
32353
32433
32422
32494
32489
32443
32473
32473
32347
32466
32322
32428
32365
32416
32351
32376
32392
32417
32477
32320
32454
32460
32383
32435
32486
32292
32393
32510
32430
32392
32441
32550
32482
32349
32376
32351
32313
32412
32323
32316
32477
32388
32461
32475
32416
32389
32403
32381
32390
32462
32371
32467
32459
32399
32366
32387
32346
32382
32416
32372
32368
32398
32404
32511
32339
32424
32347
32397
32444
32390
32363
32386
32429
32401
32304
32451
32410
32499
32434
32335
32342
32430
32397
32414
32428
32383
32393
32455
32337
32462
32450
32302
32415
32398
32387
32482
32391
32478
32432
32421
32432
32435
32412
32516
32441
32404
32294
32505
32511
32421
32428
32445
32432
32419
32346
32426
32394
32400
32371
32399
32426
32390
32456
32456
32393
32372
32348
32464
32416
32459
32374
32393
32465
32370
32388
32442
32500
32425
32485
32399
32439
32391
32469
32473
32381
32430
32296
32374
32304
32345
32505
32412
32418
32363
32457
32419
32403
32458
32339
32391
32403
32413
32348
32408
32472
32467
32315
32391
32446
32399
32412
32358
32448
32402
32381
32386
32487
32474
32360
32407
32469
32368
32367
32362
32433
32421
32365
32415
32379
32394
32478
32467
32375
32335
32392
32415
32346
32442
32476
32377
32425
32371
32348
32459
32325
32408
32411
32344
32433
32383
32424
32366
32351
32497
32428
32444
32329
32431
32415
32415
32403
32444
32406
32505
32496
32346
32282
32425
32369
32376
32338
32379
32392
32447
32410
32381
32421
32404
32422
32371
32335
32459
32313
32494
32522
32413
32525
32375
32387
32398
32460
32401
32456
32453
32353
32434
32308
32389
32435
32377
32477
32431
32398
32404
32331
32426
32449
32391
32487
32362
32429
32394
32403
32292
32401
32404
32516
32434
32407
32419
32388
32437
32402
32478
32372
32454
32382
32353
32362
32427
32487
32349
32376
32440
32441
32354
32415
32442
32391
32417
32483
32381
32386
32495
32364
32446
32444
32401
32369
32422
32403
32411
32486
32415
32395
32387
32379
32349
32377
32392
32520
32367
32503
32377
32419
32424
32335
32359
32460
32462
32320
32402
32424
32429
32420
32382
32359
32353
32447
32411
32405
32420
32365
32427
32366
32444
32485
32275
32424
32355
32385
32380
32433
32368
32411
32463
32453
32428
32313
32431
32387
32398
32361
32383
32353
32475
32480
32443
32431
32400
32364
32470
32388
32474
32324
32405
32454
32435
32465
32341
32430
32425
32408
32384
32412
32303
32394
32396
32455
32443
32377
32390
32420
32419
32403
32392
32340
32426
32420
32415
32468
32492
32392
32415
32408
32360
32422
32389
32449
32431
32374
32473
32513
32472
32415
32382
32389
32362
32460
32448
32444
32292
32454
32404
32454
32396
32335
32361
32375
32267
32385
32416
32406
32405
32507
32405
32401
32385
32416
32506
32451
32403
32345
32360
32507
32451
32390
32332
32354
32316
32385
32430
32346
32402
32360
32416
32390
32440
32386
32322
32437
32489
32402
32338
32357
32360
32432
32460
32287
32296
32347
32417
32407
32375
32375
32421
32416
32417
32400
32399
32420
32476
32484
32424
32427
32459
32413
32344
32418
32447
32426
32329
32334
32494
32444
32506
32433
32445
32443
32364
32506
32382
32418
32300
32435
32361
32355
32522
32417
32340
32470
32340
32392
32410
32466
32324
32365
32404
32489
32416
32371
32315
32531
32431
32430
32360
32443
32404
32420
32461
32517
32376
32482
32401
32400
32396
32500
32400
32335
32453
32487
32424
32428
32374
32411
32442
32393
32345
32446
32431
32406
32426
32363
32343
32412
32315
32390
32433
32451
32454
32515
32421
32353
32409
32452
32413
32276
32393
32411
32370
32352
32368
32438
32384
32491
32364
32384
32389
32441
32385
32325
32316
32435
32359
32443
32404
32472
32422
32470
32436
32355
32457
32473
32438
32363
32318
32403
32441
32376
32398
32453
32329
32458
32341
32433
32472
32349
32477
32383
32441
32387
32412
32449
32440
32453
32426
32413
32343
32476
32426
32432
32403
32401
32401
32435
32463
32376
32474
32394
32410
32386
32436
32389
32350
32412
32388
32507
32419
32454
32381
32410
32313
32358
32418
32568
32320
32323
32404
32464
32330
32395
32349
32388
32382
32317
32515
32556
32390
32479
32429
32527
32406
32448
32506
32322
32356
32410
32371
32436
32389
32303
32383
32347
32426
32442
32415
32497
32411
32459
32444
32425
32345
32317
32379
32496
32313
32416
32396
32411
32429
32409
32401
32452
32426
32471
32462
32434
32378
32465
32432
32387
32376
32426
32319
32411
32441
32386
32411
32402
32462
32394
32360
32438
32469
32445
32450
32335
32409
32488
32487
32429
32467
32394
32457
32345
32469
32415
32455
32406
32395
32390
32478
32426
32478
32318
32321
32440
32426
32412
32362
32486
32442
32442
32446
32399
32437
32434
32406
32377
32419
32398
32439
32506
32427
32444
32357
32530
32428
32399
32420
32459
32421
32451
32468
32336
32417
32408
32432
32461
32479
32365
32406
32373
32341
32439
32377
32539
32405
32484
32341
32450
32401
32445
32539
32311
32435
32442
32411
32515
32396
32360
32356
32346
32508
32350
32375
32423
32392
32506
32409
32330
32464
32381
32448
32457
32362
32350
32459
32447
32465
32364
32369
32495
32446
32413
32336
32400
32374
32377
32518
32393
32459
32339
32455
32485
32353
32340
32462
32431
32385
32365
32509
32402
32509
32409
32429
32505
32382
32489
32391
32555
32396
32396
32455
32430
32383
32419
32477
32408
32485
32422
32392
32371
32386
32473
32438
32423
32462
32363
32330
32416
32389
32394
32464
32370
32434
32420
32431
32460
32436
32400
32428
32419
32418
32456
32434
32411
32427
32426
32408
32438
32449
32472
32398
32404
32430
32518
32462
32428
32369
32367
32349
32432
32366
32380
32388
32422
32370
32421
32427
32489
32454
32391
32374
32356
32314
32473
32535
32416
32380
32354
32430
32451
32502
32297
32442
32479
32412
32372
32388
32329
32409
32476
32311
32516
32401
32398
32407
32476
32375
32339
32403
32602
32469
32423
32459
32450
32409
32420
32358
32424
32342
32346
32416
32445
32418
32504
32367
32361
32453
32425
32291
32427
32382
32495
32457
32518
32425
32399
32466
32397
32486
32371
32373
32318
32448
32384
32338
32407
32323
32464
32484
32422
32447
32433
32433
32481
32353
32370
32468
32425
32281
32330
32431
32428
32436
32344
32430
32406
32405
32403
32394
32377
32362
32406
32411
32444
32405
32438
32436
32456
32417
32434
32412
32400
32409
32382
32455
32304
32399
32443
32399
32446
32455
32327
32369
32417
32463
32482
32371
32343
32370
32516
32386
32470
32395
32319
32357
32574
32448
32538
32438
32254
32463
32340
32373
32409
32332
32293
32390
32505
32376
32416
32385
32387
32452
32446
32437
32328
32393
32469
32395
32303
32430
32390
32451
32398
32422
32378
32452
32364
32336
32344
32541
32288
32427
32454
32398
32430
32397
32441
32511
32398
32532
32351
32354
32541
32365
32397
32397
32452
32381
32456
32485
32347
32447
32337
32419
32355
32356
32445
32448
32377
32402
32379
32372
32385
32331
32478
32362
32426
32489
32450
32439
32465
32423
32415
32456
32501
32432
32455
32412
32472
32411
32539
32454
32341
32462
32443
32404
32387
32434
32536
32479
32422
32353
32365
32489
32478
32448
32354
32326
32515
32405
32351
32435
32391
32379
32337
32434
32336
32447
32424
32377
32421
32463
32428
32375
32386
32473
32407
32402
32387
32451
32320
32413
32441
32381
32493
32430
32407
32440
32406
32414
32405
32450
32403
32435
32443
32366
32486
32445
32401
32454
32422
32418
32385
32420
32384
32507
32448
32484
32434
32446
32383
32402
32536
32403
32353
32346
32397
32439
32452
32347
32520
32354
32336
32432
32447
32405
32437
32426
32434
32487
32350
32317
32460
32433
32510
32485
32470
32430
32382
32362
32406
32419
32409
32561
32391
32296
32372
32309
32438
32345
32383
32410
32402
32355
32383
32424
32332
32428
32389
32501
32463
32435
32404
32317
32402
32460
32316
32484
32368
32348
32398
32412
32434
32508
32444
32385
32402
32538
32496
32405
32309
32476
32427
32472
32407
32467
32364
32372
32396
32381
32411
32465
32389
32456
32422
32417
32415
32472
32410
32438
32450
32430
32386
32331
32463
32345
32403
32432
32475
32352
32361
32355
32441
32426
32375
32338
32374
32321
32285
32424
32423
32376
32405
32400
32466
32444
32389
32436
32423
32487
32442
32432
32406
32460
32286
32492
32410
32414
32362
32485
32342
32448
32347
32481
32400
32381
32459
32437
32480
32394
32382
32386
32372
32425
32425
32375
32391
32401
32386
32504
32464
32280
32386
32415
32348
32388
32296
32358
32374
32417
32388
32383
32327
32465
32368
32373
32418
32417
32429
32350
32420
32338
32462
32444
32410
32399
32374
32519
32437
32383
32434
32374
32410
32347
32458
32393
32426
32385
32426
32386
32464
32457
32345
32397
32486
32373
32479
32289
32361
32367
32473
32483
32534
32382
32291
32392
32430
32409
32424
32371
32422
32410
32386
32386
32349
32473
32426
32444
32451
32398
32431
32353
32375
32412
32385
32460
32412
32462
32458
32465
32419
32468
32395
32483
32413
32382
32370
32483
32406
32428
32436
32423
32454
32407
32511
32388
32372
32481
32364
32414
32409
32499
32364
32487
32327
32393
32432
32386
32438
32456
32419
32389
32566
32411
32412
32328
32440
32452
32442
32387
32361
32360
32474
32439
32364
32426
32386
32495
32401
32382
32361
32288
32430
32389
32331
32452
32464
32368
32332
32432
32433
32348
32379
32397
32404
32384
32471
32497
32452
32517
32489
32455
32461
32386
32399
32503
32340
32426
32322
32467
32373
32354
32401
32437
32430
32396
32347
32438
32427
32377
32453
32408
32428
32456
32395
32401
32334
32403
32417
32391
32322
32393
32317
32416
32385
32390
32393
32511
32334
32356
32393
32386
32365
32372
32364
32392
32488
32436
32355
32281
32337
32348
32367
32378
32475
32574
32370
32321
32435
32415
32452
32464
32486
32404
32465
32458
32371
32401
32447
32579
32303
32382
32487
32530
32347
32376
32382
32470
32489
32430
32449
32388
32476
32368
32416
32340
32405
32509
32505
32443
32373
32370
32362
32463
32383
32480
32456
32362
32415
32436
32288
32381
32377
32468
32465
32448
32410
32224
32358
32363
32443
32445
32395
32314
32377
32477
32486
32360
32324
32382
32373
32442
32378
32467
32480
32400
32437
32440
32370
32486
32389
32500
32434
32517
32462
32336
32449
32300
32414
32491
32370
32517
32420
32440
32502
32465
32528
32386
32372
32313
32400
32422
32363
32355
32438
32542
32394
32505
32371
32385
32429
32351
32442
32404
32504
32429
32411
32417
32397
32316
32458
32473
32441
32425
32394
32406
32472
32450
32513
32472
32389
32429
32424
32497
32375
32393
32461
32358
32414
32510
32359
32495
32395
32524
32455
32508
32436
32375
32490
32397
32422
32473
32292
32394
32430
32486
32417
32351
32433
32315
32461
32454
32547
32360
32380
32378
32428
32454
32429
32403
32458
32471
32402
32422
32429
32374
32365
32347
32369
32303
32367
32528
32429
32477
32400
32473
32383
32405
32511
32479
32420
32433
32396
32399
32414
32400
32465
32497
32400
32297
32326
32301
32257
32410
32434
32388
32462
32472
32453
32468
32408
32431
32428
32433
32400
32435
32369
32404
32382
32336
32391
32400
32387
32356
32365
32338
32412
32387
32363
32479
32441
32398
32465
32400
32421
32452
32402
32542
32443
32399
32358
32397
32437
32435
32438
32327
32384
32406
32374
32435
32373
32362
32430
32444
32371
32395
32447
32456
32397
32419
32443
32453
32465
32385
32347
32419
32345
32333
32416
32437
32344
32384
32485
32374
32413
32406
32394
32437
32363
32322
32432
32372
32506
32384
32440
32384
32339
32413
32456
32354
32449
32432
32415
32382
32310
32389
32464
32421
32367
32311
32417
32436
32300
32394
32489
32399
32418
32378
32352
32502
32331
32328
32389
32403
32408
32344
32430
32315
32393
32391
32361
32344
32382
32398
32398
32542
32410
32352
32341
32392
32417
32459
32323
32349
32415
32407
32399
32419
32347
32400
32338
32408
32396
32453
32314
32361
32402
32506
32403
32349
32343
32360
32493
32392
32391
32417
32454
32407
32437
32307
32371
32444
32468
32480
32330
32339
32397
32497
32375
32405
32418
32352
32456
32510
32368
32413
32462
32374
32412
32393
32438
32361
32405
32505
32477
32380
32350
32363
32392
32449
32450
32470
32506
32383
32374
32351
32455
32396
32482
32412
32467
32364
32483
32517
32495
32432
32362
32450
32401
32354
32454
32424
32525
32481
32454
32523
32486
32408
32420
32378
32437
32403
32350
32387
32404
32429
32474
32542
32393
32479
32424
32359
32488
32554
32509
32349
32486
32386
32438
32339
32313
32398
32341
32350
32466
32463
32437
32391
32450
32386
32405
32406
32473
32425
32381
32418
32466
32499
32295
32300
32347
32457
32393
32476
32439
32447
32407
32427
32518
32405
32335
32418
32399
32443
32512
32347
32423
32366
32368
32314
32357
32444
32416
32476
32379
32424
32563
32428
32365
32399
32370
32279
32499
32356
32473
32386
32430
32303
32369
32505
32431
32543
32454
32318
32412
32462
32403
32394
32423
32401
32465
32472
32409
32317
32354
32451
32339
32472
32435
32385
32433
32510
32376
32370
32303
32409
32406
32464
32504
32433
32417
32356
32416
32429
32375
32424
32351
32408
32404
32398
32355
32435
32435
32402
32402
32465
32504
32342
32308
32465
32420
32514
32363
32473
32413
32413
32352
32341
32475
32463
32374
32428
32402
32430
32457
32365
32415
32435
32417
32429
32348
32448
32329
32432
32427
32333
32356
32416
32471
32410
32371
32411
32399
32337
32400
32399
32383
32394
32417
32386
32422
32390
32428
32505
32369
32364
32463
32412
32461
32363
32453
32361
32470
32414
32406
32421
32322
32307
32412
32418
32426
32421
32478
32298
32442
32412
32459
32372
32477
32420
32453
32462
32414
32472
32413
32317
32430
32424
32424
32462
32388
32369
32405
32422
32492
32409
32487
32376
32428
32304
32387
32404
32399
32427
32425
32446
32422
32431
32452
32411
32418
32485
32425
32477
32382
32448
32485
32521
32478
32390
32398
32404
32367
32406
32310
32347
32465
32460
32383
32346
32358
32501
32435
32459
32440
32418
32406
32461
32418
32389
32427
32526
32476
32544
32350
32311
32439
32412
32407
32485
32333
32402
32354
32376
32459
32382
32420
32388
32498
32342
32494
32408
32347
32423
32401
32371
32426
32437
32410
32415
32487
32498
32373
32393
32368
32376
32351
32399
32466
32439
32464
32381
32393
32493
32360
32416
32419
32438
32464
32384
32360
32342
32435
32458
32405
32290
32395
32396
32411
32412
32367
32307
32371
32369
32349
32381
32467
32463
32467
32376
32360
32430
32353
32417
32440
32368
32338
32440
32362
32375
32344
32454
32391
32370
32438
32454
32434
32391
32452
32360
32430
32462
32427
32439
32325
32340
32475
32483
32414
32372
32481
32266
32343
32460
32404
32508
32458
32345
32393
32382
32402
32466
32361
32424
32421
32364
32390
32430
32424
32464
32468
32358
32484
32378
32410
32429
32398
32406
32454
32342
32450
32443
32413
32418
32503
32425
32419
32423
32408
32339
32410
32451
32540
32382
32388
32400
32357
32460
32364
32434
32398
32427
32349
32444
32425
32376
32424
32372
32383
32384
32518
32418
32490
32436
32313
32411
32418
32382
32453
32331
32372
32533
32426
32419
32420
32479
32343
32488
32460
32387
32387
32427
32489
32463
32374
32418
32396
32447
32387
32441
32489
32369
32400
32390
32391
32399
32266
32370
32422
32384
32471
32416
32374
32358
32358
32395
32422
32418
32444
32427
32398
32333
32423
32417
32480
32430
32422
32382
32459
32399
32384
32392
32504
32400
32477
32400
32485
32406
32424
32416
32414
32464
32442
32511
32346
32390
32366
32423
32384
32487
32440
32403
32280
32346
32428
32446
32445
32382
32366
32416
32511
32444
32343
32454
32434
32427
32406
32424
32392
32374
32400
32483
32443
32402
32391
32455
32465
32437
32378
32401
32463
32408
32356
32429
32328
32318
32397
32402
32509
32422
32354
32417
32329
32495
32456
32306
32473
32500
32404
32448
32436
32358
32367
32377
32429
32468
32484
32467
32349
32374
32323
32418
32452
32389
32497
32288
32512
32445
32383
32384
32404
32365
32467
32498
32440
32351
32459
32411
32512
32461
32325
32428
32426
32454
32503
32390
32396
32462
32466
32431
32452
32422
32446
32329
32411
32487
32447
32397
32358
32343
32401
32415
32460
32354
32442
32432
32429
32393
32278
32461
32444
32285
32338
32295
32501
32454
32396
32397
32389
32405
32464
32415
32367
32484
32341
32465
32248
32373
32356
32495
32458
32472
32409
32344
32397
32459
32438
32421
32313
32409
32536
32469
32510
32462
32455
32476
32402
32417
32499
32340
32480
32441
32435
32392
32445
32442
32479
32443
32446
32457
32426
32529
32363
32546
32287
32450
32313
32414
32388
32424
32409
32369
32377
32323
32399
32450
32493
32403
32425
32400
32428
32397
32496
32360
32396
32468
32409
32378
32451
32446
32381
32459
32498
32420
32339
32424
32440
32380
32346
32383
32354
32275
32464
32408
32366
32458
32394
32407
32500
32454
32465
32421
32305
32470
32307
32476
32381
32461
32476
32504
32444
32483
32374
32448
32335
32348
32395
32483
32487
32418
32431
32355
32383
32394
32287
32420
32461
32398
32391
32464
32452
32444
32351
32391
32396
32422
32328
32361
32494
32406
32374
32374
32427
32392
32361
32434
32404
32286
32374
32394
32372
32443
32346
32400
32417
32503
32359
32412
32414
32358
32386
32427
32370
32325
32365
32441
32350
32318
32348
32351
32398
32445
32504
32340
32379
32477
32366
32429
32348
32365
32396
32468
32364
32360
32471
32381
32410
32424
32391
32403
32409
32446
32373
32427
32359
32339
32360
32367
32354
32330
32440
32324
32421
32444
32439
32374
32315
32406
32435
32450
32404
32360
32460
32462
32404
32324
32495
32458
32444
32432
32489
32403
32326
32389
32462
32438
32424
32403
32344
32404
32425
32377
32416
32430
32494
32425
32374
32372
32458
32327
32497
32360
32399
32469
32321
32360
32462
32420
32307
32366
32370
32432
32488
32516
32405
32358
32435
32404
32346
32343
32432
32515
32522
32486
32465
32460
32301
32389
32401
32385
32424
32425
32539
32390
32431
32399
32525
32406
32460
32309
32495
32368
32469
32273
32381
32448
32371
32412
32450
32547
32465
32414
32399
32362
32405
32361
32459
32321
32345
32351
32542
32476
32413
32413
32452
32427
32396
32451
32354
32446
32350
32405
32358
32421
32462
32480
32409
32327
32470
32484
32366
32416
32448
32397
32330
32478
32367
32391
32402
32433
32479
32423
32310
32360
32469
32433
32444
32384
32371
32359
32391
32444
32357
32498
32492
32362
32430
32376
32387
32447
32408
32366
32423
32428
32397
32459
32484
32412
32424
32342
32493
32447
32492
32430
32414
32396
32365
32496
32386
32426
32366
32378
32405
32457
32443
32380
32452
32327
32512
32473
32459
32343
32498
32416
32410
32418
32490
32394
32361
32443
32368
32503
32483
32426
32354
32390
32345
32433
32398
32416
32445
32422
32359
32415
32405
32500
32446
32381
32559
32454
32475
32396
32431
32498
32390
32462
32411
32467
32389
32453
32378
32325
32476
32421
32368
32503
32369
32362
32411
32488
32390
32402
32393
32420
32392
32439
32392
32395
32375
32371
32428
32484
32492
32311
32375
32410
32382
32431
32411
32378
32426
32420
32519
32393
32477
32469
32387
32458
32362
32411
32354
32471
32398
32426
32379
32449
32441
32387
32445
32470
32441
32471
32467
32476
32451
32353
32373
32390
32534
32380
32409
32403
32391
32478
32414
32423
32456
32384
32387
32447
32463
32492
32517
32340
32400
32422
32401
32424
32522
32394
32477
32361
32416
32407
32389
32455
32378
32405
32304
32293
32340
32399
32425
32424
32352
32390
32473
32493
32435
32470
32380
32444
32383
32437
32419
32520
32470
32430
32389
32471
32495
32357
32326
32430
32389
32447
32408
32348
32270
32455
32483
32425
32443
32420
32435
32412
32470
32441
32378
32358
32376
32389
32469
32277
32300
32415
32263
32446
32440
32364
32411
32416
32389
32365
32462
32341
32376
32382
32355
32443
32357
32482
32457
32378
32392
32430
32436
32419
32510
32428
32358
32390
32378
32337
32392
32491
32293
32418
32445
32448
32430
32539
32512
32339
32462
32485
32430
32461
32434
32365
32383
32448
32363
32387
32376
32413
32480
32463
32337
32367
32340
32477
32487
32455
32305
32381
32386
32431
32423
32531
32384
32360
32443
32422
32406
32513
32394
32372
32458
32487
32389
32408
32483
32510
32372
32357
32533
32437
32442
32374
32408
32307
32428
32396
32394
32366
32468
32511
32400
32454
32429
32397
32440
32428
32446
32462
32479
32427
32403
32429
32464
32430
32425
32413
32433
32448
32486
32375
32409
32487
32413
32447
32377
32382
32444
32398
32460
32457
32384
32416
32370
32418
32418
32385
32514
32388
32405
32373
32510
32460
32409
32394
32414
32403
32366
32443
32481
32523
32345
32446
32390
32400
32425
32512
32313
32390
32405
32417
32440
32418
32419
32421
32439
32383
32337
32365
32352
32432
32339
32292
32444
32406
32433
32432
32484
32398
32404
32490
32339
32341
32421
32432
32503
32416
32379
32422
32440
32393
32472
32432
32426
32374
32403
32491
32427
32464
32413
32418
32334
32367
32457
32508
32359
32383
32379
32393
32382
32426
32479
32438
32353
32492
32441
32396
32362
32400
32499
32371
32477
32504
32389
32392
32417
32377
32511
32347
32410
32400
32423
32469
32336
32331
32399
32374
32395
32405
32455
32414
32370
32420
32454
32406
32395
32407
32456
32385
32408
32363
32414
32385
32454
32525
32448
32472
32469
32362
32376
32416
32368
32419
32395
32434
32420
32451
32473
32383
32353
32431
32456
32444
32359
32473
32431
32448
32371
32393
32442
32426
32450
32490
32433
32461
32375
32454
32405
32368
32445
32389
32450
32433
32445
32387
32415
32437
32420
32341
32391
32319
32414
32476
32418
32436
32504
32469
32486
32411
32431
32431
32400
32475
32440
32396
32386
32472
32398
32409
32466
32310
32344
32355
32371
32432
32391
32433
32413
32424
32438
32393
32419
32501
32506
32403
32373
32527
32535
32412
32361
32394
32321
32517
32434
32467
32448
32470
32285
32438
32390
32499
32368
32408
32426
32403
32346
32480
32469
32462
32440
32428
32471
32387
32397
32422
32486
32440
32348
32291
32515
32394
32322
32495
32361
32337
32407
32381
32353
32418
32441
32426
32404
32450
32384
32386
32487
32399
32469
32434
32476
32492
32404
32499
32475
32422
32341
32529
32373
32350
32409
32546
32444
32387
32369
32434
32482
32451
32422
32478
32367
32385
32370
32402
32446
32410
32405
32502
32473
32445
32389
32439
32351
32416
32396
32382
32425
32378
32371
32409
32367
32494
32434
32479
32473
32349
32530
32375
32414
32469
32422
32351
32420
32454
32419
32542
32378
32401
32350
32493
32460
32472
32380
32416
32400
32395
32354
32448
32378
32541
32541
32541
32541
32541
32541
32541
32541
32541
32541
32541
32541
32541
32541
32541
32541
32541
32541
32541
32541
32541
32541
32541
32541
32541
32541
