9948
32352
32314
32328
32345
32354
32370
32280
32333
32371
32431
32355
32492
32470
32426
32409
32395
32478
32460
32412
32466
32363
32299
32332
32393
32414
32440
32390
32409
32394
32468
32425
32370
32293
32377
32324
32318
32448
32457
32484
32349
32308
32399
32393
32430
32373
32448
32384
32408
32410
32300
32408
32369
32409
32400
32407
32450
32402
32391
32454
32385
32362
32342
32378
32412
32366
32342
32323
32505
32344
32398
32378
32330
32395
32438
32387
32344
32422
32381
32389
32388
32385
32295
32350
32337
32424
32310
32392
32465
32397
32403
32360
32452
32411
32406
32299
32361
32276
32376
32418
32409
32492
32348
32347
32427
32324
32405
32347
32347
32363
32376
32392
32325
32341
32419
32453
32356
32400
32337
32397
32451
32452
32485
32371
32413
32413
32352
32412
32352
32340
32484
32440
32432
32469
32353
32388
32434
32403
32387
32313
32322
32474
32363
32434
32341
32456
32500
32361
32398
32337
32414
32377
32359
32315
32369
32363
32471
32500
32375
32421
32348
32367
32499
32357
32423
32365
32438
32466
32361
32369
32486
32480
32387
32280
32330
32418
32338
32442
32330
32352
32436
32419
32461
32395
32328
32362
32417
32417
32409
32323
32400
32586
32394
32467
32481
32401
32294
32372
32448
32397
32433
32377
32487
32366
32378
32430
32397
32361
32365
32447
32345
32442
32384
32370
32364
32409
32487
32420
32405
32452
32440
32389
32359
32474
32436
32483
32460
32343
32345
32522
32290
32355
32463
32342
32415
32391
32338
32443
32496
32462
32432
32430
32475
32423
32399
32345
32447
32418
32492
32426
32464
32426
32348
32318
32383
32418
32353
32398
32429
32434
32364
32368
32429
32436
32369
32333
32332
32342
32463
32389
32352
32401
32475
32303
32401
32382
32387
32472
32405
32373
32340
32410
32350
32388
32394
32384
32380
32484
32461
32405
32429
32386
32436
32391
32269
32457
32498
32450
32508
32501
32446
32379
32393
32379
32406
32314
32478
32471
32404
32383
32375
32417
32361
32440
32252
32411
32469
32426
32380
32383
32483
32460
32486
32401
32337
32375
32438
32363
32420
32419
32528
32363
32422
32445
32343
32405
32335
32472
32366
32327
32419
32444
32319
32449
32403
32449
32456
32494
32404
32427
32429
32457
32387
32407
32374
32356
32429
32387
32458
32360
32444
32430
32406
32450
32333
32365
32469
32385
32432
32362
32325
32411
32386
32343
32499
32408
32384
32441
32403
32364
32473
32388
32397
32454
32456
32377
32324
32371
32302
32414
32345
32506
32500
32323
32385
32504
32322
32310
32319
32438
32520
32327
32372
32420
32371
32422
32461
32424
32386
32379
32427
32443
32457
32402
32487
32421
32405
32398
32408
32390
32435
32365
32306
32476
32326
32430
32255
32326
32376
32401
32490
32368
32430
32401
32456
32426
32366
32523
32412
32397
32416
32398
32385
32491
32431
32462
32479
32453
32350
32401
32485
32455
32446
32429
32494
32432
32482
32387
32514
32389
32405
32461
32371
32498
32332
32359
32358
32362
32439
32325
32456
32354
32369
32404
32470
32374
32456
32377
32464
32418
32380
32479
32379
32336
32385
32327
32345
32451
32391
32339
32398
32377
32348
32430
32426
32375
32414
32375
32465
32495
32482
32437
32398
32456
32468
32490
32425
32486
32339
32382
32406
32405
32372
32321
32390
32379
32362
32363
32500
32402
32326
32459
32395
32380
32391
32427
32415
32473
32459
32347
32400
32408
32455
32408
32496
32414
32472
32339
32401
32452
32381
32456
32505
32345
32494
32381
32356
32380
32429
32368
32427
32408
32327
32365
32365
32424
32377
32371
32510
32463
32366
32398
32336
32503
32502
32377
32368
32345
32372
32339
32417
32310
32398
32448
32383
32298
32448
32447
32241
32387
32350
32438
32459
32409
32365
32313
32412
32433
32447
32415
32401
32292
32433
32433
32424
32386
32390
32442
32343
32305
32489
32378
32389
32440
32419
32450
32489
32407
32467
32364
32511
32368
32454
32432
32424
32338
32340
32461
32481
32478
32442
32421
32465
32363
32338
32405
32422
32461
32426
32344
32315
32461
32406
32512
32337
32433
32419
32391
32408
32439
32497
32456
32498
32436
32484
32438
32490
32388
32479
32502
32392
32413
32464
32445
32468
32348
32447
32393
32317
32527
32334
32485
32365
32431
32331
32458
32485
32405
32409
32394
32410
32371
32388
32400
32491
32437
32489
32434
32334
32374
32385
32397
32498
32501
32318
32411
32492
32484
32308
32478
32344
32425
32421
32414
32443
32388
32406
32432
32505
32317
32396
32410
32461
32457
32415
32378
32435
32359
32362
32423
32362
32469
32390
32408
32418
32382
32387
32372
32520
32402
32309
32352
32469
32474
32385
32383
32524
32469
32499
32450
32430
32413
32410
32399
32421
32426
32433
32483
32384
32506
32410
32390
32408
32365
32454
32504
32461
32393
32437
32411
32429
32472
32410
32393
32395
32403
32453
32447
32318
32388
32476
32381
32436
32394
32300
32449
32436
32414
32427
32429
32495
32436
32430
32534
32379
32449
32447
32349
32455
32385
32318
32385
32394
32401
32427
32372
32398
32440
32446
32368
32352
32344
32389
32542
32327
32421
32422
32497
32478
32373
32457
32563
32514
32410
32464
32471
32434
32521
32446
32320
32465
32384
32313
32464
32401
32529
32500
32487
32465
32436
32458
32418
32439
32494
32468
32430
32501
32389
32413
32421
32500
32332
32449
32392
32394
32418
32383
32436
32417
32394
32325
32416
32419
32417
32355
32506
32305
32344
32351
32403
32313
32425
32495
32365
32373
32475
32432
32323
32429
32422
32414
32497
32326
32420
32506
32490
32388
32416
32368
32435
32393
32444
32380
32375
32375
32298
32368
32425
32306
32552
32347
32499
32418
32477
32429
32452
32433
32540
32347
32413
32411
32443
32448
32439
32362
32398
32391
32432
32374
32493
32398
32452
32417
32314
32450
32402
32436
32377
32401
32404
32459
32483
32452
32436
32469
32439
32388
32400
32442
32349
32453
32468
32378
32429
32421
32412
32473
32468
32466
32420
32481
32450
32400
32485
32474
32343
32362
32386
32362
32437
32356
32395
32373
32423
32447
32390
32380
32407
32361
32388
32418
32498
32408
32420
32370
32415
32346
32365
32416
32355
32450
32366
32391
32294
32477
32471
32387
32364
32423
32519
32381
32419
32451
32331
32366
32355
32386
32476
32432
32441
32541
32396
32433
32412
32430
32360
32360
32362
32414
32420
32425
32428
32461
32403
32391
32345
32485
32457
32361
32329
32464
32332
32358
32437
32471
32395
32356
32489
32399
32423
32463
32374
32413
32412
32446
32510
32342
32360
32417
32368
32406
32345
32513
32479
32456
32407
32367
32438
32455
32408
32447
32429
32372
32396
32441
32469
32483
32438
32457
32423
32385
32486
32413
32450
32426
32378
32506
32530
32428
32417
32435
32384
32387
32368
32352
32371
32401
32343
32418
32419
32450
32463
32324
32452
32397
32403
32436
32362
32492
32462
32471
32395
32436
32508
32412
32375
32414
32414
32365
32432
32446
32398
32414
32474
32478
32322
32432
32467
32594
32481
32499
32437
32444
32421
32418
32376
32463
32388
32497
32456
32438
32407
32391
32416
32449
32275
32404
32366
32363
32412
32436
32334
32409
32374
32362
32511
32460
32427
32436
32382
32465
32466
32368
32463
32393
32328
32442
32438
32382
32351
32483
32419
32372
32330
32328
32451
32432
32449
32272
32492
32310
32414
32359
32321
32382
32349
32437
32406
32403
32418
32421
32477
32483
32458
32414
32400
32477
32312
32432
32356
32355
32555
32531
32384
32410
32477
32432
32302
32387
32423
32302
32463
32419
32341
32519
32407
32349
32351
32336
32431
32331
32467
32508
32381
32520
32399
32472
32388
32444
32487
32442
32373
32444
32446
32504
32414
32503
32399
32379
32480
32443
32373
32455
32359
32379
32344
32375
32424
32264
32349
32364
32331
32407
32365
32382
32356
32348
32471
32477
32435
32349
32473
32424
32388
32424
32432
32347
32451
32425
32459
32510
32323
32415
32345
32418
32303
32403
32328
32518
32353
32446
32398
32387
32389
32326
32441
32478
32511
32471
32435
32302
32432
32365
32398
32277
32432
32337
32443
32521
32496
32484
32378
32379
32530
32358
32466
32425
32356
32453
32368
32518
32384
32451
32449
32445
32367
32372
32367
32387
32437
32323
32392
32349
32376
32424
32425
32401
32365
32487
32430
32502
32438
32420
32446
32402
32490
32458
32432
32320
32497
32368
32271
32529
32390
32301
32374
32386
32410
32329
32350
32344
32395
32488
32377
32304
32382
32416
32459
32443
32499
32347
32446
32497
32399
32320
32382
32402
32371
32416
32359
32380
32321
32488
32399
32327
32318
32345
32475
32365
32416
32438
32401
32399
32413
32387
32374
32473
32435
32426
32465
32408
32380
32403
32408
32305
32423
32402
32415
32442
32421
32449
32409
32322
32322
32440
32443
32393
32470
32455
32312
32379
32402
32440
32392
32508
32381
32472
32413
32427
32353
32392
32380
32402
32387
32498
32352
32388
32434
32404
32474
32410
32354
32387
32393
32406
32340
32405
32454
32509
32373
32452
32397
32455
32427
32398
32352
32402
32406
32403
32485
32465
32481
32411
32427
32386
32410
32369
32429
32592
32414
32420
32363
32408
32355
32486
32537
32459
32350
32367
32410
32316
32354
32366
32398
32405
32372
32470
32446
32387
32452
32438
32426
32419
32401
32365
32430
32383
32471
32486
32533
32455
32363
32491
32500
32443
32405
32364
32500
32415
32332
32404
32452
32465
32449
32447
32412
32406
32384
32460
32402
32458
32477
32476
32437
32486
32504
32449
32364
32422
32539
32316
32395
32370
32406
32374
32398
32382
32435
32409
32287
32402
32399
32314
32422
32372
32400
32428
32417
32368
32392
32458
32488
32413
32534
32399
32463
32421
32382
32328
32417
32361
32304
32360
32482
32549
32417
32398
32412
32366
32442
32456
32478
32384
32380
32458
32486
32467
32413
32437
32526
32506
32507
32406
32399
32365
32492
32410
32358
32439
32420
32314
32378
32495
32415
32406
32474
32425
32433
32388
32387
32508
32439
32412
32437
32429
32328
32352
32452
32367
32328
32470
32462
32514
32425
32433
32542
32435
32456
32242
32357
32389
32468
32376
32453
32518
32364
32408
32405
32493
32461
32329
32358
32355
32475
32325
32322
32456
32521
32494
32321
32464
32320
32299
32499
32375
32448
32459
32501
32373
32395
32344
32411
32449
32498
32310
32461
32407
32414
32437
32439
32406
32374
32525
32458
32337
32418
32432
32371
32347
32412
32301
32416
32408
32466
32385
32428
32416
32403
32292
32291
32468
32322
32440
32320
32416
32393
32345
32409
32474
32447
32326
32411
32416
32381
32373
32334
32405
32378
32402
32418
32476
32388
32387
32434
32395
32361
32413
32432
32477
32500
32364
32347
32344
32449
32341
32501
32405
32498
32354
32363
32286
32499
32456
32363
32356
32336
32411
32409
32391
32413
32415
32358
32385
32410
32368
32409
32476
32430
32448
32417
32472
32317
32461
32409
32327
32331
32434
32443
32384
32452
32370
32491
32283
32478
32326
32440
32401
32389
32460
32315
32385
32390
32480
32388
32393
32456
32281
32471
32393
32455
32414
32412
32424
32368
32370
32373
32342
32448
32399
32385
32421
32380
32454
32385
32376
32393
32391
32369
32359
32464
32390
32282
32374
32401
32386
32492
32461
32517
32384
32466
32599
32401
32450
32399
32394
32311
32345
32352
32482
32506
32442
32362
32416
32332
32413
32502
32360
32526
32396
32435
32279
32458
32445
32452
32325
32447
32413
32395
32409
32555
32466
32397
32348
32314
32292
32508
32478
32447
32508
32411
32511
32449
32307
32384
32407
32364
32465
32444
32357
32412
32456
32428
32450
32466
32402
32423
32431
32399
32481
32420
32442
32451
32310
32403
32348
32379
32481
32536
32476
32434
32505
32518
32489
32417
32414
32313
32434
32389
32426
32446
32389
32465
32413
32356
32420
32374
32420
32356
32421
32399
32427
32314
32466
32452
32452
32401
32476
32424
32337
32423
32478
32403
32345
32450
32482
32383
32352
32364
32436
32342
32432
32443
32383
32400
32450
32435
32356
32308
32415
32377
32351
32366
32380
32432
32426
32435
32446
32438
32317
32469
32364
32431
32524
32511
32451
32346
32431
32395
32432
32427
32456
32552
32480
32448
32452
32483
32471
32402
32368
32394
32417
32425
32375
32397
32372
32373
32405
32437
32479
32333
32338
32438
32552
32440
32380
32400
32481
32453
32339
32415
32368
32427
32396
32284
32348
32381
32492
32397
32386
32393
32383
32509
32364
32381
32453
32426
32486
32416
32466
32395
32335
32468
32403
32365
32424
32383
32380
32343
32403
32427
32306
32355
32417
32410
32405
32422
32480
32351
32433
32439
32474
32327
32415
32392
32531
32521
32359
32407
32344
32344
32379
32400
32384
32346
32437
32482
32509
32483
32492
32512
32425
32348
32464
32328
32370
32429
32399
32407
32305
32425
32410
32294
32418
32509
32445
32446
32398
32427
32427
32397
32372
32412
32373
32452
32456
32365
32501
32390
32408
32342
32426
32432
32312
32444
32337
32390
32439
32465
32378
32480
32394
32361
32484
32331
32475
32413
32511
32444
32362
32426
32373
32444
32480
32461
32417
32464
32486
32357
32449
32385
32457
32400
32373
32439
32425
32365
32451
32425
32489
32430
32481
32472
32373
32364
32475
32413
32459
32411
32423
32434
32350
32362
32471
32416
32386
32381
32454
32478
32362
32336
32453
32431
32424
32399
32332
32359
32376
32511
32525
32407
32466
32346
32430
32451
32379
32387
32468
32522
32389
32366
32375
32359
32343
32286
32381
32364
32375
32402
32437
32434
32404
32465
32408
32429
32352
32453
32361
32368
32390
32408
32422
32556
32379
32447
32462
32332
32392
32453
32437
32435
32435
32321
32397
32426
32413
32320
32415
32499
32364
32467
32485
32457
32403
32500
32461
32509
32494
32533
32387
32410
32394
32537
32379
32330
32326
32457
32329
32412
32425
32418
32427
32420
32418
32546
32434
32451
32376
32450
32432
32385
32393
32449
32348
32466
32541
32474
32382
32408
32483
32428
32358
32466
32491
32313
32399
32412
32445
32393
32368
32404
32460
32524
32408
32412
32436
32461
32405
32431
32408
32504
32440
32434
32455
32444
32420
32429
32464
32508
32394
32483
32407
32386
32377
32371
32412
32425
32339
32471
32376
32530
32414
32380
32513
32395
32337
32408
32479
32438
32388
32377
32512
32442
32493
32409
32497
32471
32497
32344
32503
32351
32428
32470
32363
32436
32463
32392
32492
32424
32337
32402
32435
32406
32449
32402
32307
32479
32324
32392
32428
32414
32481
32375
32398
32413
32359
32370
32494
32436
32379
32325
32449
32520
32384
32392
32444
32487
32472
32470
32455
32400
32481
32426
32432
32403
32420
32466
32449
32350
32404
32436
32375
32366
32508
32478
32393
32417
32314
32379
32361
32493
32357
32413
32412
32429
32482
32398
32441
32300
32334
32442
32409
32348
32450
32455
32412
32442
32319
32555
32491
32473
32445
32438
32456
32346
32318
32539
32409
32396
32467
32290
32437
32490
32409
32405
32369
32451
32383
32403
32347
32354
32387
32439
32402
32444
32398
32548
32452
32326
32405
32406
32401
32364
32396
32415
32428
32474
32468
32381
32403
32395
32415
32361
32463
32427
32472
32456
32449
32448
32355
32475
32458
32292
32393
32344
32306
32464
32441
32420
32368
32321
32414
32397
32423
32388
32326
32434
32448
32344
32297
32357
32344
32439
32396
32373
32414
32502
32410
32392
32345
32358
32462
32412
32475
32422
32341
32465
32357
32450
32521
32369
32470
32373
32458
32430
32382
32475
32404
32482
32450
32334
32492
32455
32312
32383
32313
32505
32429
32287
32412
32433
32467
32402
32465
32404
32383
32395
32460
32364
32396
32386
32442
32370
32344
32510
32382
32395
32458
32392
32410
32403
32445
32525
32391
32457
32395
32438
32397
32341
32450
32394
32344
32441
32410
32436
32432
32446
32567
32417
32486
32364
32472
32552
32402
32509
32411
32436
32381
32319
32487
32424
32437
32445
32457
32473
32460
32335
32342
32370
32409
32473
32492
32386
32415
32371
32412
32447
32402
32366
32403
32402
32464
32408
32457
32479
32451
32463
32340
32372
32370
32488
32383
32465
32457
32493
32426
32408
32426
32440
32402
32423
32355
32421
32453
32441
32422
32434
32356
32462
32454
32395
32407
32482
32456
32496
32368
32294
32455
32345
32408
32465
32454
32307
32443
32421
32532
32475
32520
32445
32468
32393
32451
32552
32418
32432
32390
32457
32322
32285
32423
32405
32424
32358
32423
32385
32364
32440
32483
32536
32367
32413
32448
32474
32408
32429
32416
32452
32357
32345
32437
32477
32543
32422
32365
32435
32456
32532
32467
32346
32327
32483
32358
32383
32443
32373
32331
32447
32391
32378
32389
32385
32403
32500
32497
32443
32399
32363
32417
32471
32466
32498
32465
32390
32443
32358
32454
32514
32383
32495
32351
32438
32443
32482
32439
32393
32320
32360
32367
32473
32473
32472
32482
32416
32501
32448
32369
32366
32451
32380
32335
32344
32361
32418
32345
32448
32505
32502
32379
32395
32393
32329
32456
32365
32353
32357
32462
32353
32415
32415
32477
32455
32509
32492
32366
32489
32445
32392
32396
32409
32422
32462
32433
32320
32371
32527
32343
32397
32307
32431
32379
32356
32426
32425
32462
32340
32477
32413
32376
32394
32466
32450
32448
32430
32411
32340
32348
32407
32451
32390
32512
32394
32394
32415
32410
32426
32382
32460
32465
32320
32449
32495
32451
32485
32418
32385
32356
32458
32492
32443
32356
32445
32434
32324
32261
32413
32437
32454
32428
32439
32486
32314
32429
32425
32391
32457
32311
32406
32476
32465
32357
32379
32423
32372
32401
32369
32350
32371
32446
32508
32483
32338
32376
32401
32458
32402
32518
32464
32338
32451
32487
32521
32414
32407
32352
32375
32460
32471
32388
32364
32424
32411
32375
32389
32445
32398
32351
32410
32399
32418
32498
32434
32470
32385
32409
32429
32393
32481
32484
32476
32446
32375
32410
32368
32437
32311
32481
32388
32348
32394
32517
32554
32405
32405
32447
32428
32428
32445
32490
32487
32466
32506
32360
32368
32386
32426
32459
32439
32446
32414
32451
32510
32504
32385
32412
32472
32464
32386
32472
32493
32411
32431
32410
32431
32306
32368
32445
32483
32368
32341
32391
32394
32405
32387
32462
32333
32378
32473
32499
32458
32436
32381
32431
32495
32431
32403
32385
32454
32470
32386
32513
32476
32416
32416
32377
32494
32401
32429
32413
32424
32491
32435
32383
32357
32409
32437
32295
32441
32441
32472
32456
32516
32432
32298
32462
32286
32396
32412
32479
32402
32512
32379
32363
32428
32435
32498
32413
32399
32376
32390
32497
32446
32328
32404
32444
32357
32445
32485
32428
32466
32404
32428
32400
32431
32392
32461
32448
32390
32457
32448
32448
32316
32413
32470
32440
32415
32487
32370
32437
32383
32394
32464
32438
32442
32406
32361
32465
32423
32397
32537
32468
32372
32427
32397
32372
32475
32356
32441
32360
32289
32431
32424
32482
32340
32430
32415
32389
32448
32409
32518
32389
32415
32417
32431
32344
32405
32467
32383
32453
32329
32460
32352
32430
32404
32371
32324
32400
32499
32467
32280
32346
32484
32302
32297
32361
32461
32456
32499
32407
32482
32428
32435
32298
32342
32471
32511
32433
32383
32487
32372
32445
32326
32403
32392
32420
32509
32402
32510
32413
32396
32333
32382
32421
32409
32499
32446
32428
32450
32376
32464
32470
32406
32338
32395
32335
32374
32373
32351
32406
32424
32515
32430
32436
32387
32454
32464
32480
32366
32417
32470
32357
32302
32470
32406
32456
32352
32434
32464
32457
32476
32476
32377
32413
32446
32418
32407
32384
32469
32397
32396
32422
32432
32419
32447
32472
32425
32413
32475
32355
32429
32308
32468
32318
32370
32353
32475
32403
32393
32490
32360
32381
32434
32357
32424
32456
32404
32426
32436
32464
32505
32338
32352
32481
32496
32384
32298
32470
32270
32400
32465
32480
32410
32368
32390
32498
32432
32405
32398
32499
32367
32358
32415
32485
32505
32365
32539
32323
32466
32383
32428
32451
32386
32386
32350
32344
32472
32521
32432
32342
32441
32569
32546
32450
32482
32399
32366
32385
32339
32401
32498
32381
32491
32490
32410
32437
32483
32447
32379
32438
32446
32531
32401
32386
32416
32412
32469
32388
32374
32397
32412
32419
32363
32383
32458
32412
32394
32374
32452
32412
32475
32432
32436
32323
32363
32370
32424
32350
32394
32339
32432
32455
32458
32478
32311
32302
32467
32463
32454
32558
32410
32368
32394
32428
32410
32447
32427
32398
32458
32317
32387
32431
32513
32441
32476
32446
32467
32432
32453
32459
32453
32374
32537
32496
32383
32423
32389
32410
32409
32400
32483
32344
32396
32417
32466
32451
32357
32469
32437
32516
32351
32407
32482
32452
32415
32443
32393
32443
32414
32440
32370
32323
32465
32357
32471
32475
32357
32422
32562
32379
32403
32288
32470
32311
32483
32476
32399
32498
32456
32480
32505
32473
32439
32387
32390
32350
32364
32321
32430
32477
32296
32454
32426
32420
32445
32434
32421
32353
32421
32483
32543
32411
32357
32436
32496
32451
32428
32436
32487
32357
32415
32415
32457
32466
32415
32427
32444
32495
32358
32400
32339
32341
32460
32518
32473
32338
32386
32453
32496
32469
32324
32520
32427
32432
32393
32426
32484
32304
32409
32402
32410
32401
32317
32375
32325
32504
32402
32390
32388
32438
32467
32391
32458
32348
32385
32452
32472
32412
32450
32451
32479
32534
32463
32383
32339
32504
32387
32342
32423
32402
32379
32427
32478
32466
32365
32472
32416
32394
32409
32459
32414
32480
32440
32405
32457
32500
32433
32304
32393
32397
32436
32520
32426
32487
32417
32324
32360
32392
32324
32442
32370
32336
32419
32412
32323
32481
32466
32520
32336
32485
32416
32390
32392
32417
32458
32352
32420
32505
32500
32398
32343
32520
32435
32439
32476
32365
32442
32373
32363
32512
32352
32384
32439
32399
32451
32458
32473
32412
32322
32394
32293
32387
32435
32489
32351
32446
32308
32447
32430
32445
32485
32469
32412
32316
32356
32425
32260
32457
32511
32351
32343
32399
32467
32424
32432
32486
32377
32420
32413
32388
32381
32315
32452
32315
32437
32445
32504
32453
32397
32467
32494
32437
32399
32427
32421
32495
32480
32370
32449
32491
32523
32471
32465
32409
32438
32430
32377
32294
32365
32402
32461
32416
32396
32431
32530
32420
32432
32429
32440
32388
32483
32513
32388
32393
32381
32409
32435
32491
32342
32534
32413
32426
32416
32463
32403
32403
32417
32474
32376
32464
32449
32472
32442
32326
32344
32473
32411
32326
32485
32396
32391
32329
32329
32407
32401
32324
32335
32461
32384
32437
32432
32371
32466
32434
32369
32383
32405
32445
32391
32343
32430
32396
32381
32469
32466
32372
32374
32469
32440
32437
32428
32435
32504
32525
32421
32367
32526
32395
32350
32373
32454
32474
32388
32385
32327
32390
32464
32456
32366
32508
32457
32385
32455
32427
32503
32394
32327
32444
32361
32386
32362
32393
32433
32399
32480
32438
32501
32503
32385
32394
32364
32358
32379
32419
32386
32409
32504
32500
32318
32468
32491
32463
32475
32476
32431
32374
32429
32452
32408
32460
32404
32383
32395
32410
32403
32466
32385
32391
32553
32364
32497
32419
32459
32390
32433
32477
32406
32479
32393
32377
32396
32390
32457
32444
32561
32459
32430
32385
32433
32441
32438
32412
32470
32405
32425
32409
32398
32389
32454
32414
32423
32519
32490
32552
32474
32439
32436
32484
32403
32498
32368
32367
32395
32464
32415
32390
32328
32493
32427
32416
32376
32397
32426
32448
32270
32443
32429
32499
32450
32364
32439
32437
32525
32308
32366
32447
32488
32427
32402
32364
32412
32498
32500
32406
32354
32432
32456
32473
32421
32450
32459
32352
32383
32420
32404
32428
32484
32470
32339
32438
32438
32369
32398
32349
32403
32394
32367
32336
32367
32459
32426
32378
32437
32373
32410
32395
32459
32390
32467
32462
32430
32438
32286
32423
32409
32330
32424
32405
32449
32511
32395
32474
32448
32418
32458
32365
32360
32435
32478
32366
32471
32500
32482
32466
32396
32383
32396
32382
32492
32452
32338
32423
32447
32440
32347
32408
32352
32426
32440
32380
32447
32462
32423
32420
32475
32464
32405
32449
32572
32389
32438
32485
32432
32398
32396
32535
32493
32475
32361
32431
32458
32493
32532
32507
32472
32505
32406
32407
32461
32422
32364
32399
32395
32462
32354
32446
32405
32409
32470
32491
32421
32481
32432
32463
32390
32402
32422
32441
32435
32343
32503
32412
32380
32393
32447
32458
32393
32505
32488
32521
32478
32423
32416
32405
32479
32473
32319
32480
32414
32442
32481
32355
32419
32400
32352
32268
32434
32426
32385
32364
32447
32440
32355
32426
32400
32510
32498
32368
32428
32398
32457
32432
32461
32359
32406
32444
32395
32369
32410
32517
32446
32501
32489
32383
32393
32511
32446
32526
32420
32388
32467
32385
32527
32457
32340
32500
32471
32433
32459
32411
32447
32460
32499
32490
32371
32435
32423
32404
32421
32401
32348
32444
32525
32450
32429
32478
32473
32310
32459
32353
32477
32444
32350
32438
32474
32449
32358
32511
32444
32380
32572
32467
32327
32394
32469
32455
32472
32487
32531
32349
32489
32410
32423
32474
32370
32461
32366
32398
32381
32379
32385
32397
32433
32462
32464
32458
32519
32518
32493
32517
32336
32368
32326
32376
32477
32467
32339
32447
32522
32362
32539
32349
32498
32443
32419
32372
32406
32473
32436
32354
32356
32472
32353
32420
32402
32452
32408
32391
32427
32386
32401
32448
32351
32421
32372
32404
32434
32381
32433
32460
32337
32562
32400
32358
32331
32330
32410
32467
32375
32380
32377
32402
32456
32472
32482
32371
32337
32362
32476
32427
32367
32428
32384
32389
32509
32446
32329
32429
32413
32405
32506
32316
32381
32487
32511
32374
32420
32331
32385
32415
32425
32416
32442
32392
32378
32398
32466
32488
32464
32452
32412
32405
32408
32498
32386
32381
32468
32466
32421
32438
32407
32371
32429
32287
32461
32403
32388
32507
32488
32560
32421
32455
32372
32390
32379
32428
32530
32441
32437
32477
32463
32406
32330
32487
32446
32442
32476
32450
32440
32420
32422
32321
32390
32387
32381
32323
32432
32273
32491
32460
32333
32425
32292
32513
32324
32524
32346
32486
32499
32344
32527
32394
32469
32342
32326
32403
32350
32470
32457
32422
32478
32380
32527
32547
32408
32375
32370
32336
32406
32447
32419
32428
32403
32421
32415
32285
32393
32412
32304
32394
32501
32349
32481
32525
32466
32537
32403
32411
32407
32419
32499
32424
32367
32363
32266
32462
32410
32398
32418
32294
32473
32387
32368
32406
32412
32414
32468
32476
32483
32437
32476
32418
32415
32419
32433
32517
32424
32451
32432
32323
32428
32532
32388
32309
32438
32437
32278
32399
32463
32368
32454
32383
32452
32422
32413
32356
32313
32336
32472
32399
32435
32420
32370
32409
32390
32471
32447
32440
32441
32412
32510
32346
32443
32363
32405
32411
32410
32353
32436
32403
32512
32500
32399
32370
32429
32525
32469
32328
32454
32396
32504
32514
32524
32389
32392
32343
32458
32420
32368
32431
32373
32491
32411
32313
32390
32451
32294
32407
32395
32515
32429
32530
32450
32398
32462
32372
32418
32352
32433
32446
32387
32423
32506
32439
32455
32433
32425
32443
32315
32345
32414
32478
32470
32473
32427
32418
32372
32355
32442
32470
32483
32401
32452
32364
32422
32322
32489
32531
32388
32440
32513
32417
32397
32474
32447
32403
32370
32440
32366
32409
32348
32404
32423
32408
32322
32508
32392
32338
32430
32426
32495
32347
32372
32400
32435
32442
32437
32464
32393
32409
32498
32365
32363
32369
32407
32424
32381
32484
32482
32385
32346
32269
32419
32476
32477
32385
32382
32388
32303
32268
32433
32417
32484
32418
32449
32399
32515
32529
32370
32479
32494
32325
32425
32350
32551
32459
32452
32383
32430
32493
32475
32434
32495
32344
32425
32364
32415
32372
32476
32416
32446
32397
32284
32439
32357
32408
32495
32412
32429
32317
32349
32513
32541
32425
32422
32336
32353
32537
32439
32383
32419
32426
32420
32428
32349
32519
32351
32350
32503
32436
32433
32447
32441
32287
32421
32403
32472
32437
32378
32372
32406
32450
32335
32513
32400
32420
32367
32501
32515
32392
32402
32407
32459
32415
32462
32492
32387
32435
32482
32361
32363
32499
32525
32372
32409
32386
32391
32415
32473
32387
32304
32390
32324
32443
32435
32413
32475
32466
32387
32408
32299
32481
32403
32408
32405
32330
32369
32483
32430
32403
32348
32484
32444
32412
32354
32348
32472
32440
32395
32428
32376
32448
32478
32494
32482
32430
32442
32425
32404
32423
32399
32511
32459
32484
32410
32349
32533
32389
32326
32405
32431
32443
32458
32351
32389
32389
32399
32308
32466
32377
32411
32333
32374
32430
32354
32511
32448
32319
32433
32410
32475
32320
32353
32507
32471
32427
32361
32547
32317
32305
32362
32373
32397
32356
32428
32354
32476
32511
32368
32464
32410
32525
32481
32499
32390
32362
32430
32376
32465
32507
32468
32333
32497
32429
32450
32505
32490
32420
32495
32300
32354
32476
32458
32409
32488
32514
32409
32340
32428
32404
32336
32477
32351
32455
32409
32420
32439
32473
32479
32473
32484
32400
32422
32419
32448
32357
32436
32539
32367
32345
32352
32468
32506
32345
32371
32418
32318
32397
32453
32422
32500
32513
32502
32351
32360
32424
32331
32422
32410
32461
32274
32400
32444
32429
32405
32486
32352
32432
32358
32340
32358
32472
32392
32435
32436
32451
32419
32416
32521
32338
32432
32418
32411
32428
32397
32401
32413
32371
32355
32472
32381
32386
32333
32368
32455
32408
32447
32368
32308
32516
32498
32467
32480
32396
32499
32414
32444
32388
32424
32387
32402
32388
32431
32453
32488
32432
32485
32407
32460
32478
32381
32506
32360
32374
32438
32399
32403
32488
32421
32452
32449
32485
32425
32427
32442
32400
32492
32405
32410
32477
32435
32333
32412
32459
32492
32308
32419
32313
32424
32437
32533
32460
32336
32485
32387
32432
32462
32331
32412
32428
32427
32373
32394
32345
32387
32488
32410
32387
32449
32282
32422
32409
32398
32403
32326
32395
32441
32457
32418
32433
32442
32422
32447
32371
32412
32454
32454
32364
32440
32423
32435
32479
32464
32442
32491
32417
32528
32418
32369
32348
32422
32477
32450
32408
32484
32437
32284
32468
32405
32439
32412
32417
32403
32420
32338
32390
32502
32414
32337
32430
32404
32451
32332
32526
32475
32392
32388
32478
32474
32412
32347
32429
32434
32380
32429
32439
32467
32448
32426
32496
32478
32483
32475
32545
32342
32352
32384
32515
32428
32475
32405
32425
32403
32497
32377
32467
32429
32401
32495
32308
32385
32462
32388
32513
32337
32432
32495
32553
32380
32409
32367
32376
32415
32507
32468
32429
32371
32373
32424
32452
32338
32297
32443
32336
32426
32422
32364
32517
32401
32318
32399
32425
32414
32408
32383
32416
32411
32371
32396
32431
32430
32386
32502
32397
32370
32373
32536
32401
32520
32485
32417
32547
32454
32418
32445
32484
32467
32424
32387
32419
32508
32527
32534
32447
32394
32358
32415
32366
32528
32357
32417
32364
32485
32424
32458
32515
32479
32493
32473
32475
32428
32476
32446
32489
32465
32480
32392
32376
32385
32419
32508
32426
32410
32388
32424
32479
32372
32392
32388
32409
32450
32523
32471
32414
32483
32512
32424
32403
32483
32487
32316
32554
32487
32467
32488
32427
32490
32369
32378
32484
32498
32366
32391
32521
32444
32457
32354
32403
32504
32399
32356
32432
32434
32423
32429
32411
32461
32257
32392
32526
32383
32437
32458
32467
32465
32470
32493
32431
32403
32368
32408
32436
32566
32463
32413
32512
32401
32363
32384
32394
32355
32502
32473
32505
32451
32396
32421
32331
32408
32373
32362
32479
32378
32375
32450
32382
32450
32534
32425
32453
32479
32358
32478
32478
32524
32468
32431
32518
32456
32428
32322
32441
32380
32438
32449
32455
32464
32557
32492
32517
32425
32472
32494
32317
32324
32456
32521
32418
32370
32422
32292
32484
32344
32453
32440
32481
32392
32336
32490
32425
32343
32481
32467
32450
32392
32425
32470
32429
32331
32292
32481
32483
32405
32370
32469
32416
32412
32358
32432
32500
32463
32346
32486
32481
32465
32345
32405
32389
32482
32497
32409
32478
32420
32488
32467
32337
32351
32412
32448
32438
32338
32490
32371
32485
32487
32444
32399
32406
32349
32342
32434
32426
32472
32451
32471
32358
32401
32342
32426
32473
32504
32470
32424
32377
32455
32407
32316
32493
32464
32470
32384
32433
32424
32485
32512
32430
32440
32401
32381
32420
32373
32343
32411
32426
32438
32411
32457
32394
32461
32430
32404
32475
32344
32398
32415
32514
32408
32454
32399
32346
32460
32444
32421
32434
32494
32334
32340
32301
32548
32356
32485
32471
32488
32493
32536
32382
32422
32413
32416
32540
32399
32426
32498
32525
32522
32471
32387
32413
32453
32401
32431
32481
32443
32431
32405
32492
32430
32435
32400
32396
32513
32484
32516
32522
32324
32392
32428
32472
32482
32404
32458
32529
32417
32453
32374
32403
32445
32572
32516
32466
32387
32385
32428
32461
32425
32378
32475
32452
32439
32391
32533
32432
32456
32348
32504
32412
32403
32437
32487
32460
32493
32416
32517
32470
32414
32446
32413
32387
32477
32447
32526
32409
32447
32488
32498
32544
32401
32411
32267
32528
32459
32487
32452
32466
32354
32376
32365
32451
32468
32377
32404
32394
32355
32400
32389
32424
32527
32456
32403
32458
32426
32420
32499
32384
32490
32467
32441
32468
32452
32322
32378
32519
32491
32285
32409
32492
32539
32463
32474
32426
32476
32484
32369
32514
32404
32351
32376
32424
32433
32378
32393
32354
32477
32482
32282
32445
32474
32413
32414
32416
32487
32450
32423
32422
32453
32456
32440
32336
32414
32415
32428
32390
32391
32426
32408
32410
32359
32425
32542
32505
32472
32408
32403
32363
32408
32511
32400
32361
32367
32449
32540
32380
32363
32436
32413
32477
32398
32368
32443
32462
32454
32436
32371
32420
32419
32526
32387
32430
32482
32490
32371
32464
32475
32452
32477
32411
32407
32403
32387
32367
32406
32395
32464
32423
32459
32407
32441
32386
32328
32463
32408
32509
32450
32441
32421
32469
32481
32493
32436
32374
32435
32428
32479
32483
32426
32392
32438
32474
32503
32362
32415
32405
32468
32425
32459
32549
32427
32373
32471
32352
32484
32410
32419
32547
32390
32444
32568
32564
32485
32470
32483
32381
32492
32490
32413
32351
32454
32377
32460
32404
32450
32357
32502
32490
32420
32428
32413
32435
32516
32342
32480
32366
32389
32416
32384
32443
32328
32371
32425
32399
32392
32467
32352
32402
32398
32384
32432
32366
32440
32364
32439
32408
32447
32381
32449
32364
32449
32513
32579
32395
32385
32342
32387
32333
32461
32472
32400
32389
32377
32366
32310
32490
32336
32369
32360
32420
32522
32369
32481
32376
32462
32473
32317
32427
32411
32477
32489
32474
32408
32482
32397
32557
32370
32495
32439
32413
32462
32360
32413
32360
32473
32419
32426
32393
32577
32477
32411
32353
32511
32397
32405
32473
32398
32424
32347
32354
32478
32431
32339
32370
32487
32351
32475
32321
32399
32406
32345
32375
32484
32520
32521
32421
32477
32405
32458
32365
32417
32387
32405
32468
32419
32403
32431
32395
32434
32393
32462
32426
32403
32332
32445
32447
32327
32391
32370
32487
32453
32479
32358
32489
32440
32412
32414
32476
32410
32471
32448
32451
32471
32424
32378
32502
32409
32418
32411
32429
32491
32396
32407
32498
32454
32399
32401
32421
32343
32417
32462
32377
32464
32451
32421
32413
32321
32403
32302
32339
32552
32487
32482
32440
32474
32519
32471
32376
32379
32455
32412
32402
32313
32465
32267
32410
32388
32348
32447
32501
32397
32330
32459
32446
32477
32537
32533
32351
32323
32400
32386
32338
32447
32409
32373
32414
32478
32433
32420
32396
32386
32383
32447
32414
32465
32391
32341
32328
32427
32446
32449
32349
32391
32436
32382
32393
32352
32432
32394
32537
32396
32550
32403
32338
32472
32476
32485
32495
32480
32395
32475
32487
32440
32446
32418
32410
32435
32470
32386
32396
32516
32436
32430
32370
32514
32424
32472
32350
32294
32390
32396
32366
32409
32411
32497
32480
32301
32351
32332
32413
32369
32356
32371
32420
32402
32332
32449
32335
32392
32361
32444
32468
32424
32460
32433
32516
32284
32333
32472
32420
32375
32428
32563
32468
32459
32337
32386
32514
32500
32387
32399
32352
32377
32461
32490
32588
32451
32469
32503
32503
32449
32431
32460
32332
32398
32433
32440
32483
32372
32412
32352
32422
32481
32504
32428
32466
32372
32467
32428
32434
32498
32501
32313
32431
32477
32408
32477
32403
32483
32403
32388
32365
32471
32512
32520
32454
32405
32464
32435
32384
32529
32393
32424
32374
32359
32397
32487
32386
32527
32428
32391
32400
32438
32427
32496
32370
32372
32404
32462
32520
32548
32460
32434
32493
32349
32390
32400
32419
32386
32484
32472
32370
32451
32407
32385
32333
32463
32499
32388
32407
32451
32500
32431
32482
32419
32386
32417
32465
32392
32427
32495
32477
32428
32423
32462
32487
32457
32345
32469
32388
32455
32391
32497
32465
32380
32344
32403
32376
32461
32440
32465
32436
32419
32526
32330
32393
32434
32340
32391
32416
32518
32438
32358
32442
32457
32492
32401
32440
32448
32418
32399
32315
32537
32470
32508
32349
32438
32412
32289
32422
32435
32398
32415
32419
32512
32441
32479
32409
32412
32374
32394
32398
32326
32427
32428
32366
32514
32436
32384
32391
32474
32487
32539
32469
32370
32301
32484
32335
32386
32397
32395
32388
32348
32471
32393
32432
32390
32373
32432
32492
32492
32287
32502
32427
32572
32427
32401
32443
32434
32531
32462
32455
32414
32436
32351
32349
32443
32430
32383
32402
32411
32432
32507
32325
32469
32519
32538
32478
32419
32313
32298
32431
32381
32426
32399
32337
32389
32484
32467
32388
32454
32382
32377
32383
32360
32460
32526
32482
32524
32421
32368
32360
32454
32432
32492
32445
32378
32431
32384
32465
32366
32490
32361
32337
32380
32454
32512
32378
32421
32359
32395
32386
32560
32417
32440
32381
32482
32495
32424
32442
32451
32393
32325
32440
32394
32481
32498
32421
32342
32420
32355
32397
32458
32380
32411
32453
32446
32418
32446
32367
32382
32393
32340
32336
32310
32430
32456
32356
32361
32442
32505
32446
32404
32406
32385
32456
32367
32384
32401
32349
32447
32406
32351
32395
32397
32418
32459
32450
32335
32442
32445
32416
32492
32328
32467
32556
32424
32386
32400
32442
32380
32416
32491
32359
32417
32425
32495
32444
32488
32372
32423
32456
32413
32380
32435
32470
32457
32415
32441
32466
32416
32420
32380
32505
32408
32523
32506
32339
32476
32534
32458
32444
32434
32402
32382
32440
32341
32401
32445
32482
32337
32407
32356
32408
32491
32468
32410
32447
32508
32419
32419
32495
32337
32311
32473
32380
32447
32465
32445
32439
32407
32424
32431
32464
32446
32490
32372
32476
32316
32408
32317
32432
32429
32326
32339
32359
32429
32451
32444
32472
32418
32412
32381
32402
32482
32371
32526
32439
32447
32426
32353
32376
32560
32331
32512
32461
32377
32459
32331
32422
32422
32510
32481
32339
32391
32335
32395
32468
32391
32420
32423
32478
32480
32377
32425
32374
32454
32388
32516
32506
32386
32430
32448
32370
32275
32458
32549
32326
32429
32426
32336
32499
32410
32415
32436
32372
32449
32490
32491
32431
32409
32389
32352
32544
32490
32389
32434
32463
32386
32414
32441
32445
32436
32412
32375
32435
32375
32394
32403
32395
32463
32418
32461
32356
32515
32478
32453
32301
32515
32433
32518
32504
32361
32550
32358
32508
32462
32441
32397
32407
32390
32402
32420
32433
32486
32462
32513
32392
32468
32494
32448
32433
32326
32498
32438
32396
32416
32397
32441
32408
32344
32367
32487
32502
32371
32401
32442
32412
32408
32383
32445
32424
32388
32575
32511
32381
32374
32423
32378
32356
32453
32410
32446
32348
32450
32346
32322
32406
32416
32366
32403
32494
32346
32400
32531
32389
32440
32397
32453
32436
32391
32404
32508
32406
32368
32493
32320
32326
32473
32359
32523
32386
32435
32454
32339
32500
32413
32431
32421
32399
32384
32465
32412
32429
32484
32406
32494
32347
32348
32346
32422
32555
32376
32324
32400
32409
32383
32411
32435
32535
32435
32397
32500
32307
32433
32478
32413
32368
32370
32510
32525
32420
32432
32431
32452
32396
32406
32357
32537
32448
32461
32442
32362
32337
32453
32417
32400
32501
32354
32410
32314
32407
32365
32373
32384
32441
32487
32436
32340
32386
32471
32425
32424
32464
32418
32404
32396
32409
32493
32480
32353
32431
32520
32422
32365
32374
32426
32436
32427
32567
32333
32460
32432
32338
32426
32440
32411
32379
32413
32485
32407
32412
32439
32416
32412
32403
32566
32465
32358
32405
32323
32407
32388
32471
32339
32347
32475
32415
32489
32403
32456
32412
32460
32414
32441
32357
32433
32461
32352
32408
32343
32403
32468
32428
32458
32315
32491
32401
32362
32408
32424
32376
32430
32443
32449
32438
32450
32396
32391
32401
32371
32420
32491
32490
32476
32404
32458
32471
32502
32513
32467
32404
32404
32317
32441
32355
32469
32427
32422
32375
32439
32433
32445
32418
32466
32480
32492
32428
32411
32400
32513
32406
32402
32477
32442
32441
32463
32408
32459
32517
32507
32457
32436
32390
32514
32502
32342
32436
32476
32469
32349
32397
32382
32489
32462
32415
32458
32451
32471
32346
32411
32470
32464
32404
32332
32433
32330
32451
32439
32464
32436
32444
32410
32494
32414
32407
32436
32460
32431
32442
32569
32391
32453
32491
32424
32380
32451
32434
32515
32397
32478
32416
32318
32374
32449
32441
32466
32400
32528
32482
32415
32450
32439
32369
32524
32349
32434
32411
32485
32496
32426
32466
32474
32469
32421
32471
32379
32393
32374
32311
32456
32383
32453
32393
32543
32520
32444
32337
32416
32500
32509
32377
32434
32332
32443
32448
32313
32324
32427
32422
32425
32446
32554
32477
32459
32364
32374
32399
32419
32384
32379
32447
32537
32340
32381
32366
32435
32404
32475
32471
32415
32368
32272
32514
32551
32504
32500
32491
32363
32428
32436
32469
32431
32342
32336
32551
32420
32425
32432
32452
32516
32441
32389
32361
32409
32365
32403
32386
32474
32430
32354
32356
32395
32356
32550
32466
32454
32494
32398
32472
32368
32439
32404
32452
32390
32431
32531
32408
32367
32383
32455
32413
32432
32354
32322
32440
32580
32360
32370
32383
32411
32371
32413
32478
32481
32447
32469
32406
32572
32347
32443
32452
32382
32447
32391
32372
32402
32422
32508
32451
32476
32394
32408
32394
32316
32440
32327
32394
32444
32430
32411
32474
32431
32480
32325
32430
32355
32485
32403
32374
32351
32363
32416
32446
32478
32375
32506
32414
32443
32354
32350
32501
32417
32427
32363
32376
32419
32440
32465
32511
32382
32400
32428
32372
32371
32472
32431
32434
32458
32393
32471
32383
32372
32349
32431
32515
32392
32407
32465
32328
32468
32415
32459
32485
32448
32381
32473
32543
32404
32433
32387
32393
32356
32429
32394
32397
32377
32460
32381
32394
32392
32387
32487
32355
32468
32511
32515
32410
32327
32342
32487
32424
32426
32436
32448
32498
32398
32363
32301
32449
32348
32452
32489
32368
32375
32525
32312
32455
32442
32508
32482
32420
32354
32461
32501
32392
32513
32484
32404
32382
32341
32353
32381
32338
32393
32414
32318
32313
32374
32478
32461
32438
32415
32366
32450
32356
32505
32417
32544
32439
32483
32477
32402
32398
32475
32262
32445
32405
32397
32408
32438
32438
32408
32398
32490
32528
32408
32390
32289
32436
32401
32463
32313
32435
32373
32485
32470
32406
32362
32443
32387
32359
32436
32478
32361
32401
32486
32398
32437
32388
32415
32315
32407
32455
32443
32448
32512
32447
32361
32394
32382
32438
32475
32357
32409
32482
32440
32414
32417
32392
32437
32361
32425
32404
32487
32341
32405
32409
32396
32357
32504
32411
32394
32486
32404
32447
32342
32503
32482
32549
32534
32428
32339
32396
32482
32505
32433
32436
32499
32525
32404
32423
32401
32372
32293
32473
32433
32385
32523
32372
32377
32416
32349
32354
32417
32423
32333
32407
32408
32338
32472
32410
32330
32370
32279
32387
32363
32455
32389
32434
32370
32497
32465
32331
32386
32408
32410
32482
32317
32434
32481
32478
32508
32460
32551
32427
32494
32428
32420
32406
32503
32381
32480
32415
32368
32404
32422
32342
32364
32488
32425
32386
32416
32340
32405
32539
32406
32435
32518
32407
32289
32385
32424
32376
32392
32335
32471
32327
32305
32484
32437
32301
32349
32362
32385
32519
32417
32459
32464
32498
32360
32493
32411
32386
32488
32414
32449
32310
32398
32366
32410
32407
32366
32407
32352
32378
32474
32455
32387
32318
32346
32490
32454
32422
32362
32439
32374
32414
32477
32330
32379
32354
32440
32513
32422
32389
32396
32488
32443
32426
32414
32417
32331
32474
32291
32407
32450
32434
32475
32448
32347
32453
32449
32486
32512
32411
32437
32504
32393
32515
32531
32376
32418
32486
32368
32401
32446
32323
32433
32363
32446
32464
32367
32494
32443
32605
32501
32397
32459
32265
32401
32460
32425
32397
32284
32351
32300
32366
32345
32446
32433
32505
32354
32385
32402
32413
32474
32345
32413
32474
32392
32430
32392
32511
32398
32430
32469
32506
32361
32547
32495
32487
32433
32448
32468
32506
32437
32390
32455
32424
32384
32401
32423
32485
32359
32450
32408
32414
32484
32472
32403
32430
32398
32466
32419
32419
32402
32410
32434
32457
32389
32409
32407
32483
32354
32490
32533
32322
32385
32482
32354
32464
32464
32476
32478
32372
32412
32410
32454
32536
32439
32404
32480
32462
32443
32414
32407
32477
32471
32396
32431
32478
32473
32410
32272
32286
32449
32453
32318
32413
32520
32405
32314
32441
32462
32416
32444
32369
32387
32558
32394
32392
32400
32417
32422
32442
32359
32341
32481
32324
32380
32435
32371
32407
32469
32452
32442
32388
32463
32462
32432
32410
32468
32392
32422
32510
32485
32487
32488
32408
32456
32460
32359
32369
32464
32368
32402
32404
32456
32392
32442
32488
32325
32408
32408
32406
32401
32459
32486
32454
32448
32387
32439
32491
32430
32435
32420
32386
32478
32420
32398
32384
32373
32483
32535
32506
32475
32460
32424
32434
32455
32361
32434
32396
32419
32401
32410
32478
32452
32465
32376
32425
32467
32353
32437
32450
32445
32360
32477
32441
32415
32394
32477
32393
32381
32396
32486
32376
32478
32376
32381
32444
32355
32378
32415
32473
32396
32506
32337
32358
32317
32354
32370
32378
32482
32542
32440
32407
32456
32414
32412
32467
32460
32447
32436
32467
32493
32451
32352
32389
32394
32449
32500
32383
32368
32442
32428
32472
32500
32510
32376
32379
32437
32369
32348
32361
32383
32406
32415
32425
32377
32419
32482
32364
32367
32488
32372
32384
32489
32395
32376
32472
32452
32487
32436
32434
32343
32349
32448
32345
32441
32507
32498
32386
32413
32494
32413
32341
32511
32472
32408
32382
32362
32404
32456
32385
32406
32429
32454
32402
32480
32436
32479
32348
32393
32443
32468
32529
32419
32381
32442
32496
32418
32519
32406
32395
32542
32451
32394
32385
32391
32448
32405
32392
32381
32519
32398
32519
32383
32401
32448
32407
32400
32425
32427
32440
32434
32333
32412
32392
32392
32403
32448
32373
32478
32425
32516
32475
32502
32339
32445
32386
32395
32392
32402
32414
32356
32313
32413
32391
32403
32455
32457
32382
32516
32453
32411
32457
32409
32457
32454
32369
32440
32511
32475
32442
32533
32327
32359
32331
32357
32416
32388
32391
32346
32401
32433
32382
32362
32564
32503
32520
32430
32386
32407
32416
32404
32312
32457
32499
32435
32517
32487
32320
32352
32462
32347
32406
32469
32519
32262
32404
32470
32321
32356
32516
32396
32397
32468
32469
32470
32452
32452
32330
32371
32324
32409
32509
32331
32501
32356
32475
32415
32313
32426
32427
32305
32495
32491
32416
32420
32401
32380
32382
32477
32520
32379
32465
32412
32386
32368
32424
32438
32356
32383
32407
32445
32406
32474
32375
32316
32463
32408
32363
32533
32490
32266
32387
32362
32398
32400
32369
32480
32474
32440
32473
32446
32344
32439
32413
32430
32524
32507
32373
32387
32455
32403
32373
32417
32369
32467
32425
32525
32499
32450
32466
32470
32431
32444
32400
32457
32526
32562
32488
32450
32413
32516
32481
32445
32485
32334
32252
32358
32473
32470
32362
32442
32326
32355
32478
32484
32307
32513
32482
32462
32494
32498
32440
32509
32430
32444
32402
32553
32308
32436
32393
32437
32441
32417
32534
32495
32495
32403
32366
32435
32461
32355
32476
32430
32419
32476
32434
32465
32488
32383
32437
32395
32455
32425
32490
32467
32431
32446
32486
32382
32446
32419
32539
32367
32410
32418
32443
32358
32358
32400
32435
32401
32464
32426
32317
32353
32411
32484
32488
32407
32489
32376
32441
32398
32414
32481
32355
32422
32414
32401
32388
32544
32442
32537
32350
32336
32531
32560
32326
32351
32443
32386
32471
32453
32414
32406
32482
32456
32395
32452
32375
32484
32408
32444
32400
32453
32470
32495
32428
32323
32375
32412
32414
32394
32473
32450
32358
32359
32365
32452
32371
32456
32438
32434
32435
32365
32509
32467
32402
32382
32392
32399
32388
32410
32486
32397
32416
32432
32444
32371
32479
32358
32398
32467
32295
32449
32391
32441
32471
32363
32256
32415
32410
32404
32314
32432
32479
32299
32455
32484
32510
32453
32395
32391
32387
32419
32359
32465
32446
32383
32374
32366
32541
32440
32359
32373
32392
32400
32469
32552
32399
32429
32433
32418
32479
32360
32522
32300
32410
32385
32352
32458
32402
32531
32449
32482
32491
32408
32496
32446
32449
32421
32317
32473
32450
32526
32445
32505
32492
32415
32469
32459
32467
32401
32347
32407
32425
32377
32464
32368
32373
32403
32496
32435
32336
32398
32497
32429
32333
32410
32497
32424
32426
32503
32452
32352
32342
32368
32335
32492
32394
32381
32453
32437
32473
32423
32476
32407
32435
32412
32401
32378
32354
32419
32420
32438
32440
32475
32453
32490
32348
32439
32361
32481
32281
32409
32459
32460
32374
32377
32344
32401
32359
32350
32438
32389
32434
32414
32382
32447
32412
32349
32554
32540
32389
32415
32458
32432
32552
32484
32328
32400
32541
32371
32386
32427
32531
32494
32394
32470
32420
32440
32377
32360
32479
32352
32396
32448
32435
32451
32415
32476
32416
32374
32454
32457
32440
32405
32531
32470
32419
32452
32390
32377
32484
32448
32446
32433
32371
32342
32447
32420
32408
32372
32476
32480
32422
32362
32404
32405
32499
32534
32388
32459
32447
32436
32437
32485
32432
32427
32491
32352
32483
32454
32434
32331
32410
32421
32530
32360
32382
32385
32499
32439
32379
32349
32415
32398
32422
32474
32326
32419
32470
32362
32419
32352
32457
32487
32369
32488
32384
32335
32426
32383
32429
32386
32430
32377
32365
32384
32331
32428
32390
32460
32446
32494
32435
32480
32385
32447
32355
32449
32525
32337
32450
32429
32442
32393
32464
32457
32489
32348
32519
32478
32427
32425
32413
32348
32422
32460
32394
32476
32410
32427
32536
32395
32420
32408
32433
32432
32502
32377
32419
32457
32444
32392
32468
32384
32517
32465
32385
32434
32342
32430
32379
32402
32549
32411
32365
32364
32472
32354
32305
32426
32392
32405
32408
32382
32504
32504
32353
32377
32313
32458
32421
32448
32431
32504
32408
32349
32457
32426
32451
32455
32435
32466
32339
32375
32438
32426
32399
32463
32354
32333
32443
32384
32411
32539
32436
32346
32458
32316
32423
32464
32305
32417
32460
32471
32413
32360
32418
32480
32458
32454
32376
32409
32490
32389
32413
32475
32388
32427
32324
32491
32468
32451
32510
32448
32526
32415
32433
32510
32498
32549
32493
32378
32423
32413
32405
32492
32397
32499
32528
32513
32514
32330
32473
32468
32414
32423
32347
32546
32512
32433
32460
32511
32522
32325
32313
32399
32386
32460
32454
32421
32476
32404
32497
32446
32349
32454
32475
32399
32373
32395
32353
32472
32480
32395
32446
32327
32344
32348
32419
32425
32426
32370
32371
32434
32411
32358
32402
32427
32415
32388
32334
32427
32414
32424
32389
32425
32439
32307
32504
32441
32420
32389
32399
32443
32487
32436
32342
32362
32524
32381
32446
32467
32415
32430
32405
32386
32417
32460
32471
32500
32447
32344
32410
32316
32472
32408
32452
32413
32464
32447
32411
32437
32389
32413
32460
32432
32463
32432
32370
32431
32434
32519
32390
32535
32405
32441
32485
32366
32343
32430
32357
32431
32373
32389
32435
32415
32422
32523
32358
32428
32442
32402
32528
32503
32463
32460
32438
32442
32389
32415
32454
32357
32425
32504
32451
32541
32406
32429
32385
32370
32425
32470
32360
32351
32441
32477
32467
32440
32462
32444
32332
32488
32362
32426
32400
32430
32393
32449
32352
32367
32358
32345
32485
32450
32427
32411
32441
32333
32412
32439
32432
32452
32334
32326
32339
32273
32398
32453
32454
32465
32339
32464
32465
32391
32455
32394
32356
32426
32486
32526
32340
32448
32479
32410
32436
32414
32317
32506
32278
32390
32425
32367
32506
32422
32388
32420
32501
32500
32437
32394
32420
32397
32348
32469
32360
32412
32429
32429
32446
32436
32359
32361
32335
32484
32431
32460
32401
32434
32402
32461
32350
32378
32497
32460
32549
32363
32390
32395
32467
32447
32460
32438
32488
32379
32457
32383
32401
32451
32349
32436
32527
32412
32428
32496
32325
32449
32426
32453
32368
32416
32377
32437
32448
32401
32331
32385
32393
32527
32448
32388
32419
32476
32339
32370
32374
32404
32331
32330
32389
32284
32352
32487
32451
32442
32355
32378
32385
32278
32516
32370
32442
32460
32475
32326
32396
32352
32448
32320
32378
32431
32360
32447
32393
32388
32363
32511
32372
32437
32324
32395
32396
32420
32377
32413
32521
32478
32344
32535
32486
32421
32400
32350
32366
32425
32436
32413
32416
32384
32405
32394
32421
32474
32479
32447
32466
32431
32524
32486
32434
32496
32416
32302
32456
32423
32450
32357
32450
32464
32420
32405
32456
32431
32493
32355
32529
32514
32442
32471
32386
32387
32379
32405
32309
32458
32424
32403
32326
32379
32489
32290
32435
32461
32440
32414
32390
32346
32452
32361
32376
32479
32372
32425
32308
32372
32374
32459
32396
32380
32411
32417
32372
32447
32452
32360
32390
32433
32368
32424
32438
32441
32547
32385
32422
32412
32385
32365
32380
32369
32406
32459
32497
32420
32441
32362
32454
32422
32428
32398
32529
32384
32413
32383
32484
32465
32325
32371
32455
32300
32478
32420
32459
32374
32478
32448
32422
32320
32438
32505
32471
32446
32325
32388
32424
32438
32506
32445
32438
32408
32458
32396
32428
32473
32322
32489
32365
32410
32387
32496
32493
32485
32444
32451
32429
32404
32363
32500
32457
32373
32347
32517
32428
32371
32390
32405
32431
32419
32542
32470
32375
32297
32533
32339
32460
32418
32372
32461
32447
32472
32354
32530
32322
32409
32508
32466
32402
32439
32428
32384
32450
32421
32396
32411
32515
32330
32325
32536
32460
32465
32514
32389
32418
32454
32370
32364
32326
32505
32471
32497
32455
32430
32448
32413
32476
32420
32359
32469
32508
32419
32447
32581
32477
32392
32347
32491
32488
32393
32533
32362
32433
32456
32443
32387
32435
32424
32450
32350
32376
32409
32543
32394
32441
32459
32440
32414
32398
32353
32362
32450
32402
32422
32291
32468
32517
32489
32406
32432
32299
32407
32469
32423
32396
32421
32443
32382
32392
32395
32533
32411
32340
32468
32410
32505
32444
32498
32438
32414
32375
32406
32524
32278
32478
32328
32398
32512
32404
32530
32451
32300
32434
32449
32412
32475
32428
32397
32423
32426
32446
32390
32413
32517
32331
32475
32456
32466
32440
32294
32435
32416
32433
32307
32386
32481
32462
32511
32349
32538
32412
32350
32459
32427
32441
32523
32465
32328
32507
32374
32401
32387
32446
32354
32415
32381
32508
32311
32401
32472
32484
32446
32387
32503
32374
32477
32406
32402
32536
32494
32406
32350
32402
32473
32441
32373
32428
32438
32416
32489
32432
32377
32408
32331
32408
32503
32460
32456
32407
32534
32379
32405
32408
32445
32406
32388
32383
32374
32452
32427
32409
32371
32421
32477
32401
32452
32481
32335
32481
32441
32411
32412
32498
32423
32525
32437
32433
32399
32474
32424
32432
32444
32530
32476
32449
32408
32411
32460
32491
32405
32436
32392
32399
32476
32384
32420
32443
32419
32317
32383
32412
32377
32420
32465
32529
32398
32383
32360
32389
32345
32339
32404
32372
32450
32470
32404
32470
32471
32335
32406
32494
32451
32405
32308
32396
32410
32383
32360
32426
32466
32382
32394
32451
32452
32445
32396
32344
32442
32440
32439
32373
32453
32353
32421
32387
32388
32484
32379
32526
32443
32438
32427
32347
32361
32429
32481
32390
32526
32437
32392
32453
32525
32455
32399
32386
32416
32441
32409
32444
32430
32401
32354
32450
32361
32414
32337
32519
32430
32535
32394
32413
32407
32352
32308
32439
32341
32478
32424
32422
32426
32377
32312
32483
32421
32336
32432
32405
32441
32378
32366
32451
32556
32365
32435
32480
32389
32395
32463
32457
32427
32407
32387
32467
32382
32381
32454
32336
32465
32327
32493
32445
32444
32412
32491
32420
32432
32504
32485
32387
32444
32449
32309
32398
32469
32456
32368
32405
32368
32423
32323
32456
32377
32387
32359
32464
32420
32484
32447
32432
32473
32421
32446
32416
32492
32462
32393
32432
32466
32422
32379
32432
32438
32377
32389
32496
32465
32424
32449
32472
32418
32416
32455
32434
32509
32401
32506
32431
32434
32366
32378
32519
32351
32515
32405
32409
32455
32476
32364
32403
32488
32502
32459
32366
32419
32412
32499
32451
32366
32383
32397
32502
32427
32481
32420
32350
32401
32363
32450
32509
32353
32361
32450
32401
32352
32392
32371
32394
32406
32359
32483
32491
32436
32350
32429
32430
32424
32371
32425
32426
32306
32339
32344
32392
32402
32417
32430
32417
32446
32390
32380
32406
32504
32388
32356
32397
32461
32518
32365
32398
32373
32440
32382
32448
32379
32325
32476
32436
32428
32413
32382
32364
32428
32453
32348
32374
32455
32416
32435
32348
32461
32361
32393
32436
32400
32506
32410
32363
32384
32352
32473
32338
32415
32381
32485
32419
32416
32456
32236
32359
32400
32472
32412
32493
32472
32348
32425
32439
32440
32502
32451
32432
32390
32429
32503
32284
32437
32536
32479
32423
32367
32410
32434
32367
32451
32415
32410
32428
32431
32400
32458
32505
32455
32314
32445
32288
32579
32455
32357
32310
32417
32459
32487
32411
32466
32346
32429
32408
32348
32360
32295
32400
32380
32477
32421
32488
32398
32377
32342
32368
32439
32375
32316
32381
32445
32422
32416
32478
32417
32430
32420
32462
32440
32403
32291
32392
32427
32401
32416
32493
32514
32413
32439
32368
32485
32449
32420
32391
32512
32477
32304
32441
32428
32478
32500
32459
32445
32338
32505
32462
32421
32535
32369
32453
32417
32328
32414
32423
32440
32389
32425
32467
32493
32397
32388
32442
32416
32445
32364
32366
32373
32389
32398
32529
32353
32408
32533
32435
32425
32404
32386
32487
32416
32481
32386
32461
32376
32389
32392
32508
32405
32382
32438
32344
32443
32414
32367
32453
32552
32348
32395
32351
32424
32326
32392
32358
32485
32537
32373
32365
32430
32348
32402
32291
32315
32384
32414
32327
32479
32374
32449
32540
32331
32335
32439
32477
32427
32429
32458
32420
32362
32341
32353
32295
32439
32423
32483
32394
32465
32399
32415
32420
32444
32528
32336
32429
32476
32498
32418
32494
32458
32463
32391
32460
32388
32415
32386
32361
32562
32355
32375
32392
32475
32538
32449
32373
32541
32359
32385
32353
32397
32482
32445
32402
32359
32473
32482
32447
32379
32427
32273
32409
32361
32405
32451
32352
32428
32428
32354
32421
32316
32366
32395
32503
32447
32475
32342
32402
32399
32438
32536
32495
32418
32434
32466
32404
32359
32478
32521
32454
32466
32496
32403
32351
32376
32425
32372
32394
32337
32452
32403
32462
32512
32484
32481
32448
32389
32418
32543
32516
32487
32436
32422
32327
32378
32392
32463
32296
32395
32414
32450
32520
32389
32402
32351
32416
32390
32378
32391
32475
32400
32399
32352
32373
32349
32406
32462
32376
32396
32495
32518
32358
32458
32458
32435
32429
32437
32386
32364
32369
32422
32423
32369
32505
32478
32324
32459
32334
32397
32472
32338
32353
32330
32551
32465
32393
32364
32436
32401
32449
32431
32326
32378
32405
32415
32435
32446
32411
32302
32396
32426
32416
32416
32502
32423
32345
32485
32392
32405
32322
32376
32401
32421
32413
32322
32521
32362
32409
32468
32386
32425
32324
32456
32454
32384
32479
32370
32361
32409
32436
32413
32402
32414
32380
32359
32494
32496
32438
32415
32460
32372
32423
32338
32364
32393
32354
32435
32387
32409
32415
32501
32394
32423
32401
32402
32364
32482
32409
32407
32517
32350
32411
32382
32392
32451
32337
32441
32374
32379
32479
32436
32489
32518
32349
32435
32422
32410
32406
32429
32426
32471
32379
32415
32463
32478
32447
32390
32477
32426
32451
32395
32515
32516
32381
32424
32408
32437
32391
32531
32304
32422
32295
32420
32380
32436
32381
32494
32465
32467
32394
32491
32411
32387
32498
32445
32414
32408
32472
32306
32395
32458
32396
32386
32314
32410
32405
32431
32448
32409
32325
32413
32487
32365
32500
32482
32488
32383
32435
32393
32430
32396
32385
32518
32501
32347
32442
32480
32338
32350
32464
32347
32499
32430
32376
32389
32403
32501
32400
32429
32448
32435
32353
32519
32390
32343
32481
32398
32424
32335
32408
32422
32408
32418
32368
32419
32508
32537
32467
32466
32426
32409
32343
32471
32446
32392
32406
32452
32499
32484
32390
32478
32494
32354
32543
32491
32428
32422
32337
32410
32437
32405
32391
32451
32377
32426
32408
32391
32494
32469
32414
32439
32399
32444
32442
32489
32492
32383
32418
32472
32363
32377
32424
32372
32456
32383
32538
32393
32430
32426
32367
32400
32456
32348
32423
32452
32388
32411
32402
32459
32419
32433
32441
32465
32494
32313
32478
32309
32312
32435
32464
32425
32328
32486
32412
32488
32361
32357
32289
32580
32445
32438
32310
32370
32402
32443
32425
32442
32418
32405
32415
32346
32389
32476
32447
32441
32427
32368
32353
32341
32388
32437
32464
32392
32380
32387
32436
32395
32390
32412
32388
32353
32377
32446
32448
32376
32485
32477
32421
32340
32446
32556
32397
32402
32429
32496
32410
32484
32433
32483
32434
32352
32509
32476
32414
32319
32438
32355
32385
32408
32468
32418
32440
32465
32390
32456
32405
32395
32463
32463
32466
32489
32436
32336
32364
32410
32445
32367
32369
32484
32410
32488
32400
32503
32541
32473
32498
32422
32422
32446
32475
32277
32359
32436
32429
32371
32447
32417
32402
32376
32404
32469
32327
32389
32427
32454
32502
32429
32440
32485
32489
32364
32377
32382
32455
32474
32311
32341
32380
32404
32368
32510
32490
32341
32341
32444
32477
32456
32465
32568
32414
32406
32336
32337
32368
32471
32460
32334
32395
32518
32466
32413
32285
32429
32476
32407
32425
32438
32420
32346
32370
32424
32559
32453
32506
32410
32438
32438
32330
32300
32384
32474
32377
32428
32441
32353
32474
32382
32434
32515
32472
32423
32414
32413
32416
32390
32261
32487
32300
32511
32356
32498
32463
32337
32449
32445
32317
32388
32324
32423
32414
32479
32348
32428
32419
32542
32376
32498
32498
32498
32498
32498
32498
32498
32498
32498
32498
32498
32498
32498
32498
32498
32498
32498
32498
32498
32498
32498
32498
32498
32498
32498
32498
