9884
32410
32384
32380
32435
32406
32402
32388
32325
32359
32346
32461
32397
32388
32446
32418
32398
32388
32386
32373
32372
32430
32427
32445
32356
32434
32392
32454
32454
32466
32384
32433
32402
32409
32433
32377
32382
32456
32402
32505
32437
32394
32426
32347
32459
32236
32400
32372
32493
32352
32440
32396
32335
32383
32333
32342
32447
32403
32364
32539
32435
32456
32429
32460
32391
32335
32280
32404
32384
32305
32449
32383
32446
32498
32399
32484
32405
32492
32514
32393
32371
32434
32416
32469
32512
32501
32522
32440
32418
32460
32408
32433
32498
32407
32360
32333
32388
32389
32494
32476
32372
32446
32453
32353
32413
32405
32360
32450
32362
32328
32408
32445
32437
32386
32363
32336
32455
32413
32482
32300
32402
32385
32385
32450
32538
32431
32362
32376
32398
32390
32405
32374
32400
32445
32388
32376
32348
32364
32479
32433
32462
32411
32343
32393
32447
32460
32463
32395
32528
32390
32438
32434
32370
32414
32396
32499
32378
32487
32395
32333
32367
32556
32351
32350
32350
32329
32358
32409
32528
32406
32374
32489
32398
32447
32403
32320
32339
32252
32369
32418
32449
32342
32470
32485
32426
32479
32446
32433
32396
32464
32438
32462
32364
32405
32386
32513
32531
32376
32346
32350
32392
32427
32338
32479
32496
32498
32412
32522
32393
32381
32421
32526
32322
32402
32437
32289
32439
32542
32570
32430
32410
32366
32418
32421
32466
32385
32332
32400
32403
32456
32424
32486
32332
32401
32378
32401
32482
32409
32393
32376
32480
32396
32442
32350
32447
32450
32406
32437
32475
32413
32363
32457
32415
32457
32438
32389
32386
32424
32344
32438
32455
32487
32476
32445
32430
32489
32522
32393
32424
32397
32417
32382
32356
32357
32448
32322
32451
32341
32459
32401
32442
32519
32388
32409
32437
32419
32378
32490
32522
32469
32334
32380
32498
32420
32531
32335
32398
32398
32421
32565
32476
32477
32370
32415
32462
32405
32382
32430
32436
32422
32448
32449
32496
32444
32455
32378
32397
32322
32348
32430
32464
32437
32403
32443
32455
32450
32312
32449
32506
32583
32522
32455
32460
32467
32520
32419
32573
32339
32341
32474
32536
32421
32460
32540
32435
32392
32360
32504
32366
32413
32467
32471
32503
32482
32365
32447
32427
32326
32460
32457
32435
32366
32398
32406
32508
32442
32469
32487
32440
32416
32407
32375
32417
32319
32363
32397
32326
32282
32445
32370
32369
32407
32418
32405
32290
32448
32415
32557
32445
32513
32425
32508
32288
32470
32351
32442
32350
32464
32404
32485
32455
32504
32403
32350
32447
32445
32383
32386
32328
32448
32551
32440
32454
32458
32458
32431
32502
32439
32486
32407
32391
32396
32451
32349
32434
32394
32348
32474
32546
32410
32463
32419
32432
32404
32379
32278
32406
32363
32415
32469
32500
32346
32348
32348
32386
32448
32443
32477
32395
32420
32419
32398
32480
32519
32434
32446
32428
32428
32413
32463
32418
32498
32470
32539
32425
32457
32406
32416
32355
32424
32474
32408
32377
32495
32510
32306
32382
32407
32399
32412
32474
32337
32378
32494
32471
32445
32405
32408
32509
32402
32357
32430
32476
32366
32338
32430
32425
32413
32431
32421
32454
32453
32394
32494
32338
32467
32397
32457
32422
32423
32484
32374
32399
32394
32382
32341
32468
32532
32458
32434
32478
32400
32380
32348
32491
32460
32384
32430
32383
32445
32400
32438
32441
32376
32400
32359
32377
32418
32402
32489
32450
32533
32323
32422
32414
32404
32435
32456
32419
32374
32517
32387
32557
32393
32359
32336
32366
32485
32351
32469
32474
32487
32445
32512
32436
32544
32513
32389
32399
32363
32427
32366
32418
32496
32452
32419
32481
32499
32492
32375
32431
32477
32396
32373
32431
32515
32391
32422
32467
32509
32422
32330
32533
32455
32322
32427
32423
32382
32400
32384
32503
32402
32411
32355
32512
32481
32484
32424
32492
32544
32464
32411
32344
32448
32457
32301
32459
32419
32347
32375
32358
32312
32446
32443
32436
32315
32522
32408
32481
32432
32403
32352
32431
32489
32321
32499
32416
32442
32428
32431
32437
32378
32387
32361
32438
32379
32364
32371
32463
32410
32383
32370
32278
32348
32358
32441
32480
32360
32291
32396
32388
32406
32417
32444
32394
32365
32409
32313
32430
32382
32420
32413
32487
32465
32457
32335
32426
32428
32509
32399
32323
32440
32282
32506
32532
32481
32478
32340
32351
32389
32532
32487
32474
32418
32376
32362
32370
32330
32488
32349
32364
32431
32408
32498
32366
32438
32409
32406
32458
32563
32414
32369
32539
32447
32352
32442
32463
32501
32372
32276
32367
32394
32420
32448
32457
32414
32494
32490
32340
32402
32344
32495
32404
32448
32406
32447
32444
32535
32390
32400
32374
32489
32443
32381
32474
32439
32414
32364
32473
32344
32430
32372
32380
32369
32427
32401
32541
32462
32495
32412
32366
32502
32406
32416
32513
32374
32500
32440
32372
32487
32431
32445
32337
32432
32394
32430
32490
32516
32443
32421
32411
32424
32519
32410
32326
32334
32421
32286
32336
32472
32428
32391
32388
32507
32392
32344
32371
32422
32382
32446
32434
32349
32448
32412
32362
32436
32368
32421
32448
32369
32391
32378
32451
32424
32496
32320
32409
32439
32332
32441
32318
32355
32530
32481
32460
32381
32328
32392
32455
32430
32418
32576
32582
32425
32412
32324
32399
32352
32347
32403
32394
32431
32366
32305
32414
32386
32478
32401
32404
32445
32359
32517
32502
32495
32385
32422
32427
32450
32430
32381
32402
32457
32328
32385
32383
32386
32382
32364
32335
32372
32472
32413
32386
32480
32384
32291
32438
32467
32437
32434
32398
32439
32537
32416
32442
32317
32267
32461
32469
32480
32500
32410
32417
32312
32426
32300
32273
32569
32432
32462
32407
32455
32457
32370
32446
32408
32320
32504
32399
32477
32466
32453
32441
32396
32474
32560
32437
32303
32389
32435
32376
32553
32401
32397
32490
32468
32418
32428
32450
32457
32384
32415
32304
32477
32508
32373
32403
32317
32438
32534
32420
32453
32421
32419
32448
32454
32374
32378
32345
32408
32440
32348
32397
32376
32458
32440
32408
32411
32302
32346
32476
32426
32417
32456
32448
32424
32350
32419
32456
32458
32530
32486
32378
32397
32458
32454
32357
32342
32405
32345
32428
32558
32311
32487
32463
32402
32414
32453
32509
32522
32454
32467
32362
32409
32422
32351
32451
32485
32408
32396
32545
32352
32420
32382
32268
32418
32369
32486
32416
32404
32481
32449
32321
32409
32456
32492
32389
32383
32486
32524
32354
32534
32538
32371
32439
32467
32491
32463
32499
32400
32408
32501
32311
32429
32402
32404
32372
32552
32368
32400
32477
32548
32397
32376
32409
32428
32364
32521
32338
32427
32422
32419
32451
32457
32422
32555
32393
32377
32409
32360
32443
32402
32457
32404
32454
32380
32440
32498
32444
32486
32465
32433
32381
32352
32425
32490
32393
32388
32463
32485
32370
32409
32469
32387
32356
32439
32399
32340
32450
32449
32334
32419
32552
32434
32466
32476
32482
32424
32338
32400
32321
32433
32433
32427
32471
32385
32483
32406
32377
32401
32495
32511
32323
32446
32505
32409
32480
32476
32346
32356
32510
32479
32364
32490
32288
32434
32490
32440
32296
32389
32465
32429
32433
32471
32550
32490
32411
32485
32513
32382
32422
32428
32416
32441
32427
32372
32438
32388
32383
32432
32509
32501
32513
32460
32468
32408
32392
32343
32497
32514
32474
32473
32500
32480
32326
32505
32464
32401
32389
32518
32379
32388
32438
32510
32284
32315
32387
32474
32460
32464
32344
32543
32419
32504
32494
32470
32457
32501
32344
32385
32459
32445
32345
32392
32507
32454
32310
32451
32511
32462
32456
32435
32388
32315
32457
32409
32424
32488
32485
32435
32307
32445
32470
32482
32448
32449
32476
32447
32454
32477
32518
32314
32527
32387
32389
32444
32440
32411
32387
32451
32383
32407
32344
32502
32501
32431
32449
32439
32493
32410
32382
32439
32445
32335
32506
32426
32401
32431
32409
32433
32365
32438
32398
32373
32390
32379
32403
32503
32447
32461
32458
32414
32241
32548
32419
32401
32421
32367
32436
32401
32479
32474
32403
32353
32362
32426
32508
32382
32428
32434
32457
32443
32423
32424
32308
32369
32428
32350
32372
32525
32438
32484
32397
32395
32351
32381
32415
32454
32433
32471
32382
32463
32406
32372
32412
32378
32526
32356
32421
32463
32412
32396
32388
32326
32471
32497
32533
32477
32361
32427
32321
32349
32484
32424
32391
32515
32540
32415
32456
32385
32355
32317
32425
32451
32440
32348
32311
32381
32425
32498
32453
32491
32467
32418
32448
32372
32411
32413
32406
32481
32343
32426
32482
32426
32388
32452
32377
32449
32435
32419
32396
32420
32448
32428
32468
32325
32509
32505
32440
32505
32551
32397
32426
32563
32410
32396
32431
32383
32400
32357
32534
32390
32406
32418
32514
32291
32480
32369
32512
32518
32404
32388
32480
32302
32502
32498
32423
32509
32343
32368
32402
32370
32585
32419
32428
32465
32517
32483
32426
32554
32443
32370
32524
32421
32365
32388
32487
32427
32354
32467
32345
32412
32515
32478
32284
32425
32442
32529
32432
32486
32458
32457
32400
32490
32399
32453
32369
32517
32387
32475
32507
32357
32368
32429
32384
32529
32402
32438
32381
32407
32348
32300
32372
32442
32438
32415
32408
32516
32417
32507
32528
32402
32413
32410
32382
32515
32478
32461
32420
32401
32437
32397
32421
32478
32411
32402
32505
32497
32359
32499
32431
32328
32427
32439
32436
32512
32510
32504
32465
32344
32462
32428
32518
32451
32484
32384
32388
32466
32418
32486
32402
32463
32483
32576
32500
32446
32449
32437
32429
32439
32341
32439
32414
32421
32501
32361
32483
32319
32431
32502
32534
32321
32393
32493
32431
32429
32405
32460
32391
32542
32432
32480
32514
32420
32484
32361
32469
32413
32412
32392
32393
32380
32364
32509
32427
32397
32378
32493
32468
32412
32367
32356
32389
32507
32351
32386
32450
32339
32395
32465
32454
32489
32422
32327
32440
32465
32334
32422
32407
32373
32349
32474
32472
32448
32332
32402
32395
32429
32362
32439
32520
32391
32457
32369
32494
32444
32424
32429
32473
32394
32386
32425
32371
32481
32431
32371
32461
32455
32399
32358
32471
32344
32442
32401
32455
32403
32395
32510
32454
32431
32419
32390
32380
32439
32364
32462
32393
32397
32412
32411
32407
32442
32409
32364
32521
32417
32509
32399
32471
32428
32412
32424
32392
32454
32452
32403
32395
32411
32444
32350
32475
32393
32401
32481
32476
32376
32416
32473
32409
32417
32441
32445
32477
32491
32384
32461
32402
32362
32488
32420
32435
32396
32403
32454
32511
32358
32459
32381
32452
32387
32345
32478
32415
32381
32448
32417
32509
32484
32435
32307
32368
32390
32434
32526
32394
32533
32481
32415
32435
32475
32425
32382
32468
32427
32483
32509
32397
32408
32421
32485
32483
32361
32487
32393
32382
32551
32399
32535
32361
32372
32463
32316
32428
32363
32390
32337
32377
32496
32361
32397
32522
32335
32396
32498
32477
32422
32432
32464
32324
32437
32390
32351
32380
32351
32487
32398
32498
32477
32414
32421
32425
32417
32399
32424
32450
32528
32468
32557
32428
32431
32450
32362
32517
32502
32366
32562
32467
32351
32460
32395
32448
32292
32470
32446
32478
32392
32449
32369
32426
32398
32470
32393
32446
32440
32461
32356
32419
32403
32332
32329
32426
32457
32368
32382
32535
32386
32420
32440
32407
32439
32310
32422
32344
32497
32470
32332
32432
32457
32376
32401
32356
32435
32399
32425
32365
32466
32445
32371
32525
32370
32427
32336
32385
32341
32391
32415
32406
32480
32378
32466
32418
32480
32382
32409
32493
32391
32359
32396
32426
32388
32420
32451
32414
32459
32396
32395
32468
32393
32360
32451
32365
32521
32479
32483
32444
32446
32360
32484
32402
32342
32410
32386
32387
32368
32419
32414
32312
32334
32426
32411
32370
32404
32356
32492
32507
32370
32476
32408
32404
32411
32471
32360
32447
32500
32431
32362
32443
32439
32348
32415
32427
32375
32381
32416
32315
32443
32436
32348
32342
32428
32377
32445
32435
32457
32388
32408
32392
32371
32492
32473
32477
32291
32325
32505
32457
32491
32386
32509
32404
32419
32455
32442
32461
32449
32400
32489
32459
32518
32359
32362
32432
32334
32459
32484
32338
32366
32476
32478
32462
32417
32465
32478
32494
32482
32470
32411
32427
32406
32410
32463
32451
32346
32425
32341
32352
32446
32461
32514
32438
32454
32392
32464
32461
32433
32420
32486
32356
32475
32423
32393
32424
32451
32349
32336
32435
32368
32343
32502
32364
32512
32458
32304
32424
32458
32503
32369
32343
32355
32580
32487
32453
32392
32476
32479
32491
32467
32381
32474
32312
32375
32413
32387
32471
32544
32427
32518
32436
32424
32402
32446
32397
32511
32532
32327
32322
32433
32402
32432
32461
32418
32393
32426
32420
32520
32332
32397
32515
32487
32500
32503
32423
32400
32456
32408
32375
32465
32428
32405
32360
32410
32422
32382
32404
32380
32433
32419
32394
32474
32316
32534
32431
32377
32428
32409
32435
32465
32518
32374
32489
32486
32354
32422
32389
32310
32334
32451
32450
32406
32493
32454
32434
32366
32376
32426
32387
32441
32356
32467
32407
32360
32427
32445
32375
32440
32346
32385
32468
32378
32341
32398
32460
32405
32427
32437
32415
32432
32387
32470
32401
32408
32482
32463
32356
32497
32456
32442
32383
32404
32401
32433
32511
32490
32447
32439
32441
32508
32396
32477
32391
32518
32298
32403
32445
32444
32379
32381
32499
32352
32475
32385
32446
32374
32471
32378
32320
32477
32381
32420
32359
32446
32427
32464
32454
32452
32448
32448
32403
32341
32347
32375
32362
32446
32414
32382
32376
32491
32403
32399
32498
32426
32455
32396
32427
32409
32432
32319
32386
32351
32450
32377
32456
32344
32544
32382
32534
32383
32443
32532
32387
32419
32590
32500
32413
32520
32424
32385
32467
32442
32478
32414
32296
32488
32418
32423
32473
32455
32509
32459
32268
32367
32442
32398
32325
32354
32425
32443
32424
32495
32380
32361
32420
32448
32540
32387
32342
32451
32440
32433
32468
32481
32371
32396
32339
32329
32397
32468
32479
32401
32414
32412
32425
32343
32427
32465
32365
32382
32426
32411
32362
32458
32494
32451
32572
32420
32452
32353
32431
32489
32482
32475
32493
32469
32498
32497
32509
32478
32433
32444
32397
32476
32470
32381
32391
32487
32369
32386
32425
32465
32353
32435
32411
32380
32402
32396
32321
32381
32502
32314
32417
32377
32459
32431
32481
32485
32368
32411
32455
32464
32380
32496
32293
32337
32270
32497
32379
32390
32515
32399
32362
32428
32424
32469
32483
32373
32503
32384
32432
32374
32391
32436
32445
32408
32491
32379
32425
32360
32419
32453
32419
32419
32536
32322
32458
32419
32402
32390
32367
32403
32465
32430
32390
32464
32412
32499
32374
32357
32397
32256
32396
32502
32426
32456
32472
32391
32398
32503
32474
32428
32354
32480
32447
32498
32360
32320
32448
32459
32420
32307
32536
32467
32364
32506
32441
32433
32448
32515
32475
32318
32350
32443
32399
32403
32351
32506
32428
32399
32410
32503
32536
32464
32385
32489
32444
32438
32454
32445
32489
32416
32398
32378
32478
32401
32504
32412
32481
32357
32432
32427
32494
32453
32540
32426
32359
32483
32492
32446
32377
32426
32454
32475
32432
32430
32466
32499
32456
32407
32369
32445
32451
32435
32538
32431
32517
32399
32390
32385
32317
32526
32551
32424
32435
32462
32478
32451
32355
32434
32464
32352
32401
32364
32429
32525
32289
32434
32487
32526
32323
32484
32479
32410
32306
32326
32431
32340
32564
32463
32489
32354
32363
32319
32378
32405
32364
32493
32413
32412
32378
32475
32358
32390
32512
32382
32369
32469
32390
32456
32438
32403
32320
32447
32485
32423
32371
32322
32371
32486
32367
32416
32405
32415
32433
32408
32412
32332
32399
32498
32427
32288
32349
32402
32368
32416
32435
32420
32388
32442
32409
32513
32464
32403
32485
32549
32414
32412
32427
32479
32384
32442
32455
32460
32418
32436
32343
32408
32364
32477
32488
32447
32371
32418
32507
32394
32301
32484
32485
32419
32471
32357
32429
32387
32501
32380
32388
32430
32406
32503
32486
32486
32448
32440
32448
32462
32308
32493
32413
32476
32256
32397
32414
32489
32463
32423
32366
32370
32359
32478
32389
32429
32396
32404
32487
32365
32426
32452
32393
32409
32517
32437
32416
32399
32394
32495
32348
32300
32391
32490
32329
32363
32472
32455
32330
32408
32434
32486
32381
32339
32457
32546
32450
32413
32414
32441
32380
32405
32323
32340
32339
32430
32470
32538
32405
32303
32379
32426
32378
32360
32508
32444
32389
32409
32427
32403
32381
32462
32513
32353
32432
32448
32422
32391
32332
32488
32508
32484
32430
32398
32490
32441
32354
32473
32376
32411
32359
32424
32461
32425
32443
32443
32496
32408
32545
32337
32430
32464
32371
32384
32453
32434
32457
32375
32338
32412
32438
32358
32508
32392
32459
32377
32490
32464
32358
32439
32336
32352
32434
32411
32414
32526
32422
32466
32388
32370
32412
32347
32447
32335
32507
32459
32490
32422
32392
32416
32359
32436
32470
32322
32365
32470
32423
32305
32471
32404
32448
32458
32404
32384
32444
32374
32486
32329
32326
32402
32401
32377
32471
32358
32409
32528
32500
32473
32293
32418
32476
32451
32327
32428
32471
32456
32395
32452
32408
32516
32441
32384
32428
32476
32423
32333
32359
32407
32531
32397
32406
32403
32415
32491
32404
32322
32406
32428
32499
32435
32376
32464
32379
32486
32450
32387
32407
32348
32394
32355
32356
32403
32491
32404
32363
32480
32384
32432
32426
32381
32511
32363
32456
32375
32357
32498
32464
32419
32380
32562
32450
32431
32558
32420
32459
32425
32420
32362
32475
32363
32430
32294
32419
32496
32413
32362
32430
32369
32419
32352
32447
32412
32381
32450
32394
32374
32383
32336
32440
32400
32330
32405
32401
32303
32362
32404
32419
32467
32489
32363
32315
32362
32388
32497
32483
32507
32320
32318
32381
32482
32432
32494
32353
32375
32454
32311
32389
32468
32358
32410
32428
32281
32356
32465
32492
32400
32382
32445
32516
32343
32410
32468
32368
32385
32332
32390
32375
32465
32348
32414
32382
32435
32376
32489
32499
32351
32502
32560
32420
32356
32314
32531
32380
32303
32440
32469
32437
32470
32415
32525
32442
32405
32362
32428
32400
32424
32416
32380
32356
32403
32409
32379
32393
32485
32486
32437
32507
32420
32455
32443
32454
32411
32434
32436
32407
32429
32374
32403
32395
32478
32385
32466
32415
32468
32473
32309
32411
32366
32362
32402
32471
32392
32457
32463
32458
32438
32422
32427
32399
32417
32534
32539
32488
32442
32369
32432
32468
32387
32369
32418
32351
32427
32503
32398
32459
32458
32384
32413
32359
32459
32517
32371
32475
32352
32373
32446
32420
32532
32489
32510
32416
32385
32378
32382
32392
32412
32504
32401
32424
32467
32513
32454
32406
32394
32481
32524
32561
32442
32523
32441
32468
32523
32527
32377
32506
32446
32436
32404
32454
32462
32518
32503
32469
32427
32386
32487
32506
32394
32471
32417
32551
32365
32460
32378
32356
32336
32479
32408
32404
32389
32394
32451
32469
32449
32473
32454
32346
32286
32407
32374
32471
32530
32466
32549
32369
32347
32326
32453
32425
32416
32373
32483
32439
32439
32344
32533
32416
32504
32447
32414
32327
32461
32393
32425
32397
32469
32406
32390
32466
32412
32449
32365
32417
32391
32300
32530
32374
32422
32396
32445
32415
32409
32483
32397
32566
32367
32344
32501
32414
32395
32464
32381
32450
32431
32551
32454
32414
32437
32403
32365
32426
32347
32461
32487
32473
32530
32449
32359
32403
32450
32329
32525
32431
32434
32394
32340
32460
32346
32414
32490
32363
32441
32441
32346
32465
32387
32379
32466
32330
32404
32471
32493
32432
32462
32361
32483
32464
32506
32337
32410
32398
32344
32407
32412
32395
32400
32504
32325
32514
32393
32420
32442
32407
32463
32427
32367
32394
32314
32446
32426
32437
32468
32429
32392
32341
32415
32351
32479
32387
32411
32514
32485
32341
32424
32392
32501
32352
32331
32497
32512
32453
32519
32434
32342
32368
32387
32469
32440
32329
32350
32408
32454
32472
32449
32412
32464
32354
32350
32434
32347
32462
32387
32355
32445
32448
32422
32364
32512
32390
32508
32459
32414
32435
32429
32403
32544
32553
32551
32460
32437
32439
32399
32434
32413
32373
32441
32406
32427
32379
32395
32359
32388
32471
32374
32531
32408
32435
32526
32513
32345
32364
32483
32517
32290
32324
32411
32431
32352
32458
32524
32409
32494
32468
32432
32508
32511
32406
32347
32359
32391
32362
32454
32373
32359
32458
32464
32494
32488
32432
32439
32540
32514
32438
32531
32436
32452
32422
32432
32510
32348
32517
32359
32377
32476
32573
32459
32400
32421
32422
32378
32416
32447
32389
32447
32327
32492
32323
32465
32436
32464
32443
32530
32370
32454
32424
32424
32430
32372
32493
32439
32391
32390
32389
32441
32401
32407
32490
32432
32493
32388
32344
32429
32469
32368
32398
32332
32291
32391
32500
32447
32512
32401
32382
32367
32353
32358
32385
32393
32315
32396
32436
32371
32396
32467
32426
32449
32460
32546
32352
32414
32506
32517
32483
32359
32324
32448
32337
32469
32427
32371
32327
32451
32396
32389
32455
32543
32401
32474
32416
32433
32499
32312
32385
32389
32510
32402
32400
32415
32396
32433
32490
32358
32352
32466
32400
32405
32440
32502
32418
32381
32395
32441
32529
32349
32405
32467
32444
32365
32329
32419
32402
32421
32488
32388
32452
32454
32470
32550
32366
32350
32398
32442
32360
32314
32377
32374
32482
32488
32402
32308
32358
32514
32469
32392
32384
32406
32299
32403
32438
32418
32415
32421
32321
32459
32443
32471
32363
32378
32391
32455
32449
32323
32358
32426
32328
32434
32327
32454
32400
32505
32424
32505
32454
32507
32373
32469
32406
32388
32418
32401
32318
32373
32470
32455
32532
32524
32483
32339
32439
32506
32425
32345
32433
32494
32409
32444
32426
32520
32485
32399
32435
32327
32414
32328
32436
32387
32396
32383
32334
32426
32505
32416
32506
32394
32447
32461
32390
32445
32430
32513
32416
32471
32493
32392
32428
32414
32309
32458
32384
32430
32377
32376
32422
32401
32421
32451
32418
32491
32424
32461
32418
32458
32485
32408
32423
32392
32377
32381
32409
32411
32410
32482
32375
32294
32411
32489
32423
32458
32481
32365
32308
32459
32486
32332
32453
32405
32415
32440
32371
32499
32391
32455
32431
32450
32421
32408
32381
32358
32468
32489
32350
32564
32489
32462
32383
32323
32394
32486
32384
32412
32473
32307
32428
32527
32412
32494
32421
32458
32467
32266
32495
32401
32364
32442
32392
32494
32468
32546
32403
32398
32387
32477
32501
32447
32380
32390
32355
32330
32367
32433
32530
32428
32336
32388
32421
32482
32486
32502
32426
32398
32502
32433
32488
32417
32402
32499
32462
32473
32492
32448
32486
32386
32318
32425
32466
32435
32408
32327
32536
32537
32339
32417
32447
32402
32372
32482
32435
32492
32370
32435
32364
32411
32347
32423
32507
32414
32477
32384
32385
32400
32421
32594
32403
32441
32462
32375
32326
32297
32485
32470
32368
32313
32352
32422
32418
32444
32500
32432
32386
32424
32483
32424
32504
32489
32431
32396
32504
32354
32394
32430
32510
32436
32408
32413
32406
32421
32441
32385
32439
32396
32394
32480
32495
32445
32421
32340
32462
32371
32340
32414
32367
32440
32347
32419
32375
32416
32392
32358
32378
32366
32446
32458
32392
32390
32378
32363
32473
32359
32467
32444
32448
32422
32310
32462
32425
32343
32418
32442
32370
32326
32330
32358
32350
32323
32381
32358
32399
32316
32424
32361
32300
32467
32465
32407
32404
32487
32316
32402
32397
32422
32360
32382
32483
32448
32439
32335
32458
32447
32454
32489
32420
32479
32453
32296
32425
32313
32503
32499
32439
32414
32418
32400
32366
32436
32486
32326
32416
32498
32407
32380
32407
32424
32430
32345
32227
32351
32511
32360
32434
32463
32393
32513
32521
32423
32419
32428
32434
32416
32352
32501
32473
32430
32345
32353
32370
32549
32385
32402
32393
32364
32392
32407
32330
32350
32427
32339
32448
32455
32467
32536
32440
32360
32474
32467
32418
32422
32398
32353
32508
32395
32432
32517
32489
32471
32349
32429
32401
32462
32425
32453
32453
32353
32468
32393
32386
32320
32515
32277
32411
32291
32425
32528
32517
32354
32301
32398
32394
32354
32398
32479
32420
32411
32387
32347
32401
32318
32481
32360
32444
32431
32405
32480
32326
32516
32466
32323
32442
32437
32414
32462
32417
32405
32529
32409
32420
32389
32423
32407
32373
32344
32436
32406
32383
32454
32446
32484
32425
32363
32408
32308
32385
32421
32472
32350
32294
32392
32411
32406
32456
32420
32350
32446
32391
32516
32388
32462
32287
32406
32391
32427
32438
32468
32387
32427
32394
32491
32380
32369
32365
32327
32399
32471
32364
32436
32443
32479
32414
32477
32510
32422
32455
32452
32403
32390
32431
32424
32338
32486
32430
32441
32480
32443
32517
32418
32494
32382
32398
32391
32514
32365
32407
32427
32315
32434
32389
32416
32411
32415
32374
32501
32480
32502
32446
32438
32349
32335
32379
32442
32484
32354
32453
32466
32517
32389
32524
32300
32361
32491
32399
32384
32377
32371
32508
32445
32505
32411
32449
32479
32422
32496
32529
32500
32390
32285
32339
32420
32467
32483
32373
32447
32481
32436
32406
32433
32389
32424
32436
32376
32430
32429
32309
32486
32475
32337
32509
32494
32443
32328
32446
32452
32496
32419
32504
32476
32409
32505
32323
32467
32373
32423
32393
32454
32381
32347
32334
32459
32493
32374
32546
32526
32397
32373
32421
32367
32417
32469
32327
32458
32472
32500
32421
32323
32473
32517
32473
32541
32328
32530
32479
32360
32366
32526
32496
32384
32383
32382
32375
32395
32522
32394
32414
32470
32505
32366
32415
32531
32437
32352
32527
32349
32444
32407
32328
32464
32471
32408
32377
32403
32409
32328
32405
32399
32379
32388
32458
32435
32465
32381
32478
32509
32514
32343
32436
32482
32415
32409
32382
32402
32405
32384
32436
32528
32486
32449
32480
32366
32401
32515
32420
32486
32458
32410
32384
32472
32430
32395
32319
32544
32472
32403
32370
32334
32341
32457
32373
32475
32485
32382
32322
32423
32381
32508
32395
32378
32339
32465
32414
32395
32437
32432
32421
32449
32451
32403
32336
32454
32448
32372
32404
32456
32351
32365
32397
32406
32384
32310
32450
32445
32486
32428
32444
32415
32437
32437
32444
32441
32542
32404
32483
32430
32460
32456
32346
32514
32386
32478
32443
32481
32476
32440
32370
32503
32392
32449
32462
32365
32341
32409
32368
32472
32457
32446
32353
32396
32475
32369
32375
32349
32490
32523
32364
32451
32374
32481
32438
32425
32438
32393
32466
32408
32440
32356
32369
32420
32432
32453
32402
32357
32385
32346
32462
32310
32385
32452
32307
32431
32497
32305
32428
32489
32360
32319
32508
32384
32518
32461
32555
32368
32556
32425
32414
32382
32502
32442
32485
32345
32466
32371
32427
32335
32406
32317
32444
32391
32424
32425
32394
32382
32407
32468
32444
32434
32463
32378
32451
32354
32373
32525
32454
32537
32547
32424
32384
32399
32500
32543
32443
32382
32411
32464
32408
32360
32442
32382
32442
32434
32464
32495
32389
32443
32374
32422
32379
32362
32461
32442
32504
32460
32359
32523
32340
32381
32424
32535
32426
32524
32458
32387
32256
32338
32490
32499
32445
32500
32401
32375
32434
32483
32436
32392
32425
32498
32394
32337
32529
32485
32394
32405
32461
32404
32399
32462
32351
32318
32466
32329
32428
32431
32318
32400
32492
32523
32359
32417
32440
32515
32508
32386
32463
32486
32415
32330
32532
32526
32431
32356
32471
32423
32421
32451
32419
32429
32408
32393
32386
32418
32425
32518
32394
32461
32493
32476
32363
32407
32444
32510
32483
32291
32432
32454
32441
32394
32391
32454
32416
32434
32504
32466
32395
32337
32415
32383
32418
32394
32371
32386
32379
32518
32414
32384
32444
32509
32465
32496
32438
32455
32475
32518
32361
32420
32456
32409
32502
32475
32405
32424
32357
32445
32380
32514
32384
32398
32519
32484
32446
32262
32433
32488
32440
32436
32340
32401
32346
32344
32369
32385
32494
32458
32377
32407
32396
32395
32544
32332
32454
32381
32405
32548
32407
32421
32383
32547
32417
32308
32468
32445
32374
32413
32526
32432
32383
32485
32469
32367
32399
32368
32461
32512
32456
32387
32466
32442
32433
32443
32442
32380
32493
32361
32418
32413
32472
32429
32376
32478
32473
32353
32492
32345
32453
32499
32516
32432
32439
32354
32426
32393
32478
32450
32466
32432
32325
32462
32409
32337
32378
32456
32426
32334
32340
32468
32485
32403
32415
32444
32405
32427
32383
32468
32366
32418
32421
32421
32441
32289
32418
32472
32449
32372
32466
32385
32377
32408
32344
32505
32330
32434
32520
32440
32367
32446
32523
32470
32386
32471
32426
32485
32361
32338
32437
32452
32503
32477
32500
32459
32431
32470
32484
32439
32464
32411
32418
32359
32433
32445
32397
32374
32502
32404
32552
32493
32401
32463
32388
32405
32377
32488
32413
32379
32371
32478
32356
32438
32478
32514
32431
32427
32375
32520
32434
32424
32353
32437
32476
32473
32418
32361
32353
32358
32331
32485
32427
32457
32358
32349
32442
32409
32483
32445
32363
32392
32515
32441
32474
32437
32299
32499
32377
32411
32402
32434
32382
32388
32403
32395
32341
32490
32420
32487
32438
32396
32378
32395
32366
32497
32396
32457
32375
32472
32397
32358
32472
32441
32490
32436
32435
32436
32494
32464
32447
32538
32382
32384
32483
32389
32342
32373
32399
32367
32414
32367
32468
32429
32476
32508
32484
32480
32334
32373
32373
32435
32384
32508
32407
32412
32470
32422
32507
32444
32409
32489
32431
32476
32522
32337
32524
32379
32428
32466
32397
32540
32401
32493
32404
32335
32448
32443
32422
32323
32389
32468
32363
32537
32497
32391
32377
32462
32409
32459
32340
32361
32386
32430
32421
32456
32400
32420
32458
32352
32427
32446
32397
32378
32410
32344
32410
32412
32430
32353
32444
32399
32425
32306
32472
32383
32468
32349
32345
32345
32375
32448
32444
32314
32373
32485
32492
32432
32444
32433
32422
32417
32501
32360
32508
32453
32447
32447
32427
32473
32466
32333
32437
32485
32288
32479
32385
32420
32361
32499
32434
32374
32409
32360
32354
32353
32348
32298
32385
32513
32431
32364
32366
32463
32453
32465
32511
32505
32479
32480
32403
32449
32398
32514
32358
32468
32527
32419
32377
32408
32407
32307
32459
32472
32497
32399
32375
32427
32379
32306
32318
32335
32522
32459
32486
32432
32355
32512
32519
32422
32531
32400
32536
32381
32458
32410
32376
32412
32469
32395
32401
32339
32508
32481
32490
32388
32390
32438
32399
32459
32384
32342
32386
32426
32407
32464
32377
32303
32387
32350
32398
32397
32421
32528
32461
32427
32421
32420
32365
32481
32434
32387
32380
32403
32324
32344
32435
32326
32377
32430
32325
32416
32450
32402
32412
32448
32408
32492
32389
32461
32451
32506
32428
32352
32430
32433
32377
32426
32452
32422
32416
32513
32496
32440
32548
32393
32465
32451
32537
32547
32478
32395
32350
32494
32407
32359
32484
32484
32436
32476
32471
32362
32433
32528
32480
32323
32310
32354
32414
32423
32449
32440
32461
32416
32575
32570
32365
32449
32447
32448
32480
32437
32416
32472
32550
32284
32373
32422
32429
32497
32492
32485
32496
32490
32484
32520
32408
32483
32400
32448
32384
32451
32520
32476
32449
32375
32467
32518
32397
32464
32400
32404
32433
32571
32480
32506
32482
32476
32507
32386
32534
32465
32306
32482
32414
32499
32400
32438
32380
32540
32446
32405
32449
32325
32403
32427
32405
32390
32405
32455
32444
32437
32459
32440
32456
32459
32445
32484
32446
32364
32487
32428
32424
32423
32436
32494
32395
32416
32439
32405
32420
32506
32451
32491
32430
32426
32423
32450
32404
32472
32438
32397
32390
32503
32471
32347
32457
32427
32314
32422
32479
32459
32452
32421
32352
32428
32497
32512
32400
32462
32401
32427
32492
32370
32467
32486
32397
32533
32528
32352
32512
32370
32447
32534
32359
32370
32513
32426
32380
32467
32413
32360
32470
32460
32423
32330
32437
32357
32410
32472
32390
32380
32426
32389
32550
32460
32474
32333
32432
32521
32470
32435
32390
32337
32467
32398
32525
32399
32383
32401
32367
32455
32483
32443
32367
32450
32378
32475
32415
32462
32375
32395
32486
32380
32470
32465
32457
32432
32430
32472
32444
32367
32442
32459
32377
32439
32386
32481
32458
32457
32477
32434
32520
32451
32432
32323
32483
32306
32354
32340
32510
32431
32390
32360
32398
32344
32477
32504
32459
32505
32460
32287
32517
32371
32534
32458
32485
32479
32437
32402
32395
32402
32390
32415
32366
32377
32455
32446
32388
32371
32396
32429
32415
32449
32380
32325
32313
32529
32458
32465
32475
32368
32439
32412
32365
32408
32353
32440
32379
32540
32358
32420
32417
32492
32482
32438
32427
32403
32470
32407
32435
32474
32366
32446
32484
32418
32354
32402
32393
32427
32469
32375
32463
32344
32383
32482
32384
32401
32324
32358
32362
32357
32432
32503
32421
32467
32410
32416
32519
32442
32463
32485
32415
32478
32370
32473
32345
32421
32434
32408
32516
32409
32346
32432
32355
32531
32523
32452
32473
32457
32422
32360
32388
32421
32441
32406
32443
32438
32532
32390
32387
32412
32331
32545
32340
32368
32442
32403
32316
32352
32379
32489
32346
32400
32468
32454
32439
32399
32465
32366
32433
32387
32368
32360
32406
32486
32412
32380
32552
32460
32478
32458
32389
32390
32354
32466
32360
32427
32420
32472
32399
32443
32432
32481
32496
32454
32453
32474
32380
32493
32367
32431
32351
32375
32399
32370
32462
32475
32438
32436
32490
32480
32425
32453
32416
32306
32401
32384
32531
32354
32445
32433
32413
32333
32507
32360
32468
32421
32486
32481
32441
32506
32394
32407
32357
32390
32493
32378
32367
32411
32418
32450
32446
32396
32450
32353
32322
32381
32340
32467
32401
32446
32455
32410
32363
32464
32481
32459
32502
32414
32446
32352
32425
32404
32396
32523
32402
32347
32388
32425
32431
32306
32296
32341
32555
32420
32436
32385
32397
32389
32382
32408
32415
32395
32485
32420
32495
32425
32353
32390
32410
32453
32446
32423
32445
32467
32427
32442
32447
32429
32438
32394
32447
32473
32493
32474
32432
32443
32399
32418
32410
32504
32354
32372
32388
32486
32468
32503
32429
32441
32310
32388
32444
32353
32343
32456
32395
32403
32404
32469
32448
32403
32387
32479
32397
32493
32350
32356
32518
32503
32484
32466
32441
32451
32364
32325
32370
32421
32375
32422
32526
32487
32523
32473
32462
32423
32482
32396
32356
32462
32480
32499
32413
32425
32514
32442
32446
32398
32464
32574
32444
32395
32409
32423
32421
32495
32403
32425
32446
32378
32391
32471
32410
32480
32417
32455
32513
32445
32399
32413
32373
32375
32424
32489
32466
32363
32411
32382
32365
32507
32514
32401
32384
32442
32446
32409
32467
32465
32392
32401
32419
32446
32437
32351
32452
32330
32416
32442
32474
32255
32372
32425
32452
32368
32521
32398
32333
32374
32417
32495
32452
32483
32343
32467
32408
32450
32368
32412
32400
32503
32437
32366
32528
32486
32394
32441
32438
32480
32418
32397
32519
32419
32455
32361
32473
32453
32437
32406
32459
32483
32332
32387
32397
32469
32490
32488
32420
32407
32390
32368
32525
32525
32438
32458
32426
32385
32493
32339
32440
32369
32424
32419
32450
32491
32433
32465
32447
32413
32277
32382
32472
32381
32358
32524
32381
32470
32390
32396
32471
32411
32534
32400
32429
32430
32363
32390
32512
32456
32378
32333
32432
32355
32424
32419
32424
32342
32511
32450
32466
32520
32339
32407
32483
32275
32444
32478
32447
32503
32473
32473
32402
32332
32371
32459
32327
32346
32458
32491
32452
32498
32454
32439
32428
32512
32433
32378
32483
32481
32424
32432
32445
32436
32419
32530
32494
32408
32361
32393
32381
32409
32512
32446
32423
32466
32526
32498
32340
32524
32378
32432
32343
32475
32434
32355
32433
32450
32481
32458
32500
32504
32384
32428
32401
32381
32441
32356
32347
32387
32406
32451
32527
32412
32458
32468
32449
32460
32358
32469
32402
32466
32441
32455
32447
32460
32287
32363
32372
32463
32387
32340
32336
32408
32358
32508
32355
32499
32425
32322
32408
32437
32510
32414
32440
32340
32449
32437
32398
32318
32467
32360
32451
32440
32392
32329
32417
32467
32337
32399
32469
32376
32549
32455
32404
32399
32410
32387
32425
32481
32386
32342
32358
32433
32398
32390
32329
32413
32455
32509
32362
32396
32390
32360
32479
32439
32404
32476
32544
32553
32476
32399
32329
32375
32444
32431
32281
32390
32482
32478
32489
32445
32418
32385
32437
32337
32408
32419
32471
32324
32429
32512
32500
32422
32352
32462
32412
32548
32448
32480
32439
32405
32454
32386
32361
32433
32524
32405
32340
32376
32361
32419
32416
32392
32384
32438
32307
32282
32336
32421
32508
32344
32522
32512
32404
32436
32397
32371
32431
32535
32357
32412
32361
32418
32454
32436
32357
32446
32388
32309
32415
32498
32387
32402
32476
32360
32436
32531
32473
32390
32416
32361
32385
32387
32479
32452
32386
32402
32463
32410
32541
32480
32494
32397
32429
32445
32420
32410
32394
32444
32514
32423
32469
32479
32501
32393
32376
32442
32351
32373
32432
32405
32420
32427
32380
32290
32356
32486
32446
32475
32456
32432
32442
32395
32412
32473
32427
32441
32427
32464
32450
32385
32396
32415
32394
32482
32393
32484
32536
32509
32372
32486
32351
32347
32367
32491
32383
32467
32480
32425
32351
32462
32406
32395
32314
32434
32468
32382
32501
32399
32401
32378
32451
32450
32388
32497
32409
32409
32529
32430
32520
32526
32416
32359
32367
32418
32380
32438
32562
32443
32365
32421
32357
32393
32434
32418
32299
32475
32387
32478
32473
32429
32403
32362
32368
32508
32514
32497
32377
32383
32318
32502
32484
32398
32447
32452
32439
32417
32363
32463
32502
32361
32440
32553
32369
32401
32352
32366
32394
32384
32422
32411
32477
32416
32445
32497
32447
32499
32383
32429
32279
32353
32363
32378
32407
32451
32435
32496
32339
32431
32465
32408
32417
32469
32345
32493
32465
32392
32397
32409
32376
32458
32419
32399
32436
32507
32445
32405
32342
32427
32360
32444
32360
32316
32332
32376
32399
32441
32405
32403
32465
32320
32433
32382
32448
32546
32527
32403
32407
32394
32400
32521
32399
32433
32509
32399
32493
32502
32408
32529
32396
32383
32344
32405
32421
32365
32358
32408
32379
32422
32397
32399
32419
32509
32347
32409
32473
32432
32475
32507
32405
32422
32406
32362
32422
32438
32373
32361
32431
32400
32425
32447
32461
32348
32399
32388
32454
32358
32443
32396
32481
32431
32525
32522
32494
32413
32442
32367
32477
32422
32367
32345
32430
32404
32438
32414
32455
32415
32428
32387
32436
32401
32441
32389
32334
32386
32494
32519
32441
32456
32438
32419
32454
32438
32350
32369
32510
32338
32482
32409
32344
32436
32401
32274
32396
32528
32442
32411
32319
32354
32253
32452
32344
32355
32350
32362
32360
32420
32425
32448
32400
32409
32328
32340
32413
32407
32494
32510
32431
32339
32314
32316
32348
32488
32446
32491
32329
32339
32385
32526
32403
32363
32356
32365
32359
32430
32510
32488
32491
32313
32488
32400
32475
32395
32356
32360
32433
32515
32377
32434
32541
32408
32389
32462
32425
32484
32503
32492
32502
32414
32415
32383
32393
32396
32383
32487
32390
32449
32480
32402
32414
32422
32474
32482
32464
32475
32510
32404
32464
32363
32434
32452
32394
32524
32465
32354
32382
32366
32387
32358
32365
32409
32471
32452
32439
32457
32450
32329
32524
32416
32378
32348
32492
32416
32430
32415
32460
32525
32422
32423
32441
32384
32442
32395
32404
32493
32480
32422
32440
32456
32440
32397
32417
32516
32394
32329
32435
32326
32392
32411
32336
32431
32402
32462
32461
32383
32396
32384
32437
32538
32428
32502
32409
32392
32330
32397
32438
32382
32286
32361
32401
32442
32323
32482
32361
32550
32441
32421
32375
32393
32347
32433
32443
32495
32412
32341
32498
32448
32509
32479
32386
32382
32400
32500
32414
32486
32507
32384
32408
32356
32447
32531
32436
32386
32475
32358
32328
32321
32373
32358
32388
32365
32405
32384
32392
32521
32423
32430
32513
32425
32416
32379
32492
32370
32415
32348
32419
32452
32450
32412
32449
32466
32499
32363
32425
32418
32435
32462
32380
32378
32419
32447
32496
32474
32408
32395
32341
32361
32444
32405
32327
32500
32464
32399
32467
32387
32376
32373
32492
32342
32409
32354
32434
32478
32375
32408
32456
32381
32441
32424
32427
32372
32450
32503
32470
32404
32414
32481
32445
32500
32480
32382
32360
32470
32476
32392
32386
32337
32342
32422
32339
32384
32375
32492
32358
32505
32444
32404
32314
32406
32361
32498
32429
32431
32462
32373
32492
32298
32374
32472
32376
32389
32456
32348
32360
32509
32378
32400
32370
32400
32424
32406
32455
32398
32447
32420
32478
32472
32395
32358
32514
32506
32432
32459
32497
32389
32419
32387
32465
32328
32325
32401
32547
32350
32416
32354
32403
32446
32376
32428
32451
32415
32398
32512
32478
32408
32489
32366
32508
32388
32344
32471
32424
32472
32525
32367
32437
32309
32438
32402
32349
32453
32412
32417
32304
32480
32426
32487
32294
32384
32449
32422
32390
32338
32352
32449
32342
32399
32398
32437
32530
32452
32382
32410
32447
32500
32405
32454
32503
32445
32420
32429
32384
32452
32455
32356
32495
32403
32391
32501
32430
32396
32500
32464
32373
32434
32378
32433
32386
32418
32512
32490
32464
32375
32461
32282
32508
32433
32426
32470
32369
32479
32312
32544
32430
32372
32461
32452
32335
32466
32442
32405
32481
32420
32519
32435
32511
32423
32494
32457
32378
32401
32474
32452
32480
32390
32450
32487
32524
32436
32485
32396
32501
32495
32427
32429
32413
32390
32479
32463
32454
32442
32460
32487
32480
32367
32365
32410
32460
32443
32356
32414
32453
32276
32459
32457
32456
32327
32306
32519
32408
32356
32329
32446
32345
32451
32402
32378
32492
32435
32520
32383
32395
32479
32358
32419
32501
32362
32455
32400
32438
32460
32376
32326
32420
32381
32441
32525
32420
32375
32407
32388
32378
32415
32416
32495
32465
32494
32360
32465
32494
32479
32455
32387
32343
32465
32464
32424
32424
32428
32386
32488
32479
32386
32315
32325
32512
32386
32409
32379
32415
32354
32428
32356
32451
32390
32414
32411
32465
32496
32507
32446
32367
32422
32408
32355
32313
32582
32310
32473
32419
32387
32492
32371
32515
32322
32371
32446
32319
32417
32373
32405
32326
32473
32442
32367
32446
32363
32556
32438
32408
32393
32378
32365
32460
32340
32429
32374
32434
32373
32395
32425
32440
32428
32435
32420
32421
32357
32440
32386
32464
32302
32387
32388
32373
32474
32465
32364
32530
32396
32421
32431
32361
32424
32420
32308
32548
32364
32395
32444
32303
32383
32521
32449
32432
32406
32458
32353
32330
32381
32419
32468
32433
32321
32493
32519
32337
32450
32352
32449
32458
32347
32506
32423
32335
32410
32434
32413
32495
32483
32464
32417
32442
32514
32438
32436
32352
32365
32337
32333
32410
32498
32462
32454
32449
32472
32303
32397
32311
32422
32479
32475
32374
32520
32490
32392
32307
32318
32402
32486
32494
32344
32467
32448
32386
32432
32393
32348
32438
32454
32387
32352
32411
32493
32454
32420
32447
32331
32490
32427
32449
32443
32439
32434
32322
32399
32434
32449
32536
32452
32481
32384
32432
32423
32409
32390
32369
32395
32444
32394
32373
32379
32326
32392
32494
32495
32506
32431
32314
32411
32370
32398
32290
32343
32338
32437
32421
32375
32394
32313
32384
32491
32420
32397
32430
32464
32432
32446
32510
32387
32480
32293
32426
32394
32461
32501
32457
32493
32485
32438
32404
32465
32485
32499
32341
32448
32422
32434
32412
32408
32394
32339
32492
32403
32359
32449
32453
32346
32382
32425
32352
32521
32400
32430
32514
32293
32402
32449
32404
32445
32405
32401
32466
32409
32472
32414
32384
32436
32459
32410
32457
32450
32445
32419
32427
32420
32332
32445
32451
32406
32341
32345
32413
32522
32311
32343
32502
32342
32437
32342
32436
32372
32336
32388
32340
32349
32438
32439
32372
32472
32484
32426
32421
32446
32549
32338
32344
32421
32461
32459
32457
32501
32439
32456
32460
32427
32440
32328
32428
32379
32319
32413
32426
32471
32382
32371
32392
32340
32399
32416
32319
32335
32449
32525
32426
32434
32384
32359
32445
32449
32418
32468
32411
32413
32423
32420
32398
32396
32376
32465
32511
32432
32477
32442
32422
32463
32417
32437
32384
32430
32503
32466
32285
32399
32376
32343
32455
32387
32568
32422
32492
32417
32437
32438
32490
32487
32427
32456
32511
32543
32355
32372
32408
32411
32515
32412
32444
32455
32494
32492
32371
32436
32447
32434
32406
32486
32406
32406
32436
32331
32459
32427
32336
32402
32446
32372
32387
32426
32421
32388
32402
32375
32348
32260
32406
32427
32497
32389
32383
32404
32365
32493
32418
32398
32459
32454
32423
32376
32445
32381
32400
32363
32330
32390
32420
32395
32326
32409
32283
32433
32453
32579
32498
32335
32366
32468
32449
32270
32430
32334
32431
32326
32432
32317
32417
32398
32334
32435
32374
32352
32339
32465
32346
32352
32430
32474
32438
32418
32382
32453
32429
32494
32341
32503
32381
32409
32344
32439
32402
32463
32344
32391
32408
32465
32343
32418
32332
32437
32327
32452
32491
32397
32366
32388
32346
32401
32402
32287
32340
32478
32460
32462
32469
32467
32402
32407
32440
32356
32490
32437
32371
32374
32397
32320
32367
32396
32509
32454
32436
32370
32354
32404
32396
32411
32377
32416
32476
32522
32362
32334
32354
32492
32438
32377
32423
32465
32432
32387
32486
32425
32419
32464
32359
32435
32468
32385
32334
32495
32435
32408
32358
32353
32513
32419
32398
32438
32407
32423
32374
32382
32453
32445
32305
32479
32380
32417
32389
32388
32405
32384
32399
32510
32464
32399
32519
32353
32438
32431
32411
32286
32359
32383
32490
32413
32361
32429
32436
32423
32426
32390
32450
32427
32447
32362
32324
32291
32370
32391
32337
32375
32426
32476
32360
32333
32493
32410
32468
32504
32397
32383
32498
32410
32423
32528
32549
32485
32444
32387
32378
32464
32396
32406
32480
32355
32425
32418
32388
32363
32427
32369
32434
32358
32510
32437
32408
32401
32436
32281
32490
32441
32478
32462
32495
32538
32464
32395
32479
32314
32394
32351
32420
32355
32459
32399
32470
32471
32397
32412
32441
32405
32421
32368
32369
32274
32384
32366
32371
32413
32410
32483
32436
32387
32399
32365
32376
32485
32327
32424
32461
32443
32360
32360
32403
32291
32464
32440
32370
32448
32541
32383
32416
32421
32478
32475
32453
32309
32407
32481
32332
32436
32463
32461
32520
32332
32361
32349
32426
32400
32330
32392
32351
32431
32402
32484
32314
32459
32404
32313
32510
32389
32460
32508
32407
32353
32456
32478
32433
32401
32458
32345
32390
32427
32406
32561
32462
32362
32369
32371
32398
32379
32422
32483
32403
32420
32323
32470
32394
32433
32367
32460
32354
32464
32411
32414
32518
32417
32433
32405
32353
32437
32387
32521
32509
32324
32297
32385
32400
32389
32463
32485
32466
32447
32525
32464
32414
32430
32497
32446
32432
32290
32403
32447
32464
32437
32390
32359
32483
32473
32455
32390
32410
32421
32409
32364
32401
32373
32423
32418
32476
32461
32308
32329
32457
32496
32497
32420
32378
32493
32251
32324
32430
32489
32436
32416
32371
32418
32426
32393
32523
32406
32371
32370
32398
32482
32333
32356
32324
32450
32409
32386
32445
32490
32371
32361
32350
32472
32538
32472
32436
32398
32452
32437
32497
32418
32365
32366
32335
32520
32282
32376
32431
32394
32401
32429
32292
32343
32482
32389
32445
32400
32308
32462
32401
32409
32349
32472
32462
32482
32445
32473
32355
32453
32434
32320
32354
32436
32386
32461
32463
32299
32397
32482
32347
32375
32415
32408
32370
32410
32390
32393
32389
32382
32392
32455
32464
32348
32309
32440
32434
32383
32413
32371
32356
32395
32379
32348
32427
32437
32379
32487
32393
32397
32348
32436
32345
32369
32429
32427
32395
32474
32348
32481
32479
32419
32423
32490
32440
32363
32324
32372
32393
32354
32355
32469
32408
32356
32437
32451
32461
32484
32370
32410
32531
32444
32401
32527
32470
32396
32419
32409
32393
32423
32356
32384
32281
32467
32325
32432
32361
32383
32474
32313
32341
32411
32384
32392
32419
32471
32471
32384
32317
32407
32451
32499
32349
32385
32373
32434
32390
32488
32392
32357
32280
32418
32409
32440
32362
32313
32439
32405
32424
32487
32364
32433
32321
32411
32462
32373
32370
32420
32316
32432
32423
32443
32463
32340
32398
32444
32418
32427
32456
32367
32434
32412
32389
32326
32485
32380
32453
32413
32392
32505
32439
32345
32422
32427
32384
32401
32456
32405
32443
32419
32410
32363
32519
32522
32386
32502
32476
32466
32319
32303
32438
32381
32472
32404
32402
32392
32414
32501
32455
32465
32428
32398
32328
32296
32388
32367
32402
32365
32355
32420
32434
32402
32436
32452
32415
32400
32416
32380
32310
32396
32398
32442
32403
32310
32430
32449
32494
32463
32424
32360
32460
32408
32380
32332
32312
32383
32437
32394
32436
32362
32367
32379
32432
32457
32472
32417
32371
32530
32372
32438
32468
32337
32459
32457
32398
32434
32347
32414
32475
32524
32223
32381
32394
32338
32345
32477
32449
32475
32434
32421
32518
32393
32281
32416
32443
32369
32478
32337
32359
32384
32388
32443
32348
32391
32358
32424
32344
32445
32433
32494
32480
32368
32467
32384
32447
32499
32429
32322
32455
32283
32371
32435
32453
32399
32457
32402
32440
32435
32422
32422
32270
32391
32401
32379
32352
32399
32424
32384
32431
32441
32411
32437
32407
32372
32482
32362
32418
32476
32403
32349
32369
32405
32325
32401
32373
32453
32410
32439
32404
32233
32435
32411
32409
32399
32497
32501
32297
32439
32374
32396
32451
32457
32376
32386
32447
32446
32463
32441
32291
32360
32285
32481
32378
32376
32378
32426
32348
32395
32383
32542
32460
32327
32443
32379
32405
32342
32440
32415
32349
32416
32333
32404
32403
32377
32451
32382
32394
32364
32324
32263
32435
32396
32361
32411
32416
32483
32456
32306
32277
32439
32505
32448
32431
32420
32402
32464
32451
32313
32309
32407
32425
32502
32350
32410
32473
32450
32502
32335
32392
32497
32334
32488
32403
32362
32359
32345
32387
32460
32507
32363
32466
32336
32433
32390
32445
32416
32379
32414
32446
32322
32494
32425
32352
32474
32358
32449
32409
32341
32392
32431
32389
32367
32461
32324
32362
32349
32478
32379
32482
32564
32411
32530
32399
32437
32401
32323
32458
32384
32435
32413
32381
32374
32514
32409
32342
32398
32452
32365
32435
32389
32459
32436
32411
32495
32464
32479
32484
32514
32450
32325
32344
32447
32399
32373
32483
32414
32395
32313
32407
32412
32376
32297
32399
32389
32435
32369
32338
32452
32479
32352
32417
32347
32360
32383
32451
32476
32397
32409
32438
32410
32420
32427
32357
32402
32430
32312
32447
32488
32441
32314
32345
32424
32461
32386
32391
32479
32497
32426
32319
32390
32430
32356
32405
32428
32529
32278
32453
32443
32369
32460
32409
32388
32395
32421
32414
32474
32386
32440
32468
32432
32324
32468
32433
32396
32370
32494
32357
32405
32483
32398
32424
32410
32398
32438
32504
32366
32350
32406
32441
32401
32356
32467
32484
32465
32424
32384
32359
32339
32361
32433
32370
32409
32364
32378
32362
32407
32480
32368
32363
32512
32514
32366
32334
32385
32381
32402
32248
32416
32428
32476
32329
32318
32490
32400
32332
32418
32391
32517
32470
32374
32400
32364
32388
32493
32503
32409
32506
32531
32403
32428
32421
32439
32377
32491
32474
32394
32463
32473
32503
32334
32465
32464
32467
32441
32340
32458
32431
32419
32347
32361
32536
32520
32286
32393
32474
32327
32385
32390
32394
32476
32419
32376
32430
32432
32292
32330
32359
32369
32396
32374
32388
32397
32388
32363
32461
32382
32402
32297
32415
32363
32392
32341
32414
32486
32354
32423
32415
32434
32450
32436
32327
32334
32418
32304
32400
32460
32473
32477
32381
32351
32513
32384
32390
32393
32442
32443
32432
32405
32293
32533
32440
32349
32453
32322
32424
32453
32324
32524
32465
32358
32418
32413
32418
32530
32467
32419
32533
32529
32503
32371
32289
32359
32462
32440
32406
32441
32467
32376
32349
32409
32281
32352
32379
32391
32403
32405
32224
32499
32312
32394
32464
32409
32482
32473
32415
32314
32486
32320
32468
32440
32420
32325
32418
32488
32473
32461
32396
32514
32560
32465
32498
32464
32408
32416
32367
32374
32417
32493
32488
32422
32420
32330
32442
32464
32388
32404
32414
32359
32406
32404
32456
32453
32332
32444
32341
32425
32314
32325
32336
32358
32346
32339
32391
32444
32368
32385
32554
32399
32364
32370
32415
32510
32432
32377
32383
32290
32477
32410
32408
32400
32510
32413
32336
32424
32538
32465
32448
32449
32338
32384
32430
32373
32393
32397
32438
32400
32419
32344
32374
32393
32424
32347
32395
32476
32459
32476
32470
32444
32292
32426
32397
32496
32410
32392
32435
32375
32493
32416
32312
32329
32497
32505
32411
32481
32396
32449
32438
32358
32336
32379
32487
32418
32438
32395
32398
32351
32356
32487
32463
32438
32400
32503
32400
32457
32422
32324
32304
32396
32497
32432
32331
32436
32523
32377
32428
32409
32369
32357
32354
32440
32442
32433
32350
32376
32494
32355
32410
32521
32522
32434
32427
32434
32365
32419
32509
32449
32393
32420
32455
32459
32389
32542
32328
32367
32505
32444
32352
32358
32400
32381
32375
32426
32405
32434
32444
32506
32397
32365
32425
32380
32400
32384
32283
32502
32415
32347
32314
32420
32426
32429
32444
32406
32467
32418
32465
32437
32330
32457
32475
32441
32486
32388
32415
32482
32356
32464
32340
32487
32368
32436
32358
32460
32390
32388
32413
32406
32331
32448
32452
32430
32428
32296
32344
32379
32447
32434
32358
32493
32354
32369
32531
32363
32322
32504
32479
32348
32494
32528
32387
32414
32506
32343
32388
32315
32392
32467
32382
32439
32259
32412
32493
32320
32396
32355
32447
32484
32417
32458
32362
32408
32384
32316
32379
32413
32463
32457
32397
32252
32473
32352
32321
32429
32423
32470
32432
32517
32493
32402
32404
32462
32396
32409
32466
32456
32372
32319
32355
32394
32454
32337
32365
32426
32416
32484
32486
32437
32467
32488
32375
32417
32375
32450
32444
32418
32455
32488
32372
32395
32464
32304
32263
32364
32358
32510
32423
32429
32428
32325
32397
32397
32361
32423
32366
32371
32514
32505
32406
32475
32304
32532
32400
32365
32475
32398
32442
32439
32458
32388
32430
32402
32491
32437
32371
32453
32457
32553
32384
32502
32314
32409
32371
32336
32382
32343
32462
32328
32360
32499
32467
32453
32438
32462
32362
32355
32424
32294
32542
32356
32396
32369
32425
32531
32333
32372
32450
32340
32354
32521
32352
32365
32461
32431
32433
32481
32372
32371
32414
32506
32337
32444
32515
32409
32421
32460
32436
32383
32396
32450
32373
32292
32316
32349
32425
32488
32320
32425
32362
32412
32411
32537
32449
32368
32461
32382
32328
32411
32415
32477
32352
32431
32306
32392
32430
32369
32487
32441
32434
32505
32394
32461
32456
32346
32348
32441
32418
32427
32360
32471
32466
32499
32461
32397
32403
32489
32441
32461
32358
32409
32312
32497
32430
32489
32412
32465
32402
32459
32394
32379
32432
32305
32363
32360
32366
32409
32398
32399
32369
32404
32403
32430
32372
32350
32329
32532
32371
32339
32418
32394
32408
32303
32447
32345
32488
32388
32498
32402
32468
32415
32330
32404
32446
32349
32383
32451
32378
32386
32439
32430
32415
32338
32450
32403
32488
32384
32435
32388
32356
32341
32457
32435
32348
32509
32397
32350
32533
32468
32457
32431
32522
32458
32408
32299
32399
32403
32414
32454
32403
32360
32501
32440
32483
32412
32308
32295
32377
32448
32402
32519
32506
32468
32475
32464
32453
32377
32484
32432
32441
32320
32478
32381
32475
32377
32416
32402
32432
32382
32481
32470
32434
32498
32324
32367
32327
32373
32390
32385
32360
32499
32413
32373
32465
32437
32395
32563
32433
32412
32468
32425
32417
32400
32408
32348
32394
32422
32492
32421
32362
32362
32394
32310
32413
32468
32367
32509
32450
32369
32510
32429
32443
32475
32514
32503
32371
32476
32361
32260
32495
32430
32450
32360
32465
32466
32374
32417
32323
32445
32470
32493
32515
32401
32377
32432
32406
32432
32336
32396
32461
32408
32405
32446
32383
32527
32582
32503
32473
32383
32427
32429
32450
32399
32404
32456
32412
32435
32463
32378
32495
32379
32319
32396
32379
32427
32421
32430
32481
32387
32423
32411
32419
32385
32388
32412
32308
32327
32361
32435
32360
32359
32429
32359
32409
32417
32435
32404
32443
32436
32380
32279
32430
32426
32330
32327
32384
32429
32416
32392
32366
32404
32461
32376
32338
32468
32470
32473
32415
32394
32454
32435
32496
32448
32402
32374
32326
32359
32318
32441
32271
32322
32390
32420
32327
32398
32509
32392
32480
32333
32414
32376
32476
32396
32396
32401
32346
32409
32462
32381
32391
32446
32478
32312
32437
32381
32363
32472
32413
32422
32405
32458
32494
32513
32412
32451
32354
32432
32522
32448
32500
32432
32442
32472
32382
32462
32429
32423
32473
32395
32434
32477
32417
32491
32476
32440
32325
32401
32483
32453
32489
32471
32409
32407
32464
32430
32460
32480
32443
32342
32464
32422
32373
32460
32358
32486
32448
32360
32434
32335
32472
32437
32438
32395
32424
32402
32414
32390
32366
32379
32393
32474
32502
32425
32490
32394
32408
32387
32371
32510
32573
32402
32362
32397
32401
32408
32412
32519
32425
32473
32500
32376
32412
32502
32326
32384
32409
32425
32367
32330
32503
32461
32517
32402
32402
32366
32366
32318
32401
32340
32377
32272
32368
32396
32387
32541
32392
32451
32367
32473
32523
32457
32381
32379
32491
32393
32364
32283
32443
32423
32356
32480
32487
32469
32477
32376
32422
32394
32448
32342
32318
32353
32407
32431
32448
32509
32419
32386
32427
32349
32427
32332
32417
32438
32380
32330
32404
32457
32426
32484
32464
32446
32519
32357
32465
32433
32486
32437
32403
32378
32468
32443
32398
32503
32441
32440
32425
32300
32496
32328
32473
32299
32389
32422
32466
32373
32474
32387
32394
32477
32493
32408
32473
32367
32560
32517
32397
32438
32382
32343
32380
32367
32482
32400
32366
32418
32417
32481
32500
32396
32434
32388
32429
32392
32360
32414
32385
32410
32463
32495
32365
32402
32459
32408
32343
32444
32395
32411
32360
32280
32446
32382
32433
32406
32480
32430
32325
32441
32353
32507
32437
32290
32350
32369
32376
32324
32464
32390
32359
32406
32336
32431
32345
32358
32418
32455
32394
32429
32519
32439
32471
32372
32435
32516
32421
32518
32477
32498
32403
32442
32465
32373
32392
32423
32422
32484
32351
32392
32298
32387
32364
32535
32450
32404
32293
32353
32480
32312
32361
32450
32471
32471
32423
32385
32482
32339
32387
32356
32425
32528
32394
32434
32398
32400
32403
32442
32450
32436
32487
32341
32474
32455
32485
32321
32412
32455
32389
32510
32414
32380
32284
32468
32390
32367
32433
32515
32390
32439
32507
32468
32457
32469
32479
32434
32479
32362
32474
32481
32477
32392
32399
32431
32437
32349
32418
32487
32473
32509
32471
32432
32412
32477
32377
32390
32467
32448
32386
32463
32440
32371
32294
32490
32482
32475
32559
32379
32414
32387
32327
32474
32423
32419
32380
32461
32500
32395
32475
32412
32405
32500
32393
32390
32413
32426
32466
32418
32490
32495
32377
32419
32434
32390
32333
32368
32320
32479
32448
32432
32477
32398
32469
32542
32409
32397
32470
32358
32482
32482
32391
32373
32484
32400
32339
32530
32323
32465
32377
32425
32385
32478
32451
32409
32533
32335
32478
32480
32413
32362
32465
32486
32346
32389
32417
32414
32422
32423
32400
32489
32419
32529
32504
32482
32461
32423
32419
32321
32439
32520
32411
32432
32515
32300
32325
32491
32462
32337
32537
32468
32391
32384
32429
32456
32320
32461
32354
32451
32421
32468
32461
32325
32357
32379
32456
32335
32495
32396
32436
32380
32348
32399
32431
32385
32492
32358
32401
32387
32415
32394
32343
32427
32366
32388
32350
32476
32496
32416
32327
32416
32441
32359
32437
32322
32420
32484
32388
32463
32455
32544
32413
32430
32474
32563
32477
32434
32369
32432
32413
32479
32452
32421
32451
32393
32272
32402
32402
32477
32391
32492
32493
32486
32371
32471
32300
32419
32417
32454
32377
32512
32339
32521
32539
32347
32407
32403
32476
32499
32478
32474
32409
32367
32407
32320
32417
32400
32469
32322
32447
32455
32419
32484
32389
32436
32411
32503
32450
32361
32445
32409
32455
32387
32525
32459
32442
32387
32483
32348
32470
32432
32458
32532
32444
32337
32477
32325
32469
32404
32485
32509
32524
32424
32348
32375
32394
32400
32414
32438
32334
32456
32336
32378
32529
32372
32475
32415
32461
32427
32517
32452
32301
32466
32490
32402
32457
32346
32361
32402
32350
32527
32416
32373
32451
32433
32491
32479
32365
32394
32431
32538
32393
32409
32344
32385
32468
32362
32443
32408
32368
32404
32305
32520
32381
32503
32427
32466
32467
32484
32384
32380
32410
32376
32419
32354
32387
32374
32423
32490
32482
32395
32465
32419
32370
32462
32499
32513
32397
32468
32436
32485
32443
32322
32408
32459
32440
32372
32508
32451
32427
32406
32492
32402
32485
32454
32390
32494
32340
32357
32458
32390
32408
32384
32511
32376
32360
32372
32404
32499
32426
32407
32470
32533
32465
32398
32369
32383
32406
32441
32455
32402
32501
32436
32469
32338
32399
32490
32432
32324
32400
32449
32325
32431
32348
32478
32397
32433
32350
32442
32472
32526
32462
32428
32383
32426
32395
32402
32437
32456
32471
32358
32462
32554
32297
32365
32498
32371
32440
32324
32456
32410
32478
32443
32378
32465
32452
32477
32519
32387
32488
32337
32400
32450
32444
32396
32399
32421
32386
32490
32529
32364
32399
32431
32401
32464
32387
32500
32465
32335
32384
32391
32354
32358
32454
32439
32383
32417
32429
32550
32334
32430
32482
32405
32490
32415
32488
32453
32368
32407
32553
32363
32334
32414
32398
32366
32487
32427
32364
32453
32478
32433
32343
32448
32433
32263
32405
32434
32354
32494
32495
32441
32504
32455
32375
32380
32353
32372
32398
32390
32330
32462
32452
32438
32356
32473
32383
32391
32394
32493
32413
32301
32464
32381
32466
32374
32361
32401
32445
32483
32420
32382
32515
32423
32284
32315
32318
32435
32434
32538
32526
32382
32384
32354
32456
32530
32527
32408
32408
32408
32408
32408
32408
32408
32408
32408
32408
32408
32408
32408
32408
32408
32408
32408
32408
32408
32408
32408
32408
32408
32408
32408
32408
