9884
32474
32435
32366
32374
32359
32487
32316
32434
32521
32405
32365
32467
32428
32436
32421
32402
32402
32408
32401
32512
32462
32490
32410
32456
32443
32438
32422
32397
32393
32417
32427
32392
32424
32515
32444
32521
32465
32381
32466
32408
32403
32416
32424
32392
32480
32412
32352
32423
32340
32466
32485
32469
32429
32248
32440
32437
32474
32478
32402
32299
32562
32505
32321
32546
32417
32387
32407
32433
32462
32453
32496
32372
32329
32493
32372
32338
32442
32377
32369
32415
32428
32379
32434
32372
32405
32478
32258
32457
32500
32467
32427
32395
32401
32343
32492
32399
32289
32413
32466
32398
32430
32402
32348
32500
32332
32514
32452
32429
32326
32483
32365
32354
32376
32411
32414
32357
32500
32352
32357
32372
32438
32397
32339
32363
32467
32403
32376
32367
32449
32472
32435
32488
32300
32380
32375
32471
32405
32285
32402
32288
32438
32462
32316
32401
32497
32396
32387
32423
32474
32436
32446
32493
32438
32318
32348
32463
32383
32496
32350
32395
32369
32495
32419
32276
32358
32469
32296
32417
32415
32420
32411
32453
32357
32351
32494
32421
32455
32430
32469
32472
32394
32545
32479
32466
32415
32442
32444
32394
32410
32452
32405
32476
32449
32409
32454
32452
32487
32487
32442
32291
32409
32518
32330
32351
32437
32399
32378
32456
32468
32423
32504
32425
32429
32385
32491
32481
32378
32554
32367
32375
32457
32401
32432
32335
32448
32498
32379
32360
32402
32455
32482
32465
32355
32488
32487
32458
32467
32403
32392
32501
32471
32421
32476
32461
32466
32385
32443
32453
32311
32397
32496
32361
32403
32332
32494
32473
32333
32434
32446
32438
32440
32427
32469
32407
32447
32442
32456
32385
32447
32497
32429
32380
32358
32502
32442
32447
32498
32419
32437
32380
32418
32358
32498
32319
32357
32514
32474
32415
32417
32410
32385
32435
32402
32446
32390
32400
32450
32383
32390
32423
32455
32418
32397
32408
32374
32442
32373
32475
32498
32461
32345
32386
32497
32471
32447
32387
32398
32285
32512
32497
32402
32434
32379
32433
32430
32328
32527
32501
32490
32312
32419
32413
32411
32478
32436
32400
32501
32452
32542
32411
32419
32283
32380
32440
32360
32377
32403
32440
32333
32439
32398
32388
32400
32518
32435
32489
32527
32489
32350
32325
32439
32433
32480
32427
32390
32420
32383
32447
32494
32413
32477
32433
32512
32472
32486
32367
32574
32296
32464
32520
32433
32467
32408
32372
32386
32448
32382
32422
32416
32421
32413
32427
32365
32422
32405
32416
32434
32393
32487
32509
32412
32484
32412
32430
32468
32438
32466
32441
32413
32397
32457
32509
32481
32394
32410
32426
32474
32371
32514
32372
32468
32317
32523
32449
32419
32426
32449
32444
32454
32374
32450
32361
32321
32456
32446
32530
32403
32366
32435
32440
32347
32431
32466
32458
32523
32381
32373
32400
32455
32532
32457
32438
32376
32418
32329
32321
32459
32495
32519
32446
32408
32525
32499
32547
32548
32348
32476
32435
32407
32453
32460
32491
32422
32366
32438
32472
32450
32363
32438
32412
32437
32518
32416
32366
32458
32514
32488
32435
32474
32524
32519
32472
32478
32364
32476
32458
32420
32386
32426
32421
32492
32472
32387
32347
32376
32520
32450
32402
32402
32420
32448
32447
32473
32349
32454
32414
32486
32438
32361
32352
32422
32462
32434
32408
32445
32419
32294
32403
32522
32348
32386
32394
32431
32431
32412
32408
32482
32455
32418
32508
32485
32466
32377
32426
32383
32451
32419
32468
32412
32415
32405
32452
32427
32464
32477
32398
32354
32457
32453
32393
32524
32486
32451
32391
32439
32385
32416
32434
32340
32499
32401
32433
32423
32427
32431
32430
32462
32475
32447
32379
32351
32402
32392
32355
32411
32503
32415
32509
32453
32439
32465
32344
32517
32507
32464
32375
32386
32372
32354
32507
32514
32486
32453
32463
32450
32412
32330
32428
32420
32541
32404
32506
32415
32515
32505
32410
32427
32407
32526
32451
32487
32376
32354
32394
32541
32437
32373
32380
32480
32411
32521
32455
32323
32451
32422
32405
32376
32454
32503
32378
32390
32382
32378
32384
32512
32488
32376
32320
32416
32525
32454
32428
32504
32600
32377
32413
32452
32386
32383
32370
32412
32456
32429
32509
32359
32511
32465
32521
32548
32469
32538
32515
32420
32462
32408
32489
32547
32338
32427
32403
32532
32447
32559
32480
32412
32390
32322
32430
32424
32403
32486
32350
32421
32473
32425
32470
32371
32520
32416
32370
32365
32383
32395
32439
32484
32372
32357
32445
32352
32360
32450
32404
32426
32428
32416
32493
32430
32446
32444
32329
32494
32323
32390
32414
32451
32460
32372
32461
32490
32537
32401
32432
32399
32480
32461
32425
32496
32521
32505
32435
32443
32489
32536
32443
32369
32529
32429
32460
32450
32443
32393
32485
32481
32471
32505
32463
32417
32504
32518
32377
32468
32424
32453
32425
32324
32364
32394
32417
32406
32476
32355
32372
32336
32374
32320
32545
32371
32446
32356
32470
32337
32498
32424
32404
32445
32411
32441
32478
32531
32443
32584
32511
32394
32388
32388
32379
32411
32447
32412
32508
32448
32387
32411
32548
32536
32404
32505
32368
32450
32434
32558
32464
32346
32527
32434
32443
32489
32548
32502
32449
32411
32469
32324
32476
32311
32411
32462
32473
32493
32499
32407
32400
32360
32324
32443
32493
32561
32351
32435
32431
32431
32348
32434
32371
32389
32372
32501
32475
32481
32468
32366
32455
32468
32471
32507
32454
32451
32438
32496
32522
32434
32378
32475
32383
32426
32531
32443
32439
32392
32425
32448
32383
32447
32433
32459
32421
32484
32431
32515
32419
32519
32512
32263
32333
32415
32430
32381
32478
32472
32459
32500
32451
32495
32338
32376
32497
32322
32475
32400
32434
32365
32466
32474
32529
32279
32428
32394
32401
32491
32532
32479
32464
32401
32415
32468
32465
32421
32430
32454
32503
32438
32430
32466
32394
32463
32450
32450
32453
32448
32484
32413
32541
32427
32483
32416
32495
32356
32339
32520
32407
32473
32496
32467
32425
32510
32542
32431
32487
32449
32493
32447
32470
32397
32330
32487
32399
32407
32432
32368
32460
32508
32493
32395
32412
32370
32374
32505
32508
32352
32512
32472
32427
32301
32475
32431
32385
32354
32388
32391
32430
32396
32475
32422
32413
32406
32402
32442
32395
32400
32401
32357
32413
32441
32369
32414
32521
32480
32500
32482
32510
32295
32452
32510
32396
32455
32459
32422
32427
32475
32475
32328
32366
32455
32496
32555
32413
32375
32500
32369
32378
32465
32408
32423
32441
32454
32364
32409
32428
32370
32384
32440
32525
32462
32426
32457
32415
32385
32356
32419
32391
32406
32502
32396
32338
32468
32384
32409
32435
32432
32314
32409
32359
32352
32408
32396
32419
32442
32465
32414
32429
32370
32392
32402
32485
32495
32501
32418
32448
32465
32485
32492
32391
32408
32479
32350
32571
32424
32450
32474
32433
32534
32454
32442
32475
32448
32369
32401
32409
32510
32493
32428
32387
32415
32339
32456
32469
32494
32446
32379
32539
32407
32412
32367
32521
32347
32330
32416
32346
32456
32466
32477
32443
32381
32380
32450
32472
32572
32410
32449
32511
32479
32449
32325
32487
32391
32472
32472
32425
32435
32440
32483
32461
32390
32493
32460
32456
32464
32517
32465
32420
32372
32458
32415
32473
32428
32438
32403
32305
32456
32489
32529
32377
32455
32476
32430
32375
32405
32448
32491
32346
32421
32367
32442
32378
32461
32480
32310
32426
32356
32506
32430
32406
32505
32416
32535
32471
32439
32447
32491
32470
32413
32401
32456
32413
32513
32486
32416
32418
32399
32417
32490
32454
32559
32443
32397
32490
32524
32436
32409
32480
32402
32307
32489
32470
32361
32532
32472
32452
32430
32515
32401
32449
32445
32433
32390
32515
32397
32372
32364
32370
32395
32358
32514
32374
32387
32343
32363
32435
32416
32432
32291
32448
32416
32407
32446
32500
32460
32438
32433
32507
32360
32445
32407
32361
32450
32350
32415
32445
32443
32404
32423
32412
32431
32405
32458
32442
32406
32470
32425
32439
32403
32460
32303
32487
32414
32472
32441
32343
32332
32391
32511
32532
32417
32479
32461
32428
32522
32359
32510
32465
32393
32449
32455
32379
32469
32517
32417
32438
32535
32433
32372
32370
32471
32445
32347
32410
32333
32440
32405
32420
32509
32403
32384
32507
32433
32425
32376
32327
32448
32417
32439
32455
32408
32480
32390
32432
32531
32462
32518
32419
32396
32339
32448
32415
32410
32304
32573
32418
32468
32423
32470
32308
32442
32427
32319
32338
32477
32437
32468
32471
32413
32510
32327
32413
32423
32358
32536
32490
32397
32341
32465
32384
32480
32467
32497
32390
32316
32426
32436
32448
32401
32300
32443
32425
32488
32472
32514
32412
32403
32493
32439
32407
32439
32337
32485
32344
32438
32414
32461
32439
32383
32394
32448
32442
32394
32433
32383
32436
32511
32417
32375
32458
32467
32451
32440
32463
32403
32451
32409
32491
32417
32374
32439
32419
32435
32431
32471
32533
32569
32419
32428
32380
32481
32498
32503
32472
32440
32360
32419
32454
32322
32358
32454
32499
32429
32451
32438
32475
32401
32384
32297
32457
32385
32497
32387
32386
32473
32436
32370
32479
32435
32393
32461
32505
32493
32488
32431
32400
32432
32554
32528
32425
32480
32480
32406
32463
32551
32488
32476
32499
32448
32429
32480
32540
32446
32469
32498
32423
32454
32442
32467
32490
32479
32473
32460
32428
32475
32323
32518
32540
32459
32483
32422
32399
32408
32461
32412
32428
32461
32327
32358
32366
32492
32519
32447
32406
32432
32387
32442
32440
32464
32458
32402
32449
32418
32427
32444
32454
32299
32380
32423
32487
32528
32396
32416
32446
32307
32333
32377
32369
32391
32455
32329
32379
32429
32439
32431
32310
32453
32495
32516
32432
32356
32376
32448
32388
32417
32469
32336
32424
32372
32370
32420
32520
32465
32368
32382
32428
32408
32484
32388
32490
32509
32508
32383
32486
32470
32454
32451
32458
32428
32496
32394
32475
32498
32434
32448
32452
32496
32477
32370
32425
32447
32401
32352
32470
32365
32392
32427
32448
32408
32460
32496
32516
32368
32411
32408
32413
32423
32432
32416
32414
32368
32505
32447
32465
32440
32377
32418
32485
32302
32401
32516
32511
32407
32342
32457
32467
32455
32315
32439
32375
32487
32412
32382
32502
32336
32542
32461
32395
32501
32436
32512
32363
32464
32411
32373
32481
32427
32476
32342
32515
32450
32522
32435
32413
32408
32483
32483
32475
32399
32444
32379
32485
32430
32418
32447
32504
32442
32335
32490
32447
32423
32390
32443
32385
32472
32366
32495
32493
32458
32359
32405
32376
32369
32501
32547
32351
32521
32450
32415
32427
32457
32405
32514
32419
32399
32412
32395
32348
32406
32528
32532
32455
32378
32456
32381
32373
32353
32517
32352
32417
32486
32409
32414
32493
32546
32391
32422
32362
32426
32557
32487
32388
32363
32402
32466
32406
32374
32401
32488
32386
32442
32338
32378
32439
32387
32426
32384
32410
32463
32432
32508
32409
32456
32485
32433
32421
32373
32436
32449
32476
32436
32395
32435
32453
32490
32415
32392
32425
32333
32333
32442
32322
32478
32439
32374
32451
32387
32378
32447
32508
32430
32356
32389
32394
32423
32474
32403
32452
32476
32388
32436
32458
32296
32383
32403
32528
32550
32425
32491
32455
32360
32498
32325
32405
32496
32486
32320
32329
32402
32421
32429
32444
32382
32416
32366
32379
32402
32399
32301
32390
32477
32439
32431
32439
32372
32440
32477
32437
32342
32364
32378
32474
32414
32359
32327
32414
32462
32451
32403
32416
32409
32390
32423
32474
32378
32451
32474
32400
32367
32361
32336
32490
32467
32495
32386
32442
32469
32425
32387
32462
32392
32429
32498
32346
32355
32316
32434
32510
32436
32415
32254
32418
32333
32463
32319
32522
32362
32482
32451
32335
32442
32398
32485
32527
32500
32534
32465
32473
32340
32378
32414
32458
32495
32437
32372
32446
32348
32426
32395
32493
32381
32341
32350
32328
32330
32436
32438
32436
32346
32458
32537
32330
32401
32468
32434
32437
32400
32486
32376
32429
32303
32389
32322
32484
32478
32474
32454
32564
32439
32401
32442
32354
32453
32404
32497
32483
32427
32433
32353
32555
32374
32462
32434
32438
32446
32465
32376
32489
32410
32287
32389
32472
32304
32407
32430
32410
32444
32435
32430
32411
32462
32459
32490
32507
32490
32382
32476
32390
32472
32488
32403
32322
32432
32414
32418
32456
32518
32398
32395
32398
32363
32470
32510
32385
32451
32409
32385
32446
32519
32445
32460
32442
32410
32373
32403
32389
32444
32442
32334
32361
32386
32386
32400
32426
32440
32479
32391
32406
32342
32382
32322
32377
32405
32430
32538
32385
32427
32434
32387
32359
32374
32456
32484
32505
32366
32378
32407
32386
32387
32460
32356
32448
32298
32557
32416
32488
32457
32359
32333
32398
32449
32418
32536
32371
32311
32404
32477
32451
32394
32454
32487
32484
32413
32416
32468
32470
32478
32376
32469
32485
32466
32413
32504
32454
32454
32477
32442
32361
32398
32472
32364
32500
32437
32434
32395
32405
32369
32449
32384
32436
32474
32385
32422
32478
32410
32422
32421
32428
32398
32516
32524
32419
32502
32430
32374
32490
32489
32407
32428
32434
32424
32411
32370
32408
32465
32470
32510
32424
32363
32425
32394
32478
32538
32471
32463
32388
32441
32490
32448
32486
32425
32483
32400
32479
32513
32375
32470
32372
32455
32399
32513
32568
32519
32422
32461
32405
32398
32461
32426
32562
32491
32455
32425
32407
32357
32460
32374
32355
32538
32389
32327
32446
32477
32383
32452
32353
32360
32391
32482
32399
32406
32499
32442
32315
32414
32452
32337
32358
32434
32376
32455
32384
32374
32410
32377
32474
32372
32416
32412
32511
32303
32505
32521
32505
32456
32328
32455
32300
32427
32439
32462
32413
32456
32376
32441
32448
32369
32437
32393
32418
32497
32317
32438
32376
32401
32380
32383
32427
32491
32356
32310
32442
32484
32409
32474
32499
32403
32396
32372
32418
32493
32412
32469
32390
32374
32418
32516
32371
32411
32469
32491
32493
32474
32361
32495
32536
32368
32475
32504
32417
32417
32428
32358
32489
32513
32440
32415
32448
32414
32414
32411
32408
32483
32486
32435
32437
32432
32365
32423
32476
32402
32381
32398
32408
32466
32441
32542
32368
32439
32409
32516
32459
32445
32474
32550
32511
32437
32420
32460
32400
32453
32352
32460
32427
32451
32438
32466
32489
32450
32455
32393
32460
32418
32332
32450
32489
32445
32429
32380
32466
32365
32475
32333
32311
32393
32468
32358
32428
32385
32445
32439
32392
32413
32507
32374
32273
32434
32467
32482
32407
32401
32419
32329
32515
32398
32511
32494
32376
32497
32526
32418
32460
32344
32387
32440
32372
32492
32429
32512
32354
32426
32368
32447
32428
32409
32410
32447
32504
32357
32453
32398
32352
32422
32458
32397
32369
32449
32475
32455
32480
32515
32429
32454
32418
32412
32371
32405
32367
32396
32493
32416
32402
32398
32355
32355
32465
32387
32550
32428
32427
32376
32505
32430
32510
32325
32361
32420
32353
32422
32382
32434
32355
32475
32517
32390
32392
32473
32390
32352
32393
32399
32467
32406
32482
32438
32486
32463
32471
32428
32389
32420
32380
32386
32387
32390
32401
32417
32361
32448
32508
32395
32441
32370
32429
32431
32340
32443
32414
32405
32485
32423
32429
32398
32368
32519
32303
32345
32398
32415
32380
32383
32363
32432
32367
32436
32403
32426
32402
32442
32389
32466
32451
32420
32418
32469
32339
32387
32558
32422
32486
32451
32332
32344
32472
32512
32397
32371
32471
32438
32361
32554
32446
32350
32380
32413
32498
32463
32353
32460
32360
32356
32401
32446
32521
32376
32446
32351
32487
32556
32521
32393
32488
32479
32459
32460
32332
32416
32355
32332
32458
32396
32313
32462
32364
32444
32471
32512
32420
32370
32388
32332
32405
32330
32399
32376
32437
32443
32430
32406
32473
32451
32521
32574
32419
32473
32424
32392
32512
32506
32426
32396
32397
32429
32422
32356
32502
32435
32346
32350
32387
32488
32426
32309
32467
32525
32513
32469
32468
32406
32450
32556
32472
32392
32406
32531
32382
32452
32441
32491
32500
32394
32366
32352
32421
32493
32442
32444
32527
32397
32458
32352
32366
32352
32362
32336
32451
32452
32376
32457
32405
32325
32389
32425
32362
32431
32517
32352
32428
32473
32388
32409
32499
32443
32535
32385
32518
32396
32396
32393
32326
32378
32450
32436
32432
32539
32475
32361
32359
32430
32385
32315
32555
32423
32463
32464
32498
32392
32465
32363
32408
32361
32456
32394
32400
32474
32430
32360
32474
32408
32444
32401
32353
32548
32416
32386
32474
32449
32391
32382
32392
32488
32432
32497
32421
32508
32491
32379
32482
32506
32429
32418
32381
32406
32420
32379
32488
32404
32488
32480
32422
32462
32462
32339
32391
32476
32529
32500
32409
32473
32374
32459
32425
32495
32347
32373
32483
32371
32445
32473
32398
32423
32494
32351
32437
32355
32383
32325
32326
32412
32388
32431
32408
32488
32508
32452
32309
32448
32475
32440
32494
32444
32479
32477
32538
32440
32520
32369
32398
32548
32352
32375
32430
32421
32457
32407
32413
32364
32351
32379
32418
32406
32474
32455
32414
32409
32390
32461
32477
32473
32434
32434
32418
32441
32365
32450
32446
32473
32486
32448
32349
32438
32388
32529
32393
32460
32337
32429
32345
32441
32391
32510
32465
32464
32367
32466
32439
32528
32359
32513
32463
32281
32430
32254
32427
32403
32488
32458
32338
32368
32389
32472
32442
32490
32473
32520
32498
32317
32478
32334
32460
32427
32356
32439
32395
32285
32410
32376
32459
32362
32426
32480
32345
32520
32519
32407
32481
32432
32415
32411
32369
32385
32346
32394
32481
32490
32376
32385
32443
32480
32377
32418
32476
32310
32475
32450
32566
32537
32512
32363
32342
32371
32444
32416
32365
32386
32350
32487
32460
32470
32547
32464
32480
32416
32430
32364
32399
32422
32488
32437
32463
32415
32438
32502
32524
32449
32384
32417
32395
32441
32357
32508
32408
32428
32377
32501
32342
32370
32331
32411
32428
32403
32368
32333
32346
32401
32416
32490
32422
32432
32506
32455
32505
32392
32361
32516
32364
32318
32464
32402
32555
32417
32380
32397
32432
32429
32345
32468
32478
32432
32317
32468
32383
32389
32384
32437
32487
32478
32455
32439
32370
32360
32424
32465
32486
32564
32463
32479
32342
32442
32323
32409
32425
32338
32482
32466
32396
32420
32433
32484
32316
32471
32484
32424
32437
32468
32344
32380
32504
32455
32434
32455
32530
32321
32401
32495
32468
32484
32361
32496
32510
32481
32418
32439
32504
32396
32494
32468
32330
32471
32519
32354
32443
32413
32406
32384
32359
32374
32504
32445
32282
32424
32457
32414
32426
32375
32454
32455
32317
32406
32516
32483
32377
32422
32366
32307
32489
32437
32448
32344
32500
32405
32292
32495
32454
32419
32504
32473
32423
32416
32441
32480
32370
32373
32399
32398
32344
32415
32419
32456
32367
32438
32446
32389
32489
32471
32388
32444
32477
32373
32467
32433
32392
32465
32319
32463
32342
32442
32380
32467
32501
32461
32474
32358
32495
32403
32453
32386
32387
32488
32436
32381
32443
32411
32452
32517
32524
32404
32344
32360
32469
32281
32474
32374
32359
32399
32347
32382
32326
32423
32284
32528
32359
32436
32507
32426
32320
32442
32446
32397
32377
32445
32423
32403
32388
32419
32393
32509
32411
32433
32428
32438
32491
32470
32375
32377
32526
32380
32430
32321
32500
32365
32481
32373
32381
32504
32505
32378
32432
32411
32445
32421
32459
32538
32424
32429
32397
32475
32397
32471
32339
32440
32407
32441
32486
32526
32413
32473
32466
32415
32467
32418
32471
32388
32406
32402
32376
32285
32401
32398
32408
32480
32439
32415
32442
32409
32406
32442
32423
32404
32474
32500
32432
32414
32456
32358
32444
32455
32436
32387
32482
32485
32370
32378
32440
32390
32391
32382
32425
32384
32431
32445
32474
32428
32353
32406
32395
32479
32328
32474
32510
32437
32557
32497
32523
32442
32383
32366
32334
32457
32419
32477
32503
32404
32422
32403
32498
32531
32463
32412
32480
32392
32503
32509
32435
32431
32423
32482
32466
32418
32478
32500
32456
32378
32398
32390
32456
32423
32444
32372
32522
32437
32448
32483
32518
32500
32511
32404
32387
32437
32443
32415
32429
32415
32434
32441
32390
32469
32410
32396
32375
32433
32396
32335
32426
32414
32386
32449
32440
32433
32304
32431
32335
32472
32452
32399
32416
32464
32454
32502
32442
32496
32340
32386
32391
32389
32492
32400
32440
32383
32325
32361
32490
32509
32462
32324
32402
32438
32464
32342
32344
32349
32403
32469
32320
32408
32415
32530
32476
32436
32487
32495
32425
32396
32417
32460
32458
32510
32474
32415
32481
32430
32374
32315
32529
32477
32502
32489
32444
32388
32459
32386
32415
32398
32515
32394
32507
32416
32472
32508
32464
32447
32516
32505
32374
32434
32485
32346
32514
32428
32400
32437
32345
32353
32460
32474
32396
32417
32414
32431
32441
32389
32387
32374
32434
32505
32453
32420
32484
32362
32396
32407
32552
32464
32371
32403
32287
32429
32477
32412
32500
32429
32364
32403
32293
32370
32337
32470
32442
32401
32503
32496
32542
32441
32442
32388
32393
32475
32413
32381
32394
32466
32378
32400
32451
32409
32444
32513
32347
32523
32485
32402
32530
32388
32480
32432
32462
32488
32421
32395
32433
32337
32355
32407
32346
32428
32399
32454
32436
32448
32434
32381
32460
32469
32452
32447
32432
32400
32493
32314
32449
32533
32411
32405
32478
32319
32484
32509
32420
32369
32454
32497
32335
32444
32473
32491
32442
32378
32455
32408
32524
32348
32395
32382
32441
32381
32506
32528
32429
32419
32347
32451
32423
32509
32506
32470
32397
32399
32502
32466
32441
32433
32478
32407
32480
32482
32436
32474
32366
32373
32339
32530
32425
32408
32503
32454
32377
32376
32472
32435
32317
32427
32397
32456
32462
32386
32461
32381
32464
32414
32414
32380
32451
32548
32438
32439
32459
32459
32490
32274
32450
32370
32407
32513
32457
32403
32438
32445
32418
32418
32450
32547
32504
32439
32373
32432
32455
32493
32356
32326
32343
32360
32535
32426
32376
32397
32397
32544
32448
32430
32466
32392
32495
32412
32416
32397
32384
32420
32449
32369
32430
32354
32411
32364
32457
32451
32433
32327
32522
32483
32399
32526
32401
32496
32391
32430
32366
32377
32477
32431
32299
32415
32460
32379
32436
32342
32512
32465
32410
32419
32455
32480
32435
32344
32508
32476
32382
32339
32533
32440
32420
32505
32500
32429
32472
32426
32491
32507
32428
32407
32435
32469
32429
32486
32334
32432
32452
32440
32380
32439
32473
32409
32471
32489
32530
32447
32453
32398
32426
32464
32437
32425
32351
32363
32318
32428
32390
32351
32407
32471
32407
32399
32478
32358
32415
32497
32288
32455
32308
32417
32563
32516
32468
32503
32452
32429
32375
32355
32448
32539
32511
32444
32416
32537
32434
32441
32378
32518
32411
32480
32468
32439
32373
32338
32446
32439
32413
32404
32452
32419
32432
32401
32357
32337
32413
32395
32438
32411
32483
32508
32477
32449
32375
32272
32474
32439
32377
32365
32548
32414
32400
32413
32460
32461
32485
32366
32427
32387
32492
32500
32450
32397
32461
32483
32368
32395
32439
32498
32451
32407
32442
32415
32315
32382
32471
32326
32345
32466
32406
32458
32503
32420
32334
32446
32401
32372
32408
32386
32415
32400
32330
32563
32400
32407
32490
32400
32387
32435
32418
32522
32489
32570
32366
32384
32382
32452
32429
32475
32362
32400
32411
32484
32473
32440
32351
32445
32463
32433
32491
32372
32353
32382
32471
32395
32428
32291
32423
32518
32331
32361
32501
32501
32452
32446
32451
32406
32404
32404
32411
32409
32419
32421
32404
32416
32408
32480
32332
32458
32522
32485
32431
32446
32457
32497
32412
32566
32436
32496
32478
32379
32447
32326
32421
32429
32447
32512
32483
32437
32498
32409
32492
32438
32481
32494
32501
32352
32497
32465
32512
32454
32457
32414
32406
32483
32498
32391
32410
32426
32442
32464
32436
32413
32495
32375
32404
32321
32417
32404
32447
32471
32334
32371
32428
32496
32448
32470
32484
32374
32386
32512
32451
32442
32375
32414
32389
32537
32342
32427
32413
32454
32484
32304
32404
32454
32565
32364
32365
32497
32381
32447
32360
32386
32493
32503
32363
32375
32360
32363
32348
32356
32515
32458
32401
32549
32400
32420
32457
32430
32449
32437
32456
32497
32358
32377
32383
32468
32485
32436
32361
32461
32466
32497
32445
32393
32530
32418
32483
32387
32436
32492
32416
32408
32318
32454
32387
32393
32475
32557
32514
32347
32424
32456
32379
32461
32446
32519
32500
32476
32409
32460
32452
32387
32454
32341
32457
32392
32341
32381
32460
32374
32418
32494
32496
32452
32405
32420
32499
32513
32320
32394
32391
32363
32377
32452
32380
32366
32381
32390
32462
32382
32423
32367
32398
32509
32459
32427
32403
32400
32451
32425
32413
32372
32350
32377
32392
32537
32424
32403
32464
32476
32346
32453
32424
32351
32435
32432
32459
32407
32385
32443
32484
32404
32424
32451
32400
32334
32382
32458
32432
32387
32336
32440
32486
32411
32413
32367
32316
32391
32412
32387
32516
32523
32506
32396
32348
32437
32424
32352
32395
32433
32361
32449
32422
32384
32370
32389
32419
32455
32362
32445
32448
32548
32392
32435
32504
32434
32389
32450
32327
32377
32337
32415
32432
32432
32334
32337
32407
32296
32377
32474
32408
32381
32399
32416
32432
32387
32460
32454
32508
32507
32462
32427
32387
32491
32396
32386
32399
32442
32419
32400
32455
32520
32371
32513
32380
32458
32325
32477
32407
32442
32360
32440
32398
32419
32436
32397
32304
32381
32417
32378
32449
32406
32330
32320
32434
32393
32324
32462
32388
32367
32395
32426
32497
32491
32423
32366
32399
32458
32472
32355
32546
32405
32502
32410
32346
32479
32475
32461
32363
32400
32370
32475
32445
32487
32492
32518
32451
32519
32527
32473
32442
32397
32411
32358
32451
32425
32375
32381
32378
32359
32457
32326
32362
32491
32534
32373
32499
32494
32412
32500
32464
32477
32372
32480
32487
32493
32483
32553
32486
32358
32467
32411
32388
32582
32394
32432
32426
32507
32396
32502
32362
32346
32330
32448
32426
32480
32415
32418
32442
32413
32361
32416
32496
32434
32323
32507
32489
32452
32395
32512
32361
32473
32419
32369
32548
32413
32515
32404
32427
32361
32458
32481
32415
32420
32428
32364
32408
32445
32493
32447
32475
32463
32425
32528
32390
32460
32566
32467
32409
32445
32371
32335
32402
32493
32490
32475
32445
32421
32485
32486
32426
32401
32375
32422
32432
32492
32493
32489
32393
32442
32448
32491
32391
32349
32445
32397
32376
32462
32544
32357
32300
32408
32350
32474
32450
32379
32385
32407
32425
32469
32485
32429
32546
32418
32395
32376
32429
32451
32393
32362
32362
32432
32420
32411
32346
32397
32426
32422
32375
32374
32383
32442
32349
32407
32407
32412
32426
32394
32438
32495
32429
32453
32288
32419
32340
32342
32363
32332
32457
32429
32410
32415
32513
32476
32414
32411
32375
32490
32439
32490
32447
32405
32498
32346
32385
32491
32406
32540
32419
32368
32376
32467
32478
32469
32435
32394
32471
32364
32415
32388
32483
32399
32447
32350
32482
32283
32421
32396
32395
32430
32402
32359
32356
32463
32441
32516
32509
32550
32352
32536
32495
32427
32429
32489
32398
32517
32463
32427
32473
32397
32480
32412
32480
32406
32373
32432
32385
32349
32341
32441
32386
32306
32510
32420
32350
32408
32517
32470
32425
32366
32482
32572
32453
32410
32390
32401
32303
32390
32479
32546
32447
32417
32391
32415
32447
32398
32427
32299
32462
32400
32498
32509
32500
32402
32410
32345
32310
32353
32366
32438
32449
32412
32362
32372
32486
32357
32387
32394
32399
32470
32432
32445
32488
32462
32397
32520
32390
32383
32338
32444
32415
32258
32406
32497
32411
32386
32358
32341
32460
32392
32386
32389
32508
32385
32332
32421
32395
32370
32454
32478
32444
32318
32457
32437
32494
32474
32442
32405
32344
32466
32507
32473
32430
32447
32344
32359
32465
32459
32433
32499
32462
32486
32472
32426
32371
32533
32333
32432
32458
32434
32356
32461
32429
32480
32399
32341
32510
32363
32474
32381
32516
32426
32454
32551
32485
32349
32454
32311
32321
32473
32287
32377
32435
32425
32406
32411
32420
32349
32480
32425
32320
32420
32372
32446
32427
32411
32343
32426
32499
32388
32430
32277
32413
32501
32332
32397
32442
32376
32409
32444
32408
32502
32419
32338
32377
32400
32391
32333
32416
32350
32382
32481
32392
32433
32311
32366
32406
32458
32396
32371
32311
32537
32413
32501
32384
32489
32466
32400
32416
32420
32372
32368
32487
32516
32343
32421
32454
32457
32429
32544
32351
32410
32381
32332
32467
32454
32524
32429
32376
32394
32384
32351
32450
32432
32434
32389
32418
32402
32508
32501
32442
32334
32404
32410
32377
32357
32341
32435
32439
32347
32374
32354
32400
32449
32458
32414
32487
32467
32375
32301
32485
32413
32436
32441
32400
32381
32434
32328
32447
32426
32405
32376
32410
32432
32424
32418
32493
32404
32422
32424
32407
32481
32371
32379
32486
32411
32394
32438
32384
32437
32366
32428
32378
32328
32409
32399
32396
32429
32409
32456
32452
32355
32403
32413
32378
32394
32399
32409
32414
32498
32364
32423
32390
32459
32415
32480
32369
32358
32378
32396
32459
32333
32478
32341
32350
32412
32428
32387
32398
32427
32360
32432
32380
32309
32452
32366
32403
32438
32433
32455
32465
32447
32357
32425
32438
32460
32468
32351
32505
32289
32344
32424
32352
32475
32230
32436
32440
32456
32451
32380
32319
32351
32414
32323
32382
32397
32428
32353
32380
32284
32458
32366
32267
32432
32415
32398
32307
32430
32446
32415
32439
32400
32342
32426
32326
32357
32369
32378
32477
32333
32347
32356
32479
32426
32431
32372
32441
32385
32442
32396
32403
32391
32378
32352
32444
32407
32360
32488
32486
32438
32498
32420
32499
32439
32405
32452
32358
32388
32548
32378
32360
32369
32408
32350
32496
32369
32537
32390
32359
32393
32513
32416
32409
32401
32344
32429
32411
32349
32440
32384
32479
32375
32414
32388
32440
32413
32400
32320
32399
32414
32399
32401
32448
32442
32435
32393
32341
32372
32423
32338
32404
32423
32376
32436
32408
32413
32335
32386
32458
32498
32382
32508
32485
32363
32368
32439
32340
32273
32421
32481
32389
32400
32441
32436
32419
32296
32401
32479
32323
32489
32354
32342
32421
32371
32529
32437
32433
32372
32420
32368
32370
32371
32486
32510
32308
32435
32401
32377
32351
32442
32409
32392
32403
32458
32445
32534
32400
32287
32288
32400
32386
32439
32459
32403
32343
32448
32504
32456
32473
32303
32372
32427
32432
32458
32538
32465
32308
32455
32416
32403
32429
32391
32500
32411
32440
32456
32285
32419
32500
32453
32531
32457
32421
32368
32368
32401
32418
32499
32477
32413
32485
32511
32449
32479
32374
32418
32453
32354
32349
32295
32432
32423
32391
32393
32385
32441
32382
32362
32390
32414
32351
32375
32492
32471
32317
32428
32351
32461
32374
32367
32418
32340
32428
32431
32319
32407
32386
32434
32474
32395
32351
32361
32424
32446
32439
32501
32365
32444
32419
32431
32420
32511
32462
32478
32543
32380
32440
32526
32467
32487
32539
32480
32465
32482
32425
32376
32382
32477
32479
32437
32345
32466
32442
32340
32355
32404
32315
32408
32399
32371
32446
32383
32438
32401
32368
32460
32463
32438
32426
32429
32411
32441
32448
32440
32469
32383
32406
32481
32461
32476
32472
32472
32422
32459
32418
32458
32389
32354
32413
32485
32406
32403
32463
32558
32490
32419
32415
32403
32427
32517
32456
32543
32399
32447
32383
32436
32439
32337
32483
32434
32406
32369
32497
32538
32425
32402
32464
32411
32300
32444
32448
32409
32432
32380
32369
32332
32401
32431
32387
32422
32451
32483
32332
32373
32377
32419
32408
32321
32445
32408
32410
32442
32460
32443
32355
32499
32469
32417
32520
32362
32397
32461
32448
32484
32484
32319
32360
32382
32542
32389
32490
32393
32364
32412
32427
32576
32493
32501
32416
32478
32409
32404
32365
32470
32369
32453
32394
32436
32493
32424
32450
32383
32350
32313
32413
32367
32439
32387
32391
32377
32465
32368
32369
32421
32447
32420
32324
32432
32446
32332
32485
32394
32471
32414
32370
32445
32397
32447
32390
32461
32419
32442
32318
32479
32412
32420
32483
32390
32455
32505
32394
32439
32379
32452
32401
32402
32437
32402
32371
32350
32426
32413
32464
32494
32384
32382
32391
32368
32451
32371
32418
32415
32265
32323
32451
32415
32452
32464
32459
32344
32423
32444
32486
32424
32439
32430
32418
32446
32340
32413
32352
32410
32371
32495
32426
32425
32374
32468
32343
32343
32398
32370
32412
32326
32491
32429
32446
32440
32520
32442
32452
32448
32433
32399
32485
32512
32488
32474
32310
32446
32457
32380
32400
32432
32395
32493
32459
32443
32392
32436
32439
32536
32452
32439
32310
32479
32446
32494
32432
32350
32410
32377
32416
32490
32365
32446
32390
32397
32446
32460
32374
32434
32391
32459
32479
32418
32506
32496
32458
32333
32517
32443
32453
32412
32400
32406
32438
32474
32421
32477
32398
32407
32422
32362
32397
32400
32472
32474
32462
32435
32392
32388
32500
32413
32315
32342
32391
32440
32416
32462
32356
32309
32473
32510
32397
32406
32406
32529
32458
32428
32391
32499
32308
32403
32529
32498
32376
32389
32371
32379
32417
32421
32376
32491
32497
32478
32456
32411
32526
32443
32368
32413
32440
32386
32434
32336
32400
32475
32384
32460
32535
32477
32389
32281
32386
32449
32461
32347
32436
32516
32503
32339
32311
32465
32420
32359
32354
32318
32379
32424
32395
32502
32541
32389
32373
32386
32383
32421
32440
32571
32536
32411
32430
32347
32394
32371
32417
32401
32478
32458
32422
32345
32443
32470
32458
32340
32467
32471
32444
32394
32438
32496
32424
32394
32423
32414
32520
32470
32448
32472
32388
32493
32312
32495
32519
32515
32442
32464
32481
32478
32394
32374
32511
32429
32290
32377
32323
32489
32419
32365
32374
32346
32445
32315
32434
32340
32412
32406
32407
32355
32426
32294
32462
32444
32389
32454
32386
32448
32403
32385
32416
32368
32484
32304
32393
32480
32375
32332
32387
32485
32433
32342
32417
32377
32390
32488
32384
32369
32404
32433
32437
32417
32312
32417
32392
32401
32444
32423
32444
32487
32399
32424
32498
32426
32373
32463
32393
32424
32388
32425
32395
32485
32443
32468
32369
32393
32376
32414
32419
32464
32394
32374
32447
32442
32518
32409
32404
32438
32390
32335
32344
32455
32446
32419
32368
32431
32489
32531
32530
32452
32421
32351
32387
32407
32292
32475
32412
32237
32421
32409
32468
32554
32438
32413
32438
32483
32373
32355
32451
32486
32465
32442
32418
32460
32451
32372
32395
32403
32409
32461
32278
32458
32379
32428
32475
32508
32307
32434
32453
32436
32450
32473
32368
32409
32510
32425
32338
32411
32466
32381
32394
32367
32522
32390
32303
32417
32430
32373
32378
32399
32407
32475
32396
32439
32381
32531
32424
32404
32353
32348
32447
32311
32345
32481
32478
32379
32486
32374
32365
32395
32460
32380
32426
32451
32410
32418
32476
32462
32408
32348
32469
32454
32393
32407
32509
32370
32390
32418
32543
32448
32377
32473
32444
32397
32390
32390
32445
32338
32378
32469
32478
32454
32378
32410
32495
32477
32372
32490
32441
32375
32286
32418
32480
32483
32377
32364
32424
32426
32443
32360
32482
32348
32462
32417
32436
32315
32373
32353
32392
32402
32389
32377
32412
32492
32381
32469
32383
32379
32296
32410
32422
32443
32392
32389
32347
32380
32334
32353
32357
32458
32422
32374
32359
32477
32415
32448
32377
32355
32575
32328
32402
32501
32497
32343
32469
32448
32461
32396
32466
32464
32320
32394
32431
32390
32325
32409
32481
32371
32449
32424
32454
32441
32350
32482
32469
32396
32551
32547
32460
32355
32317
32357
32428
32392
32495
32403
32445
32379
32489
32418
32432
32535
32462
32465
32414
32448
32377
32397
32422
32516
32441
32489
32467
32451
32366
32401
32419
32508
32336
32387
32353
32445
32452
32437
32412
32358
32425
32400
32375
32390
32424
32465
32392
32374
32342
32422
32498
32422
32450
32455
32328
32464
32481
32399
32477
32443
32513
32371
32400
32327
32425
32432
32463
32463
32399
32423
32402
32440
32418
32384
32438
32379
32475
32367
32469
32449
32370
32386
32457
32392
32435
32342
32361
32402
32436
32405
32433
32430
32422
32389
32454
32420
32501
32355
32415
32397
32474
32311
32349
32455
32400
32433
32408
32391
32454
32490
32464
32562
32350
32385
32421
32341
32424
32489
32476
32446
32403
32441
32352
32470
32477
32431
32380
32367
32427
32397
32341
32439
32412
32441
32335
32366
32362
32407
32382
32449
32392
32556
32432
32425
32296
32523
32400
32424
32389
32456
32501
32446
32443
32357
32479
32432
32397
32360
32487
32353
32438
32425
32428
32407
32473
32472
32478
32460
32398
32291
32451
32370
32421
32406
32502
32439
32395
32454
32385
32404
32416
32386
32306
32355
32433
32447
32386
32452
32520
32377
32337
32434
32382
32382
32370
32422
32428
32394
32367
32389
32369
32456
32384
32327
32366
32391
32460
32441
32334
32422
32312
32411
32377
32454
32362
32377
32374
32412
32323
32440
32409
32397
32394
32451
32545
32330
32423
32384
32389
32373
32365
32473
32470
32433
32508
32366
32379
32477
32477
32439
32403
32474
32462
32405
32414
32519
32364
32448
32398
32407
32372
32399
32444
32412
32430
32453
32444
32501
32291
32335
32444
32476
32431
32330
32411
32342
32354
32496
32368
32360
32329
32402
32412
32408
32532
32505
32402
32367
32448
32427
32521
32435
32341
32319
32244
32441
32465
32369
32536
32352
32402
32535
32371
32350
32379
32477
32342
32466
32436
32358
32383
32426
32369
32434
32456
32386
32411
32437
32322
32460
32351
32394
32472
32481
32349
32359
32428
32472
32360
32454
32403
32488
32388
32317
32374
32451
32462
32348
32407
32438
32382
32386
32357
32397
32382
32407
32490
32376
32480
32337
32408
32458
32339
32370
32365
32431
32412
32501
32382
32415
32380
32491
32427
32424
32508
32485
32484
32471
32478
32430
32416
32410
32454
32354
32411
32513
32464
32483
32546
32410
32484
32486
32385
32381
32447
32454
32403
32428
32481
32445
32456
32406
32380
32432
32368
32487
32333
32455
32393
32487
32499
32420
32505
32329
32434
32401
32361
32507
32413
32481
32489
32529
32557
32334
32402
32407
32497
32437
32521
32387
32424
32428
32444
32464
32417
32312
32466
32348
32400
32371
32498
32515
32395
32447
32393
32417
32375
32374
32520
32374
32447
32467
32463
32412
32457
32321
32443
32343
32538
32391
32480
32481
32343
32424
32401
32340
32485
32415
32497
32386
32380
32321
32435
32477
32367
32439
32362
32433
32354
32516
32461
32374
32366
32405
32425
32409
32313
32477
32387
32451
32374
32494
32378
32344
32440
32395
32382
32451
32373
32432
32425
32433
32430
32369
32454
32430
32405
32402
32429
32499
32408
32467
32500
32488
32456
32459
32424
32363
32394
32359
32364
32405
32370
32354
32340
32371
32442
32380
32396
32455
32442
32362
32375
32392
32419
32445
32416
32424
32402
32405
32517
32470
32404
32427
32304
32452
32339
32413
32473
32402
32499
32439
32406
32454
32446
32346
32338
32521
32425
32422
32409
32327
32425
32419
32497
32437
32387
32397
32333
32445
32369
32404
32369
32499
32487
32449
32440
32315
32387
32477
32477
32437
32388
32446
32447
32432
32424
32314
32380
32466
32372
32402
32367
32409
32419
32345
32381
32425
32331
32313
32416
32438
32465
32372
32402
32494
32410
32334
32413
32464
32396
32418
32493
32412
32351
32347
32448
32482
32371
32422
32523
32477
32299
32451
32392
32477
32352
32376
32395
32386
32424
32398
32459
32321
32439
32415
32366
32447
32412
32363
32442
32334
32399
32489
32388
32395
32414
32452
32385
32425
32422
32385
32394
32467
32485
32407
32491
32411
32448
32428
32345
32368
32421
32379
32442
32439
32448
32414
32328
32449
32428
32517
32479
32434
32408
32543
32413
32453
32446
32506
32384
32409
32479
32343
32411
32527
32536
32422
32432
32426
32385
32358
32410
32440
32400
32442
32481
32458
32385
32384
32382
32495
32283
32304
32415
32408
32453
32436
32417
32407
32506
32383
32397
32493
32368
32502
32471
32511
32498
32472
32437
32498
32416
32404
32439
32355
32438
32416
32396
32418
32478
32407
32313
32405
32457
32491
32388
32405
32516
32508
32320
32362
32341
32360
32423
32513
32443
32427
32318
32434
32430
32428
32406
32446
32436
32386
32512
32388
32495
32389
32308
32388
32454
32492
32499
32487
32435
32452
32426
32424
32425
32464
32415
32418
32458
32441
32476
32438
32406
32341
32430
32452
32374
32320
32518
32459
32422
32380
32323
32372
32414
32477
32331
32452
32544
32391
32435
32439
32382
32432
32426
32380
32414
32469
32349
32458
32382
32491
32469
32398
32452
32380
32377
32384
32525
32463
32319
32522
32381
32447
32505
32460
32435
32437
32438
32368
32360
32565
32381
32302
32471
32481
32366
32490
32551
32443
32376
32376
32524
32520
32410
32450
32384
32436
32424
32407
32422
32478
32416
32390
32430
32434
32479
32343
32442
32370
32368
32509
32407
32413
32481
32422
32495
32407
32357
32483
32487
32535
32419
32407
32458
32510
32578
32441
32478
32433
32332
32402
32447
32444
32474
32474
32342
32387
32401
32446
32394
32387
32492
32500
32375
32470
32385
32436
32493
32361
32442
32399
32551
32480
32462
32474
32462
32415
32500
32414
32478
32470
32404
32416
32432
32436
32385
32381
32382
32545
32413
32445
32382
32412
32398
32441
32382
32526
32467
32472
32427
32440
32387
32429
32438
32429
32471
32433
32458
32467
32444
32432
32461
32521
32450
32422
32493
32490
32477
32392
32532
32422
32356
32522
32400
32300
32439
32527
32483
32313
32453
32381
32356
32468
32584
32407
32442
32465
32415
32479
32398
32392
32388
32443
32448
32362
32364
32392
32449
32467
32434
32458
32430
32422
32399
32428
32461
32511
32379
32361
32401
32428
32310
32409
32375
32362
32259
32413
32407
32328
32380
32486
32395
32350
32456
32399
32407
32399
32345
32350
32283
32520
32452
32407
32429
32490
32366
32320
32290
32339
32381
32421
32439
32433
32397
32473
32477
32351
32387
32410
32436
32312
32342
32384
32434
32401
32502
32458
32417
32486
32360
32360
32436
32391
32458
32457
32430
32499
32415
32371
32417
32436
32435
32511
32502
32421
32471
32260
32435
32354
32340
32369
32469
32382
32443
32381
32488
32436
32330
32487
32410
32462
32492
32520
32447
32489
32440
32448
32443
32404
32403
32466
32414
32498
32505
32427
32458
32496
32425
32518
32433
32399
32473
32438
32444
32421
32436
32356
32346
32460
32417
32405
32423
32286
32391
32391
32405
32398
32398
32488
32385
32540
32503
32406
32374
32452
32447
32395
32520
32444
32436
32458
32351
32493
32456
32500
32415
32431
32392
32351
32395
32399
32335
32456
32507
32389
32331
32480
32456
32419
32412
32397
32328
32402
32438
32400
32441
32310
32352
32424
32373
32437
32387
32359
32423
32351
32514
32295
32397
32461
32454
32424
32358
32393
32477
32406
32442
32519
32463
32372
32461
32408
32487
32446
32369
32495
32493
32445
32445
32357
32414
32445
32440
32368
32350
32295
32354
32399
32351
32447
32485
32492
32481
32420
32539
32463
32456
32430
32375
32447
32433
32452
32423
32440
32415
32384
32394
32463
32443
32409
32363
32388
32458
32381
32310
32440
32412
32308
32504
32408
32456
32478
32455
32348
32409
32395
32399
32417
32447
32368
32428
32391
32361
32415
32494
32350
32394
32422
32404
32362
32445
32455
32422
32273
32399
32343
32422
32403
32349
32451
32413
32454
32359
32432
32309
32363
32374
32374
32459
32547
32432
32429
32507
32389
32317
32461
32402
32433
32434
32321
32349
32343
32368
32371
32383
32378
32440
32429
32340
32363
32426
32454
32316
32394
32329
32454
32395
32441
32323
32376
32355
32483
32368
32329
32430
32441
32441
32463
32343
32462
32403
32474
32429
32493
32448
32437
32399
32478
32435
32458
32423
32421
32341
32324
32448
32459
32378
32331
32444
32402
32393
32439
32443
32423
32422
32404
32451
32408
32425
32468
32452
32285
32463
32373
32408
32419
32443
32356
32453
32481
32415
32388
32533
32430
32407
32410
32496
32372
32441
32482
32457
32415
32325
32273
32455
32520
32358
32371
32457
32397
32415
32374
32493
32388
32405
32469
32393
32418
32398
32409
32464
32517
32374
32401
32370
32380
32432
32356
32294
32411
32420
32474
32403
32477
32405
32402
32337
32380
32394
32492
32458
32381
32403
32484
32521
32447
32474
32413
32447
32490
32528
32406
32465
32426
32391
32516
32308
32389
32385
32357
32453
32380
32486
32531
32373
32390
32348
32428
32472
32380
32374
32448
32529
32430
32361
32379
32527
32403
32390
32386
32418
32423
32385
32387
32414
32441
32457
32440
32417
32352
32443
32460
32462
32382
32412
32463
32432
32413
32351
32433
32431
32493
32427
32373
32479
32383
32276
32341
32462
32497
32444
32414
32335
32229
32510
32380
32353
32376
32275
32425
32426
32415
32452
32310
32473
32375
32487
32434
32425
32388
32440
32490
32438
32463
32340
32370
32444
32461
32369
32439
32408
32390
32421
32410
32502
32492
32484
32508
32447
32421
32419
32520
32408
32338
32410
32378
32420
32433
32414
32457
32367
32492
32331
32448
32352
32346
32469
32367
32340
32346
32367
32407
32458
32435
32550
32498
32456
32381
32367
32442
32405
32358
32448
32383
32445
32449
32344
32435
32352
32465
32447
32364
32453
32465
32459
32476
32410
32387
32384
32383
32392
32338
32374
32382
32448
32381
32412
32353
32377
32496
32459
32485
32408
32367
32420
32451
32499
32357
32376
32495
32524
32501
32483
32386
32413
32367
32377
32482
32468
32520
32505
32478
32451
32480
32412
32460
32472
32418
32306
32339
32436
32421
32342
32325
32373
32294
32534
32427
32471
32446
32437
32440
32356
32477
32508
32452
32497
32434
32409
32424
32385
32406
32479
32347
32463
32445
32486
32331
32362
32368
32454
32437
32382
32380
32403
32426
32435
32468
32375
32417
32396
32530
32457
32269
32477
32488
32464
32407
32364
32435
32530
32381
32367
32461
32429
32401
32440
32457
32451
32423
32483
32417
32384
32446
32420
32489
32371
32455
32458
32463
32360
32454
32459
32382
32415
32428
32408
32329
32463
32373
32386
32533
32397
32312
32443
32466
32495
32396
32366
32447
32475
32461
32548
32371
32277
32385
32479
32436
32454
32386
32437
32442
32369
32405
32467
32398
32508
32496
32419
32367
32416
32492
32482
32394
32413
32449
32365
32373
32410
32410
32440
32368
32386
32391
32470
32504
32357
32382
32449
32321
32488
32547
32426
32546
32430
32367
32436
32459
32451
32402
32471
32384
32413
32448
32370
32478
32456
32453
32368
32374
32456
32525
32542
32407
32534
32384
32337
32458
32393
32485
32469
32494
32572
32459
32372
32299
32368
32480
32466
32334
32358
32504
32493
32467
32443
32504
32367
32472
32418
32350
32511
32512
32477
32437
32379
32440
32372
32469
32472
32402
32408
32392
32418
32389
32359
32447
32416
32401
32428
32394
32399
32448
32417
32488
32475
32397
32420
32499
32452
32366
32265
32474
32341
32416
32377
32476
32454
32346
32353
32360
32349
32527
32435
32333
32458
32407
32484
32440
32347
32383
32441
32373
32426
32433
32530
32492
32379
32371
32383
32470
32342
32463
32376
32384
32449
32374
32327
32442
32312
32418
32516
32410
32344
32400
32490
32504
32382
32375
32430
32446
32395
32328
32421
32357
32393
32307
32536
32473
32421
32561
32292
32430
32326
32426
32503
32399
32393
32451
32432
32481
32369
32508
32413
32493
32425
32427
32418
32431
32378
32369
32490
32392
32371
32476
32472
32521
32525
32399
32392
32357
32413
32477
32423
32428
32413
32449
32494
32464
32400
32415
32377
32489
32498
32558
32409
32442
32340
32438
32414
32409
32376
32340
32406
32416
32475
32356
32381
32414
32385
32407
32471
32520
32329
32411
32479
32329
32417
32414
32414
32368
32507
32417
32324
32382
32512
32420
32441
32492
32510
32417
32352
32415
32374
32478
32478
32511
32384
32422
32347
32373
32483
32451
32423
32329
32494
32373
32382
32436
32430
32498
32363
32473
32376
32413
32435
32419
32448
32400
32373
32544
32325
32388
32358
32484
32373
32329
32287
32341
32419
32443
32326
32492
32536
32370
32426
32369
32398
32421
32460
32318
32372
32429
32456
32388
32358
32446
32426
32520
32383
32388
32368
32446
32433
32402
32441
32379
32397
32407
32457
32411
32331
32410
32547
32470
32397
32407
32375
32448
32429
32419
32422
32468
32509
32429
32419
32490
32446
32433
32345
32408
32475
32393
32484
32469
32422
32424
32420
32304
32471
32415
32586
32358
32355
32516
32430
32381
32427
32372
32450
32474
32487
32489
32301
32442
32362
32460
32459
32477
32434
32364
32361
32419
32443
32510
32391
32412
32484
32330
32428
32434
32365
32465
32332
32393
32473
32446
32420
32376
32438
32504
32331
32381
32505
32399
32431
32463
32448
32326
32499
32406
32372
32381
32396
32454
32451
32524
32473
32535
32434
32420
32430
32462
32327
32508
32403
32437
32328
32438
32468
32437
32442
32493
32432
32331
32472
32464
32402
32410
32452
32439
32399
32275
32321
32421
32484
32434
32492
32336
32378
32424
32410
32519
32485
32453
32401
32386
32407
32510
32437
32287
32427
32399
32415
32509
32365
32380
32360
32385
32451
32401
32413
32374
32449
32395
32443
32447
32394
32419
32383
32433
32413
32419
32476
32406
32484
32421
32422
32402
32436
32448
32389
32425
32443
32460
32466
32356
32463
32411
32431
32275
32465
32422
32456
32393
32500
32454
32410
32479
32392
32413
32438
32416
32538
32368
32488
32397
32402
32437
32478
32437
32338
32416
32540
32519
32453
32458
32360
32349
32474
32499
32450
32382
32500
32425
32505
32368
32408
32384
32536
32427
32384
32475
32440
32480
32392
32391
32462
32389
32455
32390
32460
32349
32440
32386
32500
32462
32440
32388
32391
32412
32431
32394
32448
32510
32344
32415
32444
32424
32348
32347
32379
32385
32345
32403
32472
32444
32551
32465
32414
32374
32444
32392
32414
32363
32412
32412
32388
32422
32409
32416
32311
32431
32490
32449
32409
32471
32388
32409
32484
32375
32362
32346
32455
32365
32349
32503
32495
32496
32524
32414
32352
32439
32402
32364
32456
32395
32446
32382
32419
32385
32347
32522
32457
32403
32467
32415
32336
32516
32389
32391
32420
32410
32339
32352
32459
32432
32454
32379
32431
32388
32426
32470
32421
32455
32422
32431
32462
32404
32352
32499
32473
32429
32468
32494
32522
32368
32433
32357
32491
32390
32423
32371
32337
32441
32474
32353
32347
32425
32288
32408
32447
32386
32445
32455
32493
32479
32495
32459
32476
32460
32411
32431
32409
32354
32498
32423
32442
32367
32414
32357
32333
32474
32427
32478
32466
32435
32376
32379
32394
32392
32454
32386
32406
32466
32447
32396
32406
32364
32413
32419
32353
32506
32468
32405
32332
32447
32502
32423
32419
32367
32488
32410
32449
32450
32412
32378
32367
32414
32424
32394
32469
32474
32390
32500
32371
32342
32378
32371
32297
32394
32377
32416
32408
32439
32467
32400
32393
32442
32428
32366
32415
32440
32373
32512
32434
32359
32441
32281
32430
32481
32392
32480
32437
32388
32303
32431
32464
32527
32374
32400
32514
32397
32484
32482
32422
32348
32487
32458
32418
32378
32485
32498
32387
32464
32450
32530
32447
32446
32392
32403
32501
32457
32363
32516
32479
32475
32473
32484
32458
32494
32359
32308
32471
32421
32336
32440
32386
32320
32412
32377
32431
32335
32426
32452
32359
32501
32479
32398
32472
32417
32464
32407
32469
32440
32446
32474
32412
32426
32409
32364
32456
32490
32392
32369
32437
32439
32465
32418
32436
32375
32439
32436
32419
32417
32519
32430
32488
32460
32439
32416
32264
32390
32460
32377
32347
32407
32399
32353
32425
32394
32464
32475
32433
32385
32331
32457
32416
32532
32328
32504
32478
32427
32444
32461
32496
32482
32382
32472
32482
32348
32470
32385
32467
32428
32402
32359
32421
32349
32434
32430
32442
32433
32400
32391
32427
32472
32447
32359
32410
32437
32365
32355
32422
32473
32403
32441
32456
32438
32407
32466
32470
32442
32449
32393
32460
32489
32455
32417
32543
32462
32420
32456
32446
32283
32463
32450
32351
32460
32518
32505
32469
32437
32440
32448
32398
32411
32488
32450
32400
32416
32447
32341
32383
32419
32481
32460
32349
32360
32519
32440
32451
32368
32471
32451
32403
32416
32528
32424
32430
32530
32434
32394
32450
32366
32440
32333
32379
32403
32379
32458
32377
32526
32468
32335
32500
32364
32486
32398
32493
32503
32424
32410
32438
32456
32430
32613
32450
32427
32402
32396
32387
32393
32432
32477
32327
32480
32467
32339
32448
32444
32425
32445
32405
32335
32406
32458
32387
32376
32408
32488
32396
32455
32303
32515
32467
32414
32451
32521
32349
32362
32457
32515
32410
32314
32324
32364
32532
32498
32322
32472
32424
32472
32346
32346
32388
32523
32450
32527
32369
32345
32375
32382
32325
32300
32353
32482
32346
32379
32433
32385
32421
32387
32408
32369
32451
32395
32371
32513
32340
32358
32417
32334
32458
32364
32423
32336
32447
32468
32384
32302
32447
32382
32416
32398
32412
32346
32383
32353
32365
32362
32474
32437
32406
32397
32410
32386
32386
32389
32452
32482
32348
32417
32361
32412
32338
32322
32474
32396
32511
32455
32348
32282
32407
32306
32445
32418
32451
32440
32403
32397
32442
32476
32494
32351
32464
32426
32493
32414
32330
32472
32350
32434
32309
32475
32430
32414
32380
32451
32495
32414
32448
32362
32343
32430
32511
32497
32459
32430
32353
32381
32474
32447
32435
32398
32468
32416
32543
32504
32440
32480
32380
32366
32360
32344
32364
32405
32438
32375
32400
32402
32327
32408
32410
32440
32481
32370
32384
32470
32445
32477
32385
32582
32452
32461
32397
32522
32437
32411
32410
32438
32458
32414
32450
32380
32492
32511
32374
32441
32403
32537
32410
32498
32348
32399
32501
32497
32465
32292
32398
32271
32461
32426
32428
32544
32414
32427
32457
32526
32456
32350
32467
32470
32423
32404
32310
32326
32361
32476
32473
32502
32332
32323
32295
32517
32447
32440
32452
32459
32497
32400
32412
32451
32443
32439
32404
32486
32518
32448
32388
32338
32390
32368
32513
32418
32504
32502
32456
32468
32440
32283
32498
32415
32440
32368
32330
32503
32383
32463
32370
32416
32506
32470
32413
32478
32467
32370
32418
32452
32459
32516
32337
32454
32379
32470
32434
32344
32374
32501
32326
32447
32340
32390
32344
32410
32424
32325
32424
32394
32418
32339
32466
32441
32488
32387
32488
32430
32432
32406
32397
32374
32484
32511
32421
32452
32464
32498
32414
32386
32319
32444
32344
32453
32441
32385
32464
32437
32388
32351
32479
32446
32539
32485
32314
32519
32429
32455
32379
32415
32477
32359
32421
32436
32365
32371
32369
32356
32419
32534
32422
32499
32403
32477
32531
32467
32403
32320
32500
32452
32411
32422
32395
32421
32400
32415
32398
32429
32407
32374
32460
32497
32460
32469
32391
32385
32414
32347
32491
32393
32372
32431
32424
32442
32486
32367
32371
32477
32458
32421
32478
32437
32357
32400
32319
32341
32434
32302
32472
32426
32312
32461
32350
32386
32344
32400
32470
32424
32347
32475
32439
32462
32435
32451
32498
32371
32406
32418
32353
32423
32372
32450
32418
32513
32441
32444
32388
32387
32490
32404
32329
32451
32417
32467
32355
32407
32434
32471
32428
32510
32493
32429
32443
32373
32412
32334
32519
32352
32426
32442
32436
32405
32506
32428
32342
32411
32403
32532
32488
32389
32376
32470
32371
32436
32402
32434
32422
32445
32450
32485
32342
32378
32387
32436
32438
32408
32416
32511
32551
32499
32329
32381
32272
32420
32481
32507
32517
32499
32290
32435
32450
32445
32302
32411
32370
32479
32488
32361
32386
32357
32433
32502
32500
32512
32415
32361
32440
32459
32483
32297
32437
32360
32458
32422
32371
32403
32417
32452
32401
32437
32360
32468
32356
32420
32410
32448
32459
32380
32472
32487
32448
32435
32353
32508
32383
32424
32382
32382
32429
32438
32494
32349
32552
32380
32397
32403
32377
32399
32422
32365
32276
32433
32420
32301
32336
32472
32395
32398
32464
32379
32485
32553
32478
32356
32373
32452
32405
32506
32380
32434
32376
32443
32495
32443
32392
32427
32446
32386
32339
32503
32398
32412
32400
32482
32408
32491
32357
32502
32470
32393
32381
32401
32433
32526
32418
32319
32480
32498
32466
32443
32422
32501
32464
32422
32407
32433
32433
32527
32465
32347
32454
32347
32427
32406
32371
32410
32495
32380
32376
32358
32408
32391
32371
32478
32352
32331
32415
32418
32372
32356
32466
32452
32444
32461
32411
32399
32304
32387
32401
32493
32412
32547
32425
32247
32399
32383
32392
32342
32488
32463
32407
32459
32411
32388
32444
32429
32408
32453
32367
32394
32450
32374
32430
32409
32407
32353
32349
32392
32474
32326
32424
32357
32498
32442
32416
32328
32495
32468
32367
32342
32512
32398
32505
32477
32283
32327
32321
32403
32433
32440
32361
32432
32480
32359
32386
32485
32418
32438
32467
32450
32307
32461
32477
32341
32507
32349
32398
32382
32439
32412
32376
32494
32507
32437
32493
32434
32342
32395
32494
32383
32458
32417
32411
32441
32359
32495
32454
32498
32452
32456
32478
32517
32443
32532
32369
32467
32415
32425
32418
32373
32349
32415
32511
32456
32469
32480
32511
32406
32341
32515
32367
32384
32435
32453
32335
32412
32327
32520
32533
32445
32343
32490
32423
32362
32336
32467
32546
32397
32423
32406
32384
32523
32471
32429
32382
32451
32468
32416
32458
32421
32441
32495
32386
32497
32332
32393
32500
32420
32393
32509
32415
32386
32384
32393
32473
32489
32413
32407
32434
32394
32465
32447
32468
32528
32453
32335
32419
32485
32326
32399
32524
32353
32499
32425
32411
32451
32540
32387
32411
32366
32426
32449
32407
32441
32521
32396
32333
32392
32482
32570
32420
32361
32425
32444
32500
32517
32523
32404
32516
32382
32420
32365
32370
32400
32365
32495
32412
32388
32383
32356
32433
32351
32471
32404
32390
32518
32479
32437
32445
32451
32426
32440
32488
32470
32427
32339
32424
32441
32474
32401
32340
32455
32356
32427
32489
32410
32371
32386
32385
32328
32472
32455
32348
32344
32391
32388
32420
32500
32367
32318
32447
32491
32426
32460
32430
32475
32351
32283
32481
32354
32353
32490
32430
32397
32516
32383
32494
32447
32448
32463
32358
32349
32454
32296
32410
32447
32466
32398
32452
32348
32427
32323
32531
32479
32336
32323
32436
32408
32400
32492
32391
32410
32506
32401
32499
32365
32389
32543
32512
32479
32485
32466
32472
32323
32463
32457
32453
32475
32308
32430
32353
32422
32452
32515
32387
32427
32390
32410
32409
32525
32454
32388
32463
32348
32483
32322
32466
32411
32339
32372
32474
32385
32449
32430
32446
32500
32476
32512
32474
32456
32412
32354
32372
32444
32353
32426
32444
32377
32467
32470
32363
32406
32486
32427
32368
32397
32376
32390
32444
32464
32451
32428
32403
32390
32448
32373
32376
32530
32454
32388
32427
32510
32385
32512
32544
32421
32449
32468
32516
32563
32476
32300
32375
32529
32379
32303
32373
32423
32483
32493
32390
32413
32462
32451
32460
32497
32354
32428
32533
32334
32292
32365
32535
32377
32345
32377
32510
32394
32519
32429
32280
32474
32470
32422
32304
32514
32457
32442
32426
32386
32479
32435
32495
32511
32357
32365
32460
32447
32428
32451
32384
32455
32350
32361
32447
32356
32316
32349
32359
32332
32358
32447
32414
32512
32420
32464
32477
32382
32437
32450
32415
32449
32400
32398
32259
32482
32419
32402
32483
32396
32479
32449
32430
32429
32445
32497
32506
32431
32498
32426
32474
32386
32456
32518
32383
32433
32425
32346
32361
32384
32456
32458
32412
32512
32420
32492
32503
32400
32376
32305
32421
32328
32356
32395
32375
32409
32527
32509
32424
32400
32410
32430
32492
32405
32380
32331
32447
32564
32365
32458
32456
32433
32409
32449
32373
32491
32455
32408
32435
32441
32406
32377
32493
32475
32452
32326
32416
32392
32391
32465
32466
32371
32520
32460
32467
32444
32415
32432
32389
32508
32376
32375
32523
32292
32429
32510
32351
32424
32504
32429
32482
32537
32515
32322
32411
32420
32423
32446
32542
32420
32498
32363
32464
32530
32357
32383
32541
32352
32474
32419
32483
32387
32440
32524
32380
32564
32351
32369
32367
32335
32379
32358
32478
32532
32472
32342
32424
32431
32299
32328
32361
32346
32489
32382
32439
32430
32434
32531
32408
32402
32427
32423
32471
32412
32481
32355
32329
32439
32411
32466
32444
32386
32386
32359
32315
32409
32319
32500
32352
32543
32370
32436
32426
32518
32426
32493
32322
32376
32305
32456
32436
32397
32424
32417
32482
32396
32409
32487
32400
32553
32429
32424
32356
32411
32465
32506
32449
32438
32311
32434
32460
32451
32395
32505
32464
32396
32384
32374
32485
32490
32377
32353
32370
32472
32355
32495
32399
32386
32539
32410
32439
32430
32508
32425
32386
32396
32345
32457
32412
32437
32500
32346
32519
32333
32445
32431
32439
32384
32419
32382
32492
32464
32411
32331
32416
32417
32402
32405
32315
32347
32388
32433
32398
32524
32246
32385
32418
32428
32404
32413
32430
32370
32326
32442
32387
32423
32413
32316
32427
32458
32276
32472
32428
32328
32436
32362
32493
32433
32466
32430
32446
32282
32539
32454
32419
32439
32329
32411
32323
32432
32433
32353
32318
32340
32372
32398
32468
32481
32300
32428
32452
32498
32404
32393
32394
32383
32462
32365
32347
32354
32370
32306
32388
32518
32483
32299
32507
32423
32431
32411
32424
32452
32370
32409
32432
32470
32343
32437
32458
32483
32393
32446
32401
32455
32502
32441
32503
32333
32473
32495
32458
32529
32521
32433
32407
32330
32412
32444
32426
32364
32392
32349
32420
32351
32411
32325
32443
32432
32466
32499
32444
32372
32383
32424
32410
32411
32512
32415
32408
32503
32501
32475
32413
32396
32313
32439
32545
32391
32355
32343
32456
32419
32434
32471
32397
32453
32426
32457
32531
32379
32464
32396
32403
32519
32428
32428
32539
32459
32446
32431
32343
32456
32448
32367
32423
32420
32470
32463
32442
32445
32487
32485
32436
32512
32559
32467
32378
32444
32358
32377
32398
32428
32398
32426
32430
32463
32484
32442
32450
32285
32497
32387
32480
32485
32472
32363
32422
32419
32452
32389
32475
32355
32399
32421
32533
32463
32461
32314
32436
32424
32381
32525
32379
32423
32450
32426
32397
32445
32451
32523
32403
32469
32465
32467
32367
32506
32407
32310
32489
32409
32391
32382
32387
32431
32315
32409
32436
32489
32415
32500
32434
32433
32422
32349
32464
32466
32536
32365
32365
32365
32365
32365
32365
32365
32365
32365
32365
32365
32365
32365
32365
32365
32365
32365
32365
32365
32365
32365
32365
32365
32365
32365
32365
