9884
39768
39232
38377
37782
41505
41336
37880
38247
41371
40833
41510
39112
39941
41544
38140
41446
39055
40344
41769
39897
38677
39185
38891
41595
37822
39253
39817
38953
39590
37810
41505
40626
40188
41796
39234
39027
38278
41751
40152
40977
37962
39299
39725
41820
38644
38045
41707
40999
40403
38283
38045
38848
37796
41507
38774
41119
39176
41903
41883
39681
38711
38054
38925
40206
38051
41607
37796
38049
41050
38148
39815
38931
38479
40166
38173
39106
41445
40686
40265
41230
39543
40846
40442
38576
40888
40442
40922
41739
39962
39002
41377
41715
37659
38690
41635
41704
41183
41773
38482
41974
39930
38475
41511
39267
39402
39631
41633
40026
38289
40595
40027
37887
40691
37671
37891
41523
39080
40522
41690
40369
38701
40066
41050
39676
38119
38234
38318
39102
40622
40025
39698
37868
39069
40322
38141
37775
38378
41263
38418
37773
40278
37891
38236
37773
37653
38440
39817
41356
37721
38438
38118
41810
39777
38942
40550
39512
40653
41282
39753
38377
41908
38705
40470
39244
38019
38380
41578
41710
39488
41849
37949
41500
39857
41817
39336
38623
41482
41628
40398
39377
41107
38789
39883
41837
38313
40759
40519
41798
39437
41847
37957
40334
38349
41106
39511
37766
40877
41448
41472
38050
38374
37763
39945
37916
41009
37939
37986
38171
37770
41534
41981
40300
39876
41585
37811
41133
40878
38564
37707
38894
41459
40050
41505
39632
38098
40120
37859
40691
39794
41327
40721
41873
39621
38644
37812
40647
38232
39912
41355
40316
41336
38064
41840
39225
41756
39847
37862
41689
38855
41495
38360
41307
37811
41804
41850
38510
37884
41619
39290
41318
41301
38165
41996
38720
37930
41779
40440
37869
39135
38888
41622
41172
41786
38731
39014
39731
41806
40728
41884
38492
37901
40975
40064
41654
38599
38345
38139
41187
40534
38829
38308
39735
38775
41791
40918
38273
37814
37771
38081
39982
41058
38865
37766
37910
39169
37838
41279
41601
40510
40595
37792
40474
38328
40040
37787
39472
38410
37982
37931
37752
41119
39391
40925
41621
41687
40713
41623
38380
37833
40961
38351
37810
40215
38647
38477
38348
40358
37886
37871
38163
37966
40681
39961
41583
37755
38239
41238
41800
39565
40412
38208
41928
38452
40413
37775
41682
40118
37925
37894
37783
38555
38770
41484
41002
39201
41908
41019
38231
38923
37847
41666
40651
39457
40020
38925
39397
38242
38533
38994
38969
39818
39557
41057
40274
40941
39163
41852
41440
41233
41550
38916
38398
37739
37853
38684
38319
40205
40313
37833
40945
37741
40705
41467
37744
40855
38490
40002
38419
40969
38574
38665
41316
41749
40721
41850
41750
38043
37981
37645
37997
39367
41863
39298
41647
40328
37888
41758
39264
38294
40917
41417
41415
37742
41045
37841
41565
37784
38326
41199
37905
39738
39017
38273
38079
39935
38460
41156
40873
38180
40556
38122
41643
41801
40222
39381
39252
41489
38001
39283
39455
37747
37921
41504
38743
41200
41802
40214
39564
41681
38051
40807
40709
37796
38806
38226
41361
40283
37742
41223
38452
37966
37988
41337
40506
40282
41744
37822
38009
41191
38952
40688
39974
40085
40297
41603
37740
37751
41309
38311
39297
41691
41352
41592
38563
38911
39719
37862
40888
41027
41636
40508
39148
37970
38008
39844
39588
39385
41447
41799
39607
39843
39834
41703
39179
38300
41755
37818
39933
41958
41233
41303
37797
39863
39955
38640
39998
41130
38366
41875
37779
40270
41582
41730
37761
38484
38339
38504
40552
38861
38062
40512
39662
38263
41214
41335
39932
40082
40991
40380
40388
38939
41820
37835
37729
41559
41793
41561
41825
41241
38356
41729
40399
38500
40642
40720
41180
41002
38255
37829
41538
37591
38085
39059
41236
37828
39677
41003
39855
41730
38479
37848
39460
38675
40382
40386
41596
40365
38129
38127
39191
38137
39019
38430
39007
41891
41581
37923
41693
41056
40863
40296
37897
41096
38855
40125
39510
40000
40878
39738
40650
37884
41227
37853
41692
41460
38362
41847
41357
41502
38415
39024
38136
41312
41049
40146
41419
37715
40489
37776
37683
41302
37736
41605
39683
40857
40938
41182
39071
41655
37794
40692
41840
40665
39029
39925
37714
41140
41644
41488
41087
38153
41621
41211
39930
40381
39760
41684
38212
38038
40500
37827
41772
37682
41750
40948
37804
40164
40492
39449
41099
41451
37770
38860
37642
38384
39261
40669
39637
41775
38832
40330
41817
37844
38471
39872
41656
38246
40394
38295
41702
40140
41210
37729
38448
41847
41735
41597
37819
41257
38061
39688
41092
38016
39769
38066
40729
38496
40425
37755
41534
37966
40406
41816
40276
37871
38517
38766
41339
41616
38516
41878
41198
40786
38237
39837
41159
41454
41712
40042
37887
39168
38447
39552
41910
38867
39176
40647
37944
37951
38019
37945
41016
39030
38926
38602
37728
39918
40667
39027
41713
41023
38727
39320
41302
41618
37908
41527
41028
39683
39699
38423
41280
41225
40986
39885
41263
40495
38999
39605
41755
37998
40394
39488
40473
39323
39215
39225
39831
39460
40653
41743
38876
38826
39817
40057
39940
37963
41680
41364
38021
40118
37940
37739
40827
38879
41852
39720
37828
38150
38270
41832
38940
37629
37795
38069
40709
40667
38724
41886
38386
38423
40909
38997
37991
37739
41535
39916
39698
38644
38307
40425
37765
40313
41717
38493
38999
41480
38750
37902
39855
40665
39937
41150
37944
40994
38388
41562
38679
37848
41467
38518
40712
39327
41429
41199
41896
40286
38409
37899
41495
41746
40933
39617
41810
39322
39846
39278
40542
41606
38732
38963
39923
38322
40267
39081
41613
38757
38195
40402
39622
41657
41672
38066
38585
38961
41447
39171
41889
39398
41686
40496
41440
39605
38254
40596
40306
39098
38570
41475
40560
38138
41219
41744
40911
39012
38450
39728
41712
39038
39608
40431
38812
38651
37839
41019
37970
37853
40935
38043
39822
40389
40605
39070
39790
39021
37775
39167
37794
38429
37766
40267
40978
39355
39173
41795
40603
38148
41869
40525
40996
40524
40774
39014
37819
40765
40734
38799
41342
38290
40876
39898
38283
39476
38659
38438
41488
41634
38227
37653
37676
39670
38335
41051
37826
39490
38210
40274
37850
40771
38205
41706
39978
40700
41806
38394
41193
37813
37951
41503
38848
40505
41756
39692
40581
40988
38229
40897
41513
37871
37920
40198
39789
40842
39081
38803
38023
37860
38243
41838
41771
38480
41199
39066
37989
41597
41776
38547
41769
37966
41072
38132
39269
41911
38552
41209
38229
40201
41627
38954
39944
41177
40603
38719
37885
41658
39866
40429
38303
39108
40803
41620
41624
37968
38640
41928
38680
40911
41813
38027
38136
41798
38640
39133
40335
37701
41625
37875
41272
41151
37706
41858
37770
40551
39893
37854
38002
39269
40827
41801
40824
41762
38099
39239
41626
39055
41749
41354
38365
40966
37986
38154
40589
37908
41800
40465
37848
37921
39684
39097
38844
37848
41852
37974
38081
41730
38299
39848
39750
39678
38913
37773
38864
39347
41696
38976
38802
41536
41665
37945
39292
40508
41859
41273
40743
37907
38252
37843
38026
40771
39686
41143
38907
41145
40750
39158
39897
38453
39122
41015
38306
41766
37981
41390
38504
40757
41154
41794
39054
41628
37796
38099
40101
39325
41187
39453
40387
39973
41907
37769
39437
41819
37896
41518
38180
37768
41812
41379
41682
37744
41321
39381
37824
38495
37890
37844
39326
38379
38585
38856
40636
39072
38510
40128
40541
39175
40057
37885
40843
40022
37853
37793
38524
39170
38456
38597
38546
40471
39632
41755
40795
41638
40793
41684
41768
37532
41720
41737
37905
41860
41785
38043
41689
38476
41550
38823
41288
41778
41120
39578
40321
39247
37964
38222
40935
40175
41102
41524
40014
40445
41855
37838
38416
38611
39069
37685
39846
38805
38197
39813
41066
37806
41781
39068
38011
39535
40587
38411
41316
39935
40167
41071
41857
39027
38964
38688
38904
38736
38199
40510
38022
38502
37902
41219
40766
37700
38733
41199
37956
40595
40796
41537
40574
40564
39596
38756
38016
38944
41803
37976
37891
39156
39162
39850
37985
41711
41753
40256
38388
38645
38007
41101
37894
38440
41623
38695
40858
41296
39911
38299
37820
39706
41721
41060
41824
40895
41815
37943
38498
38324
40456
38417
39082
38169
38810
39963
38326
40368
41780
39093
37678
39562
37843
38052
41719
37930
40535
41914
40842
40268
40717
41410
39623
39727
39167
38476
37854
40965
41825
40219
41659
38927
39445
41314
37836
37982
40457
37741
41241
38390
38652
37941
37996
41831
41481
37886
41683
41850
38078
41576
38034
37764
38004
37988
39967
38232
39087
39462
37852
38198
41490
37775
39567
41096
38100
38428
39246
40400
40525
41034
41063
39754
39205
41489
39487
39933
40707
40956
38063
39644
41440
38280
38249
37807
40659
39954
41763
40450
41629
38154
41408
38190
38394
37676
40666
40142
41059
38632
39178
40634
38495
41363
38112
41839
41258
38186
39975
38609
41381
41636
39269
37833
37736
37923
40061
41227
39078
41141
41670
39739
38578
39592
37783
41084
41397
40898
38104
38668
37786
41118
38058
41635
39310
39068
39430
40958
38195
38158
39271
39177
39934
41438
41320
38805
38093
40234
41268
40795
38457
41809
40683
41417
40582
39865
38861
39420
40545
39935
37755
40765
38629
38670
38321
40703
41610
40955
38046
39842
38596
41728
40547
39416
39546
39607
40573
38402
41903
41668
41814
41431
40818
40321
37785
39348
40917
40282
39522
41832
40650
39666
41792
41422
40277
38734
41262
39853
41784
41843
41667
38301
39161
37908
37880
39770
40579
38481
38193
41173
40293
39749
39125
41469
37850
41565
38598
39587
38929
41705
40565
37778
38523
40038
41762
38405
37936
39853
41587
38965
40517
41057
39400
38609
38779
38652
38608
38227
41772
39552
37804
37943
41756
41555
38086
41818
41716
41633
39013
40124
41571
40110
41624
41868
41460
40327
38789
41696
41860
38639
41711
38218
38788
41760
39733
38900
39294
40083
39068
38488
38359
38154
41953
39781
38340
41567
39089
40292
38827
41445
41671
39220
38227
41259
41388
38056
37808
37798
37876
39916
38190
38959
38852
37805
39870
41736
39215
41931
41590
38201
41207
39516
37942
39155
39410
37767
41404
38034
41328
40169
41769
41870
40995
40736
38661
40321
41532
38670
37823
40979
38370
41904
39831
40986
37789
40621
40854
38877
40412
38542
38987
37819
40723
37842
41914
37804
41301
37854
39796
37759
40433
37754
39697
38654
41556
41527
40439
38430
40602
38002
37897
41659
39327
41782
41763
38268
41230
41069
39209
40480
40841
37870
38169
37833
41140
39710
39602
40669
38057
41243
41230
41223
39195
37818
41334
38616
39369
37998
40296
41021
39227
40381
40741
40140
41426
41710
38481
41499
38266
39576
37887
41749
40426
40315
37763
41948
41685
41479
41640
39006
41582
39587
40897
39535
39612
39026
40578
40404
37932
39127
39852
37852
37880
41458
40735
41614
39756
37841
41654
41285
41644
40955
38017
41480
37827
41563
41046
41916
37864
40296
38416
41038
41725
38192
38602
38703
40687
41490
41674
39583
39951
38695
41907
40375
38948
41235
37754
39615
41050
41735
37780
38099
38690
41778
41234
41746
39589
40074
39685
41962
38150
41723
40946
41375
38882
41249
39327
41917
38472
39517
41612
38099
40100
41536
41519
39028
38364
37812
38694
40647
41274
39539
40491
41224
38565
38705
41762
40599
37755
39216
41415
38035
37705
41644
41747
41931
41474
41093
40373
39618
40162
39939
41348
37873
38028
37751
40942
38229
39651
39571
38427
40443
40298
41442
37731
41588
40878
37965
37721
41610
41594
41064
37685
41266
41683
37727
41709
38779
41839
41330
39105
38117
38542
39180
39558
39661
38693
41474
38456
41474
38926
40606
40532
38121
41190
38649
39321
41260
41285
38890
41593
38967
38013
39310
41228
41651
40586
37793
37998
37917
38228
39548
41407
38085
40974
39323
38130
41032
38259
37725
41579
38182
37726
40093
38091
38113
40808
41564
41874
40244
41594
41841
39773
41782
39651
41539
41243
37683
40783
38154
38785
37782
39820
39744
38430
38121
38106
40603
40669
38670
38317
38972
38088
40919
40830
41403
39423
38733
40190
39404
39739
40870
38487
37845
40957
38921
38622
40213
39683
38925
40722
39078
37858
39835
40394
41718
41739
40502
38083
39758
37790
41656
41647
40631
38620
40776
38328
41002
38554
41671
40774
39108
41464
38423
39075
41770
40691
38621
37634
41306
39465
39450
37910
38083
40124
39061
38038
40510
37797
41415
40459
40991
37799
41736
41705
38555
41758
38503
38031
37903
38556
41704
41831
40035
41703
37847
41362
41436
38025
37878
39148
41514
39262
41846
41714
40616
39567
40813
39970
41822
40838
39718
39704
40959
40607
38252
37765
39040
41078
39029
38030
41161
39758
41913
40545
41763
39673
38071
39661
38786
41622
38274
40326
38583
40000
37766
40316
38888
39397
41378
41607
38923
40530
39590
38871
41583
41873
41742
41900
38175
40946
39897
37969
39408
40106
41439
39745
41631
39042
39574
41676
38024
40858
41545
39080
41872
40543
39744
38857
37737
38910
37766
41561
39258
37963
41367
39391
41217
39821
37820
41805
40252
41743
39529
41415
41512
41517
41696
40482
41526
38050
38960
38086
39833
41493
40697
41324
40382
38945
40397
41319
41684
41083
41960
40056
38014
38103
39931
40332
38197
41353
38119
37822
38339
41593
38296
41114
37815
41425
41475
38464
40558
40569
39575
39841
40162
37669
38590
38009
39096
39449
41494
37663
41489
37952
41403
38918
41007
39195
41843
41434
39599
41385
38774
38540
37781
40783
41205
39992
41135
39784
41436
40437
40330
39534
40832
37951
37814
39734
37969
39161
38303
41213
41780
38811
39747
39215
37797
39490
40658
38485
41231
37967
38907
40078
37815
37808
37662
37937
38503
37608
40247
38675
40084
39439
41782
38011
38498
40159
40091
41788
38044
41582
40464
40602
37966
41772
38117
40006
39906
41680
38089
41637
38004
39111
41600
40440
37763
37795
40930
39296
39054
41434
38494
37855
39488
41624
38971
38624
41252
41760
40918
38888
41872
39217
38008
39330
38891
37865
40010
41891
38352
39388
38844
38377
39067
38771
41318
38024
41960
37799
41684
38576
41672
39114
41677
41690
39631
39806
38704
40949
39246
38716
41878
40686
40067
41213
41146
41681
38220
39648
38477
41188
40778
39943
41630
41444
38006
38001
39834
40619
40277
41597
40740
41089
37980
41674
37810
40753
41672
41279
40752
38390
40707
39967
38057
38038
37785
41489
38058
37999
40499
41829
39777
41232
41633
41629
39967
38364
38002
41526
41725
39224
41042
39771
37827
39583
41559
39557
37969
41803
40341
40406
41041
40516
40110
38399
41823
41335
40714
39470
41131
38507
40450
41636
40785
41255
37815
38233
41769
38153
37762
41202
41860
41942
40645
39875
39157
38812
37849
39082
41619
40365
39708
41679
39265
41275
38403
37773
38416
37984
41157
37850
41397
38554
38036
41751
40316
39316
40574
41688
40819
41121
39000
39770
41948
40116
40426
41756
39177
40767
41713
37772
41007
41883
40887
41694
41972
41735
41718
41534
41130
41500
39734
41459
37826
38457
39827
41603
38620
41493
38928
37896
39893
40621
38001
40615
37827
39014
37888
40089
39046
38151
40534
39971
38004
38345
37754
41668
37795
37978
37986
39937
40514
41607
38865
41247
41723
38565
40414
40695
39593
40444
38666
41185
39231
37882
37695
38267
37873
40643
41756
37818
38091
41231
38362
41820
41832
38431
38037
37847
38175
39853
37775
41486
39388
40268
40027
38880
40782
37803
41709
37863
38532
39106
39855
38627
41653
38786
41020
41749
37947
37884
39154
37665
39778
39012
39790
41903
39085
39931
41615
38484
37722
41743
39355
39711
37692
39592
39252
39556
40721
41701
38433
41644
38620
41035
38078
39249
40095
37818
39454
38052
40956
39447
38498
40536
38944
40088
39238
41618
40946
37745
39073
37833
38658
39022
38538
37816
41583
40890
41326
40241
37940
40851
41226
41255
40703
40333
38724
39845
38751
41740
41748
38288
39499
40246
37862
40366
39599
41662
38242
38026
38687
41416
40971
39007
40341
39977
39633
37790
40684
40344
38028
39123
39712
39673
41279
39841
38268
41734
37770
37933
39447
37858
41258
41607
37820
41508
38156
37882
40522
39300
38559
41809
38851
41111
41129
39092
37795
38071
37790
38123
40230
38290
39253
37763
38963
41211
37960
39286
40382
39345
39475
38665
41763
38743
37773
38515
37989
40296
41785
41698
38047
37785
38621
41821
41713
40921
39156
37767
39526
38070
37896
38230
38095
38341
41683
40102
37801
37775
38060
41734
41919
41636
39777
38493
41797
40828
38476
41711
40582
40570
37826
37839
41618
40459
41764
38419
41721
38835
37771
41341
41545
41541
40256
41124
38264
41628
41740
41945
38387
37852
37726
41663
41904
41406
39330
40800
41769
38442
40077
40209
39122
41283
40666
41622
39980
38549
38398
39907
39759
41943
38259
39775
39762
41828
38390
40072
40309
41390
41750
38316
39592
38358
41554
40470
41592
41780
41472
41903
38469
39702
39764
40105
41064
37652
41575
41443
37927
40502
38800
39143
41191
40506
41668
40991
40150
41027
41860
39052
38066
37976
38172
39986
41732
41022
37856
38100
40919
38889
38819
39135
39071
39349
39494
37759
37748
38500
41493
38473
39761
39057
40300
38411
37839
39871
41774
37764
40318
41723
41708
39146
39017
38576
41948
37770
41763
40614
41959
41459
41684
41761
41348
39865
37956
37871
38979
41499
38419
41116
39693
40613
40598
38167
38186
41182
40894
40976
41693
39369
39080
39388
39853
41126
39051
39617
38253
41276
39831
39553
39344
38501
39627
40458
39110
41713
40958
37776
38158
38592
41708
38561
41671
39579
39072
38326
41902
38116
38520
40354
37728
39771
41130
38224
37772
41384
39434
40757
41697
37959
38494
38059
41499
41734
39732
38775
40625
39758
41614
38364
40875
41712
41395
37995
41699
41806
40983
37864
37993
39505
39177
38600
40866
41514
38016
39847
40852
40353
38755
39131
37847
40929
41672
41200
38400
39555
37970
41772
38097
40715
41519
41531
38703
37946
41874
41617
39636
40106
37993
41865
41866
38328
40607
39718
41309
39390
40398
37666
37740
38598
41905
38488
37883
37852
39729
37966
41788
39659
41591
37991
41880
38285
41656
38325
37775
41248
41593
37668
37990
37990
41680
39513
40544
39052
37722
37955
41208
38555
41667
41592
39537
40122
40556
41780
40674
38643
41839
38508
39930
40691
40363
41556
41717
39236
38672
39097
39993
41644
38481
41720
38404
37943
41500
41776
39621
41590
40473
41821
37945
38847
41777
37714
39650
40614
38179
38617
38591
40115
38662
41011
41627
38658
41433
41318
38272
41550
38601
39300
39587
38353
41724
41526
41062
41849
38838
41490
38548
41615
41001
37835
40590
39371
37905
38231
41755
39438
37806
38704
40397
38476
37911
40825
38631
37894
40183
41616
41568
39205
39304
41236
41885
41725
38950
39145
39327
41748
40942
37999
40503
39307
40159
39280
40418
38763
38790
39013
40840
41320
41340
39863
39252
38097
40879
41070
41754
39829
37907
37793
40409
40760
38682
41453
40637
41258
40453
41522
38487
40716
39870
39381
37639
41719
41287
39587
38759
37698
39068
41883
39672
37583
38924
38835
41393
38296
40540
41183
39476
38011
41862
37840
37768
38081
41720
41877
40634
38568
38139
40616
39523
41794
38023
37826
41195
39196
40116
37800
40986
37777
39292
41766
39228
37689
40276
37839
41092
41135
39897
40987
37782
41704
41470
38325
39053
40460
39953
38598
38050
41992
41170
40115
39369
37825
37699
39153
41040
39023
39185
39203
40023
40411
40222
38180
39660
41386
41835
40208
38277
39187
38704
40985
38183
39427
38314
41258
41746
40446
41410
41859
38906
39834
39579
37796
39518
41731
37891
40376
40892
40630
41494
41755
40409
41012
38278
38246
38392
41842
38861
40130
37957
40103
38660
37878
40095
41587
41964
41406
41676
37783
41354
41090
37923
41725
40529
38782
40546
38453
39090
40934
37954
39022
41351
40434
37852
37746
41881
41862
37874
38412
41320
41266
41963
38480
37857
38144
38588
41462
39504
38051
38664
41712
40405
39380
41223
41798
40018
41512
39708
39481
38246
41325
39634
40947
37761
40216
41852
40983
39776
37839
39455
41758
39935
37841
41627
41951
38197
40985
41152
37977
38349
41681
40173
41119
41712
40277
39283
41839
39735
40027
40510
41968
41266
41364
39274
40258
39685
38090
41340
39584
39724
41359
38260
40312
37887
39929
39580
40123
37967
37792
37764
38474
39368
38302
37867
39248
40971
41879
37926
39030
39457
38819
37860
40390
38657
41340
41226
37763
41750
41483
40835
41754
40079
38987
41523
41905
38883
41681
38778
40562
39119
41525
38973
40248
40522
40838
37893
41094
41776
41160
38811
37858
40968
41857
38122
38809
41178
41129
38532
40182
38556
39096
40726
37936
40249
39960
37975
41809
41811
38664
41811
37803
38679
41679
37828
37786
37762
38446
38517
41513
39170
38139
37939
41534
40466
39653
40249
41494
38172
40415
41449
41251
40726
39812
37885
40217
38741
41896
39723
40448
40976
41978
41129
41890
40919
40647
37815
40513
39652
37891
39372
41875
40543
39257
41607
37854
41689
38479
40178
41621
38852
39569
40827
39459
37831
37997
41524
39941
40278
37886
40995
37935
41694
40889
41701
38182
41838
37830
39195
37951
40857
39936
37714
39898
40278
37858
40904
41918
37833
41786
40284
40746
41856
40771
41727
41862
37826
38890
40514
38192
41721
39917
38828
41612
40156
38619
41755
41692
41537
41049
38085
39472
41805
39044
41941
38872
39175
39855
39156
41187
39842
41321
41428
41103
41012
41859
41219
39900
41402
39275
40692
41655
39810
41545
41760
41250
38628
41252
39924
38370
40930
41764
38739
41317
39427
40776
38012
38771
39389
41344
38172
40573
41650
41493
39822
39860
39900
41774
38822
41818
41433
39285
40070
41743
41794
40710
39736
39320
41474
38783
38553
40586
41700
38322
37717
40362
39060
41857
41015
37812
41712
40246
37892
37760
41360
38047
41012
39226
37720
39722
40228
40441
37899
38027
41920
41183
41328
37923
39439
37642
41159
41507
41675
41484
37846
37964
41347
39315
39687
39082
40398
41782
39565
41739
40819
41417
39771
41133
37859
41622
39451
41693
41527
40353
38827
39004
41331
40443
40205
37711
39593
40150
39553
39742
39614
37801
37734
38392
41612
37755
41776
41302
39003
41298
37841
41788
37809
41510
41447
41902
40660
38227
41427
41638
38723
41596
41119
38823
41387
38069
40153
39710
40917
40928
41601
41386
39517
41251
41871
37820
41047
38615
41822
41133
41672
41563
37799
37801
38705
38672
39171
39357
38720
40996
38061
38144
41719
37726
41823
38604
41333
41627
37693
37774
39444
38102
37748
37885
39894
39669
40160
38184
40077
38663
39011
39292
37759
38178
41138
39553
40082
40308
41764
41343
41194
41925
38629
37885
39449
41521
41458
38723
41495
39553
37900
37840
38130
41956
39706
41913
38759
40820
40390
41633
41412
40172
37822
40895
37728
38363
39507
40876
41928
40517
38589
37995
38643
37851
41566
40072
41850
41774
41147
41011
41344
42025
41738
38535
41956
41215
40586
41495
40316
40788
40455
41910
40362
41696
38327
41402
41828
41490
41886
38635
38323
39753
40670
41604
40323
41824
39368
38103
39528
41163
37830
40090
41632
40821
39879
40132
41497
39432
40742
38408
41665
38187
41645
40663
39244
39966
37955
40742
38166
41510
41476
38283
41382
38188
40947
37787
37768
40105
39537
40093
40446
38866
39189
41776
41695
41457
40104
37665
40064
39367
41791
37703
39006
38616
38202
39766
41327
41623
39173
38682
41310
40849
39075
38911
41806
37842
38212
40719
37739
40656
41955
37901
40600
37944
38851
41885
39196
41659
40908
41258
41928
39149
41263
40092
37738
37750
39964
39929
41389
41535
37745
38892
38903
40612
40271
41819
40494
38624
39563
40956
41714
38355
40282
39170
41083
40016
40013
39504
38183
41207
41605
39600
39660
39247
37668
37818
40320
37711
39826
41987
38450
38494
38679
37794
38148
40566
41248
39069
40946
41277
40942
38343
41548
41740
39348
41648
37896
41602
41227
38301
38591
40865
41353
37793
39035
38426
37949
39528
40728
40945
38329
39904
41761
41586
38663
38103
38549
41192
41556
41117
41753
37764
41729
41351
41723
38624
41014
41738
41621
38066
41001
38476
39427
37976
41098
38107
39558
39866
37778
38413
38226
37867
37971
39272
40298
41656
41834
39437
39867
41006
41753
41793
37874
41784
38630
37855
38529
38468
41961
38810
39465
40769
41374
40334
40380
38254
39835
39421
41680
39702
38401
40835
38398
38173
40035
38278
40403
39688
40219
39557
38796
39740
37783
40108
38365
39525
41388
40304
37969
37783
38505
39599
40640
38072
41377
39293
39855
39650
38295
37940
40250
40458
40238
38401
41383
38229
40695
41173
41084
38824
41142
38984
41680
40081
40325
38924
38079
38729
41655
37982
41410
41604
37835
38427
41742
38908
41588
38135
40483
38868
37747
40017
38260
37831
40112
41356
38607
41620
39371
40010
38237
41971
37916
41188
40456
40096
41722
38831
40544
41825
39340
41485
38855
41630
41230
41447
41572
38918
38994
40394
40999
38111
42011
41116
41710
41735
38949
40909
41745
41503
41775
41819
41877
41042
37854
40782
41012
41087
39475
41822
38390
41675
41728
41561
37966
39236
41832
37880
39070
41737
39061
38931
39517
41494
37854
41270
39343
41863
39106
40894
41306
39745
39355
41338
38305
41768
41684
37813
41120
41825
38286
37957
38434
40127
41455
40977
41722
38677
40438
40779
40104
37814
37976
41458
38275
39250
39300
39019
37857
40645
37984
37632
37751
39918
40582
40262
41579
39696
37859
40400
39040
41002
41871
41060
41758
39521
40212
41712
39257
40325
41625
38361
41228
40778
37963
41418
40467
41748
39264
40526
37790
39343
37781
37990
41465
39329
41419
41597
39344
40606
39411
41051
40940
37664
40558
41865
38424
41471
39355
41248
37848
41605
38451
41705
40201
38832
41931
41033
38404
41857
39317
40045
39871
39704
40613
41565
37954
38086
39587
37815
38809
38139
40826
38767
41795
40101
38167
40166
41711
40554
41104
38681
41204
41327
39359
38538
41662
39515
38865
38448
41335
37852
41696
40254
38142
38594
38244
38415
41745
39353
40367
38891
41362
41171
40460
39419
38578
38055
38532
38338
41820
41808
40941
37995
37808
37741
41639
39345
41784
38926
38505
37985
40125
41197
41278
41215
41789
37780
41551
41738
39254
39576
39624
41758
41677
39628
41802
41045
40691
40746
40881
41192
38892
39960
41188
41647
40123
39278
39857
38329
37712
41222
39906
38265
41135
37930
41396
41061
41723
41080
41747
41580
41448
40500
37947
41728
38199
38125
38625
41665
41026
39567
39003
40873
41537
37929
41504
41475
38048
39642
41869
39834
38399
40907
40530
39129
38753
37867
40902
38764
41047
37822
37738
42058
38151
37697
39577
37828
38999
40122
37950
38345
41420
39514
37619
38498
40701
38105
41340
41058
38016
39771
41476
41948
39525
38987
37854
40528
38121
41739
38051
41506
41859
41708
41852
40987
37807
38986
41452
38452
40802
41019
38471
40637
40328
38380
41218
39223
39147
41695
39345
40400
41527
41706
41991
39724
37828
39058
39105
41416
41250
41352
41868
41785
37793
40142
38170
39832
41809
40182
38314
40869
39862
40938
37991
37763
38267
39025
41604
41217
39925
41506
38372
37775
40985
38109
40006
41810
39901
37851
37690
37911
37908
38393
41788
41937
40816
38795
37891
40777
37957
38295
40959
41680
38391
41539
40715
40993
38318
37672
41607
41598
41763
40565
38054
41530
38954
41197
38068
38058
41900
38046
41261
41686
38481
41903
39811
37877
40834
41106
37986
37959
39825
37776
41621
41230
39288
38093
41714
37912
40610
40254
41289
37950
38739
41299
40390
38306
41678
40707
41750
41283
41895
40407
40628
40515
41025
39060
40086
41938
41704
39628
39801
40491
40178
37990
41531
37764
37869
41801
40867
41385
40185
39158
39293
40829
39171
39429
41139
40669
39740
39147
40939
37779
37827
41468
38011
40999
37980
37865
37792
39118
41028
41169
41839
39769
41753
41168
38674
37917
41386
41027
39894
38780
38615
39519
39902
37722
41136
38114
41734
40467
41647
41353
41699
40650
37870
38664
37864
41667
39144
41156
37778
41619
37685
40291
38744
39425
41195
40957
40851
37777
40251
39753
38642
41311
37932
39531
37720
37835
37831
38753
38503
40116
38105
41524
37869
39768
41218
39893
40823
39254
41724
37921
39187
38054
37781
38622
40120
37803
41710
41437
40987
38664
41196
38296
39816
41725
41670
38542
41658
41427
37915
37757
39464
37759
41196
37729
38485
40554
41808
39370
38788
41835
41778
38174
37898
39707
41785
41084
37929
41961
37684
37909
41764
39813
39636
39010
39940
39602
37923
38970
41233
38157
38188
38419
37819
38136
37831
38270
41845
37777
39538
40246
38040
41436
41945
37830
41317
37886
41480
40992
38186
38393
41227
38156
41018
40008
40359
39603
41448
37695
37859
41315
39131
37815
37793
38020
41791
41775
41807
40542
37771
39155
37973
39934
37831
37979
38496
40034
41736
40805
41668
41089
38559
38231
40525
40875
39406
41824
39311
37771
38376
41737
40418
41655
41301
38062
40660
40432
41784
40397
41399
38570
41354
40205
41606
38065
39358
41016
41804
37870
40548
40661
39610
40719
39146
40475
40866
41823
37866
37981
39951
39402
37630
41539
37720
38306
40944
38461
41471
38224
39300
38184
38138
37690
39076
39471
40800
40968
37798
41675
37777
41029
40755
39557
37762
41488
39987
39760
41079
39250
41613
41782
39751
37859
40961
40574
40503
40842
39383
38705
39364
38907
40252
40152
41689
41883
38019
41544
39550
37886
38264
41396
39949
41364
41160
40944
41281
41397
37996
40188
38529
41666
38408
41958
41688
40194
37882
39710
40778
40009
41607
41527
41683
38016
39560
39093
40434
41918
38421
41095
40791
38133
37966
40663
41849
41661
37745
40715
41556
41520
41654
39650
39169
41756
38437
38431
39167
39243
40344
41689
40658
41444
37745
37786
39053
39631
37659
41756
39952
39280
41590
37770
37888
37759
40182
38356
41580
41838
38900
41156
38220
38603
38358
39364
39485
39044
38510
39284
41337
39387
40591
40746
37699
37817
39413
38972
39209
40818
38224
41637
39963
40164
39304
37794
40782
38012
38181
37794
39348
38739
37812
38336
38111
39441
37924
41719
40526
37861
37953
38251
40471
37733
40629
41383
41174
39264
37714
39236
40678
38110
39780
39501
41515
40162
41637
38164
41930
38711
38907
41411
41689
39666
39432
41900
38223
38035
38768
38637
40797
38161
39372
40122
38056
40446
41650
40133
38067
41284
40157
37818
38288
41411
38781
41463
41624
41572
37868
41448
37757
41716
40683
39235
41681
37996
41657
39393
41227
41051
39921
39328
41176
39379
41723
38517
40557
39782
41617
41195
38795
37922
41705
37844
40794
40251
37879
41448
41832
38238
39947
37786
39065
41761
41819
41877
40369
41349
41299
39253
40022
37730
38065
40720
38364
37913
37747
40054
40183
41489
37742
40677
40939
38107
38154
41452
40191
39463
40468
38270
37693
38648
39405
38180
41760
37956
38662
40297
40391
40454
38303
40159
41752
37727
41800
41551
40877
38663
38164
41682
41346
38148
38637
40970
41444
37726
39863
37919
41044
37935
41482
39258
40725
40929
41205
39568
39778
37756
37704
37837
41396
41664
37921
38274
37999
39085
39553
41351
41590
39844
41020
39270
41333
37859
38459
39340
39435
40968
40884
40664
38056
37821
40876
41672
41419
40297
38043
40264
40598
38025
37703
37765
41362
38558
40960
37870
41736
38922
41694
37804
41823
41852
40889
40609
40974
38165
39602
38411
41511
39793
41379
38222
37745
38355
38475
38985
41694
41772
38044
39007
38078
39914
38942
37778
38121
40508
37837
40173
40807
41781
39501
39253
40383
40285
40966
41864
37750
37892
41335
40173
37899
40380
41887
39129
37913
41592
41262
38874
41616
41479
41501
38868
40906
41814
39760
37628
39609
39626
40897
37748
39702
38397
38020
41593
38215
39696
41551
41590
39973
40362
39836
38370
41802
42027
38495
38511
39542
38114
37715
39635
41627
37816
41298
39789
41769
39231
37770
38274
41522
41865
37775
38967
39645
41399
41549
38124
40458
39072
40023
38208
40979
38727
40627
37996
41670
40343
37757
41753
37955
41574
38103
37734
41628
38429
41396
37807
39577
40167
40858
37828
38134
41150
41621
40192
38276
37741
40394
41191
38556
37690
39472
39318
41054
41942
38335
38953
41615
40170
39888
41868
41187
38726
38159
41791
41663
37901
40224
38112
40734
41742
39375
39545
40338
39076
37660
41632
40866
41716
37784
37714
39740
41792
37880
41329
40838
38031
41558
37735
39604
38402
41119
40020
40895
41897
37803
40942
38433
39714
41304
38472
38650
38466
41796
39090
38147
38037
39274
37967
41424
39347
37909
38490
38157
40412
41267
37633
37771
41513
40481
39672
38807
38304
41371
38052
38295
38035
38620
38427
40480
37747
38130
37924
38302
39095
41391
39718
41542
39600
41856
38643
41013
39861
39312
41589
40671
37990
38062
41694
41392
40979
38724
38435
38011
40205
38226
41663
41873
41330
39349
40784
40185
38822
41732
41713
38503
41412
40761
41037
37938
38772
41866
41778
41065
40662
41444
40087
41751
40796
38949
41191
41781
41494
38614
41365
38963
38442
37909
38092
37836
41730
38687
41806
41723
41722
41544
39317
40947
39051
40761
41428
37852
38634
40431
41795
38082
39632
38015
40342
39064
40128
38910
39031
41586
40786
38707
39925
38656
37721
41390
39736
40425
37941
39901
41091
41796
41685
40159
39104
39867
40533
41728
39656
41056
41173
39917
39910
37888
40321
38638
39033
41621
41480
39200
41803
38369
40995
41776
41772
40545
38521
37968
41635
37936
41800
41319
40343
41699
40310
39343
37823
41721
37753
41590
38678
41785
39605
39204
37694
41419
40209
41767
40773
37787
37637
39131
37832
39757
41721
41355
39133
40845
41076
40567
38417
41940
41869
40865
41164
39651
40642
40460
40005
37864
37837
40656
41020
37915
39194
37800
40307
37945
40775
41115
41435
41652
39407
38358
37791
39915
39304
41820
38595
38725
37856
38199
41580
39637
39956
38291
41666
38259
37976
39341
38291
41619
40573
38463
38724
40890
41910
39017
40345
38322
38593
40754
38504
37826
41090
40987
40300
41459
41850
37853
40928
38651
41346
41177
41553
41597
40466
38101
38083
37787
38603
39997
41957
40118
41788
41280
41787
38566
39764
38107
41153
37691
40065
40984
41523
38261
40033
41656
40398
41780
39321
37846
40935
37810
40518
38220
41751
41865
38064
41483
40659
39061
40982
39166
39106
40989
40411
38363
40029
37917
40261
41321
40186
40778
38259
39984
39006
39449
37763
38619
40100
40044
37991
39002
39328
39693
38548
37739
41235
40501
40329
38235
41395
38117
41623
37817
37925
41832
38365
41086
39363
41872
37960
38251
41116
40637
41259
41751
38740
38092
40132
39603
41749
39325
41836
39912
38263
40375
39139
38601
37892
40752
37873
41250
38995
37884
41149
38625
41815
37767
39452
41824
40912
38310
41711
41416
40641
37920
41657
38819
38841
39313
41737
41402
41567
40790
41885
40560
39334
38620
40496
41744
38049
38790
41642
39769
38190
39516
41071
38014
40651
39907
41380
39967
40641
40858
38369
39818
40920
39495
37749
40569
40593
37676
39631
41322
41337
41445
38594
40794
41556
38147
39620
41199
40807
40428
40654
38123
40034
38614
41266
40371
39765
41716
38507
38067
38608
39899
41939
41314
38706
41985
38177
40204
38888
38243
38004
41852
38804
37783
41814
38207
41296
41204
39349
38597
39443
39275
41772
37749
40830
40112
38059
40576
41757
39725
40755
39295
37781
40052
41800
40312
40665
40220
37905
40379
40411
41322
37747
37696
39472
38538
38809
40991
39453
41675
41203
39656
37911
41788
41662
38882
39004
41678
38852
39012
38881
37822
38294
41738
41458
37927
38662
41596
39811
41032
39065
38181
40948
41417
38439
41306
38843
39497
41503
42009
37717
41737
41431
39461
41454
40332
38650
38358
41300
40103
39470
37933
39655
39347
40706
39625
41830
37929
41781
38507
39497
40509
41041
40722
41849
39795
41204
40643
38931
40224
38254
37921
40476
39726
39155
41660
41675
37929
37813
41781
39897
39105
38926
37743
39732
37838
40139
38785
41063
41849
40330
40628
40580
38266
41906
41032
39586
39405
40766
40265
38367
41754
41830
40481
39999
40444
37829
40284
41178
39028
41644
39195
41690
37922
38089
39081
37881
37977
40379
40276
40748
40970
38520
38672
40177
39747
38815
40814
41630
39338
41870
38190
38364
41252
37685
38485
39521
38050
37864
37669
39087
39866
38229
37830
41840
40653
41811
38482
41716
39001
38963
38059
40607
40093
38960
40666
41092
37867
41686
41094
41829
37922
41519
39036
38826
38332
38544
37816
41735
40745
41789
41828
39642
37664
37756
41602
41570
39000
39933
41645
40021
39171
41512
38786
40548
37945
40325
40093
38567
39505
38366
41741
40983
39712
41553
39244
41691
40530
39208
38029
39483
38515
38398
38631
38161
37822
39508
39450
38908
40114
41689
41780
38717
41684
41552
40179
41705
37956
39879
41769
38065
39414
41836
38633
40406
40753
41599
41780
37804
39687
38351
38074
37872
40497
38864
39305
41164
38423
41339
41794
40354
38026
41324
41773
38536
38995
37818
41067
41778
39786
37973
38497
41417
41803
37953
39531
39855
39933
38755
37772
39550
41856
38348
39100
41640
39209
37987
38646
40971
38443
40132
41003
41120
37711
41708
38264
39003
41483
39397
40215
38621
40384
38130
39311
40152
38556
41862
38653
39995
39076
39125
41279
40546
38846
40289
41633
41553
41800
37867
41207
40234
39121
41933
40876
41714
37895
41594
41467
41755
40768
37869
41828
38031
38237
39106
41599
41707
38276
41646
40981
41211
38030
41789
41696
39662
38095
38688
41731
38292
37937
37942
37877
38312
41069
41324
41386
40619
41739
39021
39672
38009
39262
39565
37741
40627
40897
41788
38107
37906
40464
39725
41425
39078
39602
37782
38836
38770
37835
41703
37697
38236
38630
38374
40352
41250
41645
41408
38402
41666
39342
39670
38879
39534
40510
38309
39498
37833
39631
39363
39777
38135
39625
41767
38755
40382
39153
41682
37819
40503
37742
38312
38090
41350
38111
40810
37860
38479
38355
41702
40142
38565
41788
38123
37995
41681
40142
38907
39243
39801
37908
38058
41315
38865
37721
38915
38433
38977
40990
37749
40002
38654
38882
40443
41951
40642
41762
39309
41445
37731
41231
41837
41525
41553
40661
40750
40487
39481
40377
41792
38868
39452
41819
39466
41436
41046
41801
37945
39571
37834
40972
40593
38192
37769
38857
37898
39472
41688
39953
41836
37747
40979
41685
40248
41589
40969
39578
38008
41632
38422
39939
37809
37887
41083
41830
41514
38636
37717
37910
39184
39218
40169
38864
39600
39136
40046
39700
39834
41265
37740
38814
37850
39796
38003
40080
38354
38114
41478
38083
39437
39059
41187
38601
40501
41048
38343
41030
37812
41012
41238
41938
37718
41850
41761
41092
41157
41990
37942
38988
39749
41466
37694
41485
39020
41793
39046
40072
41751
38626
38177
40851
37773
38598
38118
41036
38699
41913
40245
40960
40205
39507
40695
41566
41336
39703
40903
41219
41498
41345
37830
41542
41090
38084
40265
41532
41083
38003
38891
41770
38576
37927
37909
37992
38253
37886
41702
38444
41082
38016
38048
41752
37701
37850
41183
38571
39736
37933
38757
39989
37751
38038
37810
40379
41829
39119
41311
39034
38548
40147
37745
41366
41083
41755
39387
40179
37901
41728
37725
39251
41769
40113
39305
40664
40906
40247
42061
41391
40784
41857
41467
41444
41358
41735
39541
39984
38346
40184
41364
39126
40836
41834
39140
38389
37674
37741
41446
40428
38236
40699
41179
39006
37835
40293
39807
41474
40172
40012
39423
41235
37793
37745
41067
41185
37915
39176
41002
37810
38213
37799
41919
41682
37768
41490
38960
38876
42058
37760
41488
41859
38087
42000
38107
39627
38135
39985
39817
38016
40053
39539
41861
39219
41325
39910
40298
41094
38427
40064
41597
41563
41011
41548
41236
41607
38194
41625
40524
40407
41772
38427
40255
41604
38454
38800
41371
37867
39546
41754
39948
38651
39288
38064
41426
40979
41731
38310
39040
39926
39032
37802
39036
37937
37948
39340
41773
38707
40651
41837
37806
41053
37972
39269
41794
38255
41768
39681
37856
41690
38827
40053
41670
37702
41760
40663
38876
37885
39179
37802
38795
37835
41625
38333
41007
37928
41938
38720
39197
41787
38140
41779
41788
41497
40342
40341
41772
37717
39607
40714
41169
41644
38656
39260
41798
41851
38545
39614
37934
38720
41203
37671
39479
39773
41909
40464
38391
37847
38679
41630
41115
41232
41701
39609
40985
38505
40755
41780
41233
41406
41579
38498
38285
41125
38006
40650
40766
39881
41430
41095
40171
37838
41569
38336
38032
41486
38203
38587
41004
38230
39809
41411
37890
38925
39529
37821
41567
40535
40886
37766
39572
37798
39338
40743
38681
41722
37766
40576
41138
38495
41080
41504
41267
38520
41401
38115
40803
40503
39251
37924
40715
38950
38540
39301
41341
41709
39719
40414
38986
41466
37974
38786
37795
40206
41776
41407
38066
41875
41817
38283
41773
41371
38370
41347
41077
40246
40644
41749
38668
38017
38059
37808
37632
38324
37813
38891
38020
38169
41783
38428
39808
37697
39261
40059
40647
40967
40909
39397
38475
40909
39795
39268
40724
41036
38530
39437
37809
40495
40738
41800
40251
41648
41699
37826
39810
39438
41708
41750
38896
38852
41626
38388
41241
37805
38035
39340
41807
37746
41264
40527
41661
39276
37689
41123
39969
37932
41816
41817
41322
38892
37799
41845
41328
40205
39077
38415
39678
41643
41864
38985
39639
39129
40338
38130
37835
40027
41764
41637
39323
41371
37916
38074
38617
40972
41590
37901
41306
39365
39060
40533
41640
40022
40407
40096
38644
41073
41296
41217
41162
38138
38810
38579
38817
38621
41763
38131
40658
40847
39650
38702
39036
41357
37947
41823
41729
38882
37877
40435
41639
38386
39197
39478
38758
38918
37876
37899
38704
38119
38938
39076
38313
41777
37762
39005
37865
40918
40110
38541
41721
39040
41543
39197
38990
38734
38084
38371
37873
37942
41143
38586
41647
39012
40288
37774
37794
37726
40277
38816
41424
38061
38416
37825
40015
38840
40073
38891
38636
39607
41361
41733
41287
40689
41788
41038
39514
40179
38099
40538
37952
39380
40905
41466
40392
41761
38035
38749
38015
38359
40560
38609
38865
38601
39650
41535
38648
37774
38743
41796
40555
39721
42125
41596
40036
41709
40651
39323
38358
39827
41735
41212
39610
40924
39015
41259
38403
41810
37764
39654
41925
41172
38176
40270
41829
38129
40791
41839
40476
38126
39222
41568
41671
37920
39802
41486
41671
39357
38339
41371
37789
38472
39543
39851
40662
39013
39738
41503
41590
41886
40812
38776
38339
39741
41761
38702
41432
37959
40822
38837
37825
41522
39816
38787
37872
41874
38672
41221
41078
41772
41182
40313
37855
40590
38530
41856
37855
41883
40733
41323
39696
40508
37904
38800
38074
41737
38083
41881
39825
39949
37947
41616
40734
40673
40961
38149
38638
39844
39096
41340
40213
40596
41889
41564
39651
41896
40958
40424
38106
38031
41760
40853
39880
40947
40649
41368
39549
41538
40873
38658
39981
39397
41618
37935
41437
37835
39668
41604
41806
41647
41419
41437
41815
37956
41122
41792
39401
39697
40709
37822
37852
41822
41828
37735
37816
37712
37864
37766
38789
38213
41839
41547
38206
41646
37868
39033
37944
39365
37873
37794
39559
38941
39095
41864
41565
38563
41567
38331
40629
41258
38786
37715
38491
41406
40551
37735
41922
38433
37814
39596
40459
41304
41231
40549
37866
41027
40660
41703
42044
41757
41193
40257
38456
40338
40240
41030
37849
40885
40238
41359
41118
41876
38214
40447
41679
41275
38054
39072
38911
40158
39425
40194
41963
37841
39089
38724
41252
38922
37640
41747
41168
37903
37778
38361
41828
37831
38870
40626
41635
39401
41684
37879
38954
39823
38094
41701
38206
39472
40345
39391
41110
40995
41599
41682
41702
41528
40619
37844
38218
38922
41240
40805
40798
41736
40785
41492
40005
39872
39728
40506
38035
37771
41765
37884
38469
37743
40374
41516
37822
40055
41310
38041
39213
41611
40212
41832
41423
40695
40274
38671
41324
38171
38732
40239
37968
40098
41539
41301
40630
37823
39855
40062
41291
38395
39336
37610
41822
39313
39494
38801
37978
38254
39011
40849
40855
41572
38521
41467
38232
39973
40117
40923
41492
41680
37931
39632
41797
41083
40639
40495
40683
40973
39797
38817
38649
40665
38359
40445
40144
37785
41256
38061
39360
41836
40854
38579
38474
40557
39539
40881
40648
41321
37999
38856
40210
41778
41712
41540
38936
40934
41709
37955
37666
39497
37996
39023
41466
39623
39683
39957
38412
39163
41234
38155
37660
38980
38337
38374
37775
42067
40226
37817
41377
37733
37859
39367
39091
38622
40073
38955
37843
37833
38536
41347
40807
39271
37806
41795
37892
41349
40697
41840
41795
38861
41892
40665
37944
41740
39332
38013
40555
39561
37925
41618
39701
39371
38810
41880
38903
39579
41823
41733
40862
40124
41152
40170
41482
39129
41536
38060
38362
40448
39703
41863
39287
39757
41787
39715
39515
39415
39417
41955
38044
37721
39359
40051
41463
38913
41058
38058
39227
38596
41629
39127
41410
38282
40794
41675
38561
41555
38015
40717
38640
41370
41123
38438
39581
38632
41731
41803
38783
39308
41732
39255
38860
41715
37699
37908
38540
39854
37697
38271
38280
39314
39254
37814
38605
41563
41381
39356
41075
40638
41732
39831
39327
37795
38760
39366
37993
38506
41750
37811
41683
41870
41542
37701
41768
38498
40358
38188
41582
39906
41639
38142
38642
39718
39860
40958
37981
38615
41322
40759
38020
39250
37705
39063
39517
41887
37909
39312
42003
41403
40164
41615
41677
41629
38925
38679
38634
39463
38735
38109
40913
41774
39577
40974
38301
41667
37847
37933
40053
41773
41630
41569
37763
37788
37961
39389
40500
38082
40717
41680
39330
37762
40423
38155
41620
41389
40154
40676
40237
41689
41101
40827
39017
37891
41351
41790
40318
41793
41112
41066
39077
41247
40121
39983
41723
41154
40437
41316
38059
41761
41897
41295
39425
38202
37825
37938
40115
39692
37918
38701
41018
38072
38917
37793
40180
37820
40457
39224
40354
41737
37831
38043
39761
38697
41651
40919
40166
40605
41694
40640
39298
41695
41838
38260
37829
39552
41891
39038
38393
39049
37730
41769
40779
39228
41790
41563
38202
40773
41526
38352
39677
37691
37915
38858
41036
37887
40914
39027
40044
39371
39623
37845
39370
41611
38408
41210
40508
38569
41244
41640
38909
37872
40083
41200
37922
37722
38270
41122
41880
38098
40693
41644
39382
37925
40043
41507
39037
41881
40862
41627
38530
39296
41872
38590
41767
39182
39369
39867
38659
41683
41430
39492
38489
37864
41561
37901
41676
38487
41992
40287
40100
39071
38757
38432
38849
41512
37736
37736
40344
37754
39539
39853
40586
38492
40134
38690
37923
38905
38866
38411
37968
39740
38532
37933
39517
41266
40065
39348
41831
40277
38856
41717
38469
40455
41868
41619
40013
41884
41480
37694
40249
40516
37961
38685
39292
41843
38487
39892
37673
38775
39867
41607
37810
38116
41400
41883
41706
41286
38787
39640
39686
39510
37820
40804
39672
37849
41384
37984
40531
38057
37793
38941
41294
40583
39349
40506
41583
37887
39682
41839
39545
39242
41659
39122
40138
38065
37633
37804
38668
39790
39444
41776
39703
40192
42018
41798
41661
41693
37765
39948
38424
41856
38710
39086
41739
41299
39642
40969
39396
39160
40088
39810
41528
41177
41042
38517
41712
39908
37859
41129
38006
41872
41513
40574
37766
40863
38910
41789
37855
37697
37968
41652
38496
41361
39529
40500
40739
41575
38028
41320
41494
39717
38393
38607
41810
38158
37973
37766
39245
41094
38134
39083
41171
39558
41159
41959
40681
40238
39075
40133
41719
38196
38500
40536
41632
38069
38569
40568
37789
38209
39821
41634
39137
41256
39308
38000
41215
41380
37763
41674
38709
39006
37988
38435
41121
37901
39552
38070
41619
39488
37789
41159
41771
39974
41666
40320
41149
40198
41640
38198
39340
40632
41607
38682
40729
38436
38547
39306
38628
38088
38308
38684
41801
38770
37762
38421
37711
41062
40706
37956
41539
41646
41655
40709
38398
39005
37985
37755
38230
38646
38751
37706
37966
41566
41785
41744
38702
39991
37680
41743
41659
37845
40044
40860
40526
41885
41563
38179
38650
37842
37831
38151
38184
40807
38720
37725
40851
41215
39239
37790
38205
39481
38388
41083
41908
39126
41803
38620
40887
41331
38016
38610
41399
41722
40621
41441
38139
38347
38115
38140
41336
41803
41028
38712
40552
41382
38149
38189
41875
41873
41969
38532
37802
41366
40786
40393
37655
41722
38325
40399
37768
38305
38722
40126
37733
42040
38975
41423
41774
39925
38945
40478
40326
41294
38769
39216
40810
38754
41378
38868
41860
38924
37971
41862
38307
37825
38006
39461
38313
40718
40470
40439
41135
37824
37861
40525
38901
40121
41544
41456
41624
38039
40521
40954
38856
41071
41369
38156
37961
38446
41755
37885
38236
41846
41769
41857
39689
39269
41180
40870
38231
37946
41465
39356
39684
39163
40026
39276
37784
38370
40578
38773
38686
40412
41708
40492
39774
41748
39678
40784
40774
41527
41473
41830
38262
40278
41135
37941
41814
38198
39490
39801
41547
41749
39095
40706
38212
41702
41703
40227
41307
40744
38718
39944
38784
38781
38004
41243
38765
38073
40458
40913
38020
39400
37975
39761
40814
41880
38115
39280
38978
41532
40729
41729
39116
39585
38983
41216
41626
37716
37848
38089
41197
38269
37658
41336
37901
38986
39536
37861
41809
38715
38652
40053
40705
37934
41286
37849
41519
41832
40415
40754
41703
41435
38162
37824
38107
38684
37750
41409
41804
41414
40668
37739
41387
39319
39469
40181
39797
41756
40960
38916
41562
39245
40336
40446
38074
41620
39011
41612
41785
41133
38431
39774
37698
37831
38021
39821
41545
40105
41549
39965
41598
37877
40018
40517
40874
37907
40050
39981
40544
38472
38381
38784
38124
40308
39801
39272
41262
37892
37963
41177
38501
39015
39625
39888
37864
39511
37799
39213
39423
39595
37867
37918
38939
39133
37977
40265
38249
38752
38926
39213
41267
41274
41832
38277
40984
39198
37999
41587
40315
41818
41134
41453
38705
41918
38089
38893
41766
41844
38967
37795
39818
37956
41435
40403
38100
41577
40995
37932
41104
38045
38079
40522
40667
41776
38214
40502
40766
41288
40943
41279
40482
38472
38899
38636
41040
38294
37664
40172
38530
40343
40059
41564
39715
38327
39709
41572
38028
41587
37966
38016
38569
41421
41283
40148
39934
39269
39306
41410
39983
38355
37717
41730
41644
39870
39930
38482
38954
38642
41399
41604
39514
41463
38464
41842
40217
38984
40112
40133
40862
39417
37780
40544
39243
40853
38908
37937
37862
41671
37949
41822
40204
37866
39268
41063
38049
41299
41122
41762
41885
40414
39470
41161
38147
40442
40829
41587
41443
40591
41705
37789
40813
41817
41768
41725
40148
40799
38784
37774
38104
41088
40791
41874
37748
40813
40740
41674
41772
38323
40867
37769
38843
41997
39126
41718
40773
41819
38085
38709
40383
39016
38232
37949
40783
41703
37803
38523
40988
41109
39560
37699
37982
41122
38113
41670
41036
41727
38470
40570
39010
39828
40919
41602
40746
39118
39909
37850
39302
41510
41570
41621
40038
40772
41598
39429
41723
40604
37920
41856
40807
41357
39595
40108
37949
40248
40418
38615
39491
37720
41448
39323
38437
40039
41095
37861
39071
39018
39306
41302
40863
40035
41098
40627
41841
41039
37880
37946
37919
41267
40238
37855
37829
40465
38669
37768
39218
41823
38225
40768
38471
39333
39378
41791
41833
38054
41226
41833
42009
38620
37806
37917
38111
41260
38532
37743
37938
37884
38275
38463
41238
41742
40588
40993
38746
41563
37942
40748
39546
41318
41756
38329
41848
41817
38576
41537
38356
38202
38785
38037
41804
40989
38000
37973
37731
41807
39841
41467
37803
41620
41451
38726
42051
38588
37867
38385
37877
38262
38790
38156
41704
41665
39723
41725
40986
40097
39160
38444
41874
37909
41010
40492
38599
41858
41332
37853
37930
41440
38495
38461
40385
41807
37849
40530
38358
41328
41848
37813
40890
41128
37842
38836
37759
41888
40272
40555
37948
38622
40392
39052
38457
38311
37813
39196
37770
41655
40975
39022
40084
40496
37949
38074
37787
40670
39293
38592
39760
41716
38463
38836
41673
40483
40837
37663
41730
38624
38003
41659
41220
38607
39347
38075
40909
41854
40599
41648
41747
39991
37816
38100
38085
41842
40463
40281
39145
41725
41482
40227
41727
41909
40836
37947
37926
37920
39451
41776
37794
41676
41180
40173
41796
41524
40131
37721
39981
40666
38583
41203
40995
41904
41557
37733
40325
38944
41289
38890
39185
40178
38807
38082
41719
39361
39059
37915
41655
38093
40598
39989
39431
40456
38688
40582
41050
38628
40486
37903
40619
37912
38694
40817
38400
41860
41935
38920
41748
37823
40258
39739
41866
41633
38271
37924
40713
38041
39151
39549
41863
41331
38368
40190
37926
40271
38776
37896
41811
41330
38259
37946
40943
39032
41720
38846
40213
39129
37964
38838
38678
37923
41698
37867
41436
37750
41567
38750
40567
41380
39064
41660
41087
41700
37853
37813
38993
38088
40215
37672
38932
38362
38008
41671
37737
40937
41686
38180
41859
41724
39088
38473
41715
38536
39746
41941
41701
41667
37834
38187
37792
38099
41502
40069
39145
41942
41763
39042
41492
38132
40005
40287
38243
41612
41607
39277
41881
41040
38683
37977
40007
37820
38120
41029
38309
40424
41527
38021
38176
37681
41315
41595
37859
40778
41039
39735
40194
37743
40360
41712
39608
41504
40184
38160
38435
38311
38419
41246
40387
40844
41788
40674
41377
38049
38764
39543
41057
39654
41396
38094
41105
40698
37901
41277
41625
40629
37678
38032
38412
41957
38564
39441
41143
38066
40962
40674
37754
41662
41305
40069
41755
40297
38883
37670
38822
38005
41586
39048
41317
39940
39017
41443
41212
38021
39337
38505
38023
41340
40933
41860
41464
38450
37923
39879
39032
41154
39683
38040
37720
39525
39073
37808
40259
38533
39337
38871
41680
40797
41531
38601
39370
41267
39216
37924
38726
39345
41198
40561
38296
39850
41122
38267
40977
40108
37940
41242
37833
39710
38863
37899
39833
41221
41607
38635
41807
38776
41057
41756
41147
41066
38289
38608
37827
41594
38462
40878
38980
41020
39199
41340
40199
39735
37828
37654
38005
40380
41675
41698
38644
37829
41050
37994
39345
41300
41120
38249
39922
40919
38777
41898
38361
38367
40990
40251
41642
39670
38891
40868
40651
41941
37956
40431
41754
41079
41949
38081
38012
38934
41375
37905
40251
39862
39249
37948
37702
38157
40854
37747
38971
41033
40561
41441
38426
38757
39996
40710
39286
41666
40064
41684
37812
40300
38477
37703
37776
41402
41208
38177
37784
41377
39410
38505
37959
38238
38901
38187
40364
37976
38304
39302
41392
37937
40863
41013
39679
39632
38435
38535
40974
41696
41902
40269
39134
37793
41792
38337
38762
38399
38513
41583
37874
37724
38969
37781
40770
39833
39026
40550
37728
40560
37842
41610
40222
37834
41688
40012
40487
41010
40826
39573
38062
41811
41379
40165
40065
40094
38439
38497
37939
41060
40332
38013
38086
40245
39616
40876
40954
41767
40514
40054
41827
39782
39894
41881
40203
41885
39894
41391
37876
41058
39007
38097
40336
41773
41660
40058
38605
38159
41611
39444
38251
40773
40018
40552
38951
41603
39071
39299
37804
38069
37868
41853
41598
40101
39600
41183
39818
37748
41643
39084
41658
39655
37756
38167
40341
39003
38845
38612
37829
41708
38358
39998
38210
39402
40908
40316
38781
37902
38314
39828
39254
41278
37927
41267
41796
40215
38719
38776
37851
38548
40955
41442
39179
41930
41833
39811
38010
39239
38632
39528
37692
39015
41399
38455
41604
41469
41188
40016
41422
37896
40275
41632
40673
41712
37991
38424
37904
41291
40692
37858
41939
37956
38824
38612
40611
41307
39586
38160
38297
40916
38624
40442
41702
40891
39451
38507
41068
41874
40080
37951
40701
41422
41294
40397
41223
41767
40673
40945
41720
41566
41550
38608
41358
39896
38155
40433
38149
37757
38356
38394
41755
41791
39017
38216
38228
40676
38714
39027
39069
38236
41847
39361
37704
41621
41396
37738
40928
39233
37766
39333
39760
41538
40663
41705
41987
38401
41832
41781
38940
41183
41066
39840
37764
39601
39165
40496
38116
39122
40161
38581
41544
40605
41761
41423
38724
41961
41373
40033
38123
40976
40001
40826
39971
41939
41736
37777
39296
40022
41625
41640
38913
41246
41916
41706
38914
39820
41671
37987
41777
40784
39775
41699
41513
38007
39270
41761
41810
40837
40848
41792
41196
41750
41456
37956
37715
37976
37949
39832
40808
38280
41836
40361
41599
40853
41579
40143
41832
41315
41770
37811
38287
41115
37731
41026
38549
37754
41022
40575
38666
38444
41810
40005
38579
41622
39644
37794
40950
39635
41708
41834
41637
37902
40996
41567
41369
41143
39671
40712
37974
37762
41360
39115
41542
40641
40280
37854
38860
38055
37833
41806
40112
39446
41356
38167
41262
38096
38340
37822
40848
41716
40382
40844
41884
37933
41618
37685
41644
41269
38195
40715
37799
40015
39673
37891
41200
38582
40362
41009
37811
41012
39027
37765
41852
41041
38958
39353
38465
39303
40325
38431
41718
41096
38624
39410
38170
38376
38059
41817
40416
38289
37888
37797
38344
41495
37881
39280
39818
37788
41599
40749
41265
40267
41584
41785
41848
39442
40841
39847
40582
38086
40987
38312
41219
41656
40785
37999
38568
37754
38777
40308
40874
38417
41102
37796
40984
40704
38146
38095
41107
41641
41824
39578
41242
39859
39485
41595
37694
39039
37815
41808
41475
39530
40071
39125
39658
40177
40395
41592
41380
38531
41127
39852
40070
38696
40296
38388
38157
41594
38313
40441
41711
41816
38799
37869
40063
37718
41760
38436
39591
40427
38577
38147
39260
39965
41331
40903
41175
37989
40869
38482
38409
37967
39279
38112
37737
41840
41796
41167
39269
39450
37907
41376
40550
39477
37781
41787
39995
37809
39637
41744
38266
39440
41614
37918
38389
41407
37783
37825
41573
41257
41117
37852
41081
39906
40300
37755
39084
41270
38130
39636
38221
40456
40733
40925
41252
39606
39107
37869
37627
37874
38013
41640
38540
39387
39045
38189
37816
41577
37741
40326
38262
38241
38797
37771
39096
39876
37704
39736
40238
41886
41463
39569
41777
41840
37998
38063
41785
41044
41597
37799
39250
41734
41105
38680
40011
38623
39064
40446
41316
38712
40901
37998
41842
39530
40861
37816
41911
41506
39513
40631
41158
38251
40893
38708
41567
41352
41873
41849
38019
39077
37922
41283
38256
38761
37893
37756
37783
39422
41832
41090
40675
38854
40392
40473
41252
39230
41484
37927
39682
41481
38139
39063
37773
41808
41023
40851
40283
37794
38237
41801
41543
38654
37976
41707
41173
40458
41834
39274
41529
38019
41734
39046
41358
38700
40679
40796
37862
41409
41146
40171
40754
39677
40815
37968
37971
37791
41176
41669
40425
38456
37760
40660
41718
41299
38240
38086
41830
38402
41590
41604
38627
41837
40608
39011
37833
41684
41876
41704
41119
41744
40649
41233
38424
38028
41576
37823
41180
41300
40182
38936
38558
41074
37711
41666
41373
38874
38649
38008
40056
38384
39046
37864
37882
41682
40643
38398
39639
37704
39596
39489
37877
41712
38167
37942
40167
38078
37751
40069
37782
38443
41101
37718
41897
38527
37882
40352
37920
38133
41799
38510
37837
37813
39861
39764
41768
38006
41104
41082
40461
41763
41718
39882
37742
38639
41554
38945
41823
41353
40784
38498
41546
38661
38004
41471
38479
37999
41007
40033
40777
41166
41487
40112
38454
40320
37816
38290
39978
41940
38130
38309
41416
37723
40596
38128
37883
41390
39221
40169
37757
37971
41301
37863
41272
39690
41214
41483
41636
41809
41292
41555
37810
38099
41567
39545
39592
41486
41828
41289
41902
41169
38675
40076
38235
37995
39701
38768
41690
41275
41817
38075
37702
38192
38224
41822
41675
38887
39250
38915
37815
38307
38640
37921
37862
38671
39309
37705
39597
39747
41138
38610
38393
39109
37687
37665
41717
41026
38382
37960
41305
41137
41758
39720
40310
38186
37922
39822
37809
39851
38885
39702
37895
39674
40032
38054
41204
40521
40554
41704
41431
37805
39279
40349
41888
41808
38864
41679
37938
38255
41191
39120
39261
38247
40350
40343
41085
37982
40816
40002
37807
40587
41545
40885
39514
38021
37761
40906
38424
40217
37775
41460
41401
41178
40267
41674
38620
41886
39624
40856
41508
41641
42006
41567
37847
41552
40976
41853
41409
41555
39176
40745
41083
37813
41735
40924
37776
38474
38974
41200
41859
37832
40627
39256
37968
40638
40104
41659
38335
40729
40090
38378
39801
41457
41960
38096
40570
38143
41554
39075
40152
39948
38958
37867
38715
37778
40977
41857
40229
41104
39152
41350
41558
38458
41272
41697
38342
39635
41817
41377
41428
38465
38293
41321
38338
40831
39363
38120
41715
39235
39921
38916
41525
38944
39846
41715
40409
37989
37783
37733
39653
37976
37913
41501
40833
37962
38330
41537
37693
41764
38377
38862
37855
38348
38565
41678
38817
37902
39452
39735
39599
38047
41204
37943
39190
39997
41105
40829
37814
39369
41736
38071
41778
41947
41339
41059
41573
39707
38722
37692
37883
41848
39205
39843
41325
39110
40650
38894
41562
41661
41691
40489
37861
41351
40258
38303
37667
41796
40939
41360
40965
39003
40190
41633
40523
39529
40466
40673
37762
39649
38509
41377
39849
37848
41436
41772
39088
41012
41834
40520
39080
41617
38452
40637
39303
41021
38477
39151
41632
40805
38102
37918
41219
39967
40492
41231
41765
39784
37860
40801
37826
38470
37819
39635
41832
37936
40832
39115
40598
41517
37946
40221
37752
39007
39877
41075
41530
37869
41220
41420
41813
38048
40393
41742
38987
38275
39597
40979
41848
40415
40180
38212
39351
37945
41371
41321
37855
41718
38694
38503
41636
38007
38790
40370
39950
41830
38112
38758
40633
37743
38248
40306
40648
40480
38514
41279
41688
39504
39449
40181
41821
41474
37799
39324
38451
40789
40734
38835
38351
40128
38522
41450
39189
40763
41460
41720
37751
38559
41347
41757
41802
40257
39740
40026
40400
40785
40948
39980
39420
40205
39812
38499
37803
38054
38293
38476
41609
39575
37931
38771
41028
41716
38344
37785
40680
38333
38229
37989
38650
41708
41669
39637
41764
39349
40306
38765
41416
37995
41620
41106
37869
39250
40985
41421
41777
39816
38066
41661
40823
39689
41622
38448
38282
41767
40910
41822
38620
40361
40692
37879
41828
38149
39862
39468
40613
41201
39411
37995
39404
41763
41700
41692
38900
40844
40491
41126
41733
39455
37873
39521
38276
37900
37987
41392
38159
40434
40474
40625
41031
40203
38503
37774
40436
39545
40829
38662
38507
38377
41799
38465
41578
40278
40403
40931
40360
40984
40276
38039
39038
40142
38288
38075
41905
37895
41616
39042
41652
37733
37852
37819
39839
41868
41936
41858
40140
37890
41387
38286
38911
40812
32474
32474
32474
32474
32474
32474
32474
32474
32474
32474
32474
32474
32474
32474
32474
32474
32474
32474
32474
32474
32474
32474
32474
32474
32474
