9948
36383
36491
37562
37130
37057
37762
36426
36765
37823
37059
36476
36937
37840
37126
36428
36136
37805
36324
36306
36156
36244
36381
36333
37772
36932
37383
36485
37547
36461
36922
36196
37546
37055
36432
37614
36641
36310
36324
36557
37162
37185
36617
37025
36507
37418
37554
36388
36995
37002
37391
37229
37554
36789
37684
36479
36675
37248
37264
37900
36789
37679
37705
36208
36954
37199
36872
37020
36339
37308
36744
37278
36296
36676
37635
37959
36535
37494
36067
37344
37011
36826
36716
36524
37583
36338
37262
37501
36379
36430
37088
36318
36341
36473
36879
37444
37457
36476
37046
37258
36931
36228
36637
37767
37507
37784
37607
37510
37744
37278
36521
36352
36828
36774
37500
36405
36935
37564
36480
37258
37248
36130
37322
37338
36889
36732
36314
36567
36307
37670
37742
37250
37336
36972
37425
37358
36388
37831
37371
37502
36724
37779
36322
36529
37598
36603
37069
37276
37396
37670
37506
36429
36675
37283
37824
36706
37654
36969
37109
36899
36476
37437
37182
37248
36845
37810
37649
37165
37103
37584
37626
37516
36249
37704
37779
36898
37562
36417
36257
36434
37317
36540
36574
36234
36784
36794
36316
37004
37681
37438
37610
37277
36324
36803
36471
37718
37401
36528
37636
36476
37080
36557
36646
36415
36740
37633
37324
36653
37640
37715
36325
36807
36917
37535
37597
36449
36587
36389
37585
37719
36704
36483
36713
37760
37359
37847
36768
36125
37611
37008
36641
36691
36558
37729
37453
36651
37670
36437
37097
36708
37524
36470
36768
37772
37606
37840
37375
37579
36458
37649
37610
36461
37512
36485
36403
37829
36503
36830
37007
37469
37750
36915
36333
36353
37681
36638
37351
37314
37263
37802
37524
37880
37526
37217
36553
36398
36340
36635
37483
36401
37389
37643
36296
36725
37484
36508
36873
36543
36244
37248
36184
37799
37824
36304
37463
37410
36832
36439
37674
36975
37155
37800
37140
37057
37313
36867
36318
36572
37648
37635
36731
36570
37841
37257
36669
37861
37338
37667
37261
37827
36634
37655
37363
37649
37681
37750
37234
36343
37046
37528
36961
37729
36425
36199
36359
37437
37052
36266
37272
37795
36548
36728
37002
37033
36640
36412
36320
36490
36842
37202
36692
36728
37067
37409
37258
36488
37194
37329
37652
36330
37305
37252
37922
36895
37487
36496
36284
36269
36404
36768
37618
36496
37669
37600
37311
36555
36886
37037
36508
36823
37551
37490
36957
36434
37867
36614
37787
37600
36742
36432
36724
36589
36921
37675
36434
37710
37394
37205
36795
37724
36467
37605
36417
37093
36424
37248
37665
37680
36788
37262
36386
37070
36602
37897
37206
36834
36211
37032
37771
36337
36624
36831
37325
37476
36920
36364
36884
37739
36743
37475
36387
36536
36382
37673
37482
36771
37699
37082
37510
36603
36366
36346
37782
36523
36427
37169
36424
37216
36243
36643
36612
37633
37727
37570
36772
37489
36448
36300
37706
36360
37452
37709
37340
37869
36487
37847
37571
36609
36913
36897
36341
37950
36344
36853
36466
36791
37306
37605
37761
36513
37714
36396
36368
37518
36584
37059
36232
37703
37658
36385
36220
37065
36456
37171
36340
36571
37669
36848
36280
36394
37735
37490
36408
37670
36402
37377
36776
36386
36316
37726
36310
37830
37130
37675
37798
37439
36654
37719
37720
37716
36295
37742
37013
36490
37633
37180
36319
36928
37181
36409
37516
37440
36452
36371
36381
37223
37487
37759
36527
36392
37249
36818
36700
36602
36462
35992
37471
37186
36603
37547
36978
36337
37509
36756
36547
37436
37142
37549
36863
37336
36728
36313
36583
37277
37125
37523
37976
36536
37303
36657
37321
37358
37413
36483
36885
36199
37516
37594
36862
36124
37345
37005
37155
37658
36414
37721
36556
36144
37599
37833
37573
36413
37499
36996
37504
37579
37170
36919
37574
37138
37423
36526
36491
37938
36256
36865
37399
36420
37036
36478
36511
36382
37085
37105
37221
36754
37520
37662
36371
36941
36639
36466
37005
37603
36477
36279
36254
36325
36209
37543
36753
36527
37114
37392
37380
36708
37434
37769
37764
37812
36795
36158
37383
37706
36920
37067
36737
36415
37230
36339
37815
37814
37326
37843
37292
36262
37629
37779
36419
36740
37672
36464
36677
36128
37747
36795
36591
37566
37463
37571
37260
37497
36933
36318
36594
37137
37847
37591
36826
37651
37590
37790
37919
37327
36510
37451
36256
36747
37486
36507
36720
36367
37564
37531
37604
36271
37576
37590
36338
36640
37418
36326
37556
36378
37192
36481
36796
36271
37279
37292
36507
36394
37036
37631
37693
37631
36604
36560
37622
37236
37384
36376
36398
37786
36595
36520
37858
37589
37836
37004
37333
37360
36329
37254
37528
36409
36567
36444
37344
37445
36444
37591
36874
37450
37759
37054
36684
36346
36175
36873
37659
36657
37307
36628
36407
37193
37510
37559
36425
36406
37313
37121
36428
36565
36387
37291
36421
37175
37660
36615
37644
37393
37667
36344
36325
37625
36456
36222
37342
37600
36010
37503
37094
36703
37241
36488
37746
36702
37355
36180
36428
37670
37937
37457
37873
37150
37755
37217
36472
36567
37319
37433
36456
37656
37737
37732
36609
36328
37083
36283
36381
36539
36904
36752
36399
36762
36226
36577
36395
36900
36326
36338
36408
37104
36588
37206
37293
37408
36461
36407
36779
36344
36515
36370
36523
37014
36410
36671
36944
36491
36244
37285
36724
36219
36550
36369
36642
36580
36239
37673
36958
36894
37234
37752
37084
37169
37858
37717
37099
36756
37958
36711
37226
36448
37045
36699
37316
37477
37033
37613
36748
36399
37573
37339
37070
36545
37134
36503
36429
36888
37685
36406
37292
37797
36173
36421
36357
37362
37503
36167
37925
37715
36310
37286
37412
36382
37270
36616
37781
37174
37618
37807
36758
36886
36910
36304
36401
37538
36511
37566
37241
36349
37677
36796
36673
36283
36866
36978
36479
37525
37779
37661
37581
36482
37308
37605
36469
37038
37626
37602
36312
36281
37228
37375
37651
37680
37381
36740
37901
37435
37571
37478
36403
37565
36778
37595
36583
36832
37557
37664
36331
37443
37244
36522
36697
36853
37735
36335
37447
37670
36297
37853
36451
37594
36983
36786
36576
36246
37550
36673
36271
36561
36655
36187
36262
36564
36589
36441
36946
36351
36220
36580
36286
37508
36645
37530
36331
36201
36953
37268
37560
37199
37302
36811
37838
36440
36898
37486
36324
37742
36589
36497
37014
36355
37348
36558
36299
36868
37564
37722
37631
36413
37713
36646
36353
37713
37722
37751
37150
36535
36152
37710
36909
36198
37474
36564
36696
36500
37441
36375
37780
37517
36571
37521
36592
36704
37422
36436
37801
36685
36390
36464
37502
37702
36536
37643
37308
37379
36356
36391
37005
37860
37006
37893
36318
36768
37644
37219
36501
36367
37739
36813
37738
37013
37441
37306
37059
37220
36189
37059
36374
36305
36742
37145
37791
36243
36905
36861
37550
37458
37274
36609
37674
36736
36389
37064
37482
37959
36166
36618
37235
37096
37013
36159
36323
36732
36323
36810
37294
36518
37059
37782
36485
37854
36382
37329
37671
37300
37185
36725
36435
36231
37186
36493
36586
36296
37649
36659
37818
37582
37582
36378
37266
36424
37545
36958
37625
37290
36341
37347
37776
37110
36600
36362
37718
36352
36559
37402
37082
37455
36265
36448
37445
36477
36740
36764
36502
37010
36805
36466
36993
36464
36350
37249
36368
37760
37888
36301
37068
36571
37747
36649
36208
37145
36277
36578
36651
36676
37770
37753
37522
36640
37019
37201
37528
37034
36480
36262
36728
36385
37098
37016
37343
36515
36519
37430
37601
37021
37030
36278
37110
37219
36854
36303
36348
36872
36711
37758
36788
36686
36307
36214
36993
36467
37473
37315
37498
36906
36641
37493
36440
36418
36495
36743
36916
36966
37649
36377
37326
37394
37471
37231
36917
36507
37635
37584
37777
36655
37472
36441
37628
36628
37278
37094
37066
36621
37681
36690
36246
36877
37265
37379
36634
37223
37246
36452
36544
36540
36917
36539
37613
37161
36975
36463
36453
36185
36231
36865
36428
37576
37305
36532
36316
36537
37229
37384
36544
36955
36780
37540
37613
36137
36363
37535
36935
37115
36756
37687
36480
36315
36575
37041
36383
36982
37066
36694
37094
37310
36596
36216
37727
37683
36875
36572
36319
36990
36404
36406
36584
36917
36495
37445
37742
36382
36694
36304
36504
36116
37227
36752
37495
36411
36349
37527
37238
36446
37316
36762
36485
36371
37322
37151
37487
36341
37630
36647
36831
37679
37417
37263
36225
36318
37336
36811
37349
37765
36657
36386
36843
37497
37668
36657
36513
37744
36363
37591
36664
36507
37603
36530
36496
36437
36428
37739
36584
37219
36836
36504
37523
37286
36527
37129
36180
36583
37895
37771
36399
36593
36571
37148
37217
37046
36675
36669
36937
37266
37340
36516
36467
36221
37081
37329
36804
37029
37213
37601
37568
36559
36274
37540
37106
37433
36098
37109
36436
37699
36527
37676
37091
37443
37325
36761
36668
37269
37065
37771
36373
37229
36718
36449
36684
36681
37593
37730
36624
36999
37743
36428
37599
36226
36822
37525
36177
37799
36296
36805
37510
37686
36694
37523
36620
37350
37081
37423
37706
37778
36545
36512
36393
36320
37460
37604
36452
37709
36979
36624
36612
36915
36298
37770
37597
36357
36543
36466
36719
37750
36762
36359
36568
36405
37473
37456
37343
37384
36402
36518
36370
37379
36442
36888
37234
36679
37502
37690
36981
36702
37549
36230
37513
36681
37010
36628
36877
37416
36422
36742
36631
36592
37513
37269
37171
37858
36362
36807
37232
37140
37654
36476
36963
37378
36788
36612
36488
37262
36982
37557
37788
36468
36382
37500
37335
36790
36836
37795
36351
36384
36730
36390
36580
37584
36926
36611
36721
36424
36851
36281
36623
36182
36293
37674
37833
36766
37365
36530
36299
36684
36329
36850
36544
37696
36612
37727
37499
37437
36448
36848
36783
36303
36316
37707
37838
36825
37733
36327
36595
37591
36377
36306
37637
36345
36472
37241
37759
36340
36291
37933
37619
37612
37521
37678
36364
36764
37157
37644
36446
36954
36340
36510
36959
36732
37458
37770
37433
37615
36852
37474
37542
37214
37241
36789
36405
36850
36431
36561
37090
37370
36208
37034
37469
36727
36232
36307
37760
37707
37283
36806
36494
36132
37431
37818
36763
36336
36545
37536
37582
36450
36289
37189
37057
37374
37128
36947
36566
36624
36375
37691
36715
36439
36422
37151
36393
37445
37286
37030
37528
36171
37650
36710
37561
36313
37635
36792
36503
37304
36872
37081
37559
38028
36930
36635
37191
36659
37591
37640
37014
36405
36651
36468
37485
37659
36329
36883
37590
37180
36853
37776
36642
36501
36953
37735
36557
36365
37588
37413
37102
36502
36367
36641
36507
36412
37779
36970
36320
37686
36502
37455
37472
36791
37410
37158
36246
36873
36438
37407
36989
37259
36177
37698
37121
37337
37052
37123
36218
36757
37291
37344
36235
37310
36552
37519
37300
37809
36544
36548
36343
37597
37248
37251
37226
36791
37578
37098
37393
37737
37288
37055
37653
37519
37913
37790
36725
36261
37676
37106
36483
37632
36560
36574
37813
37512
36991
36609
36640
36940
36308
36943
37565
36758
37286
36140
36746
37744
37658
36544
36763
36691
37642
37400
36701
37651
37439
36602
37675
37044
37539
36285
36893
37408
37470
36984
36585
37941
37080
36747
37367
36296
37204
36730
37702
36418
36516
37071
36346
36971
36202
37721
36237
37135
36580
36444
37532
36595
36856
37598
37166
36907
36383
37407
37629
37305
37022
36659
37582
37739
37024
37086
37495
37615
37782
36860
36474
36575
37346
37673
37639
37760
37650
37006
37667
36313
36538
36532
37852
37738
37491
37827
37511
37445
36203
36664
37465
36961
36477
37604
36333
36886
37778
36502
37057
36677
37569
37811
36264
37741
37578
36487
37830
36519
36525
36382
36986
37404
36750
37949
36729
36768
37784
37750
36430
36654
37424
36873
37385
36495
37466
36247
37053
37210
36808
37025
37314
37484
37525
36676
36416
36303
37734
36861
37409
36704
37654
37661
36227
37409
36387
36794
36516
36512
36801
37817
37908
36773
37832
36998
37158
37537
37828
37175
37591
36619
36724
36811
37323
36408
36549
36661
37852
36500
37618
37614
36719
36869
36758
36800
37723
37332
36518
37744
37860
37117
36478
37157
37219
36941
37697
37014
37670
36372
37649
36308
36575
36622
36899
37163
36572
37439
37396
36242
37694
37453
37719
37539
36558
37077
36543
36954
36819
37796
36105
37596
37896
36780
36235
36091
36258
36382
36483
36874
37187
37593
36367
37599
36566
37740
36543
37542
37673
37400
36366
36458
37799
36482
36542
37801
36241
36421
37881
36214
36452
36555
36306
36539
36294
36481
36558
37568
36783
36704
37163
36912
37689
36732
36841
36457
37543
36417
37747
36942
37755
37465
37330
36028
37557
36544
36807
36240
36390
36786
37769
37073
37326
37371
37290
37838
37133
36470
36458
36983
36276
36635
37016
37710
36245
37536
37174
37598
36322
37253
37645
36497
37673
36943
37808
36360
37616
37521
37618
36472
36260
37629
37421
36772
36065
36300
37244
36303
37293
37025
36747
37803
36920
36196
36605
37069
37730
36303
37158
36226
36513
37785
36985
37177
37875
37233
36327
36464
36520
37630
36292
37765
36470
36665
37290
36386
36529
36597
37596
36657
37760
37457
37863
37813
36528
36568
36460
37699
36897
37592
37523
36137
36860
37715
37313
37091
37028
36310
36966
36960
37383
37624
37442
36737
37215
36985
37360
36407
36876
36534
37135
36453
37301
37386
36733
37498
37661
36452
37443
36562
36920
37198
36306
36502
37248
37678
36643
36692
36677
37077
36174
36262
37731
37491
36838
36936
37593
36938
37991
37736
37685
36446
37622
37613
36249
36812
36558
37491
36658
36712
36324
36645
36104
36671
36656
37347
37419
37610
37752
37107
36719
37111
36727
37982
36334
37587
37743
37238
36907
36523
37466
37471
36762
37312
37083
36254
36642
36659
36803
37034
36681
36427
37427
37119
36571
36562
37130
36361
36579
36688
36400
36621
37405
36221
36373
37477
36388
37643
36389
37213
36628
37402
36942
36338
36368
37454
37240
36512
36977
37362
36741
37186
36262
37598
36415
36820
37450
37765
36139
36433
36389
36496
36846
36385
36665
37379
37629
36551
36844
37055
37721
36205
37491
36368
36620
36792
37495
36887
37438
36721
37650
36938
37434
37539
36984
37737
36312
36560
37217
36599
36925
37507
37360
36819
36845
37545
37436
36840
36362
36771
37646
36390
36449
36140
36837
36628
36497
36915
36393
36560
36918
36387
37319
36361
36725
36734
36451
37713
37749
36732
37554
36742
37559
37126
36800
37891
37567
37731
37202
37296
36049
37666
36451
36836
37518
36755
37552
37254
36961
37758
36579
37111
37266
36388
37652
36853
37106
36528
37795
36496
36767
36575
36743
37634
36604
36324
36550
37675
37571
36449
36843
37714
36994
37379
36564
37729
37353
37581
37622
37346
37343
37570
37543
37694
37960
37325
36501
36648
37638
36404
37309
37411
36399
37738
37801
36707
37033
36489
36458
36342
36300
36439
37797
36472
36229
37150
36109
36547
37554
37191
36974
36690
36283
36511
36872
36663
37897
36471
37659
37507
37814
36993
36286
36504
36260
38011
37043
36643
37779
37101
37488
36560
36478
37305
36720
36314
36128
37591
37711
36505
36577
36462
36654
36856
37099
37024
36624
37168
37523
37166
36652
37353
36856
36778
36882
37859
36812
36239
36493
36355
36323
36414
37222
37407
36371
36912
37380
36226
37763
36254
37689
37412
36624
36877
36290
37270
36551
37150
36403
37216
36760
37670
36341
37784
37531
37655
37737
37024
36660
37073
37564
36733
36560
37387
36575
37416
36433
37789
37675
37741
36390
36883
37290
37534
37675
37032
37394
37671
37791
36968
36800
36480
37625
37279
37011
36529
36211
37913
37735
37838
37042
36563
36538
37002
37694
37816
36323
37875
37318
37635
36500
36244
37429
36955
37569
36260
37739
36263
36774
37608
37516
37662
36715
37314
37747
36630
37397
37393
36773
37427
37353
37252
37401
37616
36699
37665
37287
36389
36367
36487
37803
36545
36511
37131
37826
36412
37661
36837
36610
36759
37588
37683
36814
37280
37107
36164
36442
37368
36393
36900
37398
36635
37529
37541
36275
37196
37278
36654
36276
36881
37806
37572
37185
37732
37351
36491
36367
37279
37612
37425
36657
36208
36439
37215
36830
37424
36445
36481
36822
36251
36302
36953
36721
36497
36982
37018
37532
36544
37382
36217
37675
36299
37488
36299
36804
36468
36648
36870
37632
37434
36403
36297
37595
37367
37139
37143
37698
37595
36506
37655
37474
36349
37624
37289
37545
37515
36268
37233
37577
37625
37114
37402
36272
36305
37704
37299
36683
36783
37485
37124
36491
36363
36656
37309
37044
37453
37578
37251
36320
37777
36421
36404
36409
36998
36563
37046
36285
36392
37401
36249
36539
36233
37760
36831
36921
37227
36230
37636
37111
36476
36600
37590
37454
37097
36802
36887
37878
36417
36463
36522
36758
37146
36440
36990
37500
36619
37061
36543
36467
36601
37069
37313
37311
37128
36696
36387
37130
36329
36450
36324
36812
37211
37486
37647
36453
37025
36247
37078
37573
36469
37768
36228
37527
37133
36441
36502
37386
36993
37143
37230
37339
36804
37274
36495
36404
36505
36998
37466
36376
37147
36278
36396
36519
37650
37750
36471
37365
36915
37730
37614
36559
36401
37045
36252
36441
36528
37483
36836
37056
37222
36400
36502
36236
37137
37564
37746
36817
37903
36503
36979
36577
37306
37487
36404
36515
36825
36235
37528
37441
36240
37205
36346
37481
37346
37431
36510
37398
36981
36579
36904
37836
36682
36342
37695
36436
36893
37166
36317
37022
36437
37023
36904
37395
36956
36769
37404
37208
36578
36402
36982
37464
36776
37721
37102
37613
37115
37911
36819
36722
37058
37759
36330
36341
36333
36994
37187
36800
36628
37715
37424
37060
37264
37611
37218
37587
36508
36397
37422
37545
36548
37119
36424
36162
36441
36333
36088
37249
37000
36511
36364
36412
37070
37491
36377
37406
36143
36181
37233
37078
36788
36654
37286
36407
36283
36337
36753
37420
36708
36599
36523
36368
37044
36442
37303
37823
37024
36542
37164
36590
37504
37861
37725
36383
36530
37132
37638
37011
36186
37642
37498
36551
37626
37451
37775
37878
36930
36712
37196
36194
37237
36339
36761
36865
36400
37503
36625
37697
37538
36389
36509
36317
36568
37634
37820
37050
37725
36753
37390
36490
37535
36307
36949
36308
36457
36812
37250
36577
36286
37686
36256
36299
37713
36654
37780
37202
37056
37106
37149
37560
37718
37379
37120
36471
36783
36661
37510
37466
37243
36905
37313
37058
36183
36485
37118
37674
36371
37580
36818
37835
37084
36851
36362
36954
36827
36571
36893
36448
36498
37617
36531
36413
37201
37409
37619
37600
37146
36351
37720
36662
37047
37137
37438
36854
36268
37062
37530
36278
37376
36641
36557
36405
36841
36451
36580
36228
36500
37525
37722
37829
37071
36117
37206
36671
37014
37417
36430
37641
37188
36566
36579
36694
36264
36560
37090
37828
36914
37060
37480
36784
37858
37742
36323
36425
36930
37748
36727
36259
37709
37795
37737
37136
37895
36893
36884
36303
36468
36324
36488
36487
36261
36772
37128
36376
36643
36512
36461
37262
36980
37098
37387
36793
36487
37208
36336
37037
36527
36212
37667
36647
37670
36162
37657
36291
37582
36759
36328
36395
36699
37771
36556
36648
36273
36865
36624
37821
37637
36506
37188
37808
36506
37650
37812
37688
36224
37751
37221
36428
36332
36928
37425
36552
36856
36874
36604
36642
37422
36948
37610
36973
36324
37651
36534
36683
37726
36505
37659
37859
37736
37843
37299
37762
36258
37063
36231
37802
37378
36724
37637
37679
36249
36266
36691
37379
37499
36634
37569
36378
37679
36647
36478
37274
36334
37224
36444
37394
37840
37610
37857
37168
37543
37429
37606
37622
36651
36754
37148
37306
37500
36364
37185
37581
36883
36616
36681
36982
37716
36819
37050
36791
37550
36299
37531
36451
37638
37282
36629
36367
36465
36999
36788
37032
36244
37718
37248
37585
36673
37252
36503
36598
37506
37660
37432
36531
37697
37574
37209
36238
37483
36502
36489
36707
37513
36620
36451
36258
37363
37674
36490
37581
37035
37438
36597
37005
37056
37806
36287
36839
37819
36496
37215
36990
37545
37529
36360
36288
37413
37663
36367
36377
36970
37254
36412
37494
37672
36463
37505
36362
36535
37298
37790
37302
36833
37168
36276
37623
36259
37685
37293
36953
37843
36235
37739
36979
36783
36252
37422
36442
37424
37697
36886
36813
36820
37402
36656
36412
36661
37693
37890
36305
36631
36397
37157
36216
37166
37550
37391
36596
36563
36533
36510
36352
36742
37629
36568
36275
37638
37752
36990
36432
37221
37189
37205
36824
36369
36775
36644
36879
37660
36447
37471
36666
37001
36278
37552
36339
36708
36815
36260
37380
36367
36642
37711
37679
36457
36701
37116
36953
36505
37617
37108
37578
37652
36863
36991
37610
37516
37478
37003
36605
36567
37486
37571
37250
37421
36426
36411
36503
37766
36865
36355
37593
36531
36280
36635
37787
36528
37775
36750
36412
37841
37732
37373
37470
36703
37518
37578
37576
36884
37386
37773
37634
36428
36207
37068
37112
37697
37635
37714
36583
37466
37509
36272
36272
37672
37285
37702
37485
36679
37638
37706
36499
37671
36357
36292
37112
36331
37649
36596
36277
36870
37656
36806
36706
37628
36587
37599
36688
37229
37308
36540
36913
36784
36899
36382
36292
37406
36359
37695
36655
36252
37248
36567
37650
37693
36272
36228
37818
36846
36873
36466
37295
37296
37116
37781
36437
37654
36639
37050
36659
37600
36324
36495
36663
36309
36673
36433
37407
36249
37130
36450
37623
36366
37857
37036
37238
37457
36317
37293
37796
36586
37498
36424
37566
36859
37740
37202
37818
37526
36191
37706
37604
37486
36621
37010
36301
37670
36680
36400
36701
37664
37392
36647
36288
36485
36466
36325
36407
36593
37413
37631
36696
36838
37593
37066
37743
36765
36754
37410
37691
36352
36461
36548
37305
37624
37375
37625
36888
37163
36588
36720
37498
37544
36213
36276
36475
37491
36427
37738
37152
36273
37510
36578
36353
36440
36682
37462
36313
36292
36794
36685
37038
37281
37670
37213
37589
37097
36817
37725
36843
37416
36321
36878
36622
36300
36456
37839
37828
37395
36204
37161
36544
36671
36966
36876
36395
36682
37675
37490
37379
37114
36421
36379
36286
36514
36773
37338
37813
36688
37594
37777
36617
37234
36805
37505
37340
36309
36295
36734
36956
37655
37398
37467
36283
36512
37501
36668
36287
37553
37587
37395
36263
36987
36635
36986
37497
37775
37433
36369
37731
37694
37611
36311
37443
36763
36558
37346
36376
37005
36953
36664
37241
36811
37217
37423
37392
37719
37674
36400
37778
36915
37598
37301
36424
36253
37062
37612
37323
36186
37210
36336
37309
36243
37046
37445
37032
36528
36743
37711
37179
36743
37697
37076
36327
37716
36685
37491
37606
37233
37700
36385
36480
36596
36963
37797
36240
37543
36713
36743
37025
36211
37705
37076
37469
37217
37669
37338
36384
36703
36577
36985
36982
37113
36328
37199
37340
37587
37568
36358
37362
36380
37316
37547
37553
37551
36668
36472
37408
36496
37511
36811
36284
36320
36542
36890
37401
36608
37850
36569
37619
37557
36393
36441
36729
37618
37027
37350
36650
37713
37070
37550
36419
37739
37406
36553
36808
36543
36718
36974
37546
36211
37586
36511
37484
37352
36938
36301
37237
37320
36792
36429
36168
37789
36459
36863
36657
36455
36842
36361
36788
36262
37449
36879
36629
37421
36643
37574
37687
36236
36751
36301
37049
37391
36880
37935
36757
36728
36725
36202
37448
36720
36978
36665
36953
36125
37357
37732
36465
37772
37772
37087
37735
37608
36304
36574
36354
37013
36522
36383
37393
37527
37183
36175
36439
36336
36476
37036
37677
37511
36382
36831
36548
36491
36477
37774
37669
36450
37128
37766
36282
37230
36663
37447
37575
36834
37207
37081
37635
37623
36502
36440
36804
37222
36669
37660
37868
36325
37635
36685
37330
37752
36213
36551
36353
37393
37752
36758
37297
37473
37702
37299
36465
36540
37211
37608
36842
36364
37673
36667
37620
36318
37568
37198
37571
36556
37717
36718
37088
36498
36089
37362
37178
37359
37140
36459
36303
36528
37552
37217
37235
37575
36331
36421
36555
37822
36601
36613
36418
36549
37838
37090
36925
36061
37672
36626
36559
37564
36843
37204
36272
36855
36307
37790
36475
37611
36750
37188
36297
37673
37720
36624
36717
36297
36401
36644
37741
37708
37297
36358
37507
37236
37606
36433
36831
37601
37779
36299
37483
37616
37525
37245
37021
36360
36457
37133
36696
37631
37647
36631
37776
37713
36361
37318
37278
36925
37369
36469
36647
37541
36545
37172
37462
37784
36407
36195
36555
37027
36185
36247
36285
37500
37609
36231
37742
37657
36549
37756
36238
37450
37793
36454
36781
36425
37783
36402
36296
36285
36531
36509
36526
36324
37097
36118
36386
36365
37357
36712
37639
37072
36729
37374
36947
37475
36393
37173
36977
36336
37402
36215
37842
36497
37729
36755
36241
36974
36604
36586
36568
36882
37496
37758
37549
37332
36472
36557
37228
36908
36251
37638
37842
37677
36888
37505
36169
36375
37214
37734
36457
37617
37809
36870
37052
36270
37194
37446
36592
37774
37330
36347
36820
36765
37113
36301
37922
36291
37997
37616
37438
37860
37773
37573
36578
37219
37501
36448
36639
36128
37454
37081
37580
37830
37714
37504
36799
37862
36478
36660
37598
36683
36503
37948
37485
37621
36799
36887
37013
37766
37292
36373
36475
37251
37553
37350
36416
36381
36533
37602
37672
36255
36721
37369
36657
37443
37510
37876
36352
36341
37589
36342
37616
36478
36454
37572
37547
36997
36395
37286
36949
37546
36744
37140
37677
37077
37338
37687
36222
37637
36369
36564
37442
36420
37115
36322
37527
36559
36350
36387
37698
36813
36537
37675
36206
36434
36602
37256
36206
36742
36990
36448
37599
37450
36372
36342
37397
36140
37061
36754
37278
36692
36417
36307
37460
37241
36354
36281
37622
36675
36371
36139
36498
36521
36544
37726
37561
37406
36824
37289
36681
37100
37448
37495
36748
37450
37643
37698
37615
37018
36694
36191
36496
36875
37680
37551
37216
37525
37786
37545
37544
37634
37106
36341
36296
37088
36612
37441
37655
36260
37609
36569
37356
36549
37452
37757
36678
37178
37741
36404
37454
37825
37371
36818
37465
36798
36466
37187
36728
36296
36331
36591
36217
37663
36657
36220
36760
37103
36520
37565
37482
37022
37770
37518
36265
36781
36940
37154
36714
36200
37240
36358
37570
37253
37408
36217
36253
37495
36240
37536
36550
37567
37395
36368
36292
36483
36708
37401
37615
37212
37438
37822
37302
37748
37449
37638
36507
36536
37123
37559
37256
36253
37140
37037
37008
36545
37408
36533
36516
36223
37751
36468
36224
36973
36515
37361
37780
37652
37487
36402
36323
37438
36949
37456
36340
37779
36342
36787
36588
36517
36279
36882
36355
36874
36923
37710
37331
36344
36678
36754
37208
36566
37450
37419
37577
37515
36833
36276
36312
36652
37360
36808
37522
37562
36362
36371
37860
37623
36931
36770
36388
37182
36324
37794
36594
36758
37146
37723
36639
36469
37675
37563
37465
36327
36517
36980
37251
37570
37451
36513
36370
37504
37440
37119
37160
36281
36281
37771
36958
36624
36687
37817
36044
36810
36447
37543
36601
37733
36599
36740
36963
37639
36141
37016
36347
36667
36896
36648
36767
36441
36965
37589
36068
36472
37258
37450
37731
37673
36237
37606
37759
36865
37879
37068
37402
36176
37483
37320
37566
36720
36459
37061
36898
37423
36548
37827
36332
37376
36485
36841
36359
37950
36578
37212
36435
36316
37119
37585
37859
37423
36515
37729
36551
37333
37530
36366
36449
37454
37109
36849
36773
36899
36593
36471
36455
37060
36569
36302
37594
37437
37606
36496
37663
37658
36998
36345
36913
37018
37021
37274
36310
36637
36530
36289
37544
37211
36996
37489
36840
36335
37332
37163
37546
37547
36364
36235
37808
37029
36871
37420
36420
36443
37402
36725
36252
37654
36307
36555
37434
37124
36391
37029
37016
37473
36398
37791
36360
36290
37117
37020
36076
37677
36655
36840
36356
37521
37544
37005
36371
36423
36320
36364
36733
37642
36304
36424
36213
36696
36350
36015
37331
37559
37014
36444
36239
36797
37441
37618
36548
37697
36059
37217
37638
36600
36270
36730
36408
36672
37364
37125
36908
37883
36403
36384
37585
36776
37662
36832
36598
37699
36891
37062
37051
37304
36115
37154
36816
36455
37663
36333
37226
37554
36290
36764
36779
36556
37193
36301
37527
36396
36470
36432
36220
36205
37722
36294
36372
37615
36568
36571
36380
37041
36302
36571
37611
37742
37200
36280
36402
36561
36588
37621
36956
37038
37540
37413
36771
36443
37545
37119
37799
36979
36685
37692
37351
37528
37523
37787
37225
36991
37541
37164
37534
36382
36479
37667
36287
37890
36568
37312
37497
36552
36400
37013
36485
37399
36446
37070
36371
37584
36389
37649
36190
36562
36361
36711
36218
37084
37432
37451
36502
37822
37427
36391
36756
37633
37514
36456
37292
37616
37475
37498
36360
36376
37260
36252
36360
37490
36757
37446
36723
36769
36464
36467
36498
36557
37374
36997
36298
37626
37249
37647
36294
37694
37406
36407
37737
36784
37857
36212
37541
37594
37586
37660
37699
36737
36467
37724
37454
37270
37504
36920
36327
36808
36383
36779
36303
36260
36924
37670
36942
36974
37649
37754
37453
36957
37716
36656
36433
36881
37053
36787
37383
37182
37488
37719
36748
36501
37619
36754
37260
36672
36404
37213
37158
37532
36706
36172
36465
37667
37059
37894
36610
36407
36472
36688
37740
36811
37730
37546
36222
36621
37745
36503
36611
36808
37113
36724
36415
36411
36244
37487
37099
37726
37172
36237
37461
36703
37395
37743
36990
36291
36605
36168
36261
36467
37055
36472
37797
37459
37258
37361
36433
36876
37475
37797
36924
37307
37106
37317
36916
37421
37835
36204
37687
36583
37053
36916
36723
37221
37212
36636
36354
37495
36880
37430
36819
37659
36569
37408
36534
37310
37473
37620
37687
37168
37627
36292
36399
36916
37405
37619
37207
37254
36926
36453
36331
36478
36456
37182
36521
36355
37309
36753
36310
37555
37309
36854
36439
36176
36897
36401
37295
36302
36375
36712
37460
36335
37596
36510
36398
36655
37948
36382
37834
36648
37085
37450
37733
36790
37645
36632
36643
36440
37403
36319
36528
36443
37083
37453
37787
36528
37270
37535
37428
37104
36701
37367
36477
36790
37690
37098
36903
37319
36458
37535
36227
37725
37127
36677
37721
36971
37898
37823
36540
36445
37902
37804
37501
37401
37026
36713
36414
37875
36778
37642
37763
37358
36982
37104
37410
37765
36515
36553
37002
37241
36384
37253
37618
36472
37143
37111
36363
36292
36958
37530
37841
36459
36584
37829
36403
37467
36377
36503
36639
36767
37658
37453
37300
37374
37675
37739
37434
36443
36305
36498
36265
36263
37042
37469
36361
36996
36511
37665
37760
36629
37995
37941
37794
37079
36650
37474
37415
36547
37515
37510
36674
37576
37471
37685
36487
37627
36403
37552
36717
36748
36330
36471
37686
36319
36984
36941
36479
37167
36235
37672
37163
36886
37483
36364
36556
37658
36579
37586
37791
36115
37586
37010
36599
36341
37026
36221
36859
37694
36905
36573
36416
36604
36387
37073
36484
37247
36847
37472
36451
36644
37386
37633
37308
37556
37730
37115
36559
36537
36244
37466
37273
36593
37141
36583
37737
37555
36571
36270
36304
36332
36668
37566
37608
36875
36307
36652
36639
37402
36258
36464
37299
37339
36721
36455
37161
36379
37897
37051
36400
36487
36705
37594
36548
37120
37019
37042
37375
36690
37409
37644
37545
36574
36894
37519
37657
37550
36439
36276
37667
36399
36558
37374
36376
36556
37390
36750
36208
36684
37313
36747
36418
37681
36248
36486
36317
36840
37276
36283
36352
36720
36858
36664
37365
37541
36722
36322
37057
37082
37566
37224
37840
36728
36541
36296
37763
36496
37554
36518
36425
36379
36415
37547
36914
37612
37413
36331
36403
36950
37709
37811
36509
36467
36230
36406
37116
36484
37146
37592
36798
36995
36462
36465
37846
37141
37226
37696
37680
37675
36963
36337
37484
36231
37498
36365
36306
36431
36419
37620
36502
36727
37259
36714
36437
37794
36244
36527
36644
37118
37535
37447
37178
37046
37281
36288
36769
36398
37246
36627
37045
36762
36926
37145
36398
37007
37440
37369
36477
37675
37593
36529
36379
36327
37461
36411
37263
36945
36227
36288
37851
37603
37483
37590
36932
36580
37517
37548
37074
37647
36460
36467
37350
37787
37598
36293
36293
37390
37236
37327
37019
36586
37639
37732
37675
37507
36296
37196
36484
36195
36548
37179
36375
36335
37018
37998
36748
36359
36550
37143
37772
36714
36665
36552
37161
37822
36408
36771
36358
36901
37003
36793
36700
36888
36794
36590
36926
37177
36927
36397
36340
36789
36983
37618
36101
37641
37629
36591
36492
37779
37141
36881
37122
37629
37438
36383
36406
36301
37389
37053
37720
37441
36430
37897
37378
37356
37127
37427
36497
36621
37543
36740
37868
37444
36394
36262
37719
37264
36468
37127
36486
37941
36474
36294
36428
36832
37538
37410
37818
37639
36829
36377
37441
36703
37069
37694
37675
37670
36755
36839
37158
36646
37826
37271
37702
37464
37164
37089
37776
36554
37724
36696
36474
36652
37950
37683
36237
36322
37583
36499
36561
37587
36555
37342
36598
36833
36280
37113
36468
37100
37566
37742
36786
37654
36899
36422
37803
36619
36703
37113
37434
36469
36989
37189
36527
36783
37413
37676
37560
36232
36694
37484
36282
37557
36297
36466
37166
37704
37259
37719
36984
37463
37442
37156
36419
37563
37104
37544
36328
36777
37437
37470
36247
37398
36360
36665
36441
37062
37698
37060
36570
36584
36299
37629
37823
37591
37696
36532
37229
36387
37402
37625
37530
37515
36608
37524
37518
36894
36398
37407
37689
36295
36480
37678
36193
36450
37548
37699
37604
36636
37491
36802
37489
36340
37517
36919
37100
37748
36215
37693
37852
36512
36671
37241
36942
37473
37714
36622
36252
37648
37883
36714
37574
36281
37327
36613
36200
37541
36724
36327
37244
37802
36490
37864
36273
36984
37282
37714
36289
36341
36349
37394
36412
36768
36340
36236
37474
37374
37243
36594
36681
36645
36556
36753
37277
36318
37599
37155
37375
36488
37778
36314
36736
36944
37462
37477
36927
36346
36388
37774
37170
36631
37395
36505
36644
36812
36868
37331
37099
37745
37054
36928
37378
36996
36180
37561
37379
36692
37483
36680
37027
36447
37545
37184
36377
37017
37450
36883
36684
37651
37413
36455
37617
36982
36284
36247
36231
37730
36544
36244
36681
37741
36544
36866
37138
36533
36755
36424
37699
37157
37129
37651
37100
36460
36935
37651
36502
36232
36809
36282
36593
37542
36412
37200
37561
36891
37158
36312
37436
36374
36176
37237
36441
36679
36321
36460
36623
36513
37404
36489
36848
36627
36220
36442
36561
36897
37343
37208
37246
36398
37637
36366
36803
37138
37338
36932
37613
37348
37699
36529
36578
37940
36460
37174
37423
36221
37764
37069
37654
37606
36597
37031
36592
36711
37631
36212
36676
36585
37044
36587
36106
36388
36377
36537
37470
36533
36689
36483
36574
36321
37604
36913
37938
37106
36605
37671
37059
36170
36351
36630
36762
37130
36710
36346
37467
37249
36630
37683
36472
36208
36951
37065
37551
36612
36443
37514
37699
36412
37310
37132
37539
36864
36306
36910
36347
37640
37805
36326
36724
37765
37372
36421
37632
37693
37478
36252
37164
36568
36302
37547
37830
37050
36935
37520
37017
37469
36249
36959
37762
36379
37525
36640
37142
37658
36974
36498
37241
36345
36353
36428
36454
37597
37745
36315
37621
36983
37117
36650
37234
37481
37299
36434
37751
37678
36952
36595
36367
36453
37111
37318
36209
36327
37601
36317
37571
37716
37152
37968
37216
37721
37073
37335
36815
36625
36950
37089
36486
36440
36304
36957
36949
37401
36184
36571
37296
37039
36574
36728
36574
37197
37609
36614
36804
36784
37438
37589
36693
37349
36413
37381
36519
36510
36512
37828
36260
36688
37313
36710
36380
36265
36508
36378
36980
37786
37082
36766
36899
37651
36387
36426
37133
36817
36611
37157
36361
37503
37465
36178
36761
36776
36731
37306
36516
36353
36679
36367
37883
36596
36471
36479
37041
37430
36531
37391
37413
37426
36505
37714
37738
37321
36291
37173
37651
37101
36418
36656
37779
37639
36981
37116
36638
37061
37226
37756
37079
37479
37207
36735
36617
37538
37969
36792
37713
37059
37274
37394
37040
37395
37585
36931
37589
37386
36582
37888
37732
36273
36768
36315
36006
36914
36965
36444
37804
37638
36878
37351
37739
37760
36905
37681
36350
36834
36327
36359
36572
37119
36794
36812
36643
37293
37734
37474
37730
36143
36316
36641
36831
37592
37676
37639
36957
37255
37220
37682
36260
37365
37039
36575
36356
36408
37037
36412
36717
36828
37589
37071
36481
36774
37794
36824
36685
37306
37773
36644
37632
37737
36960
37619
37495
36900
36337
36192
37325
36436
37849
37830
37626
36509
36387
36324
36648
37790
36663
38016
36477
36847
37223
36891
37607
36481
37162
37682
36949
37698
36999
36574
37557
36945
36496
36241
36363
36478
36742
36764
37637
36648
36399
36250
37679
37678
36349
36684
36513
36506
36352
37655
37213
37446
37648
36989
36680
37577
36516
37711
37406
37827
36565
37315
37278
37319
37932
36697
37626
37586
36372
36422
37948
37695
36848
36582
36741
36568
36275
37413
36411
37782
37264
36773
37649
37048
36406
37835
36384
37702
36854
37553
36552
36459
37788
36449
37204
36321
37763
36575
36501
36380
36361
36349
36440
36241
36232
37815
36402
36549
36537
36489
37474
36533
37614
37264
36500
36989
36299
36823
36364
36470
36852
36484
36934
36816
36541
36553
36838
37565
36491
37236
36812
37475
37218
37817
37219
36785
36441
36740
37077
36390
36231
37675
36447
37756
36501
36889
36499
36448
36596
37776
37561
37329
37717
36165
37735
37078
37009
37659
36895
37518
36882
37529
36456
36289
37702
36698
36676
37370
37648
36348
36749
36202
36483
37770
36678
37427
36479
37432
36514
36813
37694
37668
37488
36545
37185
37228
36431
37814
36184
36349
37781
36647
37650
36380
37783
37915
37453
36701
36906
37624
37517
37098
36965
36540
37407
36974
36437
37543
37432
36912
37436
36380
37522
37389
37440
36348
37146
36460
36217
36328
36164
36992
36348
37737
36902
36664
36379
37549
37203
37421
36268
37602
37066
36002
37511
36431
36485
37759
36383
36544
37861
37778
36780
36485
37287
37657
36510
36298
36548
36584
37377
37791
37487
36782
36957
36706
37660
37416
36459
36112
36432
36964
37851
36759
37074
37038
37679
36812
36389
36829
36524
36475
37337
36789
37550
36929
36352
37461
36486
36889
36529
37162
37081
36419
36216
36808
36400
37107
36290
37249
37514
36645
36673
37409
37818
36332
36414
36972
37350
37735
36966
37669
36819
36604
37589
37757
36898
36337
36344
36560
37014
36675
37514
36764
37769
37465
36216
37016
36256
37198
36521
36709
37599
36239
37982
37709
37307
37540
36741
36984
36820
36136
37545
37422
37093
36907
36440
36514
37056
36604
36628
36383
36438
36649
37571
37301
36492
37508
37554
37679
36407
36642
37575
36273
36295
36388
37787
37526
36936
37035
37503
37040
37308
36420
36758
37583
36829
36219
37049
37228
36575
37262
36332
36210
37257
36252
37275
36507
36440
36514
37863
37732
36288
36379
36392
37352
37742
36495
36748
37040
36592
36510
36213
36298
37451
37866
36328
36294
37593
36512
37552
37081
36601
36559
36510
36918
36423
37160
36564
37516
36789
37028
36816
36256
37692
37792
36199
37018
36747
36773
36429
36687
36632
37956
37040
37670
37136
36728
36032
37696
36519
36823
36658
36388
36447
37599
37870
36351
36760
37635
37932
36313
36172
37056
37425
37066
36305
36377
36640
37528
36361
37482
37005
36736
37675
37024
37378
36710
37230
37613
36663
36458
36504
37676
36410
36322
37687
36343
37591
36967
36550
37494
37047
36294
37132
36490
37306
37272
37345
36540
36448
36352
36239
37750
37290
37508
37601
36699
36439
37231
36531
37154
36965
36878
36978
37409
36358
36730
37339
37802
36326
37690
36765
36688
36868
37591
37711
36737
36475
36815
37701
37110
37318
37457
37828
36780
37185
36529
36341
37876
37405
36951
37760
37737
37542
37351
36683
37777
36319
37074
36395
36882
37502
36396
36812
36476
37598
36504
36660
36301
36340
36957
36356
37021
36435
37794
37460
37101
37088
37106
37595
36588
37883
36288
37392
36526
36995
36719
36383
36290
37447
37545
36716
36977
36717
36541
37787
36667
37331
37505
36941
36440
37352
37674
37332
36451
36351
37119
37486
36298
36299
36396
37474
36749
37672
37591
37720
36754
36544
36452
37604
36446
37677
36441
37509
36546
37420
37462
37432
36993
37714
37676
36765
37068
37445
37516
36502
36566
37499
37520
37627
36271
36496
37045
36238
36519
37857
37210
37754
36555
36618
36809
36885
36470
36411
36272
36123
36656
37757
37298
37561
36409
37233
36347
37036
36681
36592
37824
37688
36685
37550
37654
36612
37306
36747
37542
36790
37285
36310
37789
37769
37330
37162
37270
36588
36532
36416
36421
36346
36424
36331
37113
36870
37558
36254
37615
37276
36480
36622
36440
36826
36829
36966
37511
37501
37262
37170
36950
37213
36636
37635
36552
37794
37121
36320
36345
37589
37688
36890
36462
37389
37958
36518
36186
36647
36588
37272
36536
37403
37677
37066
36940
36491
37697
36510
37678
37674
36306
36152
36260
37807
36877
36457
37257
37436
36668
37842
37676
36257
37437
36309
36769
36465
37350
37410
36296
36436
37237
37037
36380
37187
37225
37381
36950
37715
36190
36399
36636
37724
36349
36754
37395
36738
36415
37514
36404
37593
35951
37034
37166
36695
37077
36377
36490
36472
37698
37519
37273
36428
37224
36928
36680
37503
36814
37334
36163
37021
36838
36156
36946
36980
36622
37010
38010
36988
36563
37413
36532
37179
36652
36855
36505
36100
36415
36865
37066
37719
37563
37661
37528
36379
36991
37192
36716
36588
36254
36385
37242
37662
36593
37492
36199
37440
36456
37827
36422
37878
36525
36312
37334
37004
37584
37844
37606
36708
37186
37647
36679
36525
37282
36350
37898
36708
37663
36577
37803
36348
36425
37606
37401
36331
37832
36148
37351
36953
36205
36941
37859
36503
37043
37173
36206
36629
36729
37640
36660
36503
37545
36365
37791
37532
36603
36426
36382
36649
36990
36278
36251
36432
36186
37581
37061
36713
36296
37772
36471
36292
37082
36348
36327
36906
36262
37522
37431
37596
37417
37331
36804
36502
36860
37226
37661
36925
36205
36327
37621
36691
37764
36645
37658
36361
37667
36869
36582
37287
36773
36813
36309
37768
37452
36865
37454
36622
36739
36363
36394
37871
36427
37101
36659
36908
37111
36602
36801
36759
37347
37525
36952
37691
37389
36218
36551
36917
36725
36461
37004
37293
36310
37541
36269
36932
37392
37097
36976
37748
36554
36468
37592
36684
36472
37086
36236
36028
36327
37547
36994
36484
37536
37416
36454
37357
36792
37480
36616
36367
36985
37218
36411
37390
36833
37835
37657
36450
36207
37569
37504
36363
37189
37672
36551
37397
36444
36352
36834
37493
37487
36795
37783
36298
36502
36611
37059
37027
36320
36351
36223
36739
37722
37549
37836
37927
37150
36574
37475
37858
36419
37518
37724
36801
37711
36408
36677
37695
36545
36326
36412
37146
36485
36226
37610
37590
36763
37560
37231
37267
36444
37185
36699
36435
36252
37542
37469
36782
36958
37463
36738
37161
37346
36574
37883
36766
36524
37605
36779
37359
37549
36838
37338
37731
37522
37269
36556
37511
37474
37793
37770
36820
37579
37418
37222
36807
37260
37186
37683
37602
36372
37665
36922
37820
37814
36881
37241
37525
37538
36962
36812
36386
36459
36326
37706
36465
36446
37518
37416
36961
37726
36645
37666
37061
36511
37629
36945
36796
36353
37496
37591
36873
36331
36548
37236
36595
37607
36368
36705
37562
37647
37456
36265
37343
36306
37369
37670
36306
37327
37396
37542
37329
37439
37186
37445
37198
36466
36613
36396
37484
37431
36194
37113
37673
37533
37479
36191
36362
37141
37722
37675
37485
36920
36627
37811
37594
36326
36148
36804
37125
37735
37415
36758
37313
37319
36508
37406
37494
36836
37489
37157
37825
36965
37279
37277
37718
36387
37618
37315
36345
37250
36268
37176
36471
37749
36516
36531
36164
37460
37474
36553
36635
37770
36377
37939
37602
36806
37098
36442
36741
37306
37620
37546
36722
37450
36688
36265
37892
37251
36684
37819
36603
37488
36191
37533
37480
37449
36592
36753
36851
36456
37014
36443
37601
37545
36719
37447
37166
37455
36495
36537
37640
37583
36735
36410
37613
37718
37753
36837
37832
36376
36517
37766
37607
36501
36460
37142
36882
37118
36317
36307
37625
37888
36339
37713
37182
36161
36960
37095
36348
36387
37424
37062
37072
36320
36278
36545
36114
36438
36356
36531
36851
37564
37568
37318
37328
37307
37530
37734
37069
37224
36564
36563
37589
36788
36499
37459
36633
37461
37645
36323
36632
36924
37089
37422
37021
37748
36486
37654
36586
37658
37364
36733
37625
37581
37840
37414
36239
36424
36542
37691
36416
36843
37687
36960
36452
37518
36528
37121
37733
36556
36286
36848
37225
36582
36430
36781
36250
37569
36403
37719
36408
37489
36431
37144
36229
36852
36824
36230
36441
36522
37362
36849
37841
36876
37705
36486
36319
36792
37327
37145
37137
36643
36611
37551
37555
36354
37358
36777
37449
36781
36904
36217
36579
37719
36649
37345
36824
36439
37802
37612
36462
37488
37175
36415
37302
36884
37798
36606
37449
37094
37789
37314
36504
36561
37678
36540
36778
37224
36587
36256
37433
37630
37746
36625
37662
36411
36862
36263
37288
36274
37772
37734
36610
36814
37379
36171
36906
36986
36153
36851
36153
37393
37098
36324
36352
36680
36146
36709
37031
37637
36464
36294
36267
37186
37571
37692
36642
36906
37503
36293
37800
36679
36369
37739
37437
36460
37609
37614
37441
36860
37638
36411
36411
37829
36564
37585
37181
37071
37485
36280
36512
36790
36911
36302
37190
36308
36664
37562
37126
36813
36704
36495
36606
37673
36510
36978
37452
37473
37156
36801
36553
36696
37827
37623
36641
36904
36285
36249
36335
36479
36338
36296
37653
36758
37103
37624
36427
36755
37381
37161
37695
36505
37364
37272
37724
36379
37324
36406
36458
37747
37101
37746
37866
37429
36488
37066
37114
36357
37744
36451
37486
36982
36837
37695
37803
36450
36634
37727
37385
36263
37652
37690
36954
37628
36645
36452
37711
37273
37779
36832
37613
37183
37806
37485
36389
36279
36910
37729
36719
36414
36680
36420
36616
37419
36584
37657
37213
37078
37282
36196
36886
37542
37460
37766
37419
36472
36482
37576
37336
37119
36228
37371
36523
37768
36556
36366
37543
37601
36501
36372
36491
37847
36960
37751
37797
37810
36211
37482
36452
36556
37277
37657
36849
36797
37289
37654
36481
36778
37650
37598
37025
36311
36954
37924
37346
37855
37498
37614
36207
36661
37529
36157
37561
36373
36852
36371
37882
37545
37153
37623
37630
36360
36425
36394
37090
36733
37330
37174
37150
37401
36987
37579
36681
36223
36385
36996
37190
37308
36940
37678
36265
37645
36580
36987
36312
37595
37253
36180
36885
37906
37003
37265
37530
36589
36729
37797
36532
37232
36890
36860
36337
36514
36634
37547
37306
36808
37344
37206
37449
36514
36658
37444
37192
37078
37021
36332
36815
37931
36567
36195
37373
36333
36164
36772
37318
37514
36278
37304
37418
37278
37014
37881
36572
37224
36624
36705
37883
36396
36503
36443
37489
36335
37730
36378
37787
37470
37499
36735
37853
36900
37308
37797
37790
37597
36787
36324
37216
36682
37481
37498
37251
37369
36949
36303
36353
37575
37702
36186
37583
37676
36431
37021
36876
37718
37773
37223
36411
37492
36514
36570
37698
37006
36621
36669
36409
36667
37662
36548
36171
36475
37690
36510
37142
36276
37564
36892
37542
37100
37557
36349
36229
36520
36544
37676
37133
37666
36666
37597
36316
37591
36249
36851
37457
37476
36693
37766
37344
37725
37755
37379
37163
36316
37570
36290
36464
37721
36203
37195
36210
37647
37554
36415
36783
37435
36303
36159
37724
36984
37340
37803
37288
36615
37635
37558
36277
36662
37258
37316
36445
37314
37570
36906
36437
36434
37414
36429
37530
37638
37889
37638
36502
36681
36342
36431
37209
36221
37652
37487
37737
37345
37503
37736
37058
37113
37557
37662
36175
36584
36977
37516
36239
37008
37532
37646
36937
36786
36435
36296
37802
37262
36064
37185
36604
36174
36889
36343
36433
36296
37594
37093
36239
37391
37259
37699
36473
35963
37464
37672
37746
36272
36416
37460
37603
36634
37399
36418
37606
37319
37228
36722
37866
37610
36592
37413
36963
36190
37013
36647
36758
36645
37508
36360
37493
36435
37131
36883
36151
37306
36238
36835
37004
37451
36458
37210
36586
36755
37807
36497
37626
37336
37766
37882
37452
37819
37532
37584
37782
36175
37703
37284
36925
36505
36388
37648
36921
37332
37589
37413
37348
37478
37611
36284
37684
36580
36496
37678
37284
36528
36962
36731
37618
37351
37649
36389
37050
36812
36422
36894
36696
36488
36800
36515
37215
37297
37464
36664
36410
36352
36362
37364
37747
36775
37340
37481
36483
37649
36233
37342
36325
37887
36961
37441
37759
36091
36237
37443
36506
37568
37522
36162
37102
37202
37634
37759
36596
36406
37041
36455
37790
37213
37736
36279
36493
36767
36469
37289
36445
37703
36510
36550
37225
37026
36355
37397
37632
36929
37274
37250
37469
37618
37622
37343
36456
37571
37519
37420
36455
37029
36385
37030
36331
37303
36868
37089
36499
36941
36953
37513
37577
36861
37445
37563
37691
36644
36748
37463
36400
36385
36732
37653
36822
36474
37201
36550
37224
36967
36135
36608
37199
36451
36210
36491
36256
37329
36417
36809
37633
37172
37658
36665
37073
37811
36499
37399
36381
36529
37070
37708
36416
37396
36249
37166
36468
37723
36615
36666
36288
36617
37506
36889
36286
37921
37035
37306
37567
36903
37160
36481
36940
36343
36494
37603
37623
37242
36421
37231
37743
37205
36299
36513
36325
36669
36667
36926
37394
36529
37509
36352
37652
37068
37305
37694
36327
36476
36176
37891
37412
37732
37033
36429
37159
37138
36852
37611
37344
37732
36858
36171
36890
37726
37690
37534
36535
36761
36731
36648
37913
36273
36355
36294
36385
37768
36377
37704
36215
37663
36423
37362
37311
37157
37426
37474
36853
37257
37473
37092
37554
36418
37232
36518
36864
36454
37700
36993
36582
36727
36235
36645
36434
36615
36706
36272
37640
37456
36905
37698
36441
37044
36740
37851
36695
36326
36348
37591
37603
37655
37409
36975
37204
36433
36915
37620
36709
36589
37030
37531
36526
37124
37624
36402
37563
37127
36254
36805
36545
36569
36760
36786
37496
36690
37569
37542
36683
36606
36434
37302
37336
37673
36542
37363
37797
37748
36775
37837
36323
36242
37752
37412
37520
36961
36554
37615
36914
36724
37322
36685
36753
36986
37902
36538
36580
36564
37774
37694
36331
37593
36459
37441
36860
36758
37870
36834
36603
37082
36607
37131
37270
37846
37870
36348
36741
37568
37715
37606
36643
37264
36579
36430
36593
37835
36574
37133
37547
36593
37775
36517
37794
37879
37657
36702
36962
36926
37910
37564
36440
37759
37374
37465
37570
36512
37301
36484
36798
37418
36332
36240
37667
37630
36744
36786
36212
36217
36585
37413
36262
36815
36523
37313
36855
36393
37213
37274
37738
36549
36774
36548
37518
36691
36474
36922
37604
36424
37670
37654
36249
36195
36540
37847
37028
37858
36732
36384
36257
36484
36678
37659
37132
37711
36358
36851
36651
36279
37416
37552
36589
36875
37431
37415
37702
37505
37070
36391
37587
36993
37337
36265
37370
36493
36143
37375
37593
37509
37398
36575
37424
37878
37622
36295
37111
36326
36298
36504
37556
36500
37019
36959
37168
37791
37132
36793
37479
36390
37234
36255
37083
37470
37639
36443
36239
36631
37346
37707
37718
36856
36240
36354
36127
37123
37305
37957
36549
36309
36822
36299
36335
37639
36883
36375
36419
36973
36565
37840
36357
37534
36357
37559
36577
36804
37267
36615
37246
37566
36810
37681
37622
37563
36833
37867
36797
36441
37787
36409
37798
37689
37655
36299
37664
36536
36515
36309
36353
37611
36671
36667
36308
36699
37683
36448
36959
37300
36219
36469
36868
37929
37619
37551
36756
37503
36303
36492
36202
37087
37475
36535
36515
37243
37547
37575
36430
37597
37665
36816
37857
37013
36549
36414
36731
37884
37168
36786
37799
36731
36742
37049
37791
36350
36647
36524
36648
36933
37032
37150
37332
36454
37257
37591
36166
37278
36390
37774
37699
36458
37410
37872
36805
37402
37628
37884
36648
36401
36715
36565
36259
37452
36623
37019
36555
36400
36315
37852
37430
36146
37211
36863
36398
37306
37243
37482
37609
37704
37059
37947
37518
36128
37385
37714
36567
36589
36412
36517
37552
37473
37671
36962
36502
36113
37096
37334
36337
36649
37350
37019
36811
36585
36213
36168
36579
37603
37429
36475
36455
37498
37653
36317
37474
37284
37309
36371
36406
37674
36964
37196
37687
36920
36623
37695
36619
36899
37762
37841
36396
37531
37349
37730
36637
36533
37457
36415
36321
37557
37055
37562
36652
36434
36479
36495
37770
36685
37216
36822
36612
36478
36406
36969
37842
37222
36293
37882
37006
36090
37782
36454
37434
37285
37215
37591
36498
36455
36916
36548
36565
37341
37603
36452
36230
36823
37995
38024
37265
37355
37807
36294
36551
36173
36672
37388
36578
36785
36089
36898
37677
36593
36339
36547
36448
37976
37543
36330
37666
36600
36272
36667
36242
36535
36883
36658
37373
37592
36886
36354
37754
36599
37386
36267
37887
36884
36360
37467
37754
37354
36941
36836
37312
36147
37110
36828
37645
37671
37882
37773
36627
37357
36619
37193
37562
36679
36462
36250
37045
37595
36894
36564
36655
36343
36395
36355
36245
36604
37676
36337
36564
36099
37778
37177
36310
37625
37657
37241
36373
37637
37429
36150
36202
37389
36441
37145
37777
36706
36877
37646
36366
37123
36247
36476
37643
37474
36469
36978
36562
36360
37602
37310
37805
36366
36860
36458
37201
36421
37582
36501
36525
36387
37601
36933
36480
36520
36344
37012
36441
37537
36756
37905
36474
37203
37322
37652
37678
36971
36612
36448
36924
36376
37457
37671
36686
36592
36993
37330
36745
36152
37244
36351
36355
37523
37330
36384
37713
37372
36496
36865
37836
37059
36698
37675
37676
37371
36843
36837
37447
37422
36212
36488
37191
37599
36771
37614
37039
36602
36506
37664
36865
36393
37622
36577
36847
37528
36231
37251
37518
36840
37793
36244
36332
37395
36415
36394
36663
37494
36656
36463
36327
37150
36472
37696
37753
36175
36938
36768
37663
37506
36478
36342
36673
37450
36407
37203
36460
37291
36455
37859
37339
36838
36755
37656
36460
37006
36839
36769
36071
36751
37065
37688
36361
36448
36445
37297
36537
37774
36649
37238
36353
37433
36440
37223
36361
36251
37295
37651
36633
37382
37290
37783
37717
36509
36430
36704
37592
37447
37842
36275
37031
36272
37425
36917
36539
36703
36833
36897
36498
37570
36787
37791
36903
37560
36772
37568
36829
37270
36331
36241
36387
36492
37734
36121
36548
36407
36519
37584
37116
37705
37093
37720
37149
37528
37386
37374
36514
36543
36422
36792
37033
37946
37628
37782
36172
37491
37801
36279
36239
36148
36938
36474
37898
36297
37681
36958
37573
36903
36656
37242
37467
36902
37345
37814
37096
36547
36336
36384
36676
36729
37082
36104
36294
36835
36597
37580
37187
37101
37356
36322
37670
36975
36082
37551
37145
37643
36221
37545
36465
37417
36994
36380
36328
37824
36663
36375
37571
37475
36589
36535
36309
37697
36452
36574
36965
37262
36977
36307
36919
36505
37250
36439
36287
36411
36697
36298
36197
36317
37066
36265
36590
36514
36443
36401
36671
37099
36229
36455
37302
36906
36810
36644
36426
36924
37664
36125
37456
36336
36454
36700
37599
36111
36414
36270
37678
36259
36677
36535
37694
37649
37080
36327
37687
37588
37659
36572
36389
36999
36164
36879
37335
37717
36752
37095
36459
36499
37680
36387
36772
36717
37877
36734
37164
37449
36648
36859
37579
36873
37661
37213
36386
36226
37145
36666
36540
37368
37441
37412
37024
36548
36278
37715
36260
36907
36866
36914
37630
36362
37595
37094
36742
36435
36812
37582
36822
37245
37381
37153
37314
37635
37919
36537
36524
36258
36468
37515
36386
37306
37686
37055
37778
37197
36733
36795
36717
37652
37280
36252
37558
36370
36476
37803
37421
36486
36584
36260
37795
37515
37243
37233
37477
37132
36814
36734
36415
36394
37560
36251
37732
36229
36215
36883
36414
37038
37898
36602
37025
37152
37081
36174
36337
37995
37589
37024
37045
37260
36224
36949
37564
36467
37561
37250
36626
36242
36512
37622
37476
36989
37608
37004
36881
37527
36552
36326
37098
36962
37609
37769
36490
36407
36343
36848
37434
37352
37620
36435
37761
37752
37017
37138
36462
36880
36209
37675
36311
36264
36294
37625
37280
36829
36731
37455
37548
36697
37041
36304
36272
36549
36440
36439
37744
36555
36321
36356
36441
37272
36863
37341
37539
37440
37032
36367
37704
36375
37747
36296
36700
36799
36345
37108
36948
36396
36515
36570
37469
36327
36459
37186
37640
36576
36485
36414
36383
37302
36692
37661
36655
37628
37132
37778
36316
37436
37517
37236
37090
37044
37698
36436
37142
37729
37243
37645
37014
36351
36223
37056
36324
37682
37025
36283
37510
36475
36520
37179
36472
36518
36442
37019
37104
37336
37676
36463
36248
37454
37327
37603
36485
37729
36318
37726
36978
36424
37691
37732
37878
37424
37137
36915
37522
36539
37512
37504
36747
37179
37684
37645
37616
37743
37885
36665
37647
37578
37780
36710
36648
36713
37544
36831
36574
37478
36353
36590
37443
36812
36191
37843
36690
36739
37218
36575
36459
36353
37042
37630
36581
36824
36744
36548
37746
37477
36659
37801
37118
37611
36604
37332
36458
36666
36733
36517
37502
36597
37429
36750
36769
36319
37106
36847
37736
37727
37814
37399
37495
37670
36952
37766
37411
37760
36317
36380
36411
37482
36560
37432
37057
37391
36717
36815
37120
37734
36776
36452
36481
36366
37185
37171
36546
36373
36301
36439
36209
37805
36327
37225
36482
36453
37339
37715
36513
36318
36589
37604
37762
37759
36823
36635
37337
36344
36819
36605
37183
36427
37778
36680
37383
37531
36676
36564
36452
36514
36600
37528
36864
36203
37827
36274
36383
37671
37587
37762
37631
36406
37086
37425
36978
36321
37650
37149
37869
36435
37372
37823
36266
36711
36371
36604
36475
36450
36534
36189
37378
36866
37411
37657
36345
36564
36994
36484
37731
37656
36094
37527
36309
37459
36455
37521
36362
37283
36799
37246
37769
37912
37682
36893
36420
36927
36749
36990
36152
36319
37699
37250
36246
37676
36767
37763
37195
37246
36480
36180
36532
37112
37382
36952
36625
36968
36677
36652
36539
36350
37683
37026
36469
36918
36986
37491
36198
36604
36411
36345
36787
36489
36403
36624
37239
37610
37529
37292
36356
36672
37020
37078
37500
37998
36307
37601
37365
37180
37196
37451
36616
36835
36436
37269
37692
36897
37455
36785
37349
36442
36560
37037
36779
36197
36499
36480
36724
37400
36833
36566
36516
37418
36775
37163
37838
37531
37491
36166
36547
36392
36882
37617
37605
37591
37520
36320
36342
37738
37222
36373
37149
37704
37394
36330
36795
37464
37308
36744
36544
36401
36983
37430
37410
36443
37225
37427
36415
36752
37623
37674
36137
37835
36280
37495
37347
36255
37759
36304
36963
36291
37154
36723
36654
36652
37832
36887
36498
37437
37175
37710
37094
37707
36227
36356
36460
36728
37210
36551
36375
36946
37161
37597
37095
37759
36588
36354
36601
36462
36720
36375
37641
36508
36862
37162
37071
36244
36356
37554
37178
37735
37432
36496
37320
36812
37690
36140
36639
37029
37787
37837
36384
37448
37687
36357
37053
36545
36469
37725
37410
36599
36882
37375
37438
37311
36352
37245
36649
36226
37205
36738
37527
37137
37274
36649
37557
36253
36450
36364
36946
36479
37457
36403
36252
36814
37726
37603
37532
36420
37437
36709
36565
36461
36797
37910
36897
37716
37761
37051
37646
37398
36984
37804
37191
37538
37266
36399
37490
36667
37262
37081
36561
37610
37263
36559
36524
37026
36970
36632
37154
37845
37436
37318
36315
36898
36351
37751
36080
37435
37299
37259
36982
37705
36419
37386
37006
37390
36917
37117
37883
37314
36524
37580
37147
37637
36503
36631
36424
36223
36334
36515
37718
36686
36922
36725
37326
36683
37166
36675
36290
37657
37683
37007
37538
37037
37585
36659
36480
37117
37711
36864
36481
36666
37208
36814
37145
36291
36467
37706
37510
37594
36777
36594
37475
37514
37702
36386
37732
36468
37032
37820
37684
37525
36990
36604
37350
37274
36967
37415
36226
37685
37587
36767
37366
37511
37627
37827
37216
37655
37579
36380
36352
36723
37862
36404
36161
36529
37740
37409
36600
36665
37714
36358
37732
37247
36757
36878
36418
37612
36747
37282
37571
36450
36432
37610
37369
37744
36261
36916
36339
37537
36212
37764
37740
37495
37689
37774
36612
37253
37226
36193
37369
36156
37771
37672
37627
36946
36514
36292
37611
37422
36560
37735
37454
37579
37335
36416
37206
37161
37451
36320
37552
37776
37930
37183
36408
36127
37209
37791
36624
36465
36594
37279
37002
36655
36892
36553
36261
37855
37452
37088
37408
36708
37647
37003
36179
36537
37669
36960
36812
37412
36388
37605
37563
37457
37134
36495
36920
37264
37878
36223
37274
36454
37296
36514
37806
37113
37151
37714
36921
37370
37844
37765
36958
37430
36908
37361
36306
37384
36977
36879
36560
37782
36629
36712
36538
37449
36575
37597
36774
37593
37013
36665
36934
37115
36572
37622
36444
37722
36451
37005
36969
37163
37247
37525
37812
37355
36779
36961
36481
36343
36602
37733
36346
37505
36427
36797
37772
37422
36923
37683
36491
36598
37291
36239
36611
37080
36271
37532
36592
36235
36225
36502
36582
36439
37290
37314
37860
37947
37016
37734
36461
37091
37227
36733
36469
36319
37014
37151
37164
37024
36861
36546
36163
36176
37375
36093
37108
36412
36216
36766
36698
36693
36842
36913
36863
36408
37202
37309
36568
37319
36535
36578
36265
37693
37269
36577
36393
36274
37592
37319
36591
36405
37459
37625
37055
37428
36480
36503
36939
36530
36312
36473
36973
36680
37644
36856
37674
37435
37191
36279
37241
36199
37784
37569
37453
37670
37262
36397
36395
37886
37719
37636
36472
36345
36952
37221
36353
36221
36821
37345
37218
36330
37516
37329
36568
37885
36690
37269
37090
37327
37579
36783
36568
36474
37539
36281
37915
37826
37375
37753
37070
37521
37514
36315
37574
37077
36578
37660
36763
37481
36609
36352
37817
37651
36452
37312
36661
36526
36412
36235
37351
36572
36356
36294
36487
37113
37665
36893
36663
36416
37670
36420
37506
36420
36542
36351
37644
36565
36491
36344
36356
36518
37333
36380
37622
36399
36883
36960
36527
36905
36989
36514
37498
36456
37410
36764
36635
36336
36737
36854
36593
36270
36582
36850
37757
37483
36342
36256
36400
37313
37058
36540
37631
37559
36152
37399
36940
36390
37200
36419
37606
36922
37264
36604
32451
32451
32451
32451
32451
32451
32451
32451
32451
32451
32451
32451
32451
32451
32451
32451
32451
32451
32451
32451
32451
32451
32451
32451
32451
