9948
38744
39546
38035
38183
38431
38077
39458
39591
38043
38844
39777
39604
37911
37811
37874
39773
38073
37968
39393
38230
39241
39167
39503
38992
37970
37884
37994
39428
39216
38787
39336
37727
39171
39061
39743
39681
39541
39886
37831
38032
39018
38179
39636
38321
39949
39830
38102
38832
38291
39323
38530
37987
38459
37958
38299
37819
38143
38778
39904
39463
37849
39701
38839
37851
38783
39480
38062
39818
38449
39677
39847
39842
37856
38928
39285
38620
38230
39021
37878
38554
38697
39110
37980
39477
39042
38544
37885
37913
37823
37907
37827
39404
38117
38688
39902
39760
38858
38380
38063
38104
38646
38908
39569
39473
39328
40017
39655
38085
39581
38128
39818
38216
37968
38016
39801
37934
37900
37764
37983
39619
37958
38206
37730
39439
38416
38440
37764
38034
38248
39289
39435
39336
39745
38233
38876
38167
39784
39141
38773
37744
39740
38311
37958
38079
39363
38105
39077
39709
39787
38825
39481
38098
39271
39748
38900
38478
39571
39799
39182
39570
37907
38971
38031
39393
39787
38871
38585
39171
38843
39870
39800
37899
39255
37922
38882
38144
39560
39246
39226
38219
38272
37910
39767
37856
39436
38425
38900
38851
37854
38203
39448
38928
38844
37867
37855
38548
38599
38578
38899
38332
38208
38058
39693
39233
39045
38301
39724
38412
39130
39372
37745
39745
39691
37939
37944
38973
39561
39619
39119
39466
38891
39529
39819
38927
37773
38002
39973
38395
37988
39467
37932
38838
38295
38266
39392
39043
39107
38888
38753
39028
37893
39224
38292
37938
37891
39677
39700
39025
38080
38390
39489
39744
38135
39742
39177
39228
39996
39705
38027
37839
39823
39465
39009
37953
39540
39390
38032
39057
37758
37869
39235
39358
37984
39388
38251
38480
39806
38385
39690
38353
38934
39077
38316
39416
38007
38199
39324
37931
39192
39094
39376
37939
38131
38163
39422
39809
37898
38869
38249
39644
38622
39948
37961
38353
39439
38262
39344
38914
39306
39642
39657
38598
38095
38027
37896
37934
37790
39675
37809
38010
38964
39762
39740
39244
39741
37983
37858
39748
39573
38267
39628
38905
37912
39400
39056
38387
38492
38682
37951
38127
39692
39696
38716
37909
38077
38827
39195
39554
39440
39553
39789
38333
38081
38312
39335
37799
39717
39276
38977
37990
39749
38030
37806
38051
37840
38624
38087
39829
37864
37964
39429
39634
39709
39925
39123
38587
39845
38836
38123
39312
38524
39781
38167
37861
38576
39278
38835
39632
38912
38170
37930
38131
39781
38514
38141
39641
38139
40008
38284
37816
39347
39764
39901
37924
38614
37996
39082
39680
39681
38423
37916
38621
38548
38151
39081
38769
38231
37905
38110
38895
39615
39424
37890
38797
38294
39607
39707
38064
38792
37800
37900
39474
38635
38622
37946
39219
38127
37807
39695
40004
39917
39817
38147
39383
39659
38222
38236
39580
37770
38642
38132
38041
39749
37783
39926
38570
39426
39862
38115
38811
38974
39890
37722
38382
39670
39191
38963
38123
37947
39148
39076
37846
38113
39289
39773
38091
37703
37970
39425
39382
39096
39141
39773
39794
38723
39733
39733
39587
38302
39401
39218
38308
39425
38523
39710
37743
39657
38833
39692
38177
38297
39928
39836
38904
38951
37984
39737
39833
38818
38111
39120
37867
38447
38472
39967
38403
38302
38623
39494
39822
38506
38054
37998
38080
39751
38486
39087
38199
37806
38017
38130
38352
39840
39314
39363
39417
38284
39898
39134
39656
39627
37886
38668
38089
37768
38186
38122
38514
39649
37950
39124
38342
37935
38838
39758
37894
39692
38698
37902
38287
37934
38834
39498
37972
38159
38485
38428
38941
37907
38330
39644
38071
39432
39779
37947
38463
37787
39594
37851
37929
39745
38067
39392
39437
37970
38395
38023
39744
38705
38158
39549
39665
38305
38879
39668
39224
39838
39888
38142
39861
37829
39722
37842
39009
38240
37903
38452
40034
37964
38431
39707
38086
39490
38063
39026
37955
38615
37826
38054
38467
39565
37757
37888
38936
39210
38987
39182
38542
38992
39531
39442
38342
39636
37796
38344
39732
39834
38246
39880
37796
39042
37828
37770
39621
38345
38815
38399
39729
39715
39666
39787
39886
37915
39581
39122
39499
39829
37843
38996
39214
39694
39616
38045
38280
39817
38780
38504
39445
39555
39165
37923
39542
37842
39607
37921
38111
38483
38101
39489
39253
39678
37872
39655
39611
39381
38505
39627
39757
38869
39141
38116
38351
39716
39012
39552
39600
39343
39287
38294
39701
39671
39603
38270
38428
38410
38722
37847
38093
39553
39541
38126
39396
38183
38230
37822
38496
38141
38737
39569
38065
39372
39141
38640
38074
39920
37786
39805
39348
37781
39260
38252
38091
38287
39477
39632
38188
39785
39608
39060
39039
38329
38290
39679
37954
39686
39554
38372
38796
39057
39757
38682
38067
39572
38103
38379
38600
38834
37892
37873
38421
38960
38360
37791
39436
39390
39073
39097
39520
39502
38815
38003
38803
38348
38994
39281
37803
38631
38299
38287
37659
38607
38090
39614
37777
39746
37897
39013
39239
38495
39354
39701
39168
39637
39370
39423
38872
39926
37845
39338
39572
38255
39791
38068
38285
39760
39861
39868
38838
38152
37813
39349
38363
38086
38881
38095
39913
38092
39771
38387
37731
39838
38732
39255
38035
38191
37905
39580
37879
39097
39584
39246
38606
38960
37951
37750
39648
38946
38210
39270
38039
39568
38193
39185
39244
37954
38536
39877
39470
38623
38622
39582
38702
38794
37955
39534
39939
38139
39465
37813
39000
39222
37902
39843
38803
38248
39765
38760
38653
38299
38568
39709
39299
38391
39672
39720
39594
39233
39866
39716
38755
37881
39661
37928
37872
39715
37910
38164
38309
38905
38578
39774
38141
39915
38117
38839
38434
38767
39681
39988
38787
38355
38927
39908
39399
38052
39481
39730
39842
38940
38780
39603
38611
38034
39052
39474
38131
38456
37959
38928
39852
37924
38432
38662
39844
38120
38432
38584
38626
38674
39568
39984
38669
38750
39776
39350
39736
37977
38055
39704
37998
39111
39412
38262
38678
39364
37929
39229
37857
37625
37818
39384
38674
38698
38323
38636
39578
39702
39103
38798
39332
39757
39503
37831
38503
39194
39640
38683
38872
39821
38169
39349
38425
39840
38160
38050
38469
37893
37814
38326
39874
37943
38815
38248
37943
38406
38083
38060
39468
38028
38183
38492
38618
39900
39566
39858
39565
37841
38044
38515
39186
39297
39793
37784
37810
39649
37767
37998
38326
38348
39749
39483
39329
38066
39854
38785
37992
37957
38924
38343
39967
39000
39048
37826
39704
38015
39777
39887
39353
37812
39078
39696
39123
39737
38083
38659
37993
37797
37929
39790
39497
37959
38102
38359
38067
38754
39408
38866
39445
38024
38726
39800
39252
38092
39709
39888
39820
38911
38192
39426
38762
39448
39167
39733
38456
39848
37866
39401
37927
38367
39633
39228
37903
37812
38031
37777
37799
39714
39061
37955
39207
39742
39453
38345
39697
39773
38688
39601
37961
39731
38498
38631
37725
38700
38477
38978
37874
38668
37725
37725
39793
37840
37831
38212
39559
39630
39850
38749
38190
39019
37831
38322
39813
37795
38781
37951
39678
39728
39290
38492
38642
37747
37983
38517
38897
39465
38225
37806
38023
38280
39678
38329
38428
37750
37995
38096
38044
39827
39125
38015
39654
37959
39237
38339
39100
37938
39691
38103
37858
39824
39277
38498
38462
38000
38428
38182
39358
38065
39772
38450
39568
39479
37858
37933
39197
39785
38464
38174
39238
39186
39211
39920
39504
39597
38078
39075
38488
39501
38464
39289
38012
38852
37764
39577
37806
38131
39340
39181
38903
38897
38080
39856
37978
39012
39258
38080
38657
39502
37843
38265
38112
38255
37954
37950
39698
37921
39547
37909
39519
38865
38675
37679
38543
38102
38163
37731
38101
38292
38739
38159
39680
37968
38406
39415
38062
38524
39702
37829
37732
38214
39355
38078
39732
38546
37735
39953
37797
39334
38098
39892
37884
38031
38764
38673
39532
38400
38271
38010
39740
38246
39214
38309
38859
39075
37983
39678
38710
38873
39549
39081
38048
39276
39725
39776
38764
38943
38975
39774
38085
39729
38125
37991
38676
38126
38722
38531
37848
38684
38169
38544
39763
39731
38218
38170
39832
38107
38779
39667
38060
38160
37908
39367
37794
39227
37973
39416
39115
39807
38160
37875
38503
39814
37812
39188
38371
37859
38859
37819
39423
38788
38789
39758
38685
38323
39785
38860
38268
39589
39354
39821
38761
39541
39160
38130
38033
38955
38286
39036
39840
38578
37857
39592
39139
39749
38090
39600
37979
37990
38267
38955
38280
39624
38770
38543
39760
39157
37923
38603
38069
37697
39195
37808
39034
38315
38947
39904
39945
38151
38373
38953
39716
38995
39727
37918
37953
39425
39540
39188
39199
38398
38546
38381
39662
38566
37797
39817
38058
39884
39268
37916
37737
39787
37863
38150
38733
38912
39833
38538
38111
39014
39521
37882
39645
38525
39253
39584
39451
39023
38060
39467
38119
39281
39731
38652
38304
37969
37880
37827
39202
39542
38833
39483
39152
37935
38784
38037
39284
38137
39649
38523
37763
39108
38976
39267
39191
39557
37899
39831
38278
37946
37944
38383
37864
38319
39492
39682
39771
39544
38823
38706
37867
39144
39656
39387
37835
37819
38534
39743
39228
39320
39819
37939
38135
38079
39646
39680
38792
38736
37926
37807
37887
38395
39650
39827
38608
37810
37645
38675
38697
39781
39315
39793
39489
38415
37936
39174
37803
38757
38721
38819
38190
37837
38521
39540
38162
39093
39685
38043
38120
37968
39893
37797
39700
39228
39298
38736
38753
38881
38083
39265
38089
38614
38212
37987
38215
37868
39114
39078
39657
37848
37896
37871
39422
39143
39226
38186
39816
38923
37987
37726
38598
39561
39797
38700
39001
39465
37872
39107
38208
37982
39703
37873
37986
39740
39721
39822
39682
39425
37950
38184
39406
38165
39060
38262
37753
39735
38554
37844
39375
39153
38778
39719
39836
38055
38026
39499
37852
39740
39830
38905
38544
39787
37744
38199
37878
38976
37847
37962
38879
39103
38936
39612
40003
39542
38288
37880
39117
38625
39143
39766
39479
38841
39161
37941
37964
39571
38749
39277
38571
39441
39844
38890
38086
39749
38025
39184
38006
38173
38642
37952
38886
37689
37867
38558
37956
38688
37935
38091
39314
37951
39141
38204
38543
38387
37928
38282
38581
39747
39212
38051
38429
38750
37718
39191
38348
39573
39746
38655
37811
38634
39563
39596
39755
39005
39559
38659
39582
39620
39782
37779
38929
39754
38680
37926
39096
39492
39444
39448
37909
38169
39133
37826
38011
39734
38008
38280
39711
38703
38876
38100
38917
37872
37858
37615
39526
39717
39895
39431
38352
38807
39643
37882
39847
38278
37993
39736
38962
37959
37800
37976
38084
38399
38848
39227
37947
39234
39727
38650
39370
39331
39849
39353
38712
39380
39751
39631
37909
38131
39144
39888
38593
39661
38723
37908
39786
39774
39797
39009
39387
38306
37775
37962
37633
39353
39812
37884
37972
38907
39825
39783
39590
37859
39299
39741
39021
39705
38579
38356
38185
39491
38641
39848
38292
39636
38264
37919
39712
39143
38956
38034
38243
38348
38483
39645
39789
39827
38012
38772
38748
38819
39049
38864
38758
39535
38302
37844
37905
37732
39400
38321
39749
38456
39540
39692
39703
39620
38407
37897
38272
37861
37976
38202
38139
38874
38021
39753
38177
37990
38927
37940
39855
39696
37897
39063
39998
39125
39697
39877
38075
39657
38243
39659
37878
39151
38790
38074
38871
39234
38805
39654
39615
39503
38893
37914
39586
37852
38511
38404
39840
38534
37881
39311
37802
39733
39658
38328
39694
39256
39423
38967
38147
37788
38130
37939
39586
38941
39471
37857
37798
38604
38339
39543
38002
38952
38969
39897
39745
39452
38969
38969
37988
39493
38644
39166
37738
39777
40032
38367
38469
37811
38752
37813
39743
38033
39785
39243
39631
39878
37966
38876
39471
38043
37834
39685
39406
39071
38965
38554
39293
39198
39742
39257
37853
37968
39616
39406
37871
39102
37885
39402
39824
37831
39892
39063
38294
37863
37926
37819
39741
37957
39727
38496
37857
39872
39667
37870
39598
39594
38907
39380
39589
38593
38922
39787
38730
39780
38674
39542
38796
38029
37891
38292
39337
38121
38019
39224
39145
39533
39662
38480
38081
38682
38419
39591
38182
38994
37991
37781
37810
38947
38004
39736
37970
37997
39500
37949
38787
39734
39120
38145
38510
39009
38030
37857
39450
39593
39648
39876
39435
37776
37884
39347
37778
38819
39291
39637
39411
37964
38180
38075
37867
37895
39045
37819
39597
39765
39004
39800
39550
39649
37940
39617
38782
39106
39889
37898
39766
38716
37991
38758
37936
39648
37880
38035
38132
38697
38131
39295
39467
38361
37911
38763
38922
39411
38988
39503
38271
39206
39769
39909
39690
37659
38586
38876
39241
39253
39552
39619
39318
39700
38142
37953
38469
39496
38071
39602
39679
39392
38355
39829
38616
38079
39374
38450
37813
38485
37764
39544
39739
38262
39925
38705
39770
38265
39084
38560
39107
39708
38030
39161
38027
39665
38353
39897
39323
39769
37916
39650
38145
39452
39143
39713
39398
37879
38737
39808
39629
38144
39123
37884
38726
38895
39524
38939
37975
38482
39045
38002
39555
38009
38038
38131
39510
37901
39208
38084
38177
38917
39187
39450
39223
38973
39893
38193
39893
38167
38116
39338
37803
37928
38603
39523
37840
39620
37991
39047
39816
37835
37865
38578
39810
38816
39179
39172
39752
39132
39780
38789
38111
38586
39614
39224
38207
38957
39557
38451
39686
39828
37873
37994
39754
38212
39278
37907
38651
39875
39537
39324
39425
38829
38411
39246
38098
39763
37932
39144
37898
37974
38531
38056
38044
39654
38579
39081
39775
39735
38706
38876
38452
39808
39237
39440
38818
39179
39777
39259
38333
39650
38184
38831
39642
38281
38424
39744
37889
38422
37771
39930
39664
37895
38068
37933
38150
37917
39731
38506
39793
38826
37723
38288
39982
37906
39257
39551
39559
38443
38125
38910
38706
39264
39444
39546
39485
39829
38973
38364
38999
38327
38290
37870
38491
39811
39116
39423
38614
39696
38985
38572
39744
37923
37762
39646
37996
38231
38961
37915
38126
38089
37828
39169
37788
38274
39280
38891
39038
38120
39484
38701
38111
38736
39535
38293
39706
38216
39610
37770
39187
38130
38551
37817
38748
39184
39053
38763
37925
38870
39711
38684
38762
38234
39125
38072
39368
37975
39816
37750
38223
38899
38254
39809
37815
38872
39792
39796
38536
38525
39673
38319
38520
38838
38656
37905
38753
38037
39673
38119
39257
39040
38046
37871
38514
38214
39765
38569
37788
39280
37901
39005
37917
38892
39894
38269
37802
39057
37961
39773
39574
39257
38026
39085
38544
39711
38767
38545
39860
37963
37842
38606
39905
38489
39779
39104
39977
39743
38942
37859
38076
37892
39929
39197
39887
39713
39491
37941
39668
39449
38131
37688
39433
38983
39940
37886
37795
38805
37913
37793
37872
38391
39775
39578
37825
38628
38476
38077
37654
39764
38957
38621
39601
38418
39802
38448
37836
38923
39221
38642
39785
39417
39904
38004
38196
39708
38123
38043
39742
38171
37739
37903
39964
38396
38510
38464
39696
39873
38211
38567
38265
38282
38224
38837
38809
38757
38471
37869
39638
39301
38503
39868
38743
39410
38792
38142
38283
38193
38204
37939
38030
39398
38238
39554
39031
39840
39299
38192
39893
38603
37874
38891
38908
37763
39688
39492
39929
37976
39163
39747
39646
38427
38120
38338
39724
39767
38841
38700
37828
38050
39261
39675
38640
38743
38469
38536
37988
39361
38430
38472
39045
39987
39532
37991
38246
37966
38315
39975
37874
38148
39847
37933
39060
38908
39589
39649
39864
39228
38543
39916
38791
38900
38883
38648
38488
39769
38227
38773
39782
38969
39605
39708
39310
38572
38581
37948
39652
38132
38309
39856
38033
38015
39744
39794
39398
38564
39749
37789
38947
37954
39060
39456
37951
38868
37893
39758
38642
39007
39184
39590
38915
37815
38678
39671
37984
39765
39604
37902
38466
37894
38681
39792
38643
38595
37923
38283
38406
37960
39062
38452
38317
38244
39802
39781
37951
39391
37930
37816
39889
39806
38549
37784
39854
39605
39500
38555
37885
39467
39567
38575
37967
39685
37925
39599
38901
38073
39061
39727
39672
37935
38402
38881
38159
39126
38728
38997
38724
39370
39275
37729
39483
38388
39123
38533
38253
37816
38039
37769
37991
39601
38197
38582
37804
38780
39877
38029
39262
38343
39388
39186
39461
37957
38415
37734
37767
39579
37875
39222
38381
39992
39131
37974
38018
38587
38037
37826
39740
38788
39820
38430
38022
39149
38810
37754
38603
38193
39321
38248
38902
38546
38762
37774
38115
39780
39060
37960
38484
38364
39351
39557
37641
37789
37817
39801
38813
39655
38236
39822
38002
38175
39519
39244
38877
37919
39634
38296
39919
39623
38475
38283
38461
39305
39020
39698
39767
38376
37948
37959
37997
39893
38111
39405
39815
37907
38093
37806
39242
37807
38865
38010
39740
38023
39209
39881
38928
38728
38973
38622
39392
39815
37924
39616
39601
37869
39473
39186
37886
37942
38819
37787
39856
39722
39331
37922
38965
38056
39839
39459
39687
38585
39645
38794
39602
38638
39657
39697
38740
39791
38668
39404
38775
37715
39718
39677
39785
39536
37827
38668
38336
39841
38070
39690
39759
38002
39387
37650
37799
39307
37793
38225
39860
39819
39150
37840
37914
38562
39040
39434
38947
39738
38303
37859
39484
38412
39343
39310
37774
37648
38239
37928
39529
39694
38966
39874
38456
39084
39663
39501
38302
37888
39628
39432
37991
39759
38462
39757
39655
39765
38870
39289
38542
37827
38292
38073
38058
38435
39859
37984
39617
38247
39188
38814
38203
38772
37817
38881
37795
39468
38181
37956
37779
38045
37998
39650
39902
37890
39798
38115
39778
38398
39751
38852
38769
38123
38225
39111
38668
37951
39295
39418
38589
39422
39680
39572
38053
38601
38927
38131
38094
39065
39526
38343
38781
39492
38823
39907
37912
37696
39309
37832
38788
39041
38209
38330
38865
38163
37791
38136
39724
37829
38203
38859
38372
39146
39629
38883
37808
39337
38899
37731
39408
39433
38034
39354
39847
39553
37840
39406
39311
38688
39416
39759
39327
37884
38701
38138
38399
39604
38078
38592
38165
39785
39624
38157
39677
39594
38142
39098
39661
39089
39781
39107
39443
37985
39611
39742
38020
38730
38575
37863
39648
38053
39640
39224
39700
37953
38244
37987
39534
38723
38974
37803
39163
38217
39225
38227
38514
39693
38960
38482
39701
39268
38548
37841
39677
39562
38836
39369
38179
39870
37983
39560
39689
38461
39765
39677
39440
38671
37988
39721
38829
39628
39301
39698
39776
38836
39096
39589
38840
38497
38004
38955
39491
39741
38745
39768
38610
38348
39742
38766
39532
38223
39993
37974
38968
39233
38050
37916
39304
39591
37937
38019
38428
37897
38113
39432
38842
38717
38057
37812
37829
39837
37827
38907
37953
38399
39357
39737
39584
38839
39529
38798
37877
39264
39831
38425
38218
38486
38045
38865
39580
38159
37818
38383
39781
37904
38452
39077
39869
38854
39125
39641
38603
37832
37935
37877
38787
37674
38094
38906
38472
38260
39393
38802
38960
39628
39535
39083
38867
38668
39580
39484
38313
37859
37968
37861
37939
39416
38358
38884
38657
39319
39425
38234
38894
39079
38085
37878
37981
39418
38334
37975
40013
39914
39064
39310
39740
37911
39300
38075
38542
39804
38067
38125
39351
39765
39680
38187
39959
38614
39577
38091
39923
38993
39241
39099
39507
39719
39475
39190
39576
39897
37933
37893
39026
38495
38824
39738
37776
39842
38693
37935
37828
39619
39305
38003
37867
38513
38889
38700
38961
38025
39408
38759
39257
39486
39645
37998
38002
38052
37751
38963
38041
38372
38034
39585
39313
39919
39760
39659
38635
38619
39801
38067
39850
39857
39721
39775
38387
39131
39922
38671
38262
38480
39561
39770
38752
37728
38990
38758
39772
39389
38426
38437
38299
38117
37825
39276
39625
39456
37835
39682
39589
39156
38074
39766
37826
39755
38633
38058
37819
39507
39162
39850
39418
37840
37819
37991
39467
38515
39504
39804
38793
39133
38397
39629
39376
39377
39785
39277
39842
37805
39095
38019
39843
39767
38481
38569
39685
39179
38604
37735
39504
39659
38230
38304
39141
39720
38042
37811
38920
39196
38418
39747
39434
39294
38504
38969
38699
39844
39804
38799
38998
38282
38256
39737
39790
37888
39029
38497
39256
38859
38218
39327
39801
38541
37903
37800
39850
39685
38916
37966
38127
37946
37822
39198
37841
39716
39907
37913
39063
39475
38504
39926
37966
37837
39254
37904
39808
39896
38388
39250
39668
39450
39520
39532
39432
38000
39496
39871
39597
39257
37912
37951
39881
38930
39633
39482
39729
37971
37913
37784
39232
39855
38036
38384
38038
39121
38759
39813
38660
37879
38651
38748
39862
38729
37879
37829
38330
39552
39548
38036
38922
39230
39282
39382
38100
39709
38528
37996
38298
39760
38215
38793
39626
37949
39572
39231
39578
39805
39929
39385
39769
38884
38510
38369
38817
39189
38227
39729
38981
37987
39710
39688
37799
39755
39336
37971
38884
39061
37912
39350
37814
38786
38302
37903
39691
38675
38208
39665
37901
38965
37880
37867
38124
38982
37907
38731
39705
39447
38841
37763
39333
39773
39014
39248
37979
38788
38744
39873
39600
39962
38274
39393
39889
38003
38572
38168
38525
39534
38588
39540
39571
39577
38254
37853
38887
38015
39938
38082
38524
38305
38309
37843
38625
38087
38992
39857
39770
38184
38056
38553
38427
37952
37771
37962
37925
38813
39588
38092
39101
39369
38764
38735
38292
39794
38920
39348
39866
38724
38941
38636
39898
39926
38453
39804
38373
39367
39240
38640
39941
38776
37815
39377
39763
39573
38309
39301
39868
39276
37941
38097
37977
39692
39354
39506
39444
38259
38210
38499
38683
39447
38571
37824
38528
39412
39808
38452
39697
38092
38320
39577
39118
38112
37994
39500
38483
39393
39801
39286
38834
38220
37918
38772
38520
39453
39548
39143
38948
39617
38311
38773
38751
37930
38866
39782
39852
38214
39134
37991
39589
39498
38149
39556
38043
39476
38872
39356
38226
38424
39669
39001
37967
37929
37850
39611
38045
38051
38255
38602
37763
39437
38777
39790
38197
37930
39770
38618
39313
39550
37953
39279
38883
39095
37879
39761
38572
39496
38058
39901
39726
38876
37850
38140
39677
39391
38673
38722
39565
39748
38367
38304
38022
39313
38900
38755
38055
39454
38504
39160
38487
39827
39157
39751
39857
39561
39747
38053
39437
39086
38339
38011
39588
38029
38904
38544
37935
37912
38034
39240
39276
38065
37841
39529
39707
37803
39080
39581
39114
37962
38296
37840
38283
37884
39656
39195
39219
37824
38855
37827
37884
38012
37899
37948
39523
38016
39585
38028
39228
39927
38992
38048
39360
39373
38092
39183
39393
39838
39704
38811
39373
38619
39304
39341
38974
38019
38056
38888
38330
38495
39333
37945
38219
39498
37850
39499
39761
37835
38215
38612
38507
38130
38655
39669
37762
39512
38037
39328
38325
37792
39229
38971
37915
39113
39806
39641
39359
38201
39249
38175
39269
37927
38879
38845
39881
37771
38905
38273
37850
39797
39115
37963
37886
38871
37878
38376
37910
37789
39427
39889
39023
38492
39460
39063
39818
37811
39048
39534
39583
38486
38157
38765
37863
38862
39656
38102
38428
39218
38514
39801
38665
38850
39566
39344
39676
37754
37877
38537
39120
37993
38463
39633
39736
37836
39692
38572
39502
38965
39170
38675
39149
37944
39807
38118
39502
39908
39737
39738
37735
39133
38130
38142
39184
39580
39809
39141
38515
37906
38793
38897
39824
38023
37833
37917
39389
37946
37913
39507
38883
38585
37765
38503
38988
39860
39647
38392
38308
38434
38051
39494
38763
39000
37779
39471
39333
39270
39707
38340
38689
38174
38063
37966
39693
39710
39161
38103
39336
39830
39829
39280
39307
38678
39409
38368
38084
39736
39784
39826
38504
39059
37923
38384
39228
37800
39399
39121
39500
39647
38742
37787
38161
39775
39809
38274
39888
38024
38034
38551
39816
37838
39399
38439
38179
37831
37814
39271
38319
38922
39849
38895
37974
37982
39174
39448
37897
38836
37952
39776
37807
40030
38434
39643
37687
39335
39859
39380
38410
38865
38500
39195
37992
39183
39670
39769
39282
38227
37889
37833
37866
38394
38010
37705
38420
39567
39587
38564
39515
39673
38950
38087
39713
39205
38766
39070
38064
37948
39455
38835
38316
39280
39388
38757
38633
39691
39607
39497
38147
39529
39741
38301
39420
38956
38980
39605
37971
38882
38804
39924
38113
37855
37859
39763
37998
37925
38691
39609
38001
39857
39002
37784
38538
38797
38927
39385
39628
37940
38731
39339
39068
39825
38023
39751
39549
39149
38375
38387
39499
39600
37820
39646
39795
39068
39225
39744
38255
38675
37940
38790
38041
38477
39764
39960
39370
39675
39573
39523
39739
38394
38667
38834
38167
38123
38756
38503
38585
39459
39325
38414
39522
38287
38166
38368
38643
38210
38993
39861
38065
39053
39645
37853
38081
39740
39441
37833
39537
38057
39574
38288
38459
39462
38327
39391
38538
37741
38707
38587
39604
38707
38085
39395
38348
39177
38976
39240
39169
39465
38815
39824
37984
37918
39280
39921
39751
38133
38654
38900
38881
37784
39002
39187
38844
39268
38343
39539
39417
38445
37861
37877
37918
38311
39784
38662
37780
37797
39422
38653
38055
38909
38620
39385
39411
38137
38318
38750
38773
39829
39620
38104
39554
39970
38682
38736
38744
37887
39529
38295
39565
39161
38925
37698
37765
39666
39593
37646
38763
39892
37789
39771
39713
37997
39356
39812
39831
38287
39980
37976
39901
37990
38053
38556
39358
38217
39873
39763
37846
38765
39654
37917
39836
38665
38300
39337
37955
37923
39842
39677
38167
37989
39585
38551
38342
37842
38463
38858
39901
38337
38182
39023
37844
37948
39328
39007
38246
38102
38026
39941
38242
38171
38001
39599
39503
37867
38349
39052
38015
39314
39429
39437
39297
38373
39879
38018
38593
39845
37741
38023
37918
38607
39729
38750
39550
39017
39717
39839
39517
38009
39109
37886
38386
39932
38675
37773
37930
38297
39775
38398
37871
39745
37832
39488
39828
39820
38164
38708
39810
39821
38105
39791
39017
39214
39189
38570
37921
37994
39664
38203
38247
39675
40010
38071
39910
38342
39961
37894
37819
37942
37906
39287
38037
38053
37874
38783
39911
39893
39026
38416
38810
39031
39701
37911
37755
39390
39219
38055
38363
39114
39830
39646
37957
39485
38400
38708
38080
38764
39869
39606
37826
39415
38388
37679
38997
39933
39098
38652
37954
38111
38266
38659
37807
39756
39528
37785
39795
38035
39486
39771
39037
37872
37889
39849
39885
37874
38090
38781
39561
39054
38974
39765
39447
38450
39307
37906
38499
38122
37788
37919
38291
37828
39238
38571
38570
40008
38542
39658
38851
38526
39349
38890
39394
39262
37883
38067
39812
39774
37870
38699
39508
39544
37892
39001
39249
39550
39479
39552
37980
38359
38047
37734
38561
37854
39372
39454
39429
39803
39424
38026
39568
38788
38559
37883
37920
39024
39885
38689
39698
38389
39528
39762
38239
39641
39930
39701
37840
37805
39845
38039
39391
38720
38489
39174
39894
37951
38344
38171
38655
38815
39790
39444
37695
38018
37904
38813
38438
38771
39257
39751
39550
39758
38834
38513
39444
37856
38837
39400
39610
38152
37816
37915
39683
39525
38908
38427
38108
38979
37801
39837
37942
39573
39734
38630
39515
38610
37863
38196
38014
38702
38123
38020
38127
38452
38611
37875
38194
38471
38875
37874
38726
39223
38124
38091
39645
38611
38348
39770
39598
37887
37995
39434
39765
39896
39696
38215
38450
39663
39503
39653
37906
39785
38796
39030
37691
37911
38063
39508
39772
39639
39625
39396
38330
39758
38926
37959
39422
38384
39656
37990
39676
39335
38177
39474
38398
39709
39354
39603
39281
39125
39024
39744
37744
39108
38298
37775
38237
38243
39544
39860
39023
38932
38225
39724
39335
39554
38876
38074
39372
39002
39789
37858
38870
39290
39470
39064
39454
39537
39565
37920
37828
39966
39241
38320
39625
38367
39079
39782
38804
39513
39542
39448
39268
38222
39898
39633
39679
38359
38141
37982
39607
38227
38159
39776
37820
38182
39744
38976
39130
38209
37906
38623
38055
39848
38069
39193
38396
39732
38252
38222
38383
37950
39142
38299
39582
38635
39839
39592
39679
39821
39139
38663
39592
39679
39229
38776
38072
38301
37669
38321
38359
39184
39804
38084
38387
38841
39098
39694
38563
37755
38080
38128
39207
38574
39721
38281
38894
39692
38010
39452
37858
38305
38260
39926
38321
39169
39773
39060
38173
37953
38786
39219
38493
38162
38379
37781
38060
37867
38477
39245
39625
39016
39877
38180
38177
39306
38784
39019
39772
38913
38913
39107
37842
39218
38419
39953
39812
39559
38464
39749
38461
39913
38335
37945
38154
39752
37860
39147
39626
39042
39681
38459
39112
39597
39756
37925
38003
38202
38887
39682
37975
39390
39314
39137
39797
38908
39187
39941
37937
38420
39448
38009
38554
38509
37730
37951
38092
37925
38788
37915
38980
38708
38752
37863
39300
39272
37909
38301
39508
38170
38465
38974
38097
39725
38165
38609
39782
37897
39735
39111
38481
37957
39642
38890
39846
38564
39553
39675
39603
37933
37929
39637
38146
39245
38660
39729
38034
38900
38977
38039
38711
38334
38519
39268
37829
39562
37977
38271
38191
38992
39594
39452
39626
38007
38643
38862
37925
38802
38425
39657
39669
39333
37954
38333
39379
38704
39836
38319
37849
38151
39564
38332
38283
38036
39787
37822
38473
38045
38744
38183
39715
39909
38050
38066
38282
38633
38224
37944
38795
37979
39667
38641
38802
37943
38980
39832
37814
38571
39743
39249
38959
38129
37866
39079
39834
39021
38834
39741
39638
39473
38968
38663
39270
39392
39481
39877
38276
39464
39536
38261
39794
38587
37915
39312
39220
38869
39784
38813
40033
39390
37804
37916
37731
38378
39718
38388
37777
37847
39260
38086
39810
37791
37967
37775
37865
39710
37820
37889
37963
39172
38541
37987
38552
38418
39413
38534
38542
39782
38803
38016
39285
39304
38379
39165
39751
37877
40011
37900
38528
39341
38134
38540
39497
38000
39916
38571
38971
38282
38764
37834
39572
37944
38170
39383
39190
38945
39512
37886
38067
38665
38863
38287
37768
37965
37930
37871
38128
39281
37943
39598
38168
39874
39887
39801
38073
38068
39477
39353
38583
37855
39245
37905
38185
38840
39903
38126
38962
39862
37800
37973
37899
39462
39852
39746
38472
37732
37852
38576
39533
39776
39420
39169
39774
39316
37833
39497
39151
39760
39861
39561
39193
39718
38422
39133
37888
38897
37794
39421
38348
38548
38108
37985
39036
38134
38296
37938
39645
39743
39898
38920
39467
39762
39944
37786
37922
39165
39753
39173
37965
39786
37872
38159
38962
39505
39052
39065
38341
38012
39307
38872
39331
39786
37815
38156
39539
38162
39473
38318
39744
39417
39276
39521
37944
37956
39765
38239
39379
39792
39462
39457
38035
39867
39376
38771
39467
37723
38204
39837
39431
39264
38183
37758
38401
38616
38146
39724
39331
38269
38498
38110
39217
39745
38116
38313
37960
39167
38130
37908
39602
37939
37895
39296
38042
38059
38377
37991
38061
37795
38500
39581
39462
39054
37752
38497
39994
39590
37794
39596
38685
39897
39630
38841
39591
38698
39830
39192
38989
39788
38780
37917
38466
38686
39887
38788
37832
39290
39509
38386
37932
38998
38245
39838
39952
38655
38468
38208
38499
37915
39841
38592
37895
38829
37987
39080
39374
38158
37962
39879
39343
38476
38015
38310
37879
37843
39179
39499
39297
37959
38249
38164
39649
38305
38515
39634
38884
37998
39283
39749
39893
38132
38323
38867
39887
38879
39629
39833
39568
39799
38127
39687
39664
39104
37891
38821
37758
37763
39841
39713
37967
39011
39064
38199
37970
38449
39990
37853
37896
39259
39127
38784
39689
39835
39596
37860
38820
39522
38090
39153
37888
39703
39341
38103
39953
37937
38378
39813
37948
37886
38119
38271
38552
39281
38790
37866
39743
38376
38069
38739
39100
37791
39566
39652
38207
39770
38143
39438
37995
39831
38903
38545
38025
39445
39129
38033
37827
39466
38794
39753
38478
39392
39466
37851
38720
39335
38022
37839
38502
39702
37919
39233
38430
37952
38036
38303
39548
38808
38335
39629
38706
38158
38102
39741
39210
39567
37826
38741
38747
38988
39482
39607
39739
38160
37936
39364
39323
38680
38699
38575
38469
37840
38267
39612
38814
38509
39695
39567
38184
39550
38918
38406
39642
37875
38433
38470
37905
38105
37828
38151
37763
38833
38842
39969
39652
39345
39716
39652
38232
38775
37973
38215
39308
39014
39766
38266
39715
39806
38424
37992
38681
38520
37814
37824
39523
38169
39443
37937
37855
38716
38298
37784
39785
39121
38154
38074
39424
38556
38675
39547
38701
38025
37726
39504
39236
40029
39223
38335
38580
39550
39389
38805
39729
38231
38233
39660
38705
38199
39127
38551
39774
37679
39529
39604
38754
38930
39350
38610
39622
39512
39641
38887
39703
38292
38060
38598
38283
39631
37812
37735
39578
38289
37790
39829
39940
38844
39600
38223
39713
37961
38787
39468
37880
37960
38719
39373
37724
39045
38916
38144
39760
39774
39814
39866
39863
38466
39519
37867
37968
38393
38072
39792
37901
37830
39905
39610
38872
39451
38225
38155
38798
38854
39465
38993
38448
38834
39833
39211
38804
38445
37929
38388
38425
37818
38005
39482
38313
37961
38371
39541
38317
38328
39911
38303
38596
38904
39054
39459
38836
39406
38841
39260
39372
39863
37905
37770
38269
39443
39710
39848
38050
37847
37991
39305
38467
39544
38813
38917
39828
38640
39327
37814
39411
37824
37927
39659
37970
38041
39727
39502
38633
39506
38506
38415
39574
39453
38664
38865
38984
38565
39175
38624
37720
39803
39733
39666
39123
37809
39235
38281
39351
39848
39641
37893
38184
38688
38464
38083
39170
39964
38653
37924
39714
37810
38990
38736
38458
37919
38002
38503
39297
39670
38064
38767
38356
39512
37896
38443
38615
38947
38884
38191
38519
39794
38127
39074
38172
38805
38146
39847
39774
39816
38808
39381
39637
37934
38609
38986
37846
38559
38120
38865
39537
39764
39209
39577
38318
38879
39497
38781
39715
39827
39856
38314
39366
39583
37945
38191
38221
39152
39605
38447
38829
38335
38274
38846
37891
38108
37838
39646
39472
38288
38090
39431
39744
39766
38196
38654
39821
39329
38283
39123
38918
38970
38208
38448
39357
39676
39108
38448
38100
38018
37979
38937
39348
37788
38446
39086
38260
39590
39480
38042
38016
39141
38774
38480
38864
38235
38986
38484
38112
39817
39512
37925
38395
39780
38298
38392
39455
39432
39579
38786
38207
38124
39476
37892
39634
39025
38417
39105
39217
39624
38103
39172
39781
37869
38276
39611
38900
39782
37738
39878
39765
39630
38195
39085
37991
38116
39613
37864
38238
39697
37921
38588
39288
39696
37970
37847
37759
39467
39703
39410
38087
37897
38208
39756
39432
39668
39621
38272
39288
37923
38664
39305
37875
39667
38437
38336
39826
38047
39008
38149
38035
39453
38408
39811
39069
39436
38198
39562
38178
37738
38485
39033
39367
38618
39935
38107
38462
38842
39030
39576
38368
37892
39670
38263
38973
38870
38516
37805
37786
39323
39252
37957
37884
38900
39547
38520
39932
37954
39701
39821
39612
37764
37999
38716
37862
37863
37891
38279
37868
38916
39416
38291
37798
39037
39301
37907
39524
39262
37986
37894
39221
39335
37876
39937
39517
39238
38626
39732
39742
38275
39055
38911
37968
39553
39476
38388
39653
37990
38875
39461
38107
37993
39138
37870
38171
38911
37977
39097
37933
39784
38368
39013
38166
39860
37830
39578
38924
39498
37983
39574
37938
38818
39798
39716
38839
38318
38737
38838
39556
38272
38328
38962
39028
38737
39788
37910
38254
37907
39237
38511
38104
38587
39263
39129
38225
39455
38643
39929
39232
39215
39604
38069
38628
39933
39881
39117
38332
38551
37889
39642
38386
39786
39999
39302
39460
38373
39774
39844
39431
38803
39868
38833
38380
38514
39462
38168
37964
37881
38397
37753
39183
38644
39742
39760
39839
37928
38044
38513
38707
37809
39079
37851
39828
39453
39252
39408
37901
39527
37854
39725
39709
39462
38207
38127
39299
39113
39545
38758
37990
38098
38915
39779
39278
39393
37983
38415
39588
39058
39827
38404
39855
38062
38548
38150
39701
38659
38621
38037
38446
39036
39295
39895
38704
39519
37942
39628
39180
38926
37921
38420
39764
38120
39469
39274
38472
38316
37974
38646
39130
37878
37914
38192
39812
37932
37791
38820
37854
37858
38957
39198
38365
38487
38122
38965
39336
39823
38411
38448
38532
37877
38064
38240
39376
38983
37817
38572
39487
38525
38909
39833
39700
38028
39095
38750
38641
38989
39753
39748
39769
39712
39155
38486
39328
38817
37803
38014
37784
39533
39491
38553
38547
39671
39791
39601
39272
39811
38748
37693
38208
39237
38397
37847
39243
37884
38821
39672
37971
39363
37928
39367
38770
39799
38666
38567
37875
38833
39557
39840
38289
39352
37933
38095
39652
37895
39802
38992
37829
38167
39395
37948
39794
37847
38146
38008
39613
39870
38265
39577
38940
39496
37829
38166
37830
39205
39657
38523
39506
38153
37878
39941
38019
38959
37795
39743
38057
39058
38992
37939
39557
39044
39750
39701
38467
38236
39897
38247
38621
37778
39817
39463
38561
38786
37915
39029
38124
39577
37925
38226
39586
37811
37746
39580
39768
38899
39099
39133
39217
37943
39181
38334
37652
39479
38368
39872
39105
38059
38269
38495
39686
38165
40003
37898
39061
38384
38461
37899
39706
39524
37964
38823
38066
39958
38786
38978
38113
39582
38720
39728
37913
39153
39832
39794
38889
38202
39680
38438
39503
39927
38939
39435
39739
38255
38015
37954
39498
39734
37835
38125
38382
39620
38881
39568
38746
37786
37894
37915
38833
38912
38636
39700
39203
39449
38268
39033
39276
38439
37886
38102
39785
39711
38203
39552
38656
37922
39234
38166
38168
39925
39690
38116
39740
37902
38656
39325
37845
39142
39842
38081
37754
39644
37749
38756
38140
39261
38388
38595
39558
37743
39649
38004
39043
38151
39239
38110
39632
39881
38288
37815
38201
39055
39607
39531
38468
38564
39157
39022
39671
38613
39126
39079
38936
38110
39754
38001
38979
37901
39726
39764
38109
38280
39624
38814
39769
39101
39125
39726
38098
38434
39827
39863
38908
39047
37906
37858
37880
39402
38768
39007
38230
39587
37998
37934
39700
38650
38371
38143
39235
39532
39713
39444
38660
38806
39672
39758
37879
39167
39559
39409
37811
39349
39820
39737
38677
39193
37958
38926
37921
38284
39401
37796
39061
38848
38045
38603
38528
38431
39296
39692
37982
37941
39452
37907
39671
38826
38539
39630
39463
39604
37813
39896
38076
39733
38502
39684
38681
37990
39823
39018
37791
39626
39427
37898
38101
39578
37731
39304
39645
39675
39724
38320
37846
37994
39137
39769
37851
38272
38444
39250
38976
39194
39268
39079
38009
39287
39837
39652
39882
37894
39735
38248
37983
38494
38901
38251
39513
38928
39014
38276
38143
38480
37931
39364
37848
38411
39817
38339
39341
38323
37756
38061
39160
38948
37846
37802
39586
37872
38812
37952
38200
37795
39758
38816
38612
39447
39033
38972
39402
39697
39277
38358
39005
38508
37965
39718
37929
38458
38251
39178
38123
37886
38332
39127
38709
38023
37775
38827
39766
39623
39688
38912
39766
37781
38422
39852
38305
39727
37815
37947
39937
39672
38056
39147
39402
38043
39695
37864
38041
39301
39001
39545
38072
38287
39265
37837
39699
39121
37982
37897
39681
39403
39903
38326
38868
38774
38562
38209
39738
39684
39451
39176
38270
38024
37837
38294
37992
39758
39445
39105
38570
39780
37902
39725
39330
39273
38263
39821
39133
38823
39793
38422
38573
38151
38787
38956
39019
39654
39270
39137
39498
38568
38519
38904
37967
37851
38837
38174
39200
37790
39699
39200
39536
38196
38456
39683
37925
39558
38316
39669
38002
39241
39692
38044
39160
39628
38354
39247
38983
38766
38635
38053
39724
38437
39757
39838
37866
38011
38704
38896
38193
38719
39128
39095
37879
38701
38378
38172
37954
39231
37860
37819
39257
38154
39915
37858
38233
37845
38543
38991
38708
39930
39997
39737
38915
39643
38364
39718
38833
39839
38316
38314
39817
39845
37997
38272
38274
38431
39845
37846
39773
38295
39653
38103
38223
38601
39172
39679
39830
39622
39772
39263
37847
38429
39590
39645
37809
37992
39503
39542
37737
38045
38348
37762
39317
39869
39864
37781
39782
38853
37890
39316
39724
39773
39671
38142
39245
38207
38249
38275
38063
37973
39891
38276
39544
39625
39587
38074
37667
38578
39344
38408
39429
39844
38474
38187
38062
38185
38696
38267
37766
39543
39705
39656
37911
37720
38457
38058
38582
38809
39505
39737
39692
38402
39169
37807
38755
39249
39574
38108
39301
38182
37881
38419
38427
37744
38335
38259
37955
38414
38623
38014
38836
37811
37898
38943
38783
37866
38544
39494
38013
38210
38626
39847
38289
38167
37971
37844
38547
38305
37891
39381
38606
39653
39381
39609
38013
39540
39591
39551
39731
38087
37978
39368
38108
39645
39745
39184
39675
39866
38002
37970
38393
38609
37733
39312
38404
39843
39245
39454
39661
38103
37859
39387
38364
39661
38159
39090
37939
37962
39659
39512
39657
37871
38462
39014
37826
37958
38164
38301
38769
39400
39576
39587
38069
38077
38168
39152
39749
39652
39806
38215
39781
37907
37905
39508
37883
39266
39045
38351
39851
39284
38360
38408
38781
39585
39828
39447
39701
37860
38001
39801
37795
39097
38007
38283
38404
37886
39196
38520
38142
38131
38444
39864
38742
38619
37921
39169
38904
39410
39416
37982
37978
38612
38235
37979
38118
39538
39547
38067
39821
38136
38226
39857
38647
37916
39689
38672
38501
38261
38063
39861
38435
39758
37826
37796
37945
39945
38013
39628
39781
37728
39990
39464
38029
39601
38945
37849
37890
39582
37971
38128
39805
38673
39558
38652
39008
38484
38470
39625
39205
38232
38620
38288
38512
38029
38065
38798
39231
37980
38051
39386
37987
37817
37902
37923
37843
38194
39759
38426
37982
39817
38038
39748
38697
38370
39217
37935
39719
39481
38647
38298
37931
37807
37883
39649
39392
38531
39865
38586
37703
39648
38249
38021
38523
38750
37843
39597
39809
38657
39516
39658
39548
38228
39602
38087
38031
39174
39792
39473
38922
37882
39622
37913
37924
39502
39851
38749
39335
39281
39183
38990
39340
38124
39801
38260
38363
39392
39349
38378
39862
38432
38030
39808
38097
39220
38766
38429
38955
39526
39575
38306
39669
38158
39127
39282
39815
38001
38277
38814
39021
39437
39218
37798
37891
37844
38328
37923
39658
39550
39197
38071
39866
38316
38094
38314
37875
39912
39468
37842
38562
37961
38680
38768
39937
37930
38682
38562
38985
38926
39677
39512
37929
39747
37769
39768
37913
38172
38522
39475
39314
39630
39615
37809
38179
38243
38706
39271
38602
38039
38046
39773
38147
37771
39337
39729
37911
38948
39749
38326
37952
39671
37822
38541
38529
38340
38794
37722
38203
39416
39619
39677
37917
38964
37900
38779
37930
38145
39712
37894
38654
38587
39356
38412
39769
37829
37787
38201
38407
39118
38344
37775
39527
39162
39739
39541
39471
39127
39437
39057
38210
39763
39664
38314
39749
39688
39788
39521
37925
39575
39779
37969
38189
39437
38996
39047
38864
38388
38162
38780
39787
38413
39198
38581
39473
39565
37908
39457
39797
39669
38944
39766
38247
38339
39357
38132
38103
39816
38001
39314
39716
39768
39010
37918
37957
39762
39214
38572
39623
38596
39668
39694
37953
37634
37975
37907
38420
38213
38709
39761
39617
38685
39183
38177
38898
39801
39461
38539
39793
38727
39131
38155
39829
38680
39464
39757
37908
39016
37823
39256
38774
39312
38614
38642
39425
38837
38586
37834
38915
39801
39502
38485
38423
37839
39045
38881
37950
39289
39836
37917
38998
39513
38620
38974
37924
37904
38131
38226
39064
37804
37882
39194
38028
38060
39544
38000
38648
38862
37815
38274
38009
38564
38531
37908
38121
39707
38329
38572
38249
37890
38039
39752
39888
39043
39689
39350
39741
39662
38076
39518
39663
38944
38842
39585
38668
39781
39465
39359
39527
37855
38388
39681
37875
39869
39006
39341
39867
39208
38928
38212
39044
38005
37910
37757
38173
37862
38672
38198
39422
39809
37885
37907
37815
38110
39762
38093
39376
39751
38159
38395
39448
37874
37983
38548
39707
39014
38191
39715
39851
38668
39538
39913
39371
39849
38578
37962
38388
39315
39869
39527
39572
39416
38740
39810
39553
38445
39622
39666
37811
39005
38890
39739
39577
39632
39070
38056
39170
38331
38592
38915
38532
38424
38060
38949
39910
37998
39556
37778
39920
38085
37881
39951
37895
38585
39657
38292
39820
37990
37930
39707
39284
39190
39821
37874
37843
38839
39546
38734
37728
38908
38581
39734
39621
38442
39766
37789
39579
38235
38948
38607
38801
39264
39754
37702
37856
37879
37900
38956
38556
40034
38693
38537
38119
38082
38273
38560
39638
39537
39504
39023
39802
39363
39831
39453
38257
39706
37863
39793
37906
37805
38184
37790
38909
39690
38518
39542
39931
37811
38983
38926
39249
38700
37977
39871
39641
39174
38635
39564
39592
38028
38074
37857
39721
38290
39857
37685
39878
37929
38222
38019
39679
37851
38172
38774
37886
39855
39800
38113
38600
37750
38724
39447
39785
37909
37859
38103
39777
38529
39105
38001
37886
39534
37832
38080
38185
38257
38242
39081
37868
39039
38362
38779
38412
38337
39468
39403
38860
37982
39788
39613
38300
39221
39323
38647
39153
38681
38189
37804
38190
39869
39761
39675
37791
38167
38548
37884
39374
39740
38731
38046
37972
39213
38291
39477
37868
37918
39337
38702
38106
39689
38910
39176
38116
39217
38819
38307
37951
37889
39814
38703
38687
39080
39640
38165
38085
39761
37747
38450
37945
37948
39244
37888
38148
39700
38074
37695
37758
39784
39538
37954
38496
38706
38393
39465
38445
39310
39342
38967
38195
39254
38342
38468
37722
39059
39367
38335
38400
39616
39308
37901
38953
39140
38573
38050
38831
38347
38164
38151
39596
39379
37955
37793
39790
38644
39222
39895
38195
38900
37951
39036
38174
39587
39239
39262
37839
39731
39700
38089
37958
39688
37982
39713
39170
39417
39435
38555
38638
39039
38341
39996
38307
39391
38254
39737
39896
38778
37846
38647
38374
39362
38179
37881
39059
39337
38891
37851
39303
39773
38210
39261
39061
39758
39644
38987
37976
38804
39562
39102
39244
38002
39875
37772
37952
38156
39952
39812
39537
37917
38894
39682
39223
38865
37961
38237
39781
37883
39714
38185
38609
38303
37831
38245
39889
39823
39446
38643
38027
39161
38736
38716
38265
37950
38585
37916
39941
39762
38636
39573
39763
38310
39424
38649
38091
37823
38838
38565
37833
37763
39205
39683
37916
38043
38147
38043
38979
39726
37868
39469
38763
39302
37997
38178
37846
38871
38728
38034
39345
38394
37872
38554
38433
37915
39729
37751
38150
39609
38080
39641
38661
37775
37829
39235
39335
39012
38609
39425
39728
39729
39867
38437
37796
39659
39583
38177
39062
38339
38006
38685
38699
39625
38421
37931
39761
38556
38286
38408
38102
39283
37989
39268
38448
39669
39802
39523
38061
39299
39574
38175
38685
38874
38062
38486
39365
38414
38182
38140
39252
37882
38932
37946
37934
38170
38024
38256
39911
38163
38665
39227
38848
39446
37972
38705
39391
38923
39901
39454
39701
37783
37991
37992
39504
38916
39716
37930
37850
38728
39764
38188
39222
39182
39389
37808
39202
37789
38729
39717
39200
39811
39128
39861
37819
38347
39832
38882
39355
37863
39254
38740
38068
39577
38975
38561
39825
38129
39639
37947
39749
38020
38528
39574
39229
39789
37838
37731
38126
39371
38604
39266
39518
38660
39858
37926
39589
39819
39361
39264
38151
38039
39477
38522
37862
38006
38928
39814
39700
39065
38790
38699
39430
37935
38465
38447
39068
39835
39475
37744
37976
37885
38876
39202
38530
39176
39125
37818
37795
38729
38169
39678
39603
37733
38544
37805
38694
37931
37842
39663
37771
38955
39367
37729
38188
38936
39461
38872
37843
38752
39824
38087
39764
39366
38604
38808
38255
39696
39325
38749
39166
39614
38057
38535
39302
39832
39519
37987
38871
39325
37805
39502
38588
38097
38739
37816
39578
39492
39802
39021
39019
38932
38687
39726
38828
37914
38151
38343
39861
39706
39473
39781
39617
39744
39929
39591
37947
39540
37927
38305
38882
38051
39885
38147
39099
39849
38204
39504
38623
38057
39104
39426
39028
39551
38964
39927
37762
39260
38487
39864
38267
39782
38255
39439
38657
39519
38178
39408
39074
37851
39799
39051
38937
39461
38638
37930
39225
37910
38247
38938
37975
39850
37702
39466
37843
38728
37727
38024
39240
37951
38761
37807
38356
39276
39291
37887
39586
39816
39691
38111
37955
39147
38146
39884
38407
39553
38682
38177
37922
39668
39242
38872
38482
37948
39072
38430
39650
37828
39769
39781
39634
37779
38051
39781
39589
37914
37959
39330
37862
38004
39556
39385
39677
38429
38835
39717
39462
38065
38251
38196
39792
38256
38093
39282
38887
39481
39245
37970
39799
39634
38121
39592
39650
39764
38025
39531
38166
38404
39099
37852
39256
39736
39772
39279
38055
38847
39482
39216
37919
39070
37956
37848
38224
39248
38136
39695
39834
37903
39275
39306
38005
39829
39520
39722
39660
39433
38325
39844
39808
38812
37834
39012
39504
39795
39353
38019
39748
38243
39350
39578
38753
39893
37946
38939
38638
38517
39535
38532
39757
39643
39551
37931
39302
39708
39483
39650
38665
39939
38663
38395
38996
38058
39731
38533
39810
38548
38098
39151
37937
37959
39122
39735
39691
38561
39540
39811
39845
37919
38389
38190
39175
37941
39930
38586
38855
39566
39778
38444
38768
39504
39771
39455
39751
39731
38159
38736
39257
38271
39092
39737
38064
38568
37912
38585
39656
38672
38016
37824
38415
38475
39643
39757
39184
38424
37908
39798
39817
38257
37742
39682
38608
37884
39275
37862
39205
38273
38498
38581
38331
39535
38414
37863
39218
38031
39567
39807
39721
38360
39563
38009
37960
39505
37928
37935
39849
37964
39717
39285
39760
37852
37892
39191
37965
37862
39829
39788
38882
37821
38841
37834
37910
39528
38285
37809
38146
39723
38142
38510
39868
37736
38406
38591
38763
37943
38399
37992
39806
38800
39657
38406
38772
39939
39445
37785
37933
38504
39861
38108
39081
39892
37896
38774
37799
38083
39239
39728
39514
39734
38987
38944
38400
39535
38964
37992
39815
38838
39472
38574
37730
39624
37763
37930
39173
38169
38809
38224
37971
37822
38418
37930
39341
39405
39029
38010
38844
37958
38906
37882
39892
39698
39837
39594
38155
38002
38532
38082
38035
39618
37911
39828
39018
38281
37761
38614
37983
39041
39865
37905
37653
39059
38452
38928
38588
39171
37949
38121
38288
37981
39561
38183
37837
39452
39700
39725
39254
37901
37827
39564
38168
39642
39649
38898
39497
37992
39797
37941
37902
37891
37846
39765
37837
38037
37962
37929
39380
39290
39724
38245
37922
39135
39584
39649
38192
38102
38524
37952
39771
37951
39600
38532
38475
39849
37919
39636
37726
38296
39008
39382
39058
37873
39027
39103
37929
39147
38095
37857
39756
39913
38275
37722
38760
38876
38516
38952
38709
38007
37842
39621
37857
38373
38034
38482
38360
37970
39503
39135
39434
38763
39694
38826
39346
39184
37914
38294
38289
39490
39846
38786
39553
38674
38107
38031
38298
37925
39592
39741
39541
39743
39689
39691
39496
37887
39381
37847
39078
37883
39341
37883
38685
37828
39651
38984
39716
39189
38832
38456
37878
37952
37970
38007
39617
38507
39037
37977
39326
39375
39051
38741
39770
38282
39649
37776
38710
38796
38777
38178
39746
38694
37903
37809
37952
37892
38745
39302
37924
39748
39916
39642
38248
39710
39784
39441
37940
38465
39144
38616
38155
38724
38155
39923
39333
38132
39509
39560
38832
37781
37755
39715
37913
38524
38527
38703
39178
37914
38296
38757
38035
39077
37960
38601
39539
39250
38045
38044
38112
39707
37934
39054
39485
39072
39224
39333
39640
38035
39588
39430
39552
37817
39788
38030
38971
39405
39016
38468
39584
39931
37902
39590
38217
38034
39321
38554
38142
38248
37939
37933
38255
38735
39740
39016
38699
39922
37946
38016
39770
37893
39300
39417
37940
39806
38331
39248
39581
38719
38982
39277
39372
38817
39755
39807
38061
38844
38592
39892
37959
39137
39314
38329
37874
38300
39332
37964
39356
38476
39300
39653
38163
39667
38288
37927
38143
39198
39283
38356
38819
39865
39732
39781
39800
39653
38283
38503
39871
39198
37923
38121
38120
38172
39831
37963
38217
38530
37788
38120
39618
39399
39624
39150
37963
39520
39131
37909
39272
38407
39159
38048
37845
39325
38660
37945
37721
38867
37867
39728
38940
39735
39161
37949
39725
39333
39284
37875
39886
39660
39801
37821
39818
38281
37957
39628
39238
37828
37715
38805
37940
38161
39367
37899
37777
39593
39403
39857
39884
39737
37949
39553
38125
39892
38266
38815
38671
39157
39175
39837
38121
38591
37954
39350
37745
37786
38060
38500
39001
39775
39605
37846
39558
38830
38019
39799
37901
39253
39780
39302
37736
39552
37912
38996
39552
39884
39457
37762
38392
38075
38246
38361
37917
38342
38723
38165
38363
39670
39821
37864
37904
38390
37828
37868
38839
39708
39824
39665
39503
37878
37978
38611
39526
38876
39213
38858
39314
38606
39669
38445
38231
38068
39934
38766
38668
37753
37881
38323
39671
37941
38475
38636
38498
37810
39876
37726
39577
38120
39668
38485
39737
39348
39699
39804
39332
39827
39114
38604
38170
38099
38181
37943
38248
39040
39727
39704
38728
39832
39790
39541
39402
38395
39854
37799
39590
38364
38000
39566
38327
39542
39510
39761
38439
39372
38001
38076
39715
38703
37835
39785
39008
39837
39785
39746
38638
39672
39440
38145
39908
39863
38574
39562
39430
39702
39735
37879
39749
38177
39593
39669
39679
38227
39844
39836
37957
39119
38054
38541
39838
39106
38321
39505
38822
38143
37910
39584
38444
38909
38215
38766
37693
38808
38864
38252
37972
39820
39261
39687
38446
38391
37834
38612
39234
39680
38341
38644
38935
39889
37857
39706
38936
38337
39981
38216
37935
39615
38774
39202
38525
38291
39041
39854
37802
39392
38844
37884
38582
38129
38521
38794
39193
39329
38140
38127
39063
38092
38435
39272
39796
38229
38011
39709
38777
39769
38908
37983
38196
39819
37987
38875
39543
38325
39764
38891
38319
37931
37919
37978
38423
39715
39399
39509
39078
38551
39102
39466
37833
38331
37925
39351
38589
38897
39102
39476
39359
37850
37774
39050
38511
39323
38651
38852
39934
39361
39497
38186
38356
37999
38149
38063
38958
39625
39541
38015
39737
39568
39753
38243
39838
38159
38683
38657
39752
37765
39718
39544
38969
37754
37550
37865
39528
38285
39621
38112
39047
38033
39373
38158
38457
39732
37849
37818
39733
37928
39068
39003
39390
39807
38080
38887
38246
38612
38657
38606
38033
39579
38145
39661
39841
37904
39722
39129
38221
39741
38750
39835
38221
38078
38247
39362
39559
38251
39594
38804
38204
37939
38813
39594
39157
38399
37896
37991
38893
39856
39625
38566
38887
39398
38075
38981
39844
39742
38304
37784
38464
38901
38298
39490
38567
37935
39465
37932
38877
39220
37934
37705
39294
37874
39716
39083
40026
37926
39857
37931
39911
39388
39809
37833
37760
37827
39149
38947
38311
38894
39593
38699
37936
38064
39242
38573
38222
37784
38442
39607
37926
38680
37841
39812
39992
39715
38992
37938
38987
39115
38119
39672
38779
37983
39970
39714
37925
37994
38489
39249
39600
39491
39566
38017
38874
38752
38639
38204
38450
38231
38255
37746
39738
38191
39169
39877
38385
39723
39037
38759
38237
39064
37806
38713
38348
37740
39710
38281
39797
39645
38991
38787
39424
39337
39801
39392
37827
38836
39798
39405
39331
39395
38506
39520
38015
38795
38532
37811
39303
38929
38791
39154
38658
38077
39135
38793
38343
38157
38859
38760
39341
37870
38058
39276
38333
39862
38017
38506
39761
38415
39063
37894
38771
39745
37853
38530
38921
37892
37950
38017
39612
38779
38227
38028
39592
38091
37975
38914
39910
39669
38559
39926
38788
38034
38010
40077
39780
38559
38027
38235
39704
38091
39665
38532
39050
37830
39745
38985
37886
39212
38636
37916
38118
39622
39760
37798
37904
39825
39348
39481
38148
38532
39945
38144
38059
39371
39690
38374
38661
37935
38286
37726
38194
39725
37852
38590
39797
37988
38784
38172
39885
39514
37894
38358
37875
39272
39133
38630
38421
39177
39560
38879
39647
37795
37970
38307
38218
37872
39571
39561
39656
39427
39729
37924
39377
37789
39604
39695
37893
39370
39417
38412
39669
39347
38362
39448
38114
38168
39940
39716
39877
38985
38636
39877
37998
39137
38266
39847
37843
39743
38398
37954
38580
38027
38677
39930
39623
39339
38727
38578
38002
39799
39445
37841
38871
38367
37894
39602
38043
37885
39615
39365
37905
38561
39757
39672
39644
38027
37800
39605
38575
38048
39178
38064
39918
38385
38486
39364
39274
38405
39562
38145
37948
38364
39208
38315
39458
38777
38547
38211
39685
39658
38119
39062
37866
38532
39021
39821
38001
38784
38698
38987
39605
39624
38426
37752
39595
37991
39083
37729
38788
39477
38737
39343
39672
39457
39607
37918
39043
39063
37961
39534
37754
38978
39411
39260
38799
38169
37863
38031
39733
39633
39128
37896
37808
39757
39509
38288
39042
38199
37754
39573
39291
38106
39895
39861
37834
39514
39705
38773
38387
37891
39580
39821
38758
37990
37764
39145
38665
38715
39002
37963
37834
37779
38087
38933
38819
39919
39208
37787
38961
38313
38893
38519
38598
39132
38498
38064
39767
39759
38132
39798
38545
38109
39650
38141
38608
39136
39775
39655
39266
39935
39589
38531
37892
39243
39465
39461
39818
38608
39678
38120
37895
38182
38889
37865
38762
37788
37967
37863
37958
39713
39577
38354
38980
38017
38788
39135
38947
37787
38011
38856
39252
39387
38252
38136
37968
39205
38593
39506
39722
37815
37939
38109
38808
38757
38730
37936
37905
38009
39050
37819
38125
38810
39711
38612
37971
37995
38063
39817
39160
39792
39677
38585
38480
37838
38271
38523
37971
39477
38772
38751
38038
38218
39653
39562
37690
39027
39388
39360
39009
37924
38029
38551
38307
37907
39520
38219
38467
38877
39425
38997
39838
39716
39268
39038
38023
39104
39753
39773
37854
39319
38342
38317
38039
39268
38167
39163
39600
39599
39798
38043
38005
37755
39528
39932
39677
39505
39056
38975
38221
37862
39713
39258
38213
37951
39054
38020
38414
38002
38894
39621
39016
39219
39040
39195
38033
39068
38314
38211
38045
38007
38443
38354
38909
38526
37962
37723
38970
39772
39656
38650
38625
39788
39042
37813
39585
38483
39706
38058
39639
37820
38604
38916
38928
38817
39883
38692
38044
39838
39948
37790
39908
39450
39522
37999
38077
38909
38675
37983
39525
39102
37912
39022
38007
39385
38685
39067
38623
38545
38517
39517
38024
38245
39747
39993
38563
37712
39376
39477
37877
38598
39764
38558
39029
39760
38000
39784
38363
37877
39524
37988
38316
37931
38037
39846
39661
37997
38403
38203
39831
39748
38282
39357
39273
38504
38022
39359
38958
38374
38394
39086
37848
39573
38141
38556
37764
38597
39861
38627
38427
37853
37777
39431
38629
39796
38779
38578
37811
37810
38433
37951
38264
38211
39558
38150
38140
38367
38190
38632
39915
39809
39780
37844
39523
39349
37835
37708
37918
37864
37703
39672
37688
38386
37978
39034
39102
39483
38063
38162
39292
38089
39641
38564
37924
38954
39296
39714
38503
39010
39817
37876
39578
39853
38461
39381
38844
38989
39601
39831
38513
38372
38275
38702
38195
38987
38912
39135
39790
38176
38564
37632
38235
39797
38924
39479
38242
39150
37975
38049
38131
38698
38120
38556
39869
38804
39386
38763
39679
38153
39749
38260
39040
39714
39717
38690
39696
38761
37947
39375
39551
38349
39973
38238
39758
39647
39568
39229
37931
39613
37963
39370
39388
39072
39786
38439
39864
39629
39100
38018
39041
38670
38956
38140
38579
39833
38417
38241
37852
37839
39384
38856
39105
38153
38417
37924
38529
37968
38038
37812
38816
38925
39166
38445
37942
37859
38017
37808
39835
38526
38605
38241
39830
38103
39712
39627
38547
39718
38244
39629
37902
38928
38327
39225
39697
39219
38744
37934
39881
39895
39745
37831
39366
37870
39577
37989
39422
39725
39636
38269
39559
39004
38837
39263
37922
37926
39385
39402
39477
39749
39732
38361
39871
39704
38083
38007
39296
38043
39519
38961
38304
38373
37815
37888
38054
39466
39712
38695
37755
39074
38174
38213
38807
38830
38803
39414
38217
38503
38099
38844
38001
38599
38413
39225
37957
39770
39708
38655
38164
39525
38176
39188
39620
38091
38210
39738
39681
38336
38996
39304
38296
38368
38458
39991
38920
38018
38001
39401
39865
38208
38154
39314
39536
39033
38253
39592
37944
38419
39809
38948
39743
39071
38315
39652
37863
39174
38760
39737
39605
38759
39677
39335
38880
38047
39516
39112
39668
38996
38961
39818
37967
37906
39718
39102
39807
39672
39445
39511
38503
38786
37843
39414
39560
38641
38862
37957
39977
37983
38326
37653
38937
38153
39075
39242
39223
37885
37868
38976
39092
38389
38214
39500
38902
38015
38432
38324
38692
37949
37836
39717
37984
39366
38158
38256
38840
39523
37902
39448
39402
38383
37909
37836
39785
38081
38433
39572
37967
37742
39788
37859
39288
39113
38408
38292
38230
38399
39807
39718
39206
38194
39543
39322
39498
38306
39092
39214
38805
39881
39041
38292
38158
38589
38515
38131
39229
37918
39535
39585
37799
38199
38410
38905
37995
39766
37980
39761
39225
39626
39712
38423
39862
39088
39684
38480
37771
37997
39668
37816
38191
39537
37860
39754
37878
37880
38591
39543
39654
38167
38113
39845
39433
39936
38805
38682
38039
39942
39874
37992
39056
38244
39339
38119
38813
37986
39801
37704
39325
38168
37935
38724
37918
39520
38831
39730
38134
38853
39295
39652
38822
38880
38019
37905
39814
38709
39068
37789
39773
38692
39810
38086
38027
37800
39436
38671
38861
38215
39994
38835
37834
39762
39079
38496
37866
39448
38084
39308
38362
37898
38497
39186
39293
39556
38203
38090
38361
39614
38482
38008
38659
38500
39164
39848
39647
38242
38107
39582
39182
38215
39838
37963
39616
39507
39030
39458
38358
39700
38119
38824
38120
37793
38301
39394
39331
39522
38409
39599
39820
39807
39200
38600
39657
38863
39328
37997
38320
38151
37782
40021
38132
38061
38799
39012
39784
39819
37874
39941
39803
39534
37808
37993
37820
38655
38195
39931
38584
38137
38028
37858
37860
39158
37918
37957
37834
39170
37797
39484
39805
39363
38679
39703
39354
39511
38403
37963
38980
38288
39652
38721
37885
39549
37836
39693
39297
38688
38349
38890
39279
38511
39082
38037
38811
37984
39766
39585
39833
39581
39137
39796
38211
39137
38902
39352
39273
38977
39915
39645
37854
38003
39854
38042
39490
39107
37890
39907
39823
37839
39062
38652
39049
37933
37807
39626
38411
38123
39158
37782
39755
38723
39827
39889
38709
39759
38180
39277
37882
37772
37864
39500
37843
38398
39861
37727
39104
39528
38160
39256
39332
39627
39873
38569
32390
32390
32390
32390
32390
32390
32390
32390
32390
32390
32390
32390
32390
32390
32390
32390
32390
32390
32390
32390
32390
32390
32390
32390
32390
