9948
37530
37154
37396
37192
37518
37618
38026
37681
37211
37119
37182
38376
37794
37901
37735
37183
38510
37864
37886
37008
38508
37611
37984
38483
37525
38345
37154
38205
38029
38619
38480
38723
37404
38347
38267
38356
38634
37523
37857
37223
37613
38110
37281
37649
37184
38683
37263
37164
38673
37457
37502
37929
38741
38620
37298
37497
37284
37214
37838
38069
37895
37216
38177
38676
37975
38824
37149
37445
38334
37782
37248
38150
38563
38556
37172
37294
37119
38340
38162
38697
37423
38492
37863
37255
37449
38611
37147
37236
37096
38499
37487
38638
37802
38826
38332
38608
38544
38385
37728
38099
37137
37686
37779
37152
38648
38170
38732
37286
38456
36987
37010
38175
38010
37901
38287
38525
37143
37751
37362
38262
37206
37587
37249
37095
37456
38543
37312
38539
38437
37206
38398
38749
38392
38289
38752
37059
38691
37514
37855
38684
37823
38217
38361
37560
38079
38163
37617
38632
38315
38164
38284
37646
38627
37162
37111
38410
38079
37354
37472
38357
37267
37223
38628
38628
38174
37539
37847
38715
37387
37409
37293
38561
37065
37534
37514
38268
37230
38772
37463
38610
38154
37853
38305
37556
37438
38194
38577
38211
37760
38604
37732
37146
37153
37757
38599
37192
37974
38646
37259
37537
38516
38559
38586
38575
37214
38019
37017
37425
37279
37094
37358
38414
38732
37955
38238
38852
38043
38464
38844
38178
37348
37410
37318
38576
37506
38184
37855
37394
37043
38655
37261
38424
37905
37390
38234
37308
38016
37557
37458
38379
38072
37367
38093
37656
38647
37360
37295
37425
37240
38550
37303
37275
37987
38633
38339
38335
37697
38023
37387
38138
38490
37496
37594
37928
38547
37587
37230
37840
38394
37207
38041
38295
37468
38616
37303
38452
38246
38189
37354
38211
37895
37347
37213
38477
38494
37954
37338
38599
38304
38524
38617
37227
37551
37694
38081
38608
37751
37383
37694
38483
37308
38485
37607
37883
38737
38660
37519
37888
37299
38398
38268
38619
38213
37503
38375
37201
37276
38171
37645
37733
37911
37836
37382
38108
38815
38287
37431
37233
38508
38338
37191
38325
38636
37910
38212
37850
37245
37976
37473
37249
37339
37991
37531
37193
37743
37208
37123
38044
38600
37149
37206
37478
37798
37264
37487
37951
37110
37343
37623
38374
37626
37684
37846
37089
38687
38047
37227
38374
38079
37135
38351
37230
37854
37249
38010
38659
38586
38210
37130
37113
38632
37711
37245
37660
38543
38382
37693
37976
37309
38555
37188
37146
38482
38194
38314
37281
37263
37260
37767
37223
38427
37587
38434
38489
37153
37178
37807
37562
38646
37585
38468
38665
38593
38487
37264
38536
37114
37205
38176
38409
38628
37108
37319
38141
37368
37637
37728
38672
37692
37771
38015
37245
37157
37831
37397
38236
38739
38746
37290
37139
37245
38687
38591
38127
37283
38366
37152
38013
37283
37363
38749
36947
37439
37767
37757
38504
37321
38795
38244
38550
37799
38099
37903
38711
38619
37836
38309
37422
37181
37390
38139
38376
37862
38593
37178
38748
38575
37670
37541
38671
38527
37251
38002
37654
38597
37803
37242
37779
37400
37105
38593
38203
37744
37446
37427
37575
38549
38419
38478
38313
37971
38061
37972
37386
37775
37634
38255
37289
37329
38270
37602
37112
38279
37561
37263
38413
37323
38717
37253
37398
37272
38362
37213
37446
37157
38130
38703
38378
37784
37440
37679
38103
38598
37091
37812
38255
38446
37682
38623
37466
38308
38218
37859
38390
38717
38279
38258
38500
37981
38678
37960
37046
38636
37680
37126
38553
37372
37673
38738
38563
37727
37498
37118
37949
38636
37917
37613
37362
38651
37554
37305
37092
37933
37596
37080
37028
37791
38584
37291
37309
38561
38031
37809
37365
37105
38629
37707
37904
38302
38388
37517
37402
37558
37647
37550
37374
38445
37176
38676
38440
37404
37306
38085
38280
38586
37928
37467
37397
37717
38343
38610
37429
38113
38425
38562
37261
38595
37155
38832
37119
37268
37411
38400
37154
38578
37384
37418
38549
38433
37343
38470
37544
38692
38535
37290
38560
37232
37816
37375
38377
37232
38576
37569
37613
37853
38595
37857
37348
37884
37694
37431
37064
37458
37790
38828
38398
37599
38570
38678
38721
37828
37632
38609
37227
37671
37039
37447
37510
37379
38348
38044
38348
37120
37400
37776
38431
38644
37082
38623
37401
38809
37063
37399
38481
38430
38675
38578
37667
37331
38395
38461
38243
37285
37300
38429
37166
37974
37466
38324
37595
38428
37922
38272
37744
37873
38578
38542
38579
37662
38748
37446
38710
37302
37499
37471
37366
37085
38598
37430
37178
38284
38560
38600
37944
37917
37735
37062
37883
37225
37355
38572
37273
37364
37164
37599
37173
38479
36853
37756
37351
38589
37638
38077
37898
37680
37218
38374
38024
36974
37775
37749
38342
38589
37325
37309
37244
37084
37764
37330
37122
38367
38702
38492
37334
38620
38072
38644
37431
38613
37102
38364
37282
37910
37298
37922
37092
37364
38368
38493
37526
37910
38530
38167
37468
37867
38046
38333
37745
38674
37174
37296
37519
37216
37490
37247
37876
37430
37234
37194
37348
37495
37578
38801
37414
37301
37060
37903
37123
37102
38766
37590
38585
37888
38593
38636
38756
38616
38584
37894
38315
37549
38631
37951
37937
38704
37775
38321
38087
37417
37233
38238
37704
38580
38211
38009
37096
38607
38354
38094
38503
37081
37248
38388
37389
38158
38790
38695
37565
37549
38126
37553
38001
37855
37450
38632
37203
38708
37533
37101
37073
38607
38560
38049
38685
37985
37199
37088
37896
37776
37280
37829
38035
38208
37614
38407
37388
38307
38600
37931
37546
37647
37181
38693
38779
38110
37893
38362
37841
38799
38581
37077
37539
37235
37086
37231
37160
38207
38491
37426
37211
37476
37490
37172
38567
38469
37679
37000
38793
37293
37899
38412
38295
38481
37463
37952
37653
37177
38106
37915
37700
37715
37976
37609
37607
37377
37969
37339
38072
38338
37359
38169
37846
37170
37206
37994
38689
37715
38220
38319
37467
38322
38371
38573
38474
38847
38613
38122
37157
38421
38226
37244
37717
37590
37971
38271
38655
37527
37958
36925
37068
37225
38761
37567
38457
38638
38702
37315
37122
38201
37346
37246
38619
37668
37161
38448
38259
38597
37685
38593
37870
37851
38634
38604
37044
37057
38076
38396
38739
37410
38843
38590
37350
37347
37595
37047
38652
37650
37216
37850
38077
37164
38071
38333
37117
38244
38456
37168
37252
38112
38490
38202
38640
37804
38216
37521
38167
38709
37778
37425
38607
37461
37443
37883
37556
38461
37941
38811
37872
37386
37290
37860
37338
37197
37585
37995
38717
38008
38710
37384
38684
37416
38637
38074
38095
38410
38647
37868
38671
37575
37747
38098
37477
37339
36923
38420
38312
37773
38510
37401
37818
38319
38505
38208
37645
37498
37346
38784
37689
37245
38733
37296
38545
37174
37127
38712
37272
37174
37644
37019
37821
38188
37043
38396
37647
38422
36998
38434
37522
37451
37202
37131
37106
37061
37288
38241
37383
37784
37854
38482
37234
37448
37742
37767
38240
37104
37209
37388
38646
37755
37094
38268
38502
37058
37597
38490
37506
38117
37215
38709
38520
38202
37212
37164
38562
37094
38379
37345
38714
38439
38290
37486
37094
37386
37142
38704
37429
38167
37963
38704
38441
37663
38061
37267
38160
38012
37827
38869
38598
38513
37349
38754
37156
37324
38619
38457
38381
37821
37001
37515
37651
37660
38037
37716
38317
37297
37490
37176
37130
37608
38526
37959
38371
38408
38267
37240
36987
38715
37238
37293
38452
38495
38037
38117
38742
38409
37761
38183
38499
38774
38496
38433
37374
38389
38674
37311
37424
37461
37177
38608
38724
38810
37322
37484
37679
37750
38253
38122
38030
37678
37867
37929
38799
38358
37985
37250
38196
37814
37227
37209
37466
37372
37631
37164
37150
37248
38629
38616
38666
38736
38673
37041
37806
37936
37132
38457
37900
37208
37888
38678
38454
37319
37400
38610
38431
37326
38486
37227
37165
37815
37838
37763
38247
37811
37409
38711
38365
37292
38708
38555
37805
38229
37041
38179
37168
37610
38608
38013
38360
37181
37189
37047
37414
38798
37573
37317
38515
38183
38635
37588
37133
38654
37126
38183
38714
37897
37723
38584
38490
37847
38547
38434
37470
37840
38324
38066
37221
37815
37294
37104
37315
38612
37529
37438
38259
37982
38374
38552
37357
37057
37582
38046
37723
37822
37125
38720
38443
37870
37505
37341
37688
37508
37422
38664
38421
37659
37195
38588
38645
37215
37259
38554
38056
37924
37916
37326
38436
37961
37760
37154
37297
38726
37675
38557
37709
38591
37060
38493
38582
38058
38425
37431
37181
38123
37657
37898
37447
38607
38443
37977
37090
38224
38510
38576
37188
38063
38572
38065
38375
37115
38138
37279
38415
37586
37472
38713
38468
37749
37432
37080
37189
37506
38728
38442
37215
38607
37238
38613
37191
38581
37174
37201
37253
38663
37087
38062
37315
38363
38509
37837
38075
38704
38496
37453
38891
37235
38235
37352
38446
37972
38060
37741
37243
38753
37157
37811
37589
38443
38573
37345
37033
38760
38737
38502
37698
38604
37397
38766
38353
38527
37756
37897
37217
37799
38504
37249
38636
38664
37965
37360
38093
38799
37058
37846
37269
38540
38118
37044
37489
38707
37578
38495
38559
38739
37211
38511
37571
38638
37357
37097
38086
37489
37587
37659
38319
37200
38584
37373
38339
38553
37560
38528
38692
38705
38499
37763
37263
37230
37074
38492
37805
37567
38648
37017
38787
37713
38657
38535
37366
38719
37858
38638
37649
37609
37139
37063
38728
37127
37195
37386
38750
37401
38506
37339
37400
37746
37473
37327
38728
38340
37788
37045
37416
37963
37445
38137
38699
37344
38593
37007
38246
38505
37165
37974
38204
37745
38518
37390
37517
37945
37154
37355
37445
38389
38883
37073
37556
38476
38677
38331
37587
38709
37053
37878
38218
37113
37188
37322
38388
36997
37349
38119
37182
37292
37304
37457
37504
38294
37710
38676
38499
38668
37212
37108
37466
37705
38201
37037
37231
37270
37868
38176
37326
37602
37867
38386
38064
37985
37987
38513
37197
37878
38548
37897
37965
38264
37117
37530
37220
38628
37893
37459
38007
36975
38578
37284
37576
37225
37640
37930
38496
37624
37973
38514
37145
37839
37961
37968
37225
37147
37407
38691
37266
37168
37398
38572
38112
37113
37632
37064
38286
37630
38625
37489
38580
38372
38521
38696
38673
38278
37683
37416
38234
38870
37874
37618
37853
38047
37279
37912
37221
37841
38657
38656
38210
38558
37458
37219
38608
37308
37477
37549
37237
38790
37385
38526
38038
37890
38598
38486
37936
37924
38411
37263
38648
37007
38474
38635
38309
38438
37512
37836
38065
37416
37149
37599
38572
38268
37453
38440
38428
38542
37790
37618
38629
38383
37631
38053
37606
38358
37370
37238
37074
37389
37205
38650
37189
38091
37574
37546
38334
38037
37460
37102
37939
38632
37599
38653
37306
37540
37859
38198
38069
37128
38797
37793
38428
38218
38690
38712
37257
37942
38662
38648
37667
37782
37617
38504
38328
38523
37434
37610
37797
37843
38406
38607
37380
37842
37313
37397
37325
37392
38524
38552
37741
37230
37258
37707
38293
38380
37898
37278
37212
38586
38255
37159
38587
37795
37655
38514
38426
38315
38732
38525
37345
38052
37333
37929
37803
38401
37503
38417
38520
38440
38555
37330
38115
38571
37957
38668
37336
38525
37264
37553
38301
37369
37667
37324
37302
37014
37452
38632
38584
37464
37382
37917
37276
38894
37341
37976
37870
37488
38243
37518
37435
37056
38411
37411
37714
37445
37495
37623
38428
36947
37274
38518
38447
37388
37512
37999
37258
37521
37246
38304
37485
38573
37521
37594
37251
37733
38746
37308
38028
38820
37995
37655
38155
38711
38548
37379
37642
37175
37607
37461
38672
38649
37694
37546
37621
37473
38315
37143
38784
37343
37998
37047
38472
37148
37464
37202
37679
37358
37572
37117
37458
38103
37923
38697
37889
37553
38425
37252
38626
38430
38222
37655
38384
38619
37053
38474
37090
38236
37187
38656
37311
37632
38278
38508
38537
38775
37758
37791
38478
38101
37509
37142
37198
37235
38203
38392
38783
37872
37994
38426
38098
38578
37302
37124
37819
38212
37593
37206
37213
37257
38690
37253
37249
38059
37573
37813
37734
38829
37692
37703
38610
38609
37124
38602
37583
38563
38171
37229
38088
37527
37239
37044
37619
38498
38020
37472
38424
38119
37593
37509
38311
38279
37292
37194
38532
38024
38602
38504
38606
38413
37171
38103
38349
37233
37266
37150
38582
37921
38513
38562
37175
38741
38539
37115
38646
37206
37941
38179
37391
38209
37627
37679
38563
37265
38443
38536
37293
38382
37270
38700
37215
37370
38836
38622
37653
37386
37273
37381
37231
38246
37630
37420
37150
37185
37596
38611
37756
37330
37088
38483
37146
37538
37650
37271
37254
37369
38156
37322
37915
37328
38292
37768
37454
38200
37454
37720
38248
38553
38787
37307
38610
38347
38173
38669
38130
37085
37179
37337
37954
38565
38653
38174
37413
37635
38683
38454
37128
37225
38399
37111
37604
38278
38751
38491
38107
38293
37061
37835
37478
38168
37683
37653
37298
37308
37572
37305
38649
38207
37717
37785
38314
37920
37565
37571
38558
38447
38006
38210
38634
38428
37928
37218
37578
38036
37082
37186
37421
37303
37168
38348
38311
38081
38681
37945
38001
38559
37780
38309
37768
37204
37741
38519
38348
38482
38573
37117
37269
37347
37150
37380
38656
37162
37105
38209
37447
37082
37465
37723
38459
38655
37377
38019
38235
37377
38197
37072
38495
38526
37214
38570
38733
37104
37998
37474
38664
38555
37140
38714
37320
38466
37597
37950
37246
37917
38695
37124
38616
38605
38163
38187
38033
38628
37486
38671
38211
37998
38696
37434
38696
38404
37689
37239
38126
38384
37149
37721
37813
38010
37210
37265
37254
37327
37470
37309
38713
38667
37350
37549
37162
38372
37520
38558
37717
37886
38384
37647
37256
38987
37089
38588
37253
37366
38662
37265
37408
37687
38734
37291
38276
37446
37253
38258
38784
38750
37526
37757
37585
37444
37323
37366
38005
38374
36932
37453
37878
37568
38676
37851
38600
38532
37136
37310
37141
38336
37607
37649
37309
37238
37582
37137
37221
38291
38149
37102
38438
38743
38420
37508
38803
37218
37954
37934
37094
37702
37057
37254
37742
37288
38486
37334
38703
37397
37808
37746
37887
38448
38103
37230
38147
38592
37323
37496
37115
38037
37089
37579
38236
37139
38157
37651
37083
37145
38281
38420
37634
37729
37932
38478
38378
38679
38498
37865
37933
37335
37399
37202
38524
38670
37221
38325
38608
37409
37510
38143
37454
38824
38696
37701
38678
37608
38633
37638
37718
38547
37256
37692
38382
38779
38547
38621
37341
37446
37057
38683
37147
38578
38151
38283
36985
38242
37103
38615
38549
38711
37150
37147
38258
38449
37119
37320
37984
38191
37276
38488
38000
38332
37367
37145
37460
38658
37382
38667
37430
38674
37098
37261
37625
38771
38099
38564
37124
38680
37575
37687
38196
38446
37187
38585
37423
37410
37656
38624
37800
37242
38301
38637
37321
38392
37170
38291
38175
37513
38322
37350
37132
37263
37118
38524
37674
37181
37170
38428
38374
37575
37012
38546
37329
37815
37625
38705
37937
38091
37517
37262
37270
37805
37761
38601
37264
38407
38137
37156
37174
38023
37363
37718
37225
37967
37479
38581
37993
37967
38102
37806
37864
37181
37418
38635
38651
38205
38432
38165
38780
37654
38275
38371
37201
38096
37048
37126
37602
37188
37068
37999
38620
37273
38069
38594
37710
37430
38724
37183
38591
37272
37226
37793
38543
38564
37756
38533
37957
38723
37306
38368
37643
38672
37616
38163
38272
37346
36906
38141
38006
37275
38662
37979
37075
37787
36902
37267
38253
37688
38410
37214
38461
37221
37732
38520
37176
37040
38623
38359
37764
37387
38436
38618
37703
38808
37154
37390
37505
38276
37814
36945
37005
37145
38334
37436
37680
38524
37161
37756
38691
37411
37445
38469
38471
37790
38572
37658
38647
38244
38444
38577
37522
38294
37949
37351
37244
37528
38206
37836
38465
38534
37161
38019
38771
38756
37588
37614
38520
37516
38360
37484
38627
38612
37578
37512
37736
38332
38573
38498
38511
37343
38492
37115
38317
38528
38141
37114
37286
37891
38217
37402
38615
38353
37357
38668
38490
38499
38708
38483
38276
37418
37229
37374
38576
37117
37577
38695
37165
37882
37251
38518
37168
38588
38316
38650
38750
38130
38748
37453
37577
38599
38049
37396
37166
38596
38677
37705
37479
37705
38581
37497
37494
37324
38494
38556
38175
38053
37806
38666
37130
37274
37739
37326
37004
37290
38159
38644
38291
37308
38542
37110
38726
37625
38449
38464
37277
37587
38355
37007
38006
37864
38029
38175
37126
37766
37336
37219
37114
37202
38417
37974
38362
37450
38417
37381
38229
38595
37289
37289
38122
37087
38723
37301
38644
38584
37598
37317
38371
37979
38587
37405
37499
38117
37359
37904
38364
38622
37182
38424
37765
38037
37299
38482
38326
38044
38376
38629
37758
38259
38772
37298
38670
37497
38749
37118
38624
37729
38106
37189
37313
38255
38635
37965
37127
38699
38357
38379
37415
37106
38636
38382
37038
37118
37360
37789
38526
38466
37251
37386
37299
38335
38464
37302
37801
38585
38481
37618
38587
38113
38659
38033
37952
37224
38066
38408
38788
38518
37287
38267
37271
38437
37612
37339
38387
37211
38585
37936
38475
37193
37728
37193
38238
38410
37997
37196
38475
38426
37247
37926
38649
38564
37914
38656
37078
38315
38371
38525
37478
37413
37427
37148
38169
38480
37539
37097
38400
37536
38013
37860
37173
37981
37932
37359
38698
37629
38434
38344
37816
38203
37458
37953
37220
38174
37834
37512
37192
38095
37657
38517
37910
37286
37239
37887
37519
37362
38556
38545
37513
38298
38032
37997
37198
37269
37692
38187
38240
38331
37202
37161
38147
38644
37448
37089
38424
37878
38330
38110
37402
37383
38594
38574
37259
37079
38725
37318
37295
38493
37893
37312
38578
38642
38530
37881
37204
37419
37134
38586
38543
38663
37287
36916
37816
37534
38580
38314
37187
37611
37874
37863
38371
38762
38742
38768
37257
37914
36961
37294
38140
37544
38221
37660
38379
38479
37569
37588
38286
37259
37271
38390
38511
38721
37378
38608
38239
38304
37570
36953
37636
38375
38646
38197
37094
37285
37222
37286
38498
37815
38614
37078
38399
37318
37517
37285
38622
37619
37370
37065
38110
38744
37614
37564
37190
37715
38383
37572
38738
38303
38260
37461
38415
38364
38520
38604
38278
37629
38546
37152
38733
37484
37510
37174
37706
38451
38776
37273
37958
37443
37098
38572
38690
37402
38427
38011
38543
38032
38352
38201
37171
37114
38194
38558
37425
38681
37281
37131
38126
37179
37397
38613
37580
37518
37561
37979
38133
38023
37102
38395
37305
37734
37600
38275
37201
37546
37124
38350
37115
37610
38588
38146
37115
38577
38294
37522
37741
37539
37226
37421
38745
37822
38578
37240
38069
38146
38007
38206
38051
38561
37599
37420
37379
37962
38368
38694
38213
37340
37446
37684
38663
37337
38135
38051
36975
37750
37784
38195
37226
37610
38572
37333
38856
37409
38064
38588
38482
37929
37067
37700
37724
38756
37275
37440
37366
38856
37930
38628
38360
38332
38055
37684
38105
37331
37353
37773
38362
38233
38574
38276
36944
38034
37827
38580
37441
37364
37607
37288
37446
38575
37363
37370
37213
38227
37581
37149
38370
37819
37299
38675
37935
37272
37560
37743
38469
37889
38224
38618
38316
37411
37541
37023
37054
38695
38339
37297
37742
37334
38655
38585
38623
37883
37266
37130
38535
37573
37244
38532
37314
38011
37733
37742
37318
38000
38523
38463
38561
37222
38200
37096
37400
38583
38627
38671
37727
37359
37165
37315
37589
38432
38636
37296
37195
38680
38273
37595
37771
38593
37188
37542
38298
38703
37602
38579
38074
37743
37537
37344
37332
37131
37243
37329
38728
37375
38663
37344
37279
38403
37172
38488
38604
37864
37507
37301
38478
38418
37688
37809
37231
38555
38334
37493
38435
37228
38468
37824
37434
38441
38156
38217
37864
37506
37477
37158
38258
38193
38320
37575
38800
37215
38198
38401
38402
37621
38509
37236
37936
38536
37196
37100
37679
37691
38433
38656
38501
38528
37093
37554
38511
38682
37228
38453
38470
37182
38632
37057
37345
38613
37482
38563
37644
37372
38234
37923
37198
37973
37919
38611
37616
38596
37483
38331
38222
37329
37713
37455
37183
38624
38422
37518
37265
37384
37550
37980
37062
37815
37504
38382
38682
37185
38683
37232
37247
37866
37197
38437
37134
38012
38069
38112
37233
38373
37079
38414
37471
38538
37868
38103
38574
38747
38393
37528
37366
37233
37199
37469
37148
38033
37423
37723
38496
38202
37471
37422
38549
37312
38070
37526
38441
37317
38584
38666
38585
37209
38516
37302
37430
38607
38733
38618
37115
38376
37852
37585
38637
37072
37951
37598
37295
38512
37956
38484
37415
37772
38366
38051
38630
37195
37182
37203
37943
37365
38700
38546
37288
37557
38700
38373
37314
38548
37301
37743
37686
37533
38676
38364
38003
38512
38850
37312
37172
37373
37879
37220
37132
37151
38069
37292
38583
38687
37426
38440
37134
37559
38142
37337
37681
37021
37292
38188
37369
37653
38087
38589
37208
37222
37135
37100
36973
37916
37453
37698
37219
37620
38119
37833
37202
38486
38436
37252
37373
37987
37150
38039
37987
37278
38396
37442
37285
37539
37165
38394
37459
37070
38567
37921
38509
38343
37172
38727
37052
37190
37313
38322
38282
37827
37419
37263
38480
38530
37325
37930
37207
38436
37367
37745
37551
38656
37062
38611
38146
38469
37615
38513
38125
37990
37292
37302
37342
37649
37441
38451
37095
38577
38585
37834
38597
38692
38649
38531
38535
37920
37743
38047
37932
37387
37825
38408
38186
37180
37210
37569
37821
38005
37218
38593
37670
37229
38419
38576
38109
37969
38039
38428
37517
38652
38626
37201
37696
37359
38704
38047
37305
38373
38777
37329
37163
38544
37134
38522
38605
38487
37598
37610
37300
37240
37120
37866
37349
38046
38479
38411
37339
37195
37226
37368
37169
37170
37918
38368
38202
37496
37178
37800
37682
38510
38675
38595
38594
38050
38160
37746
37412
38103
38584
37554
37756
37647
37518
38645
38533
37304
38588
38520
37900
37650
37354
38556
37841
37317
37210
37724
37124
37272
37479
37389
38331
38431
38872
38326
38592
37918
38407
37731
37222
37368
38608
38611
37221
38573
37357
37730
37464
37839
37227
37358
37172
37194
38591
37702
37161
37297
37888
37195
37680
37792
37709
37380
37369
37928
38696
38602
38328
38419
38111
38010
36959
37209
37326
38205
38350
37080
38204
37201
37499
37088
38063
37590
38443
37716
38437
38597
37259
37209
38516
37234
37614
38248
37065
37670
37402
37221
38184
38551
37907
37413
37989
37509
38732
38718
37649
37940
37440
37590
38063
37604
37209
38480
38277
37797
38159
37269
38796
38590
37716
37139
37110
37493
38644
37887
38563
37969
37329
38548
37269
38149
37157
37119
37478
38376
37586
38676
38395
37190
37061
38047
37334
37065
37916
37887
37351
37460
37370
38282
38688
37287
37900
38269
38631
38630
37353
37584
37367
37177
37104
38698
38317
38624
38739
37854
38099
38285
37861
38499
37630
38478
37566
37130
38055
37230
37191
37503
37528
38180
37482
38265
37819
37083
38608
37009
38495
37098
37714
37290
37621
38139
37303
37355
37207
37212
38004
37185
38633
37277
38430
38040
37481
37653
37176
37204
38392
37214
37488
38508
37201
37252
37055
37619
36994
37226
38721
37550
37951
36970
37132
38630
37197
38644
37224
38273
37857
37105
37311
38708
37169
37269
37566
38528
37646
37315
38269
38720
37528
37225
37858
37402
38557
37691
37450
38710
37556
37179
38484
37639
38258
37279
38358
38055
37734
38572
38306
37428
37082
38548
38686
37114
37244
37554
37454
38514
37453
37720
37394
38534
38386
38504
37320
38490
37612
38487
38704
37991
38647
38067
38281
37305
38485
37532
38457
38438
37159
37230
38153
38314
37139
37307
37377
37915
37251
38591
38486
38400
37759
38590
37943
38515
38383
38496
37796
38608
37116
37890
38492
37255
37468
38255
37853
38178
37051
38693
37244
38325
37239
38615
37426
37247
37663
37990
38531
37150
37925
37008
37145
37751
37788
37234
38677
38854
37263
37455
37122
38528
37973
37136
37104
38744
37461
37575
38028
38639
37736
38561
37364
38807
37317
37195
37366
37457
37306
37520
38594
37355
38309
37339
38010
38693
38431
38453
37472
37219
37215
37262
38587
37813
38129
37246
38585
37943
37212
37411
37628
37689
38480
38240
37234
37824
37683
37498
37272
37955
37937
38054
37801
37123
38297
38399
38415
37678
37950
38178
37355
37820
37606
37070
38490
38560
36933
38586
37718
38733
37529
38247
37412
37173
37454
38573
38443
38488
37205
37896
38139
38432
38654
38539
37879
37247
37297
38743
37318
38572
38633
37106
38411
38444
37226
38446
37559
37855
38413
38292
37215
38632
37284
37120
38558
37574
37061
37198
37775
37314
37264
37727
37559
37214
37317
38151
37949
37262
38591
37045
38676
37158
38447
37850
38295
37139
37336
38227
38247
38495
37017
38638
37298
38114
38083
38377
37022
37060
37522
38259
37200
37418
38044
37656
38565
38587
37353
38448
38255
38208
37462
38133
37379
38638
37807
38003
37232
38424
37915
37468
37153
37778
38744
38252
37606
38733
37600
37334
37446
38369
38367
38612
38369
37578
37688
38505
38681
37182
38420
37320
37214
37417
37085
37208
38262
38468
38071
38871
37467
37770
38741
37732
37807
37762
37174
37022
37181
37226
38242
36965
37626
38573
38036
38602
38690
37749
38675
38289
38639
38198
38653
38064
38580
37854
37511
37385
37545
38482
38178
38438
37653
38648
38861
37252
38591
38501
37852
37207
38472
38341
37378
37206
37244
38532
37600
38764
37856
38557
37372
38555
38599
38743
38149
38638
38182
38431
37755
38340
38099
38512
38311
37146
38207
38484
38504
37235
38613
37498
37462
38648
37126
38470
37151
36992
38555
37569
38672
37159
37935
38594
37120
38624
37602
38107
38450
37216
38535
37909
38464
38792
37407
38159
38727
37257
36944
37293
38459
37310
38376
38474
38776
37152
37606
37807
38138
38376
37150
38527
38101
38601
37694
38595
38368
37829
38644
37316
38462
38098
38382
37929
37442
38545
38706
37082
37178
37033
38631
37340
38520
37646
38436
38002
37034
37340
37720
38619
38569
37198
38611
38470
38102
38596
37653
37341
38496
37771
37068
37652
37025
38068
37597
38292
37085
38461
37679
37194
38580
38240
38230
37356
37656
37181
37268
37117
38724
37462
38040
37117
37412
38357
37017
37471
38581
38531
37748
38171
37213
38632
38728
38823
38510
37422
38548
38050
37427
38597
38688
38043
38137
37086
38602
38355
37197
37541
37371
37200
37175
37130
37185
37221
38005
37046
37043
37842
38693
38360
38384
38322
38703
37415
37024
38352
37730
37008
38463
37178
37247
38487
37710
38658
38339
38543
38331
37925
37175
37237
37247
37354
37239
38416
37253
38580
38131
38123
38600
38520
38015
38525
37633
37883
37202
37361
37237
38499
37453
37392
37791
38147
38455
38383
37283
38458
37628
37383
37067
37294
37354
38445
38177
37661
38519
37099
37606
37630
38733
37129
37233
37473
37166
38294
38431
38218
38283
38629
38189
38052
38737
38188
37607
37560
38539
37237
37731
37482
38096
38612
38275
38718
37947
37978
37443
37110
37745
37803
38326
37475
37216
38552
38689
38173
38509
37209
37301
37930
38078
38673
37453
37724
38283
37210
38284
37112
37139
38799
37205
37334
38598
38760
37317
37902
38685
37594
38056
37403
37939
38593
37806
38203
37771
37254
37138
38411
37410
37824
38683
38011
37486
37412
37336
38005
38559
38098
37995
37085
37097
37916
37323
37537
38619
37235
37773
38438
37144
38572
38231
38174
38508
37371
38324
38730
37946
38623
38673
37864
38700
37248
37575
38619
38584
37717
38624
38392
37395
37497
38666
37315
37319
37140
37166
37125
38616
37501
37305
38479
38266
37946
37246
37519
38749
38411
38541
38466
38499
37977
37188
37278
37464
37286
38782
37879
37118
38160
38632
37854
38062
38576
37230
38316
38578
37610
38610
37985
37040
37085
38418
37129
38684
38365
38639
38401
37715
38002
38432
37476
37292
38216
37836
37203
38431
37034
38380
38528
37179
37396
38379
37102
38508
37429
38639
38132
37112
37602
38761
37806
37131
38652
38318
38710
37717
38183
38452
37065
37433
38339
38524
38204
37618
37317
37192
37189
37215
37402
37174
38458
38618
37345
37972
37969
38526
38819
37991
37724
38721
37567
37260
38196
38206
37227
37412
37419
38244
37287
37053
37514
37350
38109
37820
38802
38494
37268
37320
37273
37226
38057
38478
37305
37847
38666
37898
37582
38442
38555
37733
38333
37263
38069
38285
38043
37887
37403
37635
37535
37645
38202
38086
38160
38380
37500
37434
38656
37874
37182
37568
38622
37670
37923
38416
38279
37284
37298
38484
37750
38520
37415
37225
37726
38641
38404
38770
37585
38156
38315
37358
37780
38684
37192
38099
38413
38634
37155
37152
37847
38710
37537
37427
38531
38535
37048
38236
38527
38221
38642
37150
38639
38712
38170
38399
38435
38506
38401
37257
38671
38345
37289
38032
38120
37404
38158
37248
38375
38074
37290
38682
37077
37256
37172
38465
38582
37183
38618
37758
37216
37531
38163
37890
37528
38578
37126
38720
36943
38280
37277
37945
38343
38100
37235
37506
38422
37689
38193
38021
38595
38143
37812
37155
38699
37422
38324
38551
38297
37166
37908
37688
37043
38646
38334
38625
38445
38830
37261
38656
38238
37164
38705
37485
37969
38182
38323
37989
37231
38401
37251
38440
37083
37195
38075
38378
37881
37795
37731
38038
38382
37421
37332
37363
38704
37722
38241
37164
38633
38580
38491
37172
37939
38598
37206
37319
38721
37690
37314
38771
37760
37552
36960
37883
38536
37689
38749
37300
38002
38081
38510
37578
38583
37327
37895
37411
38705
37672
37385
38134
38747
37524
38112
37278
38163
38621
37260
37260
38386
38090
37742
38620
37955
37178
38124
37967
37230
38798
37967
37405
38524
38380
38456
37772
38413
38774
37959
38521
38508
38000
38687
37326
37326
38478
38565
38648
37352
38338
38886
37332
37674
38698
38260
37952
38147
37115
37827
37905
38266
37074
36971
38116
38164
38448
37800
37826
37274
38500
37452
37177
38053
37158
38720
38067
38162
38529
38563
37981
38901
38392
37334
38056
38627
38600
37731
37403
37779
38547
37810
37866
38644
37022
38444
38440
37167
38741
38212
37883
38044
38517
37946
38267
37158
37617
37078
37407
38708
38431
37855
37648
37938
38250
37113
37559
37086
37703
38291
37678
37722
38137
37542
38597
37328
38355
37660
37266
38465
37112
37929
38639
37391
38578
38699
37430
37342
37328
38524
38572
38816
37252
37178
37871
37666
37497
37366
37563
38390
37988
38697
38548
38464
38679
38158
38158
37146
38264
38466
37932
37031
38471
37704
38627
37331
38589
37358
37350
38540
38252
37397
38514
37301
37175
38309
38503
37601
37327
38417
37220
38435
37707
37599
38754
37418
37074
37590
37201
38271
38234
37541
37472
37884
38432
36953
37767
37174
37609
38530
38185
38068
37741
37498
37657
37318
37932
38496
38693
37298
37587
38721
37651
37293
38717
38586
37572
37297
38009
37629
38476
37011
38348
38322
37180
37164
37506
38097
37152
38161
37643
38001
37807
37445
38375
37955
37877
37182
37350
37331
38151
38204
37212
37274
38725
38759
37065
37944
38479
37212
38441
37950
37262
37609
37131
37396
38391
38334
37538
38667
37328
38182
38162
37317
38465
37921
38676
38384
38551
38422
38627
38236
37317
38007
38061
38586
37441
37458
38472
38575
37207
37587
38078
37174
38575
38534
38155
38587
38543
38334
37258
37422
37593
37660
38562
38602
37460
38018
37429
38540
37182
37056
38554
37304
37332
38378
37267
38249
38330
38154
37372
38456
37272
38544
38691
37899
37857
38529
37310
38161
37016
38406
37301
37852
38598
38622
38248
37066
37762
38448
37527
37287
38620
38707
38533
37681
37772
37842
38210
38481
38609
37119
37152
37346
38270
38681
37837
38438
38404
37000
38062
37169
38191
38072
37797
38074
38535
37431
37787
37261
37542
38469
38788
37342
37335
37902
38639
38610
38102
38224
37408
37741
38758
37830
37601
38508
37970
37381
37206
37812
38719
38572
37176
38673
38488
38168
37151
37530
38531
37150
37757
37141
37327
38772
37114
38582
38340
37535
37675
38064
37541
38110
38746
38620
38383
38720
38478
37362
38543
38493
38396
37723
38250
37256
37257
38320
37410
37269
37318
38704
38631
38430
37161
37432
38240
38718
37919
38595
38105
37248
37269
38544
37319
38538
38207
38156
38798
38691
37696
38734
38285
37771
37349
38236
37354
37048
37114
37630
38491
37488
37947
37195
37126
38254
37161
37267
37249
37028
38604
38602
38639
38257
38696
37299
37235
37266
37475
37424
37458
37346
38716
38577
38620
37700
38573
38263
37789
38548
38427
38335
37124
37102
38200
37383
38581
38760
37764
38437
38461
37499
37497
38329
37133
37841
38700
37899
37115
38523
37534
37051
37626
37365
38696
38395
38674
38103
38470
37533
37170
38134
38312
38118
37259
37174
37546
38453
37093
38565
37122
37344
37770
38004
37166
37649
38213
37846
38744
37573
38097
38130
37797
38028
38421
37354
38462
38335
37272
37474
37137
38516
38333
38448
38481
37793
38056
38559
37082
38066
37198
38103
37359
38644
37651
38231
37719
38392
37877
37214
38332
37456
37353
37151
37655
38583
37753
38500
38779
38147
37125
38545
38401
38421
38600
37603
37680
37975
38628
38244
38636
38638
37367
38841
38277
38206
37199
38480
38711
37675
38107
37406
37272
37918
37895
37258
37577
36936
37904
37258
38822
37651
38653
38695
38563
38545
38583
37991
37230
38513
38663
38590
37959
38562
38785
38448
38061
37157
37182
37359
37277
37826
37401
38724
38085
38655
38492
37170
37211
38829
38512
37261
37232
37953
38645
38690
38536
37210
38531
37305
38564
38523
38213
37517
37591
38088
37557
37674
37484
38035
37174
38728
37153
38649
37269
37380
37322
37220
37454
38639
37035
37497
37821
38068
38542
37686
37127
37834
37339
38455
38485
37110
38499
38070
38737
37773
37570
37357
37705
37137
37653
38029
38090
38148
38496
37686
38786
38705
37653
38260
37435
37341
38648
38627
36998
38566
38034
38731
37460
38159
38580
38181
38528
38556
38181
38571
38651
38593
38725
37538
38439
37575
37392
38688
37412
37137
37238
37176
38644
37185
37014
38037
37063
37942
37326
38492
38507
38663
37539
38708
37366
37697
37740
38337
37048
38634
38437
38157
37901
37197
37435
38590
37296
37470
38046
38439
38684
37329
37481
37902
38523
38582
38209
37948
38287
37020
37736
37180
38760
37308
38580
38621
37442
38840
38753
38683
37359
37624
37588
38631
38742
37189
38512
37125
38222
37570
36975
38069
37106
38690
37150
37892
37883
37501
38530
38492
37171
37226
37271
38671
37147
37076
37872
37880
38405
38640
38188
38431
37660
37978
38588
38440
37679
37753
38242
38287
37995
38690
38451
37331
37363
38555
37447
38224
37172
37533
38299
37439
38744
37794
38134
38458
38429
38193
37922
38483
38396
38135
37235
38680
38554
37289
38299
38757
37800
37382
37102
38547
37900
37725
37357
37830
37836
37606
38550
37712
38296
38403
37161
37330
37210
37380
38213
38538
38320
38199
37881
38640
37508
37409
37201
38320
37894
38618
38670
37208
38583
37858
37195
37394
38491
37717
37739
37350
37574
37904
37414
36993
38443
38214
37918
38311
38665
37925
38563
38548
38559
37451
38052
37781
37760
37369
37727
38647
38487
37334
38647
37633
38203
37308
37251
37103
37407
37796
37053
38212
38411
37906
38717
37776
37233
37609
37182
37318
38382
37453
37358
37246
37432
38648
38467
38527
38470
37615
38296
37411
38183
37184
37931
38617
38048
37758
38343
38591
38636
37280
37659
38744
37580
38354
37582
38880
37331
37626
37578
38087
37197
38319
38875
37277
37515
37187
37774
37205
38735
37495
38041
38583
37275
38472
37995
37218
37544
38735
37467
37294
38247
37304
37824
37723
38527
38656
37438
37622
38646
37272
37279
38128
37365
37126
37248
38421
37677
37602
38668
37111
37169
37726
37918
37160
37949
37180
37695
37047
37998
38064
37351
37200
37894
38777
37299
37783
38436
38105
37210
38385
38124
37915
37393
37542
37843
38670
37339
37578
38747
37466
37010
38679
37566
37253
37105
38529
37329
38478
37346
37387
38367
38623
37233
38643
37339
38737
37228
37620
37177
38555
37963
37417
38498
36960
38435
37162
37770
38565
38280
37597
37767
37876
37670
37520
38500
37477
38672
38413
38742
37394
38516
38604
37991
37250
37712
37362
37511
38426
37104
37118
37879
38330
37213
37328
38519
37998
37344
37759
38528
37048
38219
38554
37291
38612
37701
37622
37074
37391
38586
38431
38676
37045
37315
38246
37166
38319
38619
38663
38626
37280
37150
38352
37324
37900
37706
37242
37322
36952
38341
37293
37334
38772
38172
37350
37174
37075
37316
38648
37349
37265
38452
38725
37142
38445
37635
37218
37383
38089
37845
37672
37941
37753
37396
37269
38593
38500
37410
37451
37365
37208
38161
37137
37594
37959
38594
37194
37218
37883
37495
37342
37039
37883
37202
37594
37560
38285
37243
37183
38244
38374
37710
38212
37250
37522
37716
37344
37402
37698
37747
38590
38455
38493
37497
37838
37158
37302
38664
38522
37646
38121
37596
38528
38294
38130
37522
38261
37197
38142
38552
37477
38083
37531
38442
37280
37909
37872
37750
38440
38636
37225
38465
37568
37734
38100
37563
37187
38703
37995
37215
38370
37163
38029
38752
37534
37501
38737
37770
37704
37368
37194
38108
38586
37175
38005
38138
38711
37461
38489
37530
37545
37763
38741
37217
37676
37461
38325
38338
37925
37142
37196
37883
37067
38559
38702
37640
37780
37366
38208
38118
38625
37548
38231
37313
38786
37737
37458
38580
38339
37225
36995
38703
37756
37246
37261
38146
37424
38372
38067
37550
38637
37597
37179
37142
38102
38401
37550
38234
37779
37718
38503
38496
38576
38695
38632
37387
38458
37109
37461
37983
38366
37125
36997
38777
38537
37170
37522
37621
38642
38352
37091
37554
37700
38321
38511
37232
38435
37482
38438
37776
37331
37799
37908
37523
37770
38040
38831
38327
37188
38364
37575
37354
38507
38347
38222
38672
38601
37288
38506
38625
37584
38331
38087
38488
38203
37201
37163
38162
37009
37711
38445
38441
38479
37277
38171
38744
37402
38319
37558
38465
37080
37326
37706
38834
37859
37781
37146
37072
37091
38408
37258
37598
37909
38320
38531
38433
38442
37471
38382
37098
38286
38679
37386
38552
37635
38310
37165
37215
37972
38579
37060
38630
38394
37072
37272
37071
37622
37864
37668
37306
37538
37302
38392
37163
38594
38085
38634
38401
37246
38620
37906
38564
37849
37937
37686
38652
37089
37229
37023
38087
37754
37855
37941
37390
37732
38334
37913
38724
37280
37202
37330
37881
37164
37576
37341
38082
38550
38558
37177
37475
38179
37537
37249
38817
37477
37426
38499
38852
38633
38368
37714
37262
38334
37727
38704
37970
38390
37844
37511
38617
38632
37283
37795
38659
37347
38600
37233
38360
37074
37194
37982
38109
37466
37294
36950
38153
38244
37204
37185
37307
37475
37296
37697
38557
38477
38272
37163
38573
37435
38329
38802
37302
37294
37522
37254
37719
37310
37326
38657
37987
37259
37526
37578
38253
38636
36908
37486
37766
37134
37736
37261
37860
37317
37889
37227
38520
38517
38642
38077
38137
37289
37758
38359
37196
38762
38699
38213
37438
38119
37374
38604
37284
37746
37939
37841
38105
38328
37360
38612
38365
38262
38516
38629
37472
37192
37569
38216
37242
37467
38423
37329
38634
38703
37631
37062
38002
37375
37243
37791
38649
38362
37163
37445
37571
38544
38787
38611
37478
38028
37814
37212
37025
37062
37202
37794
38096
38102
38346
37169
37297
38160
37396
37153
37572
37335
37141
37669
38103
37222
37438
37944
37692
37448
38581
38434
37497
37622
37930
37679
37362
37196
38392
37226
37167
37109
38375
38419
37675
37779
38072
37304
38496
38526
37392
37503
37759
38339
37074
38306
37418
38506
38752
38170
37737
38649
37335
38593
37072
37695
37293
37089
38732
36821
37700
37495
38618
38757
37839
38380
38772
38162
38682
38035
37523
38147
37783
38647
38549
38571
37606
38471
37925
38042
37443
37695
37206
38564
37680
36921
38245
38216
37452
37517
38652
37157
37332
38688
38266
37248
37922
37389
38594
37213
38467
37825
38480
38581
37808
37631
38414
38391
38432
38124
37854
37608
37252
38394
37612
37390
38629
37584
38513
38802
37951
37449
38628
38593
37480
37164
38613
37778
37311
37211
37300
38483
38809
37618
38018
36955
37841
38516
38667
38537
37271
37092
38721
36949
38762
38525
37986
37706
38632
38682
38729
37455
37481
38740
38475
37390
37905
37381
38691
37246
37915
38546
37411
37560
38457
38696
37539
38132
37905
38002
38710
37747
38612
38119
37285
37166
37707
37250
38716
37161
37127
38071
38464
37499
37768
37288
38129
38129
37894
37990
38709
38652
38500
38359
38689
37113
38057
38002
38753
38280
38552
38259
38466
38683
37241
37818
38604
38763
38746
37440
38881
37249
37269
37392
38566
38344
38650
37575
37559
37538
37193
37675
37490
38369
37255
37305
38048
38641
37064
37630
37528
38632
38780
38490
38065
37310
37589
38262
38819
38565
37645
37328
38706
37262
37504
38781
37506
37283
37097
37288
37430
38601
38614
38899
37341
37304
37761
37184
37247
38713
38503
38724
38208
37135
37671
37858
38333
38756
37778
37317
37565
37655
37173
37392
37673
38307
37643
37189
37298
37737
38256
37136
37221
38662
37606
37761
37138
37462
37692
38479
37144
37155
37246
38398
37814
37037
38486
38320
38587
37942
38277
37242
37639
38537
38008
38630
37796
37521
37226
38863
37361
38758
37290
37826
38459
37155
38280
38256
37536
38055
37086
37367
38662
38744
38840
38833
37354
38436
38840
37449
38711
38269
38047
36994
38523
38697
37134
38291
38486
38527
38570
38744
38266
37280
38274
38508
37593
37333
37875
38582
37346
38651
37476
38649
38227
37109
36991
38343
37162
37162
38576
38392
37138
37210
37289
37664
37439
37781
38784
38363
37985
38739
37763
37118
37183
38682
37571
38589
38564
37169
37265
37593
37171
37320
37828
37697
37739
37413
37218
38404
38654
37649
38617
38741
37554
37046
37872
37616
37603
38633
37250
38815
38197
38661
38427
37907
38099
37191
37825
38576
38720
37256
38333
37500
37208
37921
37570
37633
37250
38621
37811
38263
37204
36968
37044
38156
38063
37253
37638
38692
37221
37613
37352
37905
38454
37321
38666
37461
38829
38477
38463
37255
38166
38598
38227
37876
37052
37420
37064
38580
38280
38557
38489
37166
37293
38632
37411
38423
38126
37218
37611
38246
38020
37851
38655
37834
37096
38778
38741
37814
38041
38764
37728
37392
37554
37473
38747
37211
37292
37110
37074
38780
38566
37897
38773
37580
37116
37790
38534
36960
38537
37299
37937
38589
38536
38682
38707
37376
37428
37114
37047
38440
38290
38120
38480
37450
38239
38855
38754
37069
37165
37263
37885
38736
37341
37014
37396
37732
37351
37687
37292
37702
37515
37797
37772
38043
37407
38560
38349
37198
38202
38488
38046
38312
37276
38756
37649
37750
37308
37155
37333
37117
38161
37299
38039
37242
37231
37697
38532
37356
37294
38520
37133
38180
38899
38640
37262
37124
38736
37677
38427
37333
38044
38416
38243
37851
38630
38670
38602
38703
37156
37877
37165
37527
38449
38410
37090
38075
38013
38670
37278
37315
37077
37353
37291
37194
37247
38675
37656
37522
38530
37084
38234
38408
38584
37564
38213
38569
37096
37036
38637
37612
38723
37135
37210
38446
37681
36972
38194
37535
38472
37230
37210
38204
38574
38178
38123
38625
37204
37841
38514
37366
38620
38562
38390
38205
38596
38255
37873
37950
37357
37476
37296
37496
38753
37254
38576
37349
37514
37392
38676
37036
37192
38726
37960
37692
38343
38526
37880
37533
38334
37755
38502
37276
37984
37170
37636
38032
38707
37211
37201
38736
37721
37244
37417
38177
38795
37440
37523
38109
38545
38362
38087
37543
38322
37299
37231
37411
37332
37429
37220
38561
37393
37115
37589
38244
37262
37773
38097
37063
38283
38362
38797
37083
37682
37364
38627
38652
37603
37330
38481
38865
38369
37039
37135
37233
37130
37161
37087
37207
37187
38400
37343
37419
37553
38232
37930
38574
38052
38453
38458
37687
37817
38655
38627
37121
38087
38374
38806
37473
37286
37275
38398
37359
37975
37252
38145
37396
38688
37034
38071
37493
37758
38386
37177
37605
38436
38025
38767
38194
37404
38763
38098
37242
37457
37872
37709
37156
37843
37301
38677
37535
37365
37897
37728
37660
38149
38362
38118
38631
38783
37525
38660
37249
37358
37305
37194
37191
37292
38576
37501
38470
38367
37422
37107
38670
37675
37621
37275
37970
38628
37878
38488
38534
37449
38064
38741
37289
37039
37510
38392
38738
38279
38558
37241
37426
37504
37281
37234
38497
37572
37173
37885
37888
38260
37589
37886
37654
37694
38288
37620
37282
37377
37815
38709
38650
37457
38393
37164
37922
37611
37799
37614
37368
38934
37150
37910
38635
37465
38019
38342
37142
37907
38248
37489
38695
37819
37299
37041
38112
38577
38082
37527
38597
37228
37234
38420
37100
38857
38691
38554
37314
38015
38620
38774
37138
38094
38553
37257
37786
38562
37900
38527
38089
37094
37200
38219
37047
38526
37199
37253
37313
38707
38801
38157
38290
37218
37601
38528
37065
37165
38704
37806
37226
37367
37307
37128
38047
38607
37307
37123
38120
38791
38726
38190
38226
37304
37913
37231
37250
37629
38607
37442
37806
37526
38054
37153
37357
38363
37689
37414
37418
38219
38537
38063
37430
37799
38285
37445
37824
37208
37263
37174
38512
37145
37121
37036
37250
37584
37168
38551
37319
37518
38703
37091
37142
38460
38516
37058
37968
37810
37607
37229
37876
37783
38240
37095
37975
38704
38438
37254
38187
38478
38571
38532
37699
37998
38377
38029
38119
37250
37750
38705
38018
37205
38522
37099
37725
37573
38584
37250
37206
37590
38718
37389
37439
37425
37158
38619
37221
38226
37895
37143
38353
37653
37998
38624
38121
38587
37911
38100
37768
38515
37442
37303
38315
38169
37071
37222
37242
37421
37439
37578
38659
37982
37098
37157
37167
37331
37448
38624
37969
38053
37156
37044
38285
37225
37049
37139
38710
38083
37615
37622
37062
38415
38229
38249
38575
38244
38729
38692
38213
37749
37836
37217
37143
38253
37553
37141
38082
38733
38816
38856
37887
37799
37150
38649
38650
37426
38400
37094
37571
37989
37759
37758
37363
37146
37939
37128
37324
38016
37194
38507
37266
38566
37533
37213
38184
37263
37086
37535
38029
37313
37209
37009
38281
38622
37919
37147
37330
38453
37947
37163
38356
37477
37662
38645
37299
37996
38529
38680
37916
38835
37062
37147
38372
38286
38427
37540
38142
38744
37585
37517
37908
37430
38526
36941
37214
37112
38660
38723
37746
37572
37829
36990
37960
38748
38537
38531
37299
38499
38361
38102
38339
37111
37727
38531
37118
37692
37199
38324
38507
37648
37220
38805
37813
37138
37330
37170
37373
37177
37555
38507
38534
37245
37206
37423
38821
38127
38561
37197
38185
37073
38304
37377
37588
38687
37375
37833
37787
38493
37205
37124
38644
38348
38527
37111
37457
38332
37583
37726
37098
37882
37580
38082
37190
37990
38802
37946
37723
37869
38196
38462
37545
37109
38380
37642
38427
38646
37807
37269
37913
37878
37140
37968
37730
37875
37286
37365
37362
38572
37154
38157
37516
38396
38322
37390
37611
37337
38843
37395
38272
37393
37582
37293
37716
38578
37172
37226
37158
38381
37316
37145
37792
38619
38488
37710
37922
37200
38471
38100
37559
38793
38623
37770
38196
37440
38032
37324
38726
38301
37505
38626
38747
37149
38022
37163
37293
38583
37535
37749
37301
37625
37572
37445
38472
38331
38606
37372
38328
38268
38319
38748
38433
38043
38659
37356
37369
38594
37138
37320
38313
38590
37593
37768
38394
38152
37500
38615
38645
38483
37146
37146
38040
37921
38492
38358
37015
37117
38204
38688
37762
38411
38660
37286
38600
38609
37273
38595
37120
38030
37312
37548
37025
38486
37181
37713
38789
37252
37275
38608
37181
37251
37591
37516
38575
38570
38232
37776
38662
38362
38513
37948
38027
37190
38219
38366
38167
37357
37875
38005
37397
37057
37224
38372
37998
38657
38615
37988
38412
38815
38484
37278
37104
38611
37179
37233
37917
38121
37590
37623
38645
38561
37764
38140
38570
38401
38476
37233
37714
38221
37648
37288
38791
38359
37215
38302
37127
38289
37980
37038
37440
37258
38622
37749
37344
37131
37346
37240
38707
38142
38277
37014
38140
37335
37658
37689
38821
38586
38038
37602
38390
38579
38543
37146
37522
37570
37716
37131
37187
37001
37505
38321
38562
37142
38606
37124
37638
37194
37388
38018
37452
37140
37139
38325
37629
38526
37286
37599
37796
37467
37525
38631
37139
37505
38706
37557
37350
37241
38725
37504
38284
38264
38869
38396
37261
37925
38533
38099
37221
37306
37310
37169
37349
37146
37620
38222
37515
37354
37227
38591
37408
37240
37712
37276
38432
38251
37243
37260
37672
37500
37258
37466
38324
38619
37881
38494
37323
38486
37325
38372
37429
38648
37319
37021
38569
37896
37430
38236
37646
37988
37148
37635
37114
38333
38699
37246
37210
38622
37253
37928
38496
38590
38525
38429
37601
38487
38659
38777
38397
38831
38530
38224
38683
38475
37622
38608
37989
37113
38215
37933
38645
38801
37541
37360
37269
37851
37072
37123
38200
37460
38744
37818
37233
38147
37516
37592
37629
37934
37343
38393
38038
37260
37404
38840
37166
38538
37077
37297
37769
38738
37457
38348
38181
37591
38772
38330
38454
38519
37209
38186
37179
38779
38570
38694
38708
37783
37536
38564
37618
38336
37555
37223
38260
38543
38099
38518
38745
37098
37432
37418
37884
38716
37585
37314
37659
37339
37244
37975
37918
38383
37245
37139
38612
38375
38422
37334
37152
38193
37783
38614
38364
38661
38663
37148
37262
37409
37739
38480
37296
38591
37387
38320
37264
38721
37575
37974
37567
38628
37420
38737
37224
37585
37372
37258
38594
37548
37222
37286
37787
37910
37609
37412
37182
37278
37684
37844
38385
38208
38091
37692
38709
37140
38622
37298
38696
37320
37999
38728
38515
37342
38224
37580
37657
37406
37898
37066
38407
38199
38064
38162
37253
37121
38396
38268
38568
38066
38543
37582
37611
38068
38639
38363
38341
37573
37954
37744
38113
37602
38774
37255
38567
37179
37758
38821
38306
37257
38034
38513
38244
37088
37875
37361
38639
37224
38230
38604
37143
37164
37029
37848
37196
38435
38326
37782
38422
37284
38071
38177
37574
37866
38573
37481
38062
38216
37456
37190
37832
37113
38616
37529
38807
37733
38482
37990
38469
37112
37149
37221
38735
38566
37978
38382
38157
38637
38573
38781
38669
38521
37913
38525
38348
38600
37695
37076
37212
37687
38093
37825
37385
38253
37110
37877
37844
38276
37378
38477
37239
37485
37129
38120
37930
37400
37245
38539
38628
37604
38758
37123
38184
37801
38650
38493
37767
38526
37303
37146
37187
37156
38702
37248
37381
37105
37485
37728
38725
38610
37455
38515
38453
38510
37866
38695
38614
38451
37650
37627
37070
37872
37359
38289
38578
37085
37277
37512
37588
37189
37997
38596
37465
37338
38149
37752
37471
38645
37179
37597
38033
38635
38487
38541
38609
38389
37654
37479
37735
37062
37601
38609
37182
37040
38504
38499
37281
38255
37741
37406
37915
37135
38079
38207
37822
38482
38733
37267
37503
37858
37678
38063
38730
37359
38084
37345
37463
38394
37694
37838
38644
37790
38697
38648
38123
38759
38043
38537
37273
37848
38433
38011
37757
37853
37787
37678
37599
37146
37399
38652
37703
38481
38528
37226
38539
38459
37760
37879
38378
38712
38240
37181
37263
38572
38770
37170
38277
37346
37226
37769
38763
37970
38696
37321
37194
38173
38030
37258
38285
37155
38043
38676
37469
37249
37133
37166
37689
37164
37388
37906
38651
38184
38468
37283
37768
37301
37561
38092
37314
38715
37856
37498
37403
37585
37741
37193
38618
38671
37020
38539
38115
37181
37575
38667
37920
37788
38410
38200
38426
38433
38098
38055
38563
38451
37404
37478
37094
37946
37176
38499
37106
38715
38854
37792
37107
38176
38422
38239
38619
37291
38224
37185
37712
38468
38209
38656
38669
37583
38043
37783
38687
37646
37065
37757
37128
37246
38679
38118
37313
37780
37564
38000
37304
37648
37184
37429
37551
37683
38711
37879
37959
37030
38526
37954
38565
37051
37303
38263
38650
38331
38460
38555
38426
37262
38419
38252
38460
37864
38524
38347
38508
38695
37806
37143
37208
38463
37113
37905
37451
38671
38239
37658
38647
37931
37283
37254
37759
37027
37200
37142
38686
37545
37474
36997
38680
38154
38001
38003
37561
37449
37832
38553
38537
38083
37196
38514
37987
38326
37891
38511
37408
38035
38099
38724
38466
37696
37608
38158
37192
38105
37190
37715
37248
38049
37699
37244
37478
37293
38669
38265
37158
38632
37408
38095
37858
38165
38368
37394
37531
38898
37796
38515
38231
37728
38832
38652
38514
37278
38135
38545
38138
38210
38122
37830
37104
37578
37241
37236
37113
38596
37374
37145
37225
38002
37391
38590
38747
38599
38734
38240
37421
37084
37927
38236
38699
38800
37276
37130
37741
38349
37498
37810
38692
38194
37398
37076
37627
38445
38492
38789
36973
38639
38286
37205
37880
37929
38591
37165
37487
37112
38648
38628
37151
38141
37213
38338
37362
37729
37530
37159
38484
38516
38110
38617
37346
37324
38062
37154
37538
37718
37057
37173
37659
38711
37649
37052
38430
37310
37401
37818
37331
37442
38047
37773
37122
38757
37179
37153
37565
38569
37957
38952
37720
37754
38686
37236
38528
37906
38424
38719
38792
38007
37723
37488
37556
38654
38250
37202
37343
38740
38604
38572
37712
37416
38652
37375
37296
37949
37833
37300
37483
37391
37291
37867
37246
37601
38604
37462
37385
37695
38449
37868
37828
37276
38132
37566
37754
36994
37173
38825
37835
38476
38490
37477
37046
38341
37139
37099
38615
37101
37568
38538
38409
37212
37174
37774
38486
37388
38493
37954
38664
37375
38393
37554
38480
38647
37404
37434
38613
37577
37421
37980
37138
38103
37371
37221
37063
38218
38540
37954
38530
38555
38254
37623
37215
38246
38093
37277
38582
37011
37247
38573
38226
37194
37218
38555
37606
38699
38522
37035
37285
37002
38617
37232
38116
37243
37565
37975
38601
38841
37203
38174
37113
37016
38493
38381
37999
37534
38096
38294
37865
37887
37645
37985
38152
38759
37344
37731
37439
37511
37788
37068
37485
38568
37182
38342
38760
37366
37197
37165
37299
38285
37290
38216
38726
37227
38519
38469
37154
38520
37329
37603
37153
37272
38516
38651
38402
37262
38413
37336
38000
37378
38288
37237
37393
38317
38392
37905
37312
37755
37289
37983
38193
38557
37432
37323
37448
37811
37475
38389
38370
37446
38630
38495
37130
38633
37074
38362
37281
38610
37970
38055
38328
37214
38589
38692
37517
37098
37974
38316
38028
37518
38324
37102
37277
38181
38450
38430
38392
38490
37972
38647
37111
38104
37882
37911
38109
38580
38933
38070
38044
37539
38038
38833
37693
38658
37208
38587
38155
38553
37211
38688
38451
38457
37979
38553
38460
37254
38649
38565
37511
38788
37467
38372
37289
37354
37305
37248
37103
38000
38148
37979
38856
38224
38318
37013
37464
37870
38130
38066
37413
38501
38603
38614
37187
37817
38157
38275
37398
37082
38710
37032
37245
37224
38716
37171
37630
38780
38354
38205
37161
37271
37520
37292
37347
38741
37221
37213
38593
38496
37759
38704
37419
37661
37801
38156
38425
37345
38154
37418
37815
38614
37324
37041
37604
37912
38689
37219
38780
37411
37835
37152
37891
37122
38411
38017
38774
37764
37356
38075
37277
38653
38434
38044
37404
38166
37845
38687
37136
37764
37263
38465
38553
37442
37638
38346
38586
37740
38294
38656
38702
37929
38456
38429
36934
37701
38841
38594
37107
38518
37282
38317
37237
37985
37167
37654
38372
37077
37717
37169
37240
37451
38091
37922
37315
38532
38081
38348
38636
38684
37279
37717
37430
38551
38171
38482
38431
36972
38780
37379
38383
38545
38508
37197
37516
37211
37104
37136
37228
37987
37659
37488
37097
37350
36972
37725
38226
37653
37110
38628
37230
38711
38002
37148
37129
37221
38576
38711
37411
38707
37342
37436
38250
38394
38648
38352
38343
38335
38159
37185
37107
37912
38051
38621
37174
37174
37547
38257
38581
37858
37260
37902
38544
37282
37383
38678
37730
37395
38609
38357
38619
37518
37882
38569
38512
38416
37090
37484
38674
37306
37238
37847
38630
37436
38149
38231
38742
38281
37917
38191
38584
38281
38445
38635
38278
37378
37765
38198
38014
37915
38008
38400
38623
37824
37269
37134
37194
37485
37256
38072
37536
37170
37106
37051
38550
38563
38493
37940
38608
37142
37880
37102
38585
38637
38335
37577
37445
37174
37121
37119
37809
37301
37351
37233
38525
37223
37276
38003
37225
38455
38521
38511
38170
37254
38484
37603
37381
37746
37344
37670
37301
38845
37607
37527
37953
37935
38077
37192
37694
38493
38513
37711
37600
38177
37654
38547
38479
38694
38606
37158
37605
38586
37071
37787
37758
37213
37698
38734
37792
37429
37812
38730
37140
38677
38598
38666
37301
37498
38262
37985
38125
38423
37786
37152
37499
38666
37188
38080
37837
37297
38673
37205
37232
38175
37769
38207
37169
37240
38188
38735
38531
37346
38521
38071
38264
37612
38348
37122
37256
38323
38561
37228
38110
38088
37869
37170
38503
38163
37401
37758
36973
37727
37209
37914
38110
38245
37145
37833
38296
37289
38526
38811
37485
37222
37185
38013
38626
38168
37364
38588
38596
37863
37207
37595
37893
37160
37759
37570
37486
38522
37321
38730
37485
38501
38608
38341
38556
37285
37621
37794
37747
37613
37202
37599
37693
37579
37590
37919
37698
38198
37662
38796
38481
37221
37229
37040
37218
37608
38559
37221
37317
38339
37711
38040
38738
38252
37659
38708
37072
38406
37859
38687
37510
37880
38723
38219
37391
37520
37028
38515
38547
38636
37219
37047
37796
37543
38436
38654
38380
37274
37347
38193
37761
38618
37368
38087
37046
38585
38485
38147
37823
37061
37473
37153
37729
37247
38512
38287
37881
38459
37375
37287
37180
38688
37235
37219
37532
38719
38127
37819
37787
37344
37282
38256
38499
38595
37285
37544
37398
37183
38408
37608
37431
37320
37417
37147
38848
38589
37064
37639
37664
38567
37218
37438
37366
38077
37546
37610
37183
37493
37826
37864
37758
37406
38555
37224
37298
37479
37074
38076
38337
37259
37741
37208
38105
38678
38252
37892
37290
37911
38005
37201
38421
37605
38525
38143
37544
37675
37250
37262
37651
38649
37601
37059
37586
38343
37563
37093
38635
38402
38015
37258
37531
38643
37230
37323
38172
38073
38409
37655
37768
38522
37709
37205
38133
37703
37277
38394
37793
38014
38565
37936
37193
38089
37583
38213
37157
37894
38569
38131
38158
38638
37460
37735
37157
38422
37318
38695
38524
37942
38443
37356
37547
37567
37382
37094
38807
37192
38390
37302
38141
37638
37957
37474
37652
38115
37212
36902
38413
37768
38317
37521
38670
37071
37186
38515
38605
37658
38690
38621
37195
37894
38829
38282
37155
38669
37368
38724
37335
38250
37697
37584
38536
37361
37551
38746
38705
38817
38030
37375
37489
38756
37881
38486
37293
37345
38090
37282
37997
37225
37510
37525
38417
37155
37527
37838
37371
38361
38043
37314
37703
37895
37281
38265
37276
38698
37393
38538
37437
38667
37281
37145
38170
37971
38678
38473
38568
37452
38402
37842
37502
38037
37136
38711
38835
37191
37359
37103
37276
37147
37265
38075
36873
38762
37202
37696
38203
38240
38364
38616
37940
37202
38564
37557
37485
38244
37406
37649
37102
37768
37169
38832
37817
37142
38758
38459
38353
38165
38568
37780
37052
38094
38058
37761
37526
37659
37922
37596
37182
37997
37340
38398
38602
37214
38720
37695
37728
37373
37012
38432
37950
37808
37871
37259
37219
37266
37474
37228
37514
37795
38660
38393
37485
37461
37380
38444
37390
37193
37909
38388
38341
37108
38619
37518
38154
37266
37534
37165
38492
38148
37222
38057
37365
37086
38234
38727
37140
38271
37138
37514
38799
38644
38644
38714
38704
38566
38210
38526
38219
38847
37124
37685
38611
38598
37267
37314
37431
38379
38422
37611
38624
37332
38378
38082
37652
38234
37025
37078
37341
37229
37393
36988
37598
38678
38486
38351
37235
37365
38226
37599
37859
38395
38116
38416
38614
38588
38472
37172
38715
37701
38626
37084
37850
38404
37362
37082
37840
38540
38404
37521
37335
38711
38627
37487
37209
37636
37211
37969
38124
38340
37704
38766
38390
38602
38319
38227
37710
37735
37512
38664
37269
37127
38659
37221
38524
37435
38456
37084
38670
38300
38231
38184
37159
38211
37416
37863
37176
38100
37173
37548
38121
37439
37358
38609
37166
38691
37430
38252
38022
37280
37994
38084
37388
38022
38453
37915
38716
37197
37250
37563
38368
38491
38671
37287
37773
36965
38593
38626
37305
38615
38067
38868
38720
37407
37125
38559
37289
37151
37314
37279
36960
37336
37329
38035
37938
38506
37745
37195
37789
37841
38504
37743
38558
37759
37985
38716
38652
37604
38538
37179
37157
37114
37093
37594
37271
37312
38243
38095
37642
37554
38875
37311
37434
38270
38230
37337
38521
37980
38658
38032
37598
38122
38436
38402
37026
38388
38167
37348
37956
38577
37757
37553
37468
37991
37126
38649
38321
37867
37703
38222
37442
37463
37286
37288
38657
37643
37866
37178
37990
38712
38390
36981
38540
36962
37558
37485
37697
37597
37277
37132
38117
37366
37887
37209
38280
38736
38690
38405
37754
38266
37208
38311
38526
38331
38099
38581
37137
37152
37221
38371
38777
37989
38560
37381
38209
38399
38846
38002
38664
37503
37054
37213
37423
37315
37788
38631
37863
37135
37562
37191
37140
37805
37646
38683
38752
37934
37088
38533
38676
37452
37900
38588
37498
37063
37773
38245
37785
37847
38808
37829
37796
37637
37444
37286
37506
37065
37110
37900
37391
38448
38504
38713
37731
38451
37859
38631
38539
38561
37819
37794
37883
38201
37352
37401
38702
38620
38979
38764
37587
38884
38787
38259
37419
38752
37131
37478
38183
37215
38432
38607
37541
37088
37422
38549
38421
37257
37481
38604
38127
37621
38701
37193
37654
37706
38711
37850
37504
37775
38608
37742
38397
37169
37314
37699
37202
37837
37432
38045
38376
38738
38226
37130
37125
37052
38661
37376
38497
38467
38262
38593
38142
37959
37329
37935
38534
37971
38614
38594
37542
37318
37077
37342
38546
37150
37339
38465
38745
37728
37255
38528
38744
37163
37722
37494
38016
37171
37452
38925
38399
38624
37531
38136
37221
38607
37531
37979
38221
38416
38221
37391
38406
38622
38678
37112
37050
37260
37817
37758
38671
37459
37770
37181
37391
38385
37786
37164
38118
38830
37940
37250
37401
38010
37679
37608
37374
37392
37301
37290
37310
37689
37275
38110
37257
38616
37793
38235
38275
38637
37679
38531
38356
38209
37715
38147
37451
37392
38016
37310
37432
37757
37819
38513
37356
37391
37726
37865
38687
38513
37353
37507
38019
37087
37356
37416
37341
37294
37492
37027
38104
37580
37331
38863
38787
37723
37191
37240
38530
37379
37679
32396
32396
32396
32396
32396
32396
32396
32396
32396
32396
32396
32396
32396
32396
32396
32396
32396
32396
32396
32396
32396
32396
32396
32396
32396
