9948
33440
36078
35534
28845
34141
36490
29559
28581
28194
35006
31553
28883
35565
36044
34374
31703
28030
35725
34397
30496
29300
30984
36385
36576
28287
29167
35603
32078
35033
36597
36761
28487
35437
32827
35745
30242
36799
36348
30204
30951
33404
29161
29904
29441
30135
28065
34128
30071
29402
28185
36872
31443
28761
29520
32201
29246
29308
36301
30946
36147
28914
28090
32480
35800
29773
36278
29121
29155
28157
34805
34210
34051
37002
29437
30557
35703
34444
34814
35248
33470
36587
31259
28948
32613
31366
30868
30694
36723
34758
33103
35521
36805
33779
33668
31347
34253
36334
28348
29921
33381
36369
28074
30573
28772
34164
30290
28143
34597
32526
35666
30460
35661
36570
34454
34147
29295
28831
33918
29528
32069
28592
36433
35664
36690
35649
28959
35833
35931
29799
29796
28341
29399
30920
28146
33071
33968
31572
33839
28342
36195
35047
36346
28137
31050
30545
28505
34820
30732
28635
28029
35038
30312
28670
28204
29754
36789
28647
35381
30077
36427
30010
30314
35979
36654
34233
32713
35067
28118
35192
31481
28524
29121
29124
35863
29924
35387
33355
29901
36276
28284
36894
36860
36397
36373
36815
35702
36828
35527
36600
29035
34982
29442
36647
33618
36601
28222
36833
31320
36787
33781
31398
28724
37047
34569
34437
34902
36769
29007
30236
36549
28242
35948
36605
34304
36844
36764
37042
35079
28255
36856
36471
36783
29487
33504
35439
31087
33454
28365
34487
31184
31967
29895
36485
29466
33336
28262
35316
29899
36810
32622
34109
37098
35279
34188
36352
31263
34352
36285
31377
31014
32412
28213
34937
35557
32149
35043
36433
29069
31728
31420
30428
29890
34637
36576
36859
29197
29017
33380
29362
34302
32909
30830
34860
36913
36161
33792
29483
30204
31472
35083
35452
36502
36016
28166
36779
34774
31802
31258
31987
28926
30411
29876
28304
35510
34256
31944
35997
28534
35925
32223
30570
29179
36984
35811
33201
35788
28288
28643
33563
32441
36874
29112
28995
33431
31239
32751
36415
36787
33752
33238
28151
34076
28511
31790
31624
28902
36772
35069
36531
28358
28805
36704
33491
28194
31849
31337
34465
28932
28130
28464
31939
36434
29667
36652
31382
30540
33404
28917
28862
33843
29783
29277
28258
34533
28120
34090
29113
28398
36756
35727
35833
35973
36575
36283
37001
33344
36568
35958
32978
30762
36785
36005
34585
36891
29364
35923
36837
36867
31576
30976
28326
34739
36190
30228
35669
30512
28945
34424
28371
33586
34221
35335
32779
36549
30297
35773
33509
35939
30168
35534
31087
28114
29103
36796
28366
32721
29433
36471
35958
28794
34793
28331
31697
29257
33778
36607
28242
29567
34250
36133
32792
31984
35919
36155
36256
36651
31696
36197
29080
36560
30551
36070
32298
28709
35872
30497
28481
34954
32543
31162
35267
33548
36340
34130
31389
28144
36884
28819
33422
29270
28476
30744
33577
36771
29173
36869
35451
35462
36845
28167
34792
31411
28857
35509
34367
29661
35756
28293
29399
32383
31200
33091
34342
36059
30697
29038
33394
31567
33716
32416
33877
34576
32663
36845
29137
35475
31697
29719
35427
30162
28222
34449
36516
35987
33866
31627
28642
32298
35486
36395
31098
36866
35540
34590
28566
36880
36908
34198
30365
30991
30305
34862
28818
36483
30427
35999
28065
30187
29961
36202
31587
35071
29757
28159
33442
32982
31607
29597
30302
36010
31294
35581
35700
33597
36620
28105
28691
36849
36244
32474
34083
28803
37000
35749
36632
29733
28783
31185
31972
35715
29119
28086
31731
28784
36433
34093
35445
28866
33967
31603
31884
37057
28185
29232
36515
30280
35400
35379
36712
28347
31574
28305
36319
33565
36809
35810
34462
31303
34956
29036
29318
30004
32996
34069
28459
36197
34206
30531
31616
27994
35111
31248
33635
29772
32077
32798
28241
28270
29522
34644
35126
36824
30027
34955
36132
31583
34220
36423
36189
28828
34109
36431
33489
35656
28315
28272
33822
30987
35765
35868
36282
35294
30262
32881
36637
28701
33264
32041
28115
34240
34392
31181
35424
30820
36916
28096
29711
29073
34813
36734
35487
35106
28058
36350
35671
28905
31038
31486
33759
34462
28827
30288
29020
32634
32527
35773
30371
36014
29776
33480
35921
37045
33520
34890
34450
33341
33470
31877
34192
28066
28642
29532
36980
32025
35267
36690
30207
34989
34731
33704
35615
35281
28667
36096
35859
35015
33734
33423
32296
28827
31489
35967
34722
28152
36755
35473
31348
32550
31305
31930
35997
32109
36301
35872
36013
35037
36323
34506
30732
31038
35654
28829
30977
32371
31555
35846
28973
30309
36654
35711
36527
35365
33293
35920
34500
28711
32195
33786
32272
34842
36883
36102
33806
28588
32046
36874
32169
28744
28344
36792
29501
28480
36414
31573
30232
31516
36961
28331
35815
28229
28503
35410
35716
35090
34816
32966
35147
28807
36558
28981
32588
34437
35244
34191
36739
32799
35677
34697
33867
28926
33911
31753
36635
35698
36337
32777
31378
31794
29350
31303
28143
36183
30961
29888
33651
29972
31270
29684
30845
33361
30867
30580
28032
35492
28934
33334
29946
33788
34980
28163
31888
30982
32260
28166
36085
31506
35071
36611
29743
34750
35788
35711
30714
36783
35693
33264
32199
29561
36019
34820
30758
33796
29398
34646
35825
35172
36550
32829
35747
36722
36763
37116
36493
31500
29736
35868
36722
35826
35034
29233
30150
31957
34648
34502
35321
28587
32539
35108
28323
29444
28839
29327
36453
29270
33911
28948
30002
34609
34906
30969
36328
36798
29606
28483
36610
28017
29712
34192
28192
36586
36786
28720
28974
29644
32179
36710
29003
33652
32475
34620
34807
34658
32784
34750
36763
36263
33158
30714
28198
32343
33624
35750
36666
32668
36123
36473
30038
29467
32348
36652
31162
36924
28623
33828
34573
33233
31824
35879
28154
35322
30970
29344
33144
29545
35753
36638
31939
30213
33607
29936
35325
28137
36119
29308
28300
36870
32079
28805
30330
36471
36664
34746
34167
29037
32363
28146
31776
28250
31938
35193
31150
36897
30470
32789
28302
36912
36972
34214
36444
36848
34791
28280
32685
31064
36411
35631
36829
29201
28323
35962
36212
36128
35364
34475
36085
34167
34908
28224
34284
36484
32141
29518
34359
35048
36833
36075
35919
35263
29587
36976
28304
36855
28885
35829
36198
36778
36699
35048
34262
28461
31074
28096
30271
30673
32659
30689
34699
36882
32179
32265
29410
33426
28317
31764
36272
35384
36346
30045
30834
28148
35020
31455
34767
34893
32357
28161
36371
28121
32864
34840
36066
31468
29913
29451
35590
36711
28142
30265
36525
30112
34678
36832
36528
31442
31864
28141
31332
35692
33645
32697
36281
30426
28433
36680
28216
33000
35298
35700
35136
34403
30253
34843
28324
29135
30674
32081
34053
33518
28339
32391
36806
29255
30241
29797
29535
28125
34614
36626
34936
34793
36987
36427
28385
30838
32552
32269
36276
32571
34428
28227
35038
32047
32882
34938
34414
31884
30380
36581
30052
28016
31234
28457
35875
36793
28789
35846
29689
32691
29571
36327
28198
28158
29847
36670
33269
29070
34249
31994
37020
36683
32465
28159
28253
31433
36162
28366
33918
29433
28375
36702
35673
28225
36835
33057
33305
32464
36422
36554
32676
29891
29269
33146
30625
35409
36629
32085
34161
30147
28218
36696
36281
30719
32805
36845
35301
34866
28284
28835
36851
29499
35559
33014
36641
34107
29617
36317
29536
35066
35500
36025
31739
29682
35445
34540
32560
36047
29226
32555
32300
31411
32191
29766
28046
28114
36117
30962
32906
35432
36638
29515
28679
35283
36708
34218
32230
28904
31763
36051
28955
31752
36631
29520
32646
32766
33724
36840
30761
33479
36465
35444
34567
34102
35456
30734
32887
28100
28034
36876
35581
30140
30283
31960
35235
35529
35964
34801
36741
36314
28155
33384
29129
32845
34402
28511
29748
29195
34997
34645
36670
28446
36836
35978
36628
36555
36867
31858
36849
31386
36012
28161
30183
36421
28426
28362
36729
36038
35883
28887
34739
29303
34450
37047
32753
34772
29491
29982
35581
32089
35157
29442
36957
35558
35752
33054
28092
28235
29198
34826
33733
28811
36219
29196
28395
36709
28190
32932
35959
32994
29305
36793
32251
36034
33309
28249
30943
31143
34258
36705
28762
28524
28410
35797
36305
33800
29274
28275
29354
29901
30718
36641
29057
34461
28323
31024
31558
36777
32628
34219
36169
32639
34138
35095
36273
36654
29842
36952
33656
36988
33363
31004
34421
34254
29643
31609
36400
36329
36220
34607
36503
28694
35245
35905
35308
33176
28393
36664
36667
36693
33341
29110
32101
33797
28372
34628
28148
30034
30341
30215
36398
31620
32500
36093
35797
34476
36763
29162
28211
29128
30394
35119
28507
36732
28700
29102
30757
35231
36898
33401
30538
28647
32669
36746
29185
36785
29329
32548
36311
31250
36389
30295
30981
34572
35803
31415
30509
33265
36027
36434
29414
29564
30177
36715
28560
34915
28544
32249
28322
30801
31253
33062
34592
36668
31281
35852
34755
33723
34641
36813
33366
32955
31979
36600
31358
33010
35049
30321
29144
31737
32498
28784
30140
37074
29988
36814
31804
36555
36552
32190
29212
30466
28913
33732
30352
31951
30958
36742
31043
36617
36311
29514
29808
35520
28161
37000
34523
32483
28371
29652
30915
30208
34602
36595
36398
28102
28542
29994
36700
36872
36301
32351
33044
28321
33074
35924
32642
37027
32368
36312
30203
31157
35055
29051
33338
36139
35028
28260
36610
35727
36417
30557
34392
28255
29743
36581
28689
36157
35872
32099
32320
28556
28555
31280
33890
28219
34295
30092
29202
35506
34029
35608
32895
35231
35896
27964
35359
32373
28769
31214
33751
28648
28163
33838
28453
29776
36618
31709
36737
28536
29993
36850
36873
34836
36542
28561
35696
33296
35347
29402
29693
36563
31033
29059
35699
28197
36631
35504
36834
33476
35761
29726
30528
33551
36670
34939
28115
30520
28568
31736
29918
36560
36819
34585
36318
35297
29529
36278
36625
28862
32248
36809
36894
29153
35889
36199
36650
31558
28210
28134
28462
33480
33650
28580
31307
36882
36381
32490
36367
35847
28809
28795
36186
28223
32110
28164
31158
36144
32527
32033
36846
30799
30091
35274
36872
36317
34367
36143
35182
28672
32309
36401
33647
31514
28242
28761
30580
36732
29975
31637
30560
35823
36400
30230
34426
34698
36633
35612
28219
28515
34255
28597
33389
34367
31494
31644
31235
36539
28231
36804
28696
36486
32602
31701
30351
33211
36161
35668
32400
29085
36931
29553
35932
29381
30908
35745
31538
28509
31118
32251
36809
28228
31208
33805
36096
28623
36265
30944
31527
28118
29157
31786
29612
29147
33455
35966
30327
30958
35497
28193
28673
36218
35558
33432
28549
28214
34149
29444
32493
36658
35841
30069
30914
31329
34953
36397
36719
34946
32936
31961
28487
35883
36119
29070
32824
36430
29260
35386
36551
34095
28181
27995
29424
35866
28295
28402
28206
36459
32290
30817
32144
34947
29945
33035
36183
30898
28896
34022
32780
30329
35620
27990
29049
29092
33220
29333
36579
30180
28244
30719
34034
33816
35846
28437
34862
30970
32492
28322
32905
28311
28062
34875
29566
37101
36223
33673
29764
29463
29606
28763
29405
34828
35959
29047
33761
30694
35787
28249
28130
36648
29370
28687
35991
36075
33945
33568
35447
28464
35309
36814
28095
36727
33730
33624
36652
29631
34523
36658
36399
31673
36809
31541
28871
36510
36787
28222
30001
29729
31052
37049
29975
28637
35237
29207
30614
30452
30944
29739
30429
31099
30447
36692
36960
28096
29586
36127
35648
31960
28424
33768
37067
36224
37014
34300
36663
33331
29395
30962
35354
30005
32831
34728
35062
28757
29810
28352
33293
29358
33533
35902
34408
33649
31055
36979
32483
30031
36938
30600
33890
35417
31911
30779
33742
34470
28228
28010
37030
35233
36551
36816
36926
36850
28845
32067
29848
34396
36902
35209
32373
32499
30950
28628
31210
31300
35995
33146
30110
35101
30430
34018
28487
28300
28067
28523
33978
29640
36107
28532
31924
30609
28549
31074
31538
32735
30212
32826
36603
32787
31404
36381
29857
28284
36207
35968
28167
34844
29017
30219
32091
31722
35308
36659
36380
29487
36984
31648
33580
33431
34618
29123
34614
30166
35313
30999
34657
32688
31289
36138
28740
30752
36829
32344
35879
28097
30006
29747
28918
32865
34796
28394
36878
29142
36688
29250
28170
32751
34264
32288
35374
29098
36552
33785
28447
32359
29489
28259
28475
32888
30757
36205
35400
28866
35921
35803
34876
30231
36748
34895
28151
29444
28707
35453
28471
36713
34019
35625
32699
31110
32390
29834
33179
36561
36837
36139
36444
29808
35448
35891
36898
37058
35422
28692
37023
29197
34358
32285
28278
36806
31593
28130
35744
30491
31385
36351
34808
28792
29743
33833
35881
29446
36099
28454
34197
36048
33757
36754
36784
36529
29778
29312
28174
29990
32856
33953
36530
35692
30717
35107
29235
35430
36994
36310
31800
36763
35837
31879
28319
36672
34747
28132
35779
31612
35613
28305
35435
33167
28729
28624
31685
30433
33340
36806
36367
31648
28391
36579
30026
33340
36586
34649
31534
29747
36274
36333
35877
28220
34189
31156
37003
37038
36538
34035
33217
30527
29288
34031
28199
32689
31928
34934
30457
36278
31078
30420
36892
36165
31497
36281
36081
36044
33158
36737
28137
36437
30725
36496
30577
31149
29741
36757
30480
32687
29600
30638
31422
28495
34762
28350
28094
28620
35248
32630
28486
28210
29627
35165
36762
28640
33213
28042
36623
33735
28584
36782
36175
32047
36296
31823
36635
33241
31734
35899
28331
31383
30467
37056
28379
35253
32321
35774
36005
31820
32886
30418
29128
28152
36255
30067
30426
28923
32442
33423
28122
32835
28043
30777
30852
35317
36631
34696
28940
28350
36609
33201
31419
34591
30117
36062
30675
31575
30513
35295
34744
33050
28036
28549
33489
29376
36010
30453
31053
34228
28637
35447
34598
31007
36733
28925
34637
30136
31231
29330
36339
36937
36894
32506
33895
36854
33590
36799
30938
28853
35618
33257
34292
35483
31145
32530
36522
35137
36258
29750
31460
34572
28055
28115
35833
28126
29637
28127
35770
36353
29985
35879
30599
29325
29295
37101
36089
30145
35159
28917
36748
28344
32197
28126
31911
28960
29523
36600
30423
29047
36524
29573
31860
35037
36106
31671
28409
29667
28215
28262
28700
34646
36600
35822
30594
32588
36559
33854
33608
33050
29941
30043
36698
29010
30551
32836
28789
29511
34565
36220
31135
33229
32802
33882
31178
35902
28133
34699
34121
32322
36282
29155
28521
30061
35555
28108
30838
28339
33802
31771
36880
31965
34156
33504
33078
29131
36638
28179
28306
32086
28122
28283
35420
28329
35215
36024
32613
30035
33833
34664
34092
28707
36748
31949
32803
30064
32331
33562
36661
36140
29811
36569
35512
30191
28849
28259
30703
36750
28161
32018
29266
33698
28810
31227
28092
33379
28850
28143
28455
32626
29025
28647
32896
32009
28286
33558
36663
33795
30554
35156
32233
31374
34980
33841
28735
36249
35088
33049
36875
29359
36696
35371
35824
29412
35643
33542
30068
29645
29661
29191
36334
34448
36555
31596
36461
36646
34443
36575
30296
36141
36447
36843
30232
36493
31991
28141
36493
32955
31350
35036
35677
35430
28431
34817
28143
28237
34436
36621
36881
36814
30617
28400
31217
33159
32080
33123
29260
36897
36199
36641
28657
36436
32515
35494
28361
36855
28341
36375
33542
36673
34316
31120
28409
31917
34539
35143
30947
29927
28118
32581
36859
28588
35656
28313
35921
30974
29564
34809
34287
28401
29345
30127
30707
28939
28864
32387
28510
28274
36277
32875
36521
28501
29735
36504
36117
34383
28269
33527
35206
29413
31676
28423
31159
30465
28915
31734
36170
32840
29955
28508
34712
36414
31001
36640
35162
32203
30396
28943
33587
35689
30529
30251
36281
35839
31465
34813
28526
35977
32857
28132
34129
36424
33545
35774
36667
36748
29542
29437
29789
36687
34948
30137
37045
28668
28238
36069
33846
32678
28217
28121
31424
31254
36625
27978
34842
35765
36801
31731
36332
34753
32625
33208
35544
29247
29757
36836
36662
31123
29088
31571
35204
36515
35166
30938
28234
32735
28359
34214
34441
29248
35876
34003
28814
33002
36719
31231
36336
28527
32414
33849
28395
32059
33849
32039
28091
31926
30533
34851
32704
36412
28174
29968
34600
33616
28243
29916
28822
35799
29565
36872
35039
36913
35025
36566
33644
28064
30020
28149
33847
34254
30061
35470
28656
34175
35798
30423
29679
35626
36320
36176
32621
36589
29129
29338
33658
36518
29528
30664
34026
33765
28151
28406
28058
28198
29884
28692
33295
33443
28014
35231
33156
34049
29213
32232
28915
34067
29025
36722
30441
30944
33910
31185
29766
28744
29576
34741
28113
35177
34527
32417
31836
36699
30624
36319
36087
31142
35165
36107
36457
30917
35884
30089
30028
34552
29732
30546
35686
32377
28446
35693
35369
29008
32656
31863
36544
29220
36049
35607
36052
33690
30987
33534
30100
28194
36464
36752
35447
28782
32869
28086
29848
35013
37000
35180
36727
36817
30509
36235
29979
34030
28527
32100
34338
35062
28674
33251
35750
36118
36850
34308
31105
35611
28325
28690
33207
28868
28238
29358
36583
28189
28195
36526
33124
35637
36490
36841
29718
36783
33970
35175
30813
31310
29311
34856
35979
33797
28373
34781
33529
34738
36015
35420
36566
28251
28190
35760
28378
36637
36454
36655
30302
28262
32911
33988
28089
36205
28078
33215
34118
29530
36806
30387
29327
36153
28196
34833
28503
35662
29184
29964
33291
33869
36946
35715
37096
36766
32761
29311
36155
36366
32835
33471
28451
29326
33836
30819
28395
28114
36155
29273
33110
31656
28525
28606
36309
34025
36045
28294
35479
33080
28881
28513
34897
33210
35778
36707
28231
28485
35932
36458
32331
31690
29931
35698
34204
32778
31328
29391
35407
34523
29649
28177
36957
33560
36636
29254
35233
29411
36552
31550
35841
32401
30531
32384
32614
29120
36283
36417
34825
31381
36772
36207
29334
35473
34123
31438
34427
32606
32451
29352
31939
35178
28680
33113
28270
34307
32767
31947
33616
32647
30064
29182
33935
28421
35452
34544
31724
32873
29708
35188
31323
28201
31594
30637
35569
32240
34478
36323
30002
33698
33524
30037
30705
36021
36468
35791
28218
34886
34689
34877
34698
31602
31339
28933
29557
36584
28237
33472
32329
31374
28499
34938
30161
36702
36731
29103
36357
31802
28818
34796
36732
36741
31018
36855
36676
28402
36297
29069
28111
37020
33568
30570
33877
35727
32672
30541
31623
36600
31807
28218
36814
33845
33654
36690
28644
28487
36706
30247
28759
37040
30542
32157
36734
31526
35375
32882
28399
35347
36344
33662
36297
36737
28074
33605
36807
32623
36868
30057
28693
29320
30838
34358
28798
30648
36445
34625
30826
35090
28072
29868
32212
28458
35690
33491
35860
36354
30103
37046
34345
32846
35188
34040
29824
33303
29003
33825
30603
36948
28961
28104
29610
28544
35109
31442
28421
28226
29978
36079
32584
34872
34391
33575
35413
28245
29958
34692
31071
28837
36272
28750
36245
29945
30568
31514
32884
28220
32837
35387
29493
30162
29241
31302
34513
36811
30615
36867
28620
34320
28788
34923
28374
36473
35081
36661
36164
33818
28499
28099
32428
33404
30513
35623
28514
34013
32600
30337
28403
36387
34188
33568
34205
34593
34170
35433
35873
33601
32191
29427
35904
34774
36795
34319
28843
36276
32293
34933
29340
32913
31032
36583
33440
28104
28897
36458
36776
32412
32514
30821
28200
28143
36447
33917
33239
34634
28509
36542
32647
29181
36596
36239
29641
28391
35806
29012
35678
30924
28422
33615
29607
36166
28748
29183
28046
36494
28036
28585
36232
32397
35388
31927
28301
29171
30604
36343
30435
36567
29192
36740
35490
28564
35616
34694
34650
36683
28524
28996
34777
30601
34722
28435
32797
33356
32622
30102
29552
36674
28057
28292
33096
34292
28082
29045
30169
28590
30039
36837
28888
29679
36782
32828
29107
28518
31241
33830
35407
36848
33645
34842
35580
34283
31962
30526
33702
33206
32767
35601
28356
35675
29700
31471
35680
28621
34567
33899
30045
36682
30329
28310
34598
35465
31770
36906
35005
29809
28291
28087
34131
33130
30758
31185
33459
29253
34980
34194
35497
30175
30625
34234
28144
31590
36540
36542
34289
28135
36255
36506
33798
28244
32961
29336
29034
31855
35102
35494
36674
33256
31552
28250
30761
33088
29110
33748
30531
28070
28193
30365
32659
33150
30826
28639
28624
31514
28319
35498
30680
28129
32993
36003
36523
28568
31020
34929
36855
31032
29465
35959
36890
28274
34634
34308
35991
29621
36476
36806
36627
36912
28614
36702
36453
34898
31622
33885
34531
31731
31651
33804
35768
35242
28178
35720
28683
35225
36847
35735
28173
36005
35537
36870
33395
35963
32713
32535
32278
29675
36222
31611
30932
28290
28893
30891
31173
30886
28708
36810
28558
32023
35462
28227
31217
28292
36287
28668
33190
28137
35052
28142
36789
34370
36273
36814
28399
29164
32930
32082
29646
29164
35995
34373
36750
31702
35945
28113
36445
29134
28501
36908
34093
28221
36537
28363
36976
28425
29735
31867
35027
28383
29310
28814
36173
30602
31548
28609
30780
33936
36317
29895
31817
28340
33152
36856
33261
28402
28662
28129
30609
29178
30179
32641
29631
34737
32339
36702
31406
31412
35946
34644
35709
28226
34656
36628
28409
34058
30032
30267
29911
33500
34728
36272
28197
28236
35284
36983
35054
36795
33709
31985
31180
28284
36835
30394
28482
34225
35113
29839
30950
31749
34648
34061
34854
31376
33448
36839
28159
28356
33167
33831
36570
34805
36255
29303
32252
34907
35081
34378
36382
30179
36298
31368
33634
31875
30616
33881
33503
30396
36901
32222
29313
28480
36480
31497
34777
35735
32172
28819
28068
28305
29110
30905
28033
31779
33264
29750
32313
33001
32954
36684
29545
28076
28755
36337
36731
34804
32262
36707
31262
32617
33754
31369
31459
28186
28216
30955
28588
36124
30886
28549
36412
33628
34890
32342
36616
31915
34412
31198
36659
30324
33178
35742
28196
36378
30979
36822
28377
36396
35695
29479
36422
28221
36799
37025
29340
36732
36259
34336
32511
28643
29059
32065
28810
30838
30079
33182
32450
34654
34096
28108
28118
30174
29871
31537
36668
28774
36443
29594
33577
36827
32183
36649
36629
30581
29887
36949
36528
28172
28138
34226
36593
32224
31048
36951
34269
29374
36144
32746
36318
30996
36480
28442
28235
32039
32903
32539
30073
28830
35394
36276
31955
31653
28586
28729
31677
28934
36015
35683
36369
28721
33236
31643
36576
32511
35630
33612
30297
28193
34244
36275
36483
36099
29685
30509
36301
28975
33896
36484
31467
28346
32024
31263
35053
36319
28100
33183
36535
30462
33899
34894
36455
35590
36722
35122
32717
34983
31652
32606
29391
32654
28893
28497
33005
34852
28384
30208
36261
33467
28768
28233
30920
28299
28396
37050
33610
29919
34184
34371
33251
28339
36801
35983
36118
36921
28090
34422
35396
35287
31350
32328
33852
29864
31415
32870
36288
29148
35065
36635
29101
36743
34233
33447
32175
33178
35828
35174
33665
34404
33937
33844
36098
35457
29028
28113
29536
30054
36565
29128
30251
36250
35528
36736
31778
36963
28076
28118
30151
35856
28505
36397
28300
35826
33049
35121
30132
28346
28068
36115
31956
36169
36631
32725
32000
32189
35964
28742
33087
28840
34947
35089
34303
28142
33150
29693
30107
28504
35191
31795
30429
36415
28338
29856
30501
28882
30097
36850
34065
36645
33545
28174
34348
29139
28190
33047
34388
36508
34885
30747
34063
36794
29864
35933
31627
34938
30301
32001
34531
34592
30387
30166
31416
31395
31748
35766
28357
28979
28273
36343
33739
28346
34984
34074
33815
35944
36872
33875
30842
29242
36384
28679
28598
29483
35544
28396
36825
29766
29781
28386
28076
36794
33498
31865
36874
34963
29025
28695
34354
29140
28339
34656
36586
36536
28286
29640
29889
35703
36850
28466
30203
35127
36860
36581
34933
36680
29534
32444
31997
33663
36574
35647
33617
34837
34960
36762
28219
34528
28764
33826
36436
28126
28525
36356
29084
28673
28448
35118
35260
29500
30926
28194
36193
35868
28894
29057
29163
32632
34027
28801
30598
29190
28167
35962
27957
35476
29367
34228
36929
35899
28240
28201
28310
34956
34410
36660
28348
37039
36854
32362
36795
28237
31800
31370
30995
28562
36630
36342
29069
35992
30896
36442
28714
29310
31487
36558
34223
28123
27969
35785
36613
28513
30878
35657
33838
35677
28303
29111
28320
33826
36420
36265
35309
31811
34407
30318
30557
28901
34972
29082
28184
28146
36783
28737
35848
30267
30310
36554
31095
32362
34841
36481
31610
34393
34779
30373
28440
28053
35469
28379
33253
36897
33053
35577
29496
32946
34441
36450
30679
28436
34808
29042
34292
28119
35654
36414
28847
31755
33449
33410
28086
36327
34421
36749
31321
28946
36637
36732
36311
28258
36155
32377
36757
28224
36721
36625
35864
36278
33842
28240
34732
36995
34009
30277
30292
35658
28674
35805
34494
35785
28581
36382
36903
34748
29903
35443
36714
32109
36894
36597
33152
28195
30583
28628
30078
35192
35651
33317
28886
30479
34260
36617
28592
31224
30918
36682
35702
36106
29101
36203
32059
29879
30296
30182
36783
31250
35638
35854
29267
30343
32482
35857
28748
31680
36777
29404
36903
36475
31222
34592
28028
28991
28042
32933
30663
28258
34128
33409
31766
32100
36175
30923
28611
29289
34990
32429
36581
35636
28652
35531
36715
35838
35465
35200
35108
32021
33237
28192
29899
36328
28410
34779
35801
32907
36137
35177
32172
35775
28336
32964
34707
28354
30500
33812
33512
28451
32084
31556
36937
36262
36530
29806
28342
35513
36113
30616
32570
36852
36235
31183
30166
34668
28665
31547
33736
32101
32442
29859
30016
35487
33428
28436
33856
28776
28407
33778
36659
35199
34232
28307
36284
30192
28215
34447
36744
36787
30736
36511
36404
33158
35522
36157
30423
33662
36126
29575
34929
35847
31106
28351
29721
36803
36288
36672
35211
36482
36474
28801
32190
28366
34337
36587
31503
28436
31224
31674
36181
32907
36732
29647
32822
28347
32117
35938
28658
28230
29473
30120
34487
33760
36690
31109
35595
28531
31975
30120
31788
28113
29306
29724
30743
31676
35817
36266
28442
36306
34875
36580
33130
28709
36537
34327
36749
28136
28462
33377
29168
28107
36607
28853
36462
35847
36339
30640
36669
36200
28176
35932
28156
34219
36535
36797
33248
32003
32989
28642
34356
36169
36250
34730
28944
33371
33795
34143
36668
32842
31725
36785
29329
36621
36812
34058
34611
33149
33558
35452
28062
28370
29146
36932
36438
28795
34870
29027
33283
31637
30897
29437
29912
33591
33570
29629
29365
36276
30300
29458
36949
29519
28579
36196
30767
35947
29356
28968
35354
33585
33527
29008
35882
34235
36555
30099
34186
34756
29046
30659
32540
32375
36764
35572
35313
33820
34471
31943
28175
35073
31831
36061
36874
34259
30550
33200
34629
31221
28104
28191
33634
33465
36876
36422
32914
28069
35007
28061
29130
33908
30698
36017
33944
36743
30111
28696
32219
28534
35633
34366
31916
29617
30081
31039
28405
33441
32961
33879
35817
28702
29448
34219
35826
28043
31808
30408
36893
31899
29137
33667
32736
31336
31383
31458
28763
28307
34463
34552
36542
35433
28864
30108
28138
31317
30839
31735
36593
35465
35234
33329
29151
29917
30170
34319
28009
32499
36738
35813
32745
29789
28694
35741
34418
31733
28270
34223
36228
30099
28108
29035
28112
28992
36235
29065
28291
29425
36533
29028
28319
36490
34842
28283
32496
35832
35079
31089
29178
36622
31638
36186
36518
30679
31295
36747
36474
29628
28137
36824
33230
35755
31953
29307
32341
32271
28119
36770
36709
34528
28298
36624
31076
31754
33821
33814
29135
35361
30650
35298
32086
35960
34707
28949
35109
28215
33106
28130
28159
31208
36525
36405
31164
36317
28007
34901
36410
33794
32342
34836
34920
35081
33783
28085
31947
33770
28330
31670
32862
32902
35385
30198
33562
32591
34178
33634
36821
27961
33538
28421
34859
34198
30874
28755
32014
32829
33494
29629
36594
29650
33901
35151
36912
30770
28599
29971
28472
31113
32867
35135
28113
33598
32032
34480
34440
36788
29114
36220
33297
34903
30496
36694
29980
35745
36181
29947
36671
30239
36751
30148
28208
28119
29212
29841
28484
33184
33085
28859
36696
35855
31519
32982
29562
31696
30068
35739
30497
35963
29327
36148
30028
28096
36774
30961
30864
31422
28344
35320
28098
36169
28962
36831
32754
28076
36893
28152
30522
36703
34421
30710
36840
28124
34593
31496
35566
29928
36718
35551
33735
35156
33572
35151
28621
36737
36463
28211
35113
36607
36104
29473
31564
33895
32004
36904
35261
34797
32129
36261
28556
30060
31630
28354
29732
29775
30516
31971
33261
31796
32097
29411
32043
28068
29235
29133
32046
29384
32392
30179
36550
29452
31763
36782
30257
36463
34566
29684
36888
33655
35859
36187
36841
34587
28458
35871
28203
33726
29643
34731
29415
36451
36832
28722
35940
29178
32236
30936
28237
28405
30109
29728
28055
30792
28895
32291
34741
34223
28022
33929
29498
33480
29613
36666
34374
28441
28130
28480
31231
32218
35732
36884
35816
34654
30302
36980
36316
29260
32448
34639
29800
35741
34893
32271
36766
33017
29244
28161
28449
31090
28069
31599
36673
36580
30570
34696
33916
28359
31118
33954
36155
34066
36709
29137
33755
29973
32117
31814
29025
29059
28360
33106
36752
29437
31305
31006
32509
28622
30836
29049
28157
28515
29678
29552
30340
34249
30072
28570
33728
36769
30296
28732
35394
28356
34466
29930
32688
36631
33185
28145
29901
32923
32177
34928
28047
29289
28585
32639
30475
36596
35251
37000
33236
28684
36400
32510
34110
36543
30363
35950
29210
29356
28210
28436
36366
28739
32975
33143
34815
30467
34863
32637
36330
28484
36757
31499
28314
28457
32958
36784
35392
32004
29907
28236
29397
36195
36675
37118
36589
35435
36778
29299
29053
33408
28147
33195
33603
30594
36757
31432
28732
36614
28186
30393
34998
32187
33897
35211
28071
30544
30866
34453
29334
29478
29059
34236
36334
28584
28026
30335
33872
34282
35241
33181
32595
36907
33331
36934
32294
36250
36978
35743
33995
29139
35241
36753
30422
28615
30060
30669
32912
37015
35988
28097
36869
35309
36259
34235
35189
34581
32860
33966
30950
28677
28101
29445
28478
30254
29175
29351
32555
33629
31696
30361
36463
36653
36667
29609
36990
34664
35794
30841
28385
34514
29285
34798
36649
33372
28015
36000
34186
36743
29285
36307
30104
32617
35817
28679
32484
29593
30651
35984
34260
30580
31652
31834
32732
28580
36520
33844
35314
36818
36635
28878
34574
35176
35873
34245
28550
32622
36686
36558
36639
36207
34573
36460
28738
28164
29147
30744
36638
36554
29217
30604
28238
36912
30574
36134
35485
28172
33883
30369
33545
29616
36415
28176
31337
28672
28353
28207
36563
32977
33745
28957
35157
33691
29534
36680
29923
34830
29227
29545
36210
31037
30710
29680
28372
31926
35017
29686
35776
36454
31126
36797
27908
28136
31159
35309
32442
32119
29241
31284
33502
36639
35155
36499
33418
35493
36628
32742
35061
36619
28268
28004
28131
28282
34516
30771
32019
29883
28106
36439
35849
35320
32863
29708
31224
28933
36024
35913
28271
36511
35022
37033
29920
34194
34252
36900
28922
32531
33038
28560
29178
28302
29083
36132
29879
29045
31565
30343
34063
35700
33054
32717
36147
32914
34576
34620
34085
31003
30939
36731
32581
36283
28296
35784
28131
29947
31030
30150
30340
31964
34817
28214
28386
34424
33903
36226
36503
29983
31947
36714
37060
35138
29547
28910
28139
29676
35760
34787
32775
33676
28111
28180
32178
30761
28106
28233
31485
30998
35897
31681
36784
36930
36437
36623
30655
36746
36095
28577
33321
31068
34936
35202
29716
36113
30036
32506
34247
28633
36414
32961
35148
30151
35938
28044
30327
36557
36340
29780
32751
28258
28032
30243
35396
28931
31317
28802
36169
29323
36139
29539
34975
32025
28326
35994
34520
33179
34765
34317
34252
28463
28507
36862
28656
36195
31422
33659
28382
33000
35134
29274
34246
31007
36575
36177
28296
28128
30292
31346
28376
28988
34632
32676
29256
36517
36981
28476
36991
34625
34269
34682
35773
34471
32856
32551
30259
35580
30533
36899
35393
28600
28198
31988
29235
32615
34882
36218
28356
32967
36323
30071
32610
28834
27978
32965
28762
29122
29594
35747
29524
31996
31092
31806
29086
33579
35999
32602
29629
36067
28533
30799
32949
28124
33199
29778
34840
35851
34472
33347
35622
29835
32531
29187
29886
30966
33689
36421
34358
36440
36608
36549
34991
36396
35141
32896
30398
35008
34050
31352
36765
29022
28729
28144
34244
31011
29539
34938
36107
34804
32998
36428
29051
32710
36125
28101
33001
36218
29861
34893
30922
28418
31342
36900
29126
36831
35931
28204
35893
30939
31859
28805
35922
36405
29876
29009
28105
28302
36339
32518
31281
32431
31233
29736
28097
28367
28449
36734
36347
35094
36621
35387
31026
37008
29850
35050
34264
33146
29371
36587
34619
28118
36845
33853
30242
35019
28187
30849
29208
32876
33065
35291
36066
36373
34646
36267
29198
28068
35606
33634
36408
36329
36964
28655
28684
32108
32502
28215
29731
32824
34958
31183
35925
29940
29578
30496
28181
34919
30640
33911
32552
28604
35696
36273
36025
34611
28087
33362
36379
33250
36206
31375
30521
36713
36861
36879
28382
36565
36833
35668
32153
28166
33755
30157
31683
32482
36520
34371
29110
29512
32798
28061
32341
31610
34268
36957
35362
28179
29039
29020
36313
36537
29168
35265
34136
35679
30465
28942
29201
36414
36426
33502
35701
28566
34974
37005
33906
29461
32297
36649
36624
29897
31895
36588
34299
33751
34945
31232
36631
29000
28967
36713
30230
33411
31605
29847
28496
31562
35887
33400
30896
28681
28682
31296
28470
35376
33411
28736
28406
34188
36164
32058
33546
32050
30735
28202
31565
34849
29169
28392
34199
35326
34585
28446
36004
36081
29006
28588
28790
33609
28243
29445
35735
28779
28422
35692
28261
31005
35366
33256
36572
30092
35935
34102
35941
29308
31807
32363
29230
33192
36774
35685
36338
30476
29092
34387
32424
36591
31081
29574
29009
35840
35460
34849
35077
30982
34141
28586
34707
34133
35893
34706
36856
29503
33105
32708
36755
28136
35096
29770
32454
35388
32259
30125
36432
29140
28228
32893
36760
33954
28550
31234
30428
36576
31514
28620
32116
37081
36245
35743
34339
29051
36866
28614
31115
31965
36854
36157
35135
35075
36701
29211
34601
29708
29987
33556
31071
34250
33774
29709
28365
33973
36608
36525
35956
36799
30655
36970
32044
34898
36906
36810
29752
35999
36401
36771
35944
35063
30351
32432
34183
34344
28176
34675
36832
35464
34514
36793
33860
36693
36337
35003
34098
33902
28198
28150
28397
29459
36283
30335
35381
35717
29157
37058
36568
33266
34973
28646
36105
28652
34793
36471
34837
30100
36883
37010
36197
31954
29451
36257
32850
34676
34810
36070
28149
33161
31508
36531
36747
28401
31472
28732
29519
36914
28179
28115
29144
34693
28256
35381
31061
30166
34200
28334
36832
28214
33684
31184
34528
35264
36678
28208
30035
36138
34032
35604
29062
36345
36030
34751
34378
36303
36908
35740
34487
36711
28144
29204
32836
35461
29938
29306
35100
28273
33869
35946
28152
33329
28799
36329
36074
35170
29063
35734
28110
36218
33380
28494
35608
34309
30007
30725
29608
36789
28776
34651
28585
32031
28439
28631
30144
36085
36174
36450
32681
35310
35467
34133
37034
36514
36679
35647
35165
31533
36355
29334
33614
29806
36142
28160
31055
30786
28025
34889
29467
31814
30074
32374
36761
32162
36766
28426
28199
33336
35779
29116
28978
28505
36767
28362
28248
28295
34330
28059
28485
34893
36750
33540
34443
29314
29138
33331
36721
31902
30328
30463
32154
34302
33629
31573
28115
35466
29641
33490
36155
36983
36142
36399
28492
35414
32635
35018
33504
36642
36345
28314
36138
36168
28261
34230
29167
32928
35715
36425
32009
30608
35630
28406
28847
33167
36677
36084
36823
32950
33107
28596
35762
36677
28529
35004
28390
36601
35857
30527
30249
33734
29821
36009
32874
36552
37067
35697
36594
34347
35392
28550
35495
34236
28264
36831
33410
33378
28247
31150
35941
35891
35269
29498
33826
31869
33574
31877
28136
30671
29436
35153
31255
36947
29291
35363
28378
35695
33837
36703
29978
31822
34368
29225
28885
34179
31160
30550
31739
31011
28587
31498
36799
28380
34696
28124
31664
31712
29971
28402
28051
32427
33665
28291
33263
29363
34332
32294
32483
36428
33727
29097
35339
36171
30075
28953
29584
36185
35129
36429
28247
36752
28776
28215
28285
35877
33249
36791
36986
35363
36000
36962
28634
35600
32581
28680
35410
30253
33799
32700
36619
28655
31785
28249
29427
31867
30555
36182
29039
28056
30896
35222
28345
30032
30924
32737
34174
29142
34923
34446
28918
28388
35762
35526
28077
32815
31972
30999
31507
28617
31810
29533
34548
28128
30657
32318
28606
36114
35415
30314
28461
32515
31938
28623
34457
34322
33718
36445
36227
34240
30512
36241
28367
35478
32699
29093
31503
33796
29114
32077
29519
32151
28459
28124
28393
36787
29712
36841
35652
30752
29091
28103
36296
36402
33985
29927
35538
35983
30384
36550
36870
28323
33543
35114
30583
29142
34737
33992
28293
31506
35068
33778
29171
36736
29614
31857
34268
32007
35789
33856
28853
33902
35441
30387
28188
36706
32003
35259
34921
31790
33984
33814
31639
31103
36131
28990
31556
36505
35445
36933
29047
36763
34596
31095
34767
36550
36698
28812
28619
36586
28387
28018
33915
36610
35100
28236
31046
34248
28960
32493
37012
36733
33459
28050
36624
31754
36693
34877
36303
35331
33300
36725
28241
36194
36075
33174
33693
32163
28194
30389
33705
28287
35835
29996
28360
28963
28432
28051
30410
31901
28400
33217
36775
34339
35110
35646
29372
36225
31640
35860
34935
29329
28126
30168
28094
33287
36354
28425
28806
34831
32562
34843
29976
29821
31688
31657
31561
29917
34285
36675
30648
28635
33821
32521
34236
36372
28464
31712
30022
36382
36716
29637
36885
28959
28875
34866
34358
29159
28639
29991
30243
36485
29718
28214
30172
30260
36960
36672
31328
36064
36777
28081
30774
35885
29620
35591
36450
30318
28441
36751
29608
28207
36700
34722
29237
32710
31803
34155
32876
33214
35555
35544
30145
36832
28203
28526
31745
33801
36855
32081
28117
29633
34204
35113
32002
31109
35039
28327
36472
28560
30103
35283
34501
30823
31146
28578
32139
28192
28954
37056
34218
36890
29207
34342
33692
28098
36519
29074
36852
30274
36819
35359
35261
36765
29149
29461
33733
28876
35703
31190
35479
29558
35096
28253
34343
28169
30354
29085
35018
32771
28542
32874
30322
32269
29022
31493
33262
28435
34778
35824
34716
34237
28140
31525
31181
32362
34945
28285
28326
36723
32657
29071
31503
28256
29409
32115
36817
36716
28209
30231
35651
35378
34595
30827
29081
28839
36462
30908
28331
35848
33780
34359
28761
33750
28746
29157
36292
34826
30496
28731
28312
32262
35117
34876
34537
28275
30681
36595
35145
36355
28718
36703
36354
31222
33902
36073
36899
31642
32826
35157
28369
28403
28925
36638
36538
28178
31762
34870
36054
31047
29602
36272
28197
28440
30314
28783
36831
37000
32014
33191
36453
32143
36556
37088
34926
34849
35896
33461
36449
28273
28644
28314
35315
31302
29470
36470
36016
33758
35411
28735
31405
33032
30176
33925
36519
35071
35215
30773
28152
33990
36678
30251
36055
34903
30229
36677
35729
36437
36298
34480
34779
34995
29491
32560
29068
34135
32465
30656
30422
34880
36585
32645
28092
33868
36872
36867
35548
36697
32078
28172
35813
34654
36500
36882
35775
29614
34848
28979
28278
33045
30290
32862
30126
29468
30758
29797
35084
29702
29287
32103
35646
29870
28313
28770
28114
29010
35156
29042
30913
34405
29157
28916
29672
31073
35607
37047
29984
34554
32453
30641
36949
32604
28667
33318
28203
28911
29086
32523
31130
36646
30483
34658
36699
34229
34836
35070
35222
35228
32622
28424
34476
36465
34866
32429
35580
33665
36698
34608
30413
29623
31916
28244
28674
33213
29364
32259
32570
31452
31204
32895
36732
30281
29995
28102
29098
28903
28175
30240
34378
28188
31241
36479
35665
29031
34599
28466
28844
28420
31938
36098
35409
35843
28044
33011
28370
31347
34430
35926
28635
30144
35518
29328
34478
36027
36288
28379
34407
34878
29461
32577
35119
28501
34544
28315
36886
35162
28264
28499
35520
28850
31285
31269
28700
29116
36658
36748
32595
36760
30064
34581
34620
35331
28503
35189
29579
32584
31926
28191
35150
28831
35119
36706
28445
28813
36139
32618
36921
33640
32359
28703
36128
35122
36402
28872
36137
29306
36810
33536
32922
29181
32953
30399
31167
34864
30831
30232
33847
35471
31058
36451
28762
35298
32656
33862
28513
36865
34786
36836
37012
30038
32370
30972
37082
34856
35084
34774
36347
36320
30325
35367
34821
32492
29832
28751
35713
28062
35783
34711
29622
31511
30506
34435
28376
33144
28435
34333
28187
28806
32412
33193
29875
35901
34803
30309
33079
34649
29176
35776
30750
34148
36538
30833
31323
33427
36606
29518
34886
31896
32134
30842
35207
28510
35545
36450
28737
29397
30950
28849
33914
35969
36925
28484
36982
36230
37064
35245
34385
29775
36827
31637
34501
35964
35849
32587
31408
36688
36890
32633
29951
34364
36503
32379
28835
28100
28660
36201
30678
36623
32951
28438
34955
36484
36386
31567
30688
36439
36306
34943
34445
28444
28713
36698
34570
35940
36278
36803
30950
35231
35046
29460
35753
29900
34461
28149
34095
28196
30596
31513
31575
33385
35291
28808
35261
35435
28785
36115
36786
36376
28254
29292
34247
30537
32007
35971
34665
36620
32853
35865
28237
31854
29963
28441
32833
33398
33017
33645
29960
31760
36613
28417
29830
34726
28241
29389
31299
30169
29774
33914
36733
36526
30934
34916
31149
35678
30737
36770
36463
35810
32177
31158
28030
31259
28463
34815
34486
36665
36063
36075
33592
36700
30644
30702
34947
32663
36816
32297
36812
29993
35937
29038
35772
36109
34206
36343
28094
29107
36084
28450
28232
28141
37120
32503
30500
35884
30198
32072
30971
32371
30646
36855
29028
28690
29493
35597
35315
35965
32347
28313
34474
30969
31250
28310
34744
35784
35354
36769
36059
28471
34009
30447
32736
36499
36431
32501
36051
36149
36574
37034
30944
32898
36894
31268
36205
30162
28712
35938
31972
33316
28588
32403
28821
28154
35896
35164
36892
30763
28722
30791
35693
29404
28599
29013
35515
35104
35707
28082
34167
30019
28979
36651
34764
32986
28733
36719
29667
34435
34983
28171
35251
28216
31095
36659
35420
29192
31208
34817
34566
31361
28983
28118
36553
28432
31653
33575
30433
35891
29879
33896
34516
28209
35729
32476
35649
28312
36765
34013
36514
35646
28809
29727
30786
31412
28223
29250
36040
31496
35812
32614
33341
35279
34378
30114
36719
36183
28443
31642
34116
32718
33319
35537
36000
28084
35639
29380
33135
32719
35295
29879
31510
31507
29562
28160
31975
36594
34479
36873
32242
28084
33050
34666
35846
31551
36307
34453
35897
36644
36858
34288
28227
36314
36363
29614
36569
36807
35242
35982
28338
33190
35942
36158
28370
30751
30294
30629
30532
36739
28121
29872
36895
33974
33613
32573
28474
34602
32987
29013
36999
36763
35399
30422
32009
35719
29210
28455
36723
36353
35041
33718
36808
29322
34434
28542
28114
28131
28425
36139
29133
28146
36208
33554
32864
35653
29692
36251
36507
34896
35561
28173
31471
28114
28753
34115
34847
34198
28377
33758
29018
30712
31166
35407
28188
35341
30105
33087
31676
28414
32499
33530
34715
32279
34260
34872
29468
34813
29709
30991
29645
36425
32246
34544
28742
35683
29148
32632
36208
28235
30886
31463
34398
34626
35367
33187
30254
28020
28633
36238
36711
28736
28268
33439
28510
36384
29987
28314
36632
32110
35731
34582
31904
32243
29635
28700
31968
32557
31369
36858
28452
30434
28118
28228
30836
35251
36189
31136
30008
31555
32577
36332
29113
36297
29630
28185
33620
28189
28702
28600
29474
28099
36449
28632
28663
32573
31391
32520
31705
29132
34317
28094
31379
36755
32017
30813
31507
35780
33825
34500
35318
30668
32875
31979
28130
35919
30436
29720
36881
32932
28421
34891
35793
36201
28146
35001
28453
36956
36752
32896
29692
29171
31678
34021
29035
33262
30666
33772
33164
31913
36792
36159
29015
28707
30095
29584
28715
36678
28936
32787
35426
28089
31497
28685
33719
36910
28210
36606
32073
32545
35208
36668
36819
36613
29934
28048
28196
35919
30229
28517
35669
33758
32499
30172
35650
30432
34806
36563
36497
30887
36886
31044
34314
31830
30306
29543
33200
35805
34725
28443
28146
36670
30644
28163
28806
34178
29955
36027
30784
30249
36702
31399
35048
30130
34099
35193
29794
36737
37034
33364
33970
34329
32705
33974
35965
29732
31494
32627
31639
32619
28793
35210
28297
36037
36682
36663
28904
30038
30546
29617
31518
28140
35200
33690
28186
35108
34754
34695
29152
31476
28313
29777
28247
34252
31055
28194
31455
28178
28195
35500
34531
35397
34116
36706
30800
30149
35385
35856
28310
30934
30623
29618
28444
28492
36034
30471
33265
36303
31102
36746
36325
36165
30040
36784
36149
36301
28361
35152
30513
35515
28894
36896
28458
28265
34510
30099
36427
30022
36646
32809
36316
29798
29210
36039
36667
35848
33874
33882
36691
31320
36554
28570
30842
32012
35506
33664
28513
32135
29218
34317
36798
30184
28174
36098
33459
34575
36509
29285
30085
34184
34767
29776
35919
33749
28666
36637
35379
28800
33016
36413
29471
34149
31281
28311
31272
31353
29225
28178
36677
29318
33042
30677
36045
35812
29351
33665
28266
29827
35885
34238
31761
36833
30653
36640
36552
28791
32329
35818
31808
32790
33134
28421
32909
33702
36613
36588
34643
33906
33510
35908
35352
33545
35254
34242
28326
34970
28638
28078
34645
36400
36395
28282
29764
28774
36603
31122
36282
31250
29967
30095
32159
34807
31335
32029
28091
30019
32909
28527
36723
29279
30047
32157
33105
33338
35679
31701
28681
31994
36834
31053
28560
34645
34633
36459
35632
32898
36634
31187
36618
32393
34470
32860
35677
35819
30088
36550
31228
36033
28262
37059
34863
34438
35509
32669
36816
32694
31729
35846
34682
29001
29963
34693
29063
28016
32859
32705
29631
36771
36616
33599
35967
32886
36281
35133
36250
33206
29248
28828
31504
36827
29041
34417
34841
36606
30894
32734
36154
36858
36520
36376
31268
35880
28933
28373
28238
29355
32165
28625
33849
36673
30643
36075
35210
28981
30840
31727
32043
36579
32027
36124
31636
28104
34326
33029
28886
28144
33135
28045
36633
28683
28362
28339
29158
35073
35225
35650
28762
33740
36829
28348
28131
29518
34579
30270
31279
33604
32159
28132
28866
31312
29275
36891
31265
28056
28702
30293
36857
29731
29166
33401
29431
30682
31446
30330
36782
32673
33373
29791
29092
28659
28357
29668
28371
30029
34700
29191
30195
35821
36149
29899
32521
30562
31486
29214
31948
36413
34148
32900
33834
36681
35084
34575
28220
30377
28941
35479
28215
34496
29795
34761
28213
30509
31045
34606
28676
34579
35618
34536
36459
31289
34863
28722
35262
36768
33079
33458
32988
33336
31483
32328
31442
30972
32478
36725
29903
36541
28641
29565
36448
33897
35266
34818
31244
32339
34308
35669
33300
36139
36107
31539
31841
30319
30072
33114
32603
36789
34490
35659
36459
28408
29613
35610
33475
30107
36609
29532
36204
28921
31497
34490
32975
30499
35989
34772
30009
29524
35666
31881
31789
29603
36430
32005
35264
29941
28884
30721
33083
29014
36043
36288
29670
29829
28560
29519
34793
28445
36497
30365
31409
28212
36144
36690
35238
28583
29296
31954
28656
29139
28100
36976
32863
36940
36845
36569
35801
29713
35452
34650
31954
28933
34832
36766
36251
29043
36741
29734
33818
31311
36049
35337
28019
28823
28440
33462
36782
32099
30667
31518
28990
35006
28904
35843
33184
31807
31380
34008
36435
34887
36529
33370
28139
35598
29404
35754
30734
29011
36550
36288
31802
28270
28200
36877
30341
28333
35755
36895
32831
30179
36381
28713
30831
32464
36313
33765
36946
32104
29317
35345
34270
28425
30063
36775
35215
29889
32369
37071
37012
28484
33118
28071
28198
30840
28191
35334
36650
28548
36057
36416
34376
28326
32309
31796
35294
29454
32844
28727
32914
28475
29139
35690
35016
35021
36506
30870
32343
28731
28165
35720
36692
36131
34757
28204
36677
34928
30654
35091
35707
35332
32173
31225
35779
34566
32226
36142
29427
28249
33719
36087
29026
28202
29053
30577
28227
32132
29038
33078
32472
36417
28327
28115
29826
36458
36247
28332
28483
35531
28928
30347
34398
35381
32050
30902
33926
29504
35780
33605
34134
28056
36441
32442
31483
35928
33517
32541
36083
32168
34903
34034
31661
35735
33139
35907
35355
33519
34731
36089
30411
28152
28170
30151
35147
32706
28106
28466
34634
32076
30332
36430
28253
31864
30292
28140
28485
32782
36805
31529
30091
36864
32062
30089
35353
28118
28259
28751
34782
28560
34479
36118
36534
34348
35897
36348
33910
33358
28975
34652
33476
28271
31870
37011
32706
29841
35396
36418
31795
35757
28425
35981
28129
36363
28131
28237
28687
32634
28352
28420
34570
34957
36620
33233
33728
31607
32426
32251
35946
29172
28238
30725
36091
36081
31170
29692
34099
32856
36643
34050
28176
35660
28046
32961
28857
34551
34300
33528
33242
33529
32351
33601
34613
36824
29490
36407
30689
33990
34613
36754
36379
29154
31421
36895
36592
34230
32007
35241
28081
36478
30397
36936
36964
32364
31189
36187
29682
31879
33262
32520
31442
28498
33083
36937
28440
33990
31282
28239
31738
28276
36549
28338
35392
32054
28285
29656
32078
36946
34931
28391
28272
36885
31566
28051
29345
34014
35507
36979
31207
32755
34227
36499
36508
32825
28083
33492
32387
36529
36202
28572
29108
35054
36861
28358
32193
34550
33851
36413
29393
29006
28111
28053
29414
35999
36676
28211
35110
30782
29341
29605
28386
32663
27946
29297
33472
36675
32450
36127
28241
31213
33293
33177
33270
36312
36147
36044
34534
28253
31224
36797
36374
35024
29744
29158
28949
29741
36623
36629
30925
28071
28117
34016
30827
36773
28509
33824
30860
36661
31356
36432
35023
31771
31291
31072
33518
32558
33345
37026
36540
33600
28357
29333
28564
35206
36403
29161
31763
29731
35321
35271
36877
28335
34006
30121
31581
32492
35621
28851
32631
28769
29103
36476
34306
33797
33396
34093
29296
36698
36450
28678
27964
34795
31338
36593
32342
36079
30466
37061
28899
35139
28999
35006
35404
29447
36605
29466
32294
29667
28410
36138
36599
29063
33398
30087
30704
31862
32161
28715
28631
36726
31560
35088
33733
29199
30989
35941
31303
33413
33190
31505
28239
36972
30875
29832
28296
36835
36720
34631
28263
36314
33989
34220
29649
29206
32044
29527
34685
32048
28368
35270
29089
35109
34508
29597
36768
30661
36840
32954
30399
28868
29057
36353
30715
28696
32335
33147
36337
30405
35910
35848
36542
29670
29151
31028
29441
33403
35981
36691
28471
31812
28955
36833
28139
31746
36775
32559
36506
36574
28161
33988
36993
36550
36611
28539
29090
28100
36788
31033
36647
28275
29051
36736
31938
33226
28066
28825
29563
29928
35178
29504
28241
28681
36228
29992
30060
28619
29500
33514
34741
32889
28172
33899
31809
36424
35245
36183
36739
28691
34375
35669
36406
28568
36854
28386
36779
34368
32311
30123
33270
28311
28871
34686
35901
37005
32239
35817
36384
29245
35607
35582
35660
30707
30221
34276
28074
34060
31796
36768
34561
31610
28542
29491
34991
36373
34582
28721
35960
34815
28946
34459
36143
36948
28797
36228
32364
36478
33497
28165
28160
33066
36682
28454
31073
33268
36379
35155
34741
35488
36763
36449
35777
28590
36567
34779
33084
30006
34540
29106
35689
36182
28374
32592
29503
28325
33136
32881
34175
34596
30991
31585
33142
33066
28720
31088
31527
35565
35936
32557
30964
31003
36938
35663
34665
33439
35177
36285
28047
36093
28589
35487
29970
35341
30154
32553
30010
36051
28493
28210
31209
35049
35990
36402
28381
31045
30390
28485
30455
28234
32698
29483
29309
31206
35600
34116
33426
36924
28849
29339
30187
36797
30623
36433
29055
30080
31694
28836
33814
28346
31648
32511
31504
28531
31368
35167
32842
33173
35047
31344
29446
28588
36598
34058
34919
31119
28122
36337
36317
30723
32576
30952
34555
35920
36823
37032
31482
31424
35270
29581
28851
32896
36830
34311
34180
36745
33743
32087
36184
29381
34995
32992
33598
29893
28802
36579
29176
31663
36240
32551
36422
28131
28171
31951
35184
29429
30072
30456
36569
31080
34218
36327
30264
31944
28562
30643
31313
33783
28486
34141
34567
36215
36812
32636
29755
28372
28300
28600
28183
29788
36507
30116
36986
33493
31433
36065
36353
30508
35413
28443
33525
36561
36640
34454
36662
34273
29746
32772
34509
35949
35536
28445
31102
36800
28801
36539
29048
31845
36773
36864
28369
28183
36384
32537
35475
28064
32812
35017
33461
35005
28818
36497
31724
36754
36478
35422
32472
28665
31640
34274
28078
28279
31331
36375
30421
32309
36808
31647
34112
35668
30240
36476
36580
36593
35970
29572
35479
31984
36447
36419
33015
34439
36308
35018
30684
36038
29171
28776
34086
28854
32042
34472
36437
34262
31245
33331
32926
31596
35329
29423
31708
31361
35477
29330
31962
29302
28522
36492
36708
30254
34361
35490
28654
36093
28076
28094
28102
35164
33314
34785
33774
31486
31418
36127
29596
28637
36365
29145
36862
33786
30594
32242
30639
31824
31405
35500
32192
33634
29565
33547
36462
35448
34653
30489
32607
35393
32534
28298
32940
32396
35920
29150
33413
31135
28123
28782
29679
29626
31013
33458
36650
28793
32429
28034
33407
36226
36902
30780
30115
36363
31242
36379
30717
33632
36817
35997
36825
30209
28621
35715
33824
28992
33970
36678
31238
31189
30415
36878
32779
28168
28239
36709
33420
36601
36055
35890
29847
30182
35655
36576
28515
36018
35829
36804
28424
29783
30509
34433
35289
30764
28083
30080
36959
28213
36518
36501
36937
36002
28424
28244
36847
32155
28449
36818
36884
29609
31477
35177
28286
36541
29361
32946
32609
28484
30894
31976
28162
33240
34363
34469
32948
28100
29972
36543
33270
33891
29466
36819
30074
28168
34208
28247
28139
33551
36519
35681
34639
36850
35138
31926
30925
30272
28672
28674
28234
32460
36475
28420
35519
30196
35780
35440
33197
32191
28088
35282
29204
36555
35529
32387
28267
31501
33480
34378
28624
29012
36642
32815
28637
31228
33548
35755
28191
33359
30608
35391
35584
31209
30644
35467
32137
36770
28347
28566
35447
30441
33556
36649
28150
34500
35433
31572
31958
36792
28124
33163
34526
36917
29712
28972
36663
32542
31165
37107
32470
28341
31133
28286
35663
31694
34839
35955
33089
35959
28019
36681
33310
36916
29148
33669
34667
36954
28005
36046
36798
28129
30106
36813
35442
32721
28125
29010
33968
36761
35415
32439
30792
33268
32052
28468
35860
28700
36993
34594
31846
28241
27958
34719
32460
30550
31947
34898
31383
29469
33887
37006
35831
29450
36640
28766
36061
36397
29561
33023
29494
35341
32497
33115
28152
35335
31472
32179
33089
33738
36602
33937
33238
34274
37016
33330
31898
31623
28969
33997
35235
33441
28979
33517
34062
36464
36444
32302
36058
32551
35164
29698
32723
36661
36734
36022
36791
34461
35087
28723
36875
32076
36458
34542
28257
28035
35513
33412
36088
35384
33775
28138
36088
29218
36454
33748
29339
29326
29725
32515
31033
32230
32741
29419
29721
29236
36779
36860
35358
30528
34029
30905
28615
30040
34173
36600
28239
36094
35116
29142
36755
32746
33102
29019
30615
36817
31686
36835
36804
35812
28274
35187
36297
36202
36683
31681
34077
35491
35677
32543
36244
28342
32921
34818
30188
28303
37071
35444
34578
28073
36231
29198
28697
29982
34597
32958
29542
36245
30031
30091
35428
36954
28524
28290
28291
29362
31021
32455
35390
30874
35793
36810
35293
36120
29787
33596
34516
35988
35234
35357
36935
36506
36765
36238
34915
29751
28963
28014
34439
33156
28814
30194
31610
33758
30014
36916
32534
28226
37080
29377
32609
30773
29273
35859
35913
35961
32235
35754
28206
35490
30255
36503
28589
28539
28915
29191
36748
36905
32544
34963
27995
35379
28576
36700
32856
36582
35665
34450
36705
36787
35870
28971
33655
34894
33468
28812
34690
36726
33292
31180
34945
30502
34270
30813
33143
31143
29285
34109
32684
34316
34994
32164
29461
30865
28919
32032
30942
36777
28394
33647
33036
28006
35507
29918
28320
34117
36802
28420
33247
36475
36809
34070
28252
28208
30011
35051
29953
31491
31232
32458
28162
35559
28584
29715
28729
33426
28290
32514
29907
29486
28038
28888
32560
28397
27928
30414
29183
36511
36813
35898
34028
29215
28069
33320
33282
36938
33863
31918
29685
28076
36745
29003
28798
29601
36048
33894
34073
36548
30303
36779
28593
35509
33268
29235
28290
31044
28469
28156
33557
28525
29564
32078
31171
31269
31943
30243
36704
29895
36310
31021
30159
35987
28013
31838
28681
31826
28357
28134
34329
31715
36024
35161
28406
36725
28722
36705
36992
32461
36251
32853
36560
32540
28740
29874
35992
31496
32732
36236
35199
28290
28551
32444
35493
28134
29797
36575
36126
31197
28199
32247
31554
32458
29775
30261
28322
33118
28063
28078
32786
28311
28341
36717
28581
31926
36652
30190
35637
33612
34989
36167
29596
28805
30530
30412
34968
28709
33703
33264
34993
34265
35364
33048
29254
31014
30685
29584
36806
28786
36680
32318
28353
28208
30176
31678
32995
31043
29382
36705
35335
34427
28199
28427
29659
29601
30004
29631
31240
28271
36373
33206
36775
28280
31478
36349
28212
31579
34990
32043
35323
34851
28188
31996
29554
32804
32205
34506
35250
30617
36417
34917
30891
33245
30445
33496
30653
28512
28530
36048
30912
36006
30570
33251
32678
31153
36674
28378
34198
31619
36387
32544
32617
35823
36548
34440
30864
29405
35633
33198
28216
34871
32064
28201
29719
35245
32395
33975
28411
34150
32893
30214
35507
36071
29403
34189
31032
35563
29010
36640
31111
32073
33137
35195
36228
29061
35802
34475
30162
28439
31461
36664
28964
33990
31284
36600
31060
35326
28669
29167
35904
36113
37067
28033
28554
36595
33289
29002
33178
30118
33734
36516
30003
29176
35525
30521
32558
28508
30138
29111
35895
31418
36676
32468
32688
35191
36695
32907
33108
36333
35293
34473
32790
28119
28213
31660
33796
30761
33456
36755
37082
28633
30657
35496
36101
31004
35967
36363
29025
36491
35874
28684
34087
30798
34314
30775
29422
36755
36325
36445
28303
36610
28514
36814
32627
28186
29918
35650
28144
31009
30762
32944
34452
35704
36757
28677
31209
29401
29194
34702
35578
34464
29297
29434
32680
35731
32455
36146
28656
33548
30623
35683
32452
29635
33712
34485
28634
34592
33345
35729
36632
36965
33453
29884
33853
36528
29916
28941
35711
30238
30329
35953
34867
33053
35079
36859
36395
28329
28999
33744
28229
32851
29968
36699
33057
31634
28830
32684
30663
37015
29407
29504
34737
36734
34156
30565
33802
35923
30155
31664
32646
35213
32017
35675
33184
30270
30537
28232
36470
34764
32744
29809
30581
34679
34588
29326
36028
28360
31926
30490
33968
31269
36157
29257
29873
28597
35301
28594
32869
30447
32074
36650
31916
28046
32357
36294
32859
35343
28424
28158
36605
35847
29254
34984
36883
35662
32736
31592
28185
36933
28560
32776
31562
32953
36881
32606
35595
29425
33889
36963
34538
28164
28475
35875
28963
34599
36535
35048
28989
35921
35854
35768
35560
28066
33485
36735
28114
34257
28163
35087
29871
35474
32798
28552
30791
29474
36038
32393
36962
34183
35015
31430
36829
33720
29419
33933
28675
36906
30029
33685
35925
28711
28672
36744
28274
29050
30480
35861
31493
28939
35690
28272
36756
28654
31615
29499
32918
36271
31995
31889
35799
36750
29150
34019
36776
36408
36852
33143
28482
32986
28124
34171
33882
28547
36762
30988
35910
28754
34112
36873
34123
28146
28187
36439
30115
30505
30131
36719
32732
33975
30494
33861
31674
30205
28533
28123
34564
35082
29183
34543
30837
31413
32813
30865
32027
34604
29020
29068
31040
31581
36814
28098
29228
28722
30054
36932
33684
30288
35063
36566
30542
35206
30782
32204
28180
32726
28893
30407
31025
36769
35768
28198
35308
32671
32287
33394
30753
28699
31325
33144
28511
31784
31694
28158
33950
36905
33316
35363
34678
30089
28242
30241
36330
28663
36724
35962
36487
28158
28181
31071
32124
29010
35429
29464
33339
28199
28403
36762
36497
36767
28368
30792
34044
28940
28092
32621
28219
28565
36118
32493
36547
30894
36900
28275
33796
28703
28286
36726
29508
36335
35908
34583
28460
29875
30800
36770
30761
36587
35796
32918
35916
28718
28562
34671
36429
29911
34020
36707
29145
36498
36648
36456
32902
30240
28455
29133
36659
31645
36807
34091
30537
29173
30777
36732
32128
35589
33890
36546
30961
28569
33009
34265
36438
31056
35788
30496
29446
34055
28504
28401
28409
30035
29227
36255
36238
36676
36795
35323
32822
28876
28548
31461
28271
34664
33851
34773
28164
35921
29497
29093
36179
35227
29934
35351
30111
28268
36265
36623
28858
31045
34259
36931
34740
33776
29526
30037
31470
36326
33241
28709
36966
28213
31979
34650
30888
34221
30430
28255
33924
35716
30687
36586
28940
28282
34875
28211
28132
36267
29142
29719
36477
31459
32244
33033
32437
31522
36189
28633
34481
33473
28371
30440
28786
36862
33829
28473
28592
31065
28154
34999
28601
29029
29141
36360
28743
34058
36951
28388
32266
36959
28662
36893
28130
36760
28884
32993
28343
34532
28321
35720
35758
36239
32636
33753
33265
28319
28262
31143
30351
34048
32220
36553
28339
36683
36586
34244
36029
31038
36144
31800
28496
36965
37022
29178
30457
36518
28835
33114
36536
28409
34361
33467
33314
33955
32697
30784
35368
33624
37009
33670
33710
30993
30355
35541
36606
36119
34304
36686
35909
36207
30324
31363
36245
35818
36619
28272
34824
35419
32390
36503
35826
36579
28829
28275
36955
34226
28425
36500
36199
31155
30190
33822
36852
28853
33544
28634
33187
36495
36764
31929
29392
32301
31284
35490
36796
30223
29732
34936
36571
36746
32634
33991
28049
34468
36690
34362
36451
36775
29944
36799
28633
28419
36149
28845
28739
28552
29050
31417
36868
32782
28403
30216
28436
29476
36367
32849
29640
34444
28317
32018
36083
32410
32053
34435
35440
31450
34388
35818
32415
29843
31144
29997
33087
28248
28992
29402
29203
28227
36249
28412
36565
36531
36858
36573
28459
34920
36576
28927
30459
31996
34403
30442
35089
37008
33919
36610
36596
30877
29055
28491
29097
36852
28087
28409
35901
28260
36440
34685
36391
33719
36222
37018
33124
30954
29527
29821
28379
29561
36493
29743
36496
36861
34878
30262
31281
31014
36795
29712
32291
36726
36116
30466
36305
36510
28846
36012
35227
36927
36720
33870
28794
30328
28357
30788
30092
29344
36410
33167
36940
33167
28379
35556
28340
35590
31411
35562
34887
34980
36218
36457
36572
28376
28223
35589
36880
29144
28233
28752
36593
27971
29684
32451
32451
32451
32451
32451
32451
32451
32451
32451
32451
32451
32451
32451
32451
32451
32451
32451
32451
32451
32451
32451
32451
32451
32451
32451
