9884
30849
35972
28717
31128
31576
31300
31708
30687
32531
29964
31196
29135
28627
30131
35303
28434
28167
29310
28442
28226
36426
31640
32086
32260
28543
28754
31646
36864
34226
33899
28223
29353
28888
31534
36312
33593
29514
37054
36112
28242
29114
29553
28518
28297
37021
30294
36828
34089
29889
32581
28111
36387
36259
33203
36891
36134
34260
36245
32662
29619
32566
34290
29843
36118
33560
28527
29237
32071
36590
31874
35770
36192
36305
28227
34590
32204
31718
28145
28286
36526
29725
32188
34574
28294
36499
36997
28186
28504
35714
34797
29326
29494
36564
29741
31786
36505
31693
28946
33440
34065
29031
34836
33438
33044
36356
33802
28764
33060
30950
30046
28047
28294
29697
33560
36557
28690
28574
29153
33179
37033
29171
32783
35963
36535
30647
33862
32736
32361
29943
28274
30065
33021
37077
36993
28419
36937
32011
31209
32188
29034
32237
34099
36516
36888
36931
36945
35921
33730
36639
33927
36649
36678
36740
36207
28364
35693
29564
35049
36627
32035
34853
36638
37047
35581
30504
28613
34136
34555
36864
33857
34799
28604
32061
35850
31014
30970
36417
34711
36893
30324
36610
36207
35138
33608
28339
36482
31701
36411
28599
35906
35112
34373
31325
36837
34615
34326
32203
31215
28607
34941
30084
32452
29185
36948
28472
32087
36383
36849
36828
28128
33937
30481
28494
36483
35117
33877
33614
32886
34549
36888
35317
35925
36512
35042
35868
31142
33788
35599
29014
35553
35799
34722
37030
28716
29108
32555
28491
29101
32709
28783
31092
28710
35149
35312
35434
32005
34752
35678
34947
29095
34913
36453
28270
31667
34456
30551
33497
36024
34610
37196
30816
36215
32930
36838
36270
32437
35255
36772
34762
33855
34209
28200
35320
34296
36621
33545
30653
31833
31466
33841
36605
32562
30685
32711
28418
28391
35437
30458
28488
29356
28936
31746
31892
34596
33505
34407
29522
28152
35341
33275
28610
30169
36240
29958
35459
34784
34135
36955
33873
31647
30625
35105
29799
28264
31551
32894
35287
28764
29102
28269
35903
29614
28223
32981
28138
28248
32072
35332
34249
33297
32607
29632
28385
35917
32367
31851
28315
28420
28914
28852
29875
34188
36244
29001
36213
31861
36966
29118
36282
30711
36265
34108
29800
30037
30125
31182
35065
34605
36438
35023
29591
36157
36620
34576
28312
36984
35976
36633
35575
28868
31609
33521
28342
29319
28748
34906
29171
29684
28691
29120
34411
32942
29776
36183
30049
35988
30937
33094
36481
28874
30365
30137
33739
33089
31698
31597
35259
32862
35879
29672
34554
36791
28229
33733
29193
36895
36614
35539
28193
37056
33004
33808
32054
33578
31456
36012
34190
29208
32718
34855
29527
29255
31082
31608
29775
33235
28336
28827
36893
28285
30913
35514
31355
33922
30374
30176
28245
35637
33429
36543
28221
34472
36203
34905
28666
28982
28391
37134
29389
36840
30975
29177
29104
36943
36676
35630
36355
36604
31058
36955
35589
33041
30400
34036
28567
28619
28439
28082
31716
34038
28866
28884
28986
36528
31261
36730
29005
29284
36288
31823
29371
30356
29152
29409
28197
28984
29421
31062
29670
35246
33403
28427
31814
36582
30456
28259
28560
33698
35819
28449
35313
36026
29449
33142
35793
36594
35582
36935
29596
36345
36776
28240
34685
29978
36650
31417
28241
30460
29673
35155
35745
36296
28171
28585
36972
31119
36329
36817
36715
29771
30974
35758
36293
28652
29580
30303
30359
29305
36994
36786
28941
30073
28907
29587
36649
36239
34940
36713
28355
32914
34078
28580
31894
28359
28096
28370
29281
35646
36665
32960
33841
36085
34569
28975
31330
28145
36840
32982
31819
30363
33098
28608
36185
31461
30930
29008
30132
36951
32655
28472
29832
28450
33295
29400
36636
28215
29700
31486
31810
31850
28359
33590
35067
35100
37016
35457
29076
32537
36734
34100
34921
28926
36480
32713
35387
36038
36583
36777
35936
32079
36441
28716
33062
28924
33919
30598
28853
33006
35413
36050
28386
31743
28324
28351
36740
34737
28988
36832
32047
32032
35109
34586
29869
28136
35949
28380
35199
34495
28265
28428
28384
29484
34572
35094
28247
28996
36807
33585
28619
35974
35879
36714
31368
31716
28451
34674
37026
35604
28268
28246
32821
36652
33680
28462
31197
28391
32750
35975
28592
33991
36605
33581
34820
30069
28083
36913
36776
33342
29033
28164
30566
37050
34692
33691
29308
36065
35904
36582
29766
31549
36739
34101
36225
33114
31978
28238
28286
29702
36805
32748
35898
32839
36805
30117
36822
32145
29760
32201
31724
28158
28805
31696
34591
34053
35548
28274
36663
35169
36935
36029
36810
36181
32031
28342
28258
29046
35021
30624
36069
31384
28708
29165
31734
35032
31058
31105
34062
35152
33435
30546
36452
36690
36828
34476
36829
28141
28775
30259
31838
29869
28308
30178
36916
29874
31608
34944
34389
34805
29447
28855
31543
28232
36724
28647
29058
31486
33195
32307
31370
35735
29059
31862
31222
28287
28738
34762
30103
35190
32850
30363
30013
28411
36129
28323
28255
28898
28387
36815
31157
32511
33714
35707
28423
36116
33676
31311
36031
35992
28139
34264
34315
28600
37002
29884
28409
35045
32768
28729
35780
30647
35239
36827
36360
33055
30049
35103
35059
29217
36716
34135
28747
32813
35359
28441
30486
31308
34210
29219
36451
28970
28889
28440
37030
30921
34319
36099
28392
35711
33682
32848
34710
28140
29480
36093
33724
36804
36814
28810
32912
32072
33933
29192
36403
36666
31714
33742
35287
36910
36711
29751
28500
28919
29006
32222
29046
31195
28154
32755
36987
33141
34297
34916
36915
32257
36115
30424
36145
30529
29339
29884
36696
34744
29870
28764
30843
28509
28215
29555
29784
33635
30952
28168
28228
28612
35588
28742
30513
37034
36228
31309
30458
34909
29105
32361
34479
36766
35569
30412
29541
36766
36610
36697
28806
31234
28416
36897
35063
35164
30345
31201
28301
28238
34874
30308
34189
28933
34539
36202
31463
28838
32756
36966
28660
28416
31968
35197
33273
28628
31948
36311
33578
30826
29901
29848
28118
33524
30342
31971
31898
33669
29175
36552
35186
36034
28399
29332
32723
35634
28309
30014
29276
35553
32919
34891
28182
32699
31113
31368
28319
28304
32806
29545
34587
36021
36671
35684
35336
37053
36831
30517
35066
36867
29153
30223
30006
31086
36067
32570
34748
35390
36769
35959
34595
31339
31649
36924
36837
28474
29221
35304
36783
33206
36611
36967
36936
30811
28611
33770
28825
33090
32675
36604
34970
33060
34023
35885
35056
30582
28205
35502
36996
35079
36308
36509
35154
28464
29917
33251
32625
32627
36309
35410
32961
28635
36356
29160
31309
33517
30780
36432
30610
36709
28751
36201
29229
36460
35745
34501
35825
33084
35533
31473
31305
36330
29620
28502
34887
32265
32949
35201
36495
28642
37170
28994
36926
28192
30990
31521
32888
29791
36108
29367
36470
32471
29490
33481
33580
28342
30930
35713
36804
29968
35751
36342
29870
29366
28350
28360
28160
30218
34226
36456
31892
28670
34623
29373
35109
28287
35401
36585
34115
31775
30166
28832
32954
36850
30984
32985
29408
34055
30885
31103
28390
29862
34003
35057
29796
28982
28814
35880
35875
35840
31143
36829
32686
30981
28354
35364
35580
32582
32497
37013
29333
33542
29724
34103
32109
28228
28289
32549
36328
30501
32321
33420
33735
36811
28775
33595
37028
36441
33677
28317
35340
36663
28450
29415
36426
28326
36990
36466
29526
29077
33999
28288
28509
35834
30224
30787
28397
30876
31961
29076
36223
32711
28483
34925
28988
31420
35353
36920
36630
32375
28216
28704
33670
35520
29835
30272
36015
36769
31047
31674
31669
30742
28152
30561
35142
29342
28192
36286
28346
36372
31064
36154
32762
34685
35633
36817
33663
28293
29359
30270
28937
34039
31484
33097
31447
33271
28579
28606
31370
34306
30767
35793
37037
32045
30224
28508
36015
37130
36876
35204
36237
30245
34046
36953
31698
33486
30156
31269
32454
36698
31102
31878
28753
28526
30574
30485
34575
36674
28410
33562
28989
28152
36961
35581
32801
36926
34168
31672
36572
35311
31911
36534
36507
35275
34725
32355
28171
29993
34475
36379
36851
37004
36275
37049
28187
35519
36719
29043
35492
36760
29381
28681
30618
34347
35476
36190
33151
35650
29015
30870
36891
31301
28486
34085
36437
30689
32591
33814
36238
32310
35903
33586
35327
33916
36139
36504
35711
36980
36968
29550
30010
36723
32153
32533
32028
32305
29587
31947
30131
28888
28667
28873
32368
31371
33889
31605
28275
36787
34793
28602
30920
36504
31149
30395
34264
28264
29774
30664
36849
29781
36174
36233
36512
36919
36276
28693
33049
30618
33266
34642
32465
28251
36590
31206
29249
30014
34010
28115
32982
34194
30784
36868
36057
36662
29892
30345
28357
32809
35849
30784
33470
30726
28824
36320
33268
30583
34367
34365
28449
31666
37042
29367
35156
28401
35271
36203
28388
28511
28577
36766
36943
32031
28458
30245
29726
29948
28339
30887
35231
28885
28380
28608
35113
33966
35071
34563
37067
32585
28765
30138
35382
29602
36901
34177
33320
33985
36337
33443
36890
36786
37105
36540
31987
36704
36879
31564
36990
30303
32637
36465
32358
28310
30679
36927
29433
29678
32253
28226
31740
34622
28249
28975
28775
37003
33222
28732
30379
32662
30604
34243
36857
33485
36534
28080
36689
34626
28111
36877
36515
29383
28325
34960
35205
33853
32784
32604
36494
28376
28166
28266
33830
35488
29828
32457
34707
32482
30582
35648
30220
35892
29227
29580
36736
36727
30618
28518
31159
32599
36498
33689
28243
31790
28341
36900
35196
32431
28399
36972
28926
35647
37243
28189
35555
28675
31229
33088
33771
28252
28465
33529
33320
29437
35957
28391
31642
28795
34919
36690
28639
33866
31826
28803
30051
36411
33180
35863
28308
28417
30049
34803
34815
31759
36531
28420
34024
35325
34211
31587
33396
33313
31429
33780
36876
29559
30273
35067
33496
29604
36747
33064
36631
34408
29244
36219
35934
36905
29681
29723
36597
29488
36683
35102
35345
34813
36612
37041
31947
34393
36521
32564
36734
33462
34569
33286
32246
29078
35081
29459
35709
34437
32473
36705
35435
34454
36640
30452
28324
32617
28143
36043
29325
34414
33896
30708
28234
30602
30019
34945
35145
36087
28190
36903
29109
32003
28229
35819
35465
30353
29971
29683
28497
36638
35918
31773
28924
28421
34411
33690
34561
30268
29915
34670
28914
35773
28369
32473
32084
34716
30737
28461
33910
28323
36544
35199
28389
29533
36165
31294
35265
34177
29435
32137
34878
35755
28743
36350
31166
32230
28717
28500
35649
36264
32714
28421
30742
35279
32596
36867
34042
28691
30664
33323
28833
32440
31162
34792
29404
34852
35342
35000
33947
28137
36153
36636
29852
28967
28317
34055
30643
34320
33461
28240
31632
36901
33372
29226
35836
33006
28729
35140
28493
32186
31726
29715
37028
28393
28284
35648
35377
29039
30913
32790
32194
36528
29698
34579
35290
31106
28328
33570
32462
32654
30683
29246
36478
36841
28406
34863
32792
36884
36745
36998
28632
35548
31678
29665
36464
33099
35326
35180
36453
36187
28458
34605
36177
28389
30934
32621
32237
35093
36200
28961
30808
28697
36405
32212
30336
34721
28647
28742
31056
33061
28187
28870
36881
28187
36311
29415
35071
29795
30528
31376
35340
35358
33784
36539
36331
29112
32966
36623
35618
31979
36941
28875
29324
35243
36150
35133
28158
30447
35771
36975
33003
35234
36384
35120
30948
35304
29278
36832
33426
29828
31520
28931
32129
31619
35473
32722
31447
30652
34537
28347
32639
36876
31100
31211
28364
35581
28094
31355
36464
28709
35024
30243
33166
33336
28305
36494
37028
30105
36457
36728
36147
29726
36200
32522
36441
30302
35138
28407
36665
36699
34153
28650
30303
28081
28851
36822
32389
30910
36896
33711
31960
35225
36769
36836
32325
35837
36880
33902
28649
31338
37140
31170
33117
35535
31155
31040
30405
29142
36466
29251
34873
34326
31058
36669
28828
36808
34032
36948
35177
30575
31549
29380
29087
32061
34312
28319
32916
37015
36527
36687
31095
28962
34294
34022
32183
28597
34216
28411
34856
29379
36817
36743
29266
28148
35828
35956
30093
35018
28260
31711
36862
28288
29640
36743
36109
29701
32641
29369
29975
28282
30898
28355
35000
36054
36310
35133
33158
29673
32127
28863
28292
34621
33683
28213
28525
34691
29530
36162
32472
28722
35401
28859
28393
34417
28287
29151
31308
34150
36853
33217
35511
30444
29734
36765
28735
28565
33001
36969
28392
31644
32659
32315
35945
28692
36713
32944
31499
29695
37086
32475
34054
36297
36898
34549
36393
34312
34526
36394
30331
36701
31312
32013
28590
32563
36862
29071
36349
31070
28316
31655
29851
36882
35382
36751
32650
36909
32357
36602
36465
33122
36920
28262
36858
36857
36271
28629
36050
32228
35952
36763
34739
28115
29784
32472
33162
30436
31725
36466
34054
29601
30657
35973
29235
29862
35444
29579
36944
30825
28125
31327
36516
36569
36613
35326
36848
34914
35172
29683
29254
35202
29047
36720
33701
30937
30964
30487
36606
33557
29386
33291
36077
36817
30004
36622
34691
36840
36272
28818
37065
32908
28516
37049
32928
34072
28575
35223
36947
36402
28699
28187
35035
35835
36553
29388
33533
28870
35363
31914
36902
33014
36912
28548
29498
31006
28198
34569
28542
31320
28201
28323
36826
35489
30412
36173
36972
36746
33253
34296
29959
29305
36877
34969
31508
36309
37052
32610
33183
31587
31509
32775
31475
33132
29098
36228
28908
30217
34670
32251
28359
32110
36085
31882
36828
34925
30526
28373
29687
36827
36551
35191
31248
36775
35704
28823
28863
35957
30635
30515
34324
36198
36111
36597
32140
36289
36581
36915
29460
31552
29278
33483
29486
36632
32889
34005
32610
30764
28188
35537
36711
36201
30229
32052
35678
30047
28348
33062
35652
29960
32805
30351
33212
31836
35618
36024
29870
30991
32949
28252
36464
35207
34900
37047
34027
32864
32337
36208
28690
36499
33400
28231
29169
36095
34417
34200
36952
28852
28356
33498
28831
30082
28306
31885
28542
31018
28279
31636
31842
29077
36130
36963
34757
30803
35925
29804
29773
36632
36948
30129
36883
34638
36872
36457
28600
34098
37042
36159
32353
35469
28890
33762
34818
36821
31337
31009
31346
37103
28268
28357
34384
28278
32408
35028
28672
32519
35073
36886
36872
28332
36934
35223
31646
31037
33351
33429
36052
34229
32115
30459
36352
28313
32409
32358
32480
37199
30051
28274
28826
34302
36267
28890
35845
35500
30730
28306
29776
35757
33551
34427
35710
32154
28968
33829
34206
35345
36001
29407
32900
33616
29851
31463
30567
30306
28306
32699
29326
35186
36732
34465
36377
28863
35992
35194
30438
30023
34851
31764
29890
28001
36893
36658
34661
33333
35907
34698
33722
36882
28711
35379
34300
36482
36794
30603
36527
33262
35853
35704
28272
34071
29098
29580
28997
31669
29285
30307
28104
36786
28191
30581
35273
30905
30572
32817
31739
28264
35612
34975
28134
28389
36177
32555
30704
35019
29505
28300
36621
36374
33499
28210
31711
31429
28228
28915
30306
37040
36624
28714
33764
35441
36443
36491
28253
33929
28554
33193
34487
36079
32879
30529
28114
36558
31881
29555
35076
32600
35400
36973
34821
28735
30692
31818
28881
33512
35193
36880
29501
30636
34890
36720
29887
36660
33643
30609
31447
33168
35006
32396
30528
33425
36882
29444
28603
36239
29963
29119
36912
29489
34051
35918
32078
32248
36688
29159
36963
28445
36438
34354
36237
29485
28253
28863
36894
35096
33120
29034
36113
31184
28403
33105
28108
30531
32981
29176
36847
29038
30206
36179
31014
35497
28345
36404
36322
33778
33120
28206
28256
28488
36850
29431
28866
34236
32054
36358
34834
30553
36283
34396
31334
33079
28187
33914
37003
36401
34058
29047
31765
28707
28595
34468
33910
28505
32243
31013
34844
37089
29366
29484
28683
33797
28260
33338
31235
36570
36860
36785
36841
36974
28390
36987
31521
33527
31665
32353
36695
29161
28505
32519
35356
28439
29834
31614
32810
28280
31147
35196
31682
33865
36431
32436
29076
28304
37159
31410
28151
28743
34152
34353
36866
33271
36477
36835
36824
30929
28434
32513
35837
34813
28789
35181
32644
36648
29512
29311
36883
28607
32964
37107
35621
36516
35299
36064
35789
35829
33205
31764
31987
36497
31776
29799
33972
30582
32389
35653
36778
31981
36108
30774
33470
36430
29033
31685
36923
33971
33896
29678
31222
28261
34680
36198
30351
28719
28292
36652
36627
36611
36089
32882
28447
37030
31535
35100
28172
32356
30058
30320
28111
32474
35718
28810
32251
36430
32717
32034
36647
28124
36629
29851
34203
29426
31203
34560
35676
29850
32793
30436
28122
29888
31655
31613
34829
28248
31531
30155
35212
29131
29014
31038
36105
36503
35353
32698
30966
36261
36383
35550
30513
36690
31046
35512
28700
33493
36977
35843
33248
36527
28357
34904
28509
31234
36485
35277
35889
28455
34698
36540
35951
29108
33648
34727
35205
35043
31232
34905
35941
37158
28570
34346
36170
28219
28290
32529
30893
28596
30845
32801
29543
33008
35174
36408
35507
34194
30928
28418
35714
29800
32304
33418
34658
33168
30767
30840
36803
29935
33802
36757
36743
35938
36787
35102
30703
31310
29703
36288
28280
34903
28694
29556
36812
35032
35202
35266
33200
36902
31411
29967
36065
33036
36159
31744
35315
35264
36134
33359
31159
34408
35791
36350
34092
28391
31125
36191
35240
37079
29415
36630
36941
31684
33259
31782
35188
33336
31930
31913
30363
35445
35564
35952
29810
35170
32812
36906
36986
30750
31288
36339
29946
36548
37204
30373
30275
33312
33847
31427
37045
33647
30055
31667
28636
29379
29098
29839
28443
28235
33842
29826
36773
28414
36565
36422
31593
29315
33107
32900
36142
29292
36847
30418
34338
35727
36831
28345
33784
36787
36333
35302
37070
33854
28951
33644
31434
32294
36132
31859
28348
28529
29813
36730
34976
32109
29693
36614
36405
28768
35290
36621
33764
36272
36029
29748
36245
28669
28526
34019
31139
29811
28437
30617
36449
35109
28437
28468
28813
30860
28379
36733
30392
34652
34827
29591
35577
36271
34124
36956
28629
31521
30762
36567
30807
31419
36594
36398
31060
33550
34718
36943
32169
35603
29955
34360
29690
34682
28301
30207
31926
36558
30050
36478
35538
32693
33516
36779
30961
28268
36361
35655
31567
29980
34455
33763
35682
28468
35298
35653
30225
28352
33293
35388
28350
32113
36766
36549
33860
35815
28194
29621
32585
30635
33167
37096
33751
34721
28707
34891
35390
32693
36853
36883
32582
28598
34282
28176
29617
34219
36845
36298
32994
31744
28492
35565
36503
32914
28639
28135
36597
32145
36985
36615
32875
34537
31742
30051
29782
28300
33145
28483
36382
36764
37034
29847
32668
29808
35255
28899
30622
29614
36442
34732
34813
28136
29709
28804
33375
31999
32363
33316
31478
32683
32292
28577
33898
28402
29375
34735
28242
28190
33183
29848
34232
33521
34102
36903
35919
31596
31885
33988
30648
35491
29313
30356
36886
30299
29010
31760
31375
33263
31561
35934
29510
36120
32587
36636
29851
29021
30182
36731
36832
34129
33542
35066
34655
28336
30768
32651
36769
32290
31841
33892
28843
30038
35036
36973
31129
28197
31181
30826
30427
36760
32988
35765
35071
31723
36257
28561
28399
35329
35688
28195
30290
28585
35797
34912
29584
29365
32549
31721
31984
36848
29538
29144
31294
32295
28702
28352
32456
36923
29959
35278
36809
37148
35513
36747
32981
33158
28787
29535
28388
32570
35354
30492
30471
30634
36110
36722
29047
29913
35149
32358
37016
28730
34671
32361
33333
36899
36172
28514
28394
30572
36796
33791
32284
30068
30474
37022
36813
28360
33876
36289
37093
29317
28174
31658
28870
32791
30445
32738
29486
36981
33275
31993
35337
28298
28135
36313
36952
28633
30372
30074
32828
29344
28430
36783
36574
34907
34812
34138
36872
29920
35426
32846
36311
36747
36563
35445
37005
33462
34118
31293
37074
30527
28292
32794
35350
28777
35793
35032
36919
28439
28770
32776
33183
36474
34428
28511
36870
28452
36303
32427
28575
28296
36173
37005
32928
33868
34314
28657
29665
30937
32917
35338
36540
30498
35744
35753
30615
35085
32551
35365
28282
30249
33573
35037
33237
31167
36920
35915
30203
33415
35147
31716
29786
28391
30051
31205
36894
28338
29687
35897
35411
28162
36787
34208
36872
36622
28209
28585
35188
29503
30402
35214
34223
34644
32980
28373
28806
28550
34801
35903
30387
33282
35109
33100
32914
30243
36754
31375
37003
28211
28347
33592
28302
35904
36881
36903
29406
28662
35637
31010
32599
34988
29511
34632
34823
28400
36133
36126
28243
28744
37012
32901
28311
31873
31299
31345
32379
36824
32033
30451
33698
30835
30272
28129
31983
36391
30030
36143
35334
33246
28276
35712
36081
36567
31938
35167
33934
36475
31119
28582
28287
28459
30158
34803
31230
29597
28030
34727
35129
29324
28351
34907
35168
34715
35079
35040
28523
37020
37006
34757
36467
31111
30341
29875
28654
28147
33076
31241
34400
31140
29194
36773
36176
33824
35599
36326
29809
30146
28277
34614
28833
31817
28253
36845
36792
36304
36340
28236
28323
36816
32810
32766
35471
32450
36836
36947
30082
30950
30840
32413
36759
31234
33863
29999
33010
31756
36619
32823
33033
28374
28765
35512
29526
29127
36378
28243
30969
34574
36079
28646
36791
36533
36987
35594
36844
36398
28231
28279
36140
29691
28660
29386
31276
30417
30678
36892
28751
34462
29767
28327
36775
28770
31206
35956
28513
31042
32548
28975
28213
28396
35862
28334
36753
29765
30440
29986
28293
29888
36010
30127
36421
30284
30466
32468
34001
37033
29214
32057
34633
34803
29725
36566
29164
33984
36665
33342
34742
35912
36841
34886
34540
37069
32097
36653
36859
36903
28213
32391
35236
32162
36278
35512
32265
36904
31942
29126
29138
30111
29615
30524
28727
34068
33992
33170
36354
30272
35260
29142
28566
36912
34757
34608
29288
30303
31853
28597
34402
28455
28187
31391
28196
35724
35332
29083
36849
30331
36741
32444
32272
35537
32258
34941
31328
32964
36712
36312
28528
36625
28086
36587
36802
31509
36603
31347
35257
36888
36272
28545
36684
30961
31127
35690
36695
35432
34024
37118
34100
33190
30171
30677
36542
34278
28523
35082
32580
33013
34437
28400
33651
30417
34187
34407
34598
28265
36981
34160
36979
33819
28600
28366
35281
28267
31115
35194
36573
35243
28692
28592
33880
31305
29983
36364
28348
28236
36103
32834
35371
31600
32716
33003
28220
28583
28445
28545
35755
28456
36740
28634
28381
36352
34218
29437
30707
35989
35843
36548
28230
33909
33062
29090
35403
33542
35451
34345
29913
28728
34779
34530
29576
32975
28514
33396
36747
30755
36789
36392
34078
35217
31500
28863
33764
29477
32395
31091
33261
33750
32192
36465
30093
34406
32127
30324
29457
32128
30486
34026
34357
37032
31157
29961
32471
28999
35804
35690
28653
34094
33886
31723
33208
36748
31515
33592
28988
36671
36984
28289
28410
32338
36469
33852
32261
32801
31930
37012
29010
36431
36041
30694
28505
30288
29862
30971
32125
32178
34654
28687
35058
29659
36995
30671
35988
30991
35933
34119
32016
29171
29546
34609
28211
29325
36854
30216
36935
34480
29025
35528
36338
33570
29768
28306
28355
28760
31368
31796
36899
32283
28722
36555
32146
30375
31446
28258
31004
29478
37056
29599
34077
36760
28020
31406
28451
36544
28383
28269
34105
29708
35685
33352
36551
36557
35153
36875
29025
28439
32923
28805
36786
35664
31242
35263
31422
35170
34530
33264
28916
34689
32078
34986
30478
28338
34381
28856
30242
30894
32401
35682
29563
28880
30592
29489
36518
30678
28492
30465
36131
28722
36465
32386
33732
29139
29595
32701
29254
29946
34144
29199
36839
35484
36488
36453
31116
32177
28966
34813
32888
32858
36685
28539
29057
28558
35939
36666
33291
36855
28249
29349
28105
34875
28899
30778
33652
28095
32168
32874
36390
31605
28106
31699
29767
29298
36697
36962
28370
35540
36464
29950
30865
33354
34390
34528
35372
30604
34388
31061
36844
32967
33376
35197
30013
33112
36614
36111
36355
35070
32343
32444
33138
32503
35802
32820
28801
29926
33785
36125
28412
28240
35165
28311
36255
36177
35448
36645
36433
34425
37094
36390
28234
31801
29248
36859
28186
36429
29342
33119
36760
36606
34928
31484
34635
31148
30976
28391
29867
36946
35730
36175
36956
28476
31975
28461
29469
36790
34837
36785
36198
37162
36859
36838
30648
29015
28170
33168
36225
32266
28229
34945
31250
35649
36620
30145
33907
28471
34704
36542
36569
30503
29612
31700
30710
36910
30061
30815
28411
34932
36908
36780
35858
33578
36264
36584
32943
29471
34222
36963
35150
31826
31661
31403
30620
30640
36913
28362
36781
29359
32077
31712
35293
36486
28190
32637
28285
34810
35498
29855
35000
30612
34237
36499
28651
30500
29963
31592
35211
35292
34559
30592
28872
32438
35277
31910
35436
36712
33008
28226
28664
28191
28347
32994
34535
35890
36653
30259
36915
30730
34994
28949
32293
36780
32178
29232
34483
29803
34181
30082
35932
30077
30011
31729
30768
28237
30271
28395
35850
28581
34635
31028
30275
28903
29831
28204
35900
28215
32444
30319
36442
33568
29037
30906
36835
34300
31311
28300
31854
30417
28510
36302
30773
33604
29130
28802
33256
35530
34322
32022
31983
28366
31994
31274
34179
33273
34877
36694
36850
31682
33748
28237
29454
28103
29469
34048
30285
36826
32960
36583
36728
28252
37161
30574
30129
30688
30233
32947
28502
31506
36821
30384
31008
28513
30266
36715
28273
29047
33904
28189
36593
30217
29282
29360
36566
31198
31815
28620
31108
31813
29089
36394
35917
36818
30401
34250
37192
36987
34140
34215
34126
36473
30636
28373
30275
36845
36399
37024
32836
31092
28962
28137
36693
29449
28271
36669
30104
34116
36673
34618
28399
30138
31449
36123
29326
28749
28512
28693
36430
36553
32203
36565
28184
31832
30844
37009
35129
36322
28574
36446
35158
28664
36856
29783
35454
33523
33027
30420
36955
35736
31733
30443
29761
34470
33660
32850
30307
35763
34742
31730
29123
30118
31411
29231
30981
33544
36881
28728
32620
36585
34704
36872
33157
29900
28397
35616
28578
28246
32812
35761
31980
36404
29873
34085
36272
35299
34898
30215
30420
31730
33678
29803
32432
30548
36518
30867
33228
28237
36156
36295
35929
35343
30612
29625
29404
30384
28206
34396
36856
28325
35847
36769
33310
28289
34711
28338
36991
28714
35803
36940
36878
33582
29279
36552
34988
36662
36337
36861
33728
33515
36278
29249
31655
28937
34852
33556
33130
28570
31624
36079
31449
31232
28497
28312
29445
31993
29793
29032
28460
28275
36854
28463
36145
28115
35396
35041
28298
29404
34966
28783
28357
35414
28397
28396
30710
35663
28694
28459
28218
31448
32579
28969
29377
29864
32789
28361
35850
32362
33850
31955
28276
36657
28914
34899
35947
29865
35099
34113
31900
36151
28263
31324
29915
30208
29779
36990
28271
36870
30069
36417
29195
29600
32425
28731
29847
34278
36788
33309
36837
30175
34669
36776
37186
30504
35701
35761
35299
29231
34167
34808
28429
31857
28931
33047
36790
36483
36554
35005
28780
34483
36580
28380
32478
36426
32932
34148
36482
35091
30602
29230
34666
30792
28593
32611
33792
34360
32966
31778
31145
36869
34145
35527
31169
34154
37036
36267
28346
35720
36932
36627
31802
36542
34750
30907
30019
33454
36929
28169
28793
28332
31142
29048
35265
33047
28998
36104
35412
36314
34561
32574
36901
36857
28262
28338
30185
29299
35749
35224
30723
35687
28823
32533
33938
32371
30877
28186
35540
33871
35948
30531
36817
28218
29423
30099
33608
29409
33095
36028
30947
37001
28243
28598
30292
35221
36886
31145
36637
36821
28136
31748
31987
36735
36506
29405
30785
28177
35309
32918
33600
29268
28492
37056
35019
37089
35843
31326
36773
36911
33042
32406
29981
31826
36399
33642
35676
32917
30634
30744
28201
31458
36367
31197
33195
28168
28331
30125
29862
28265
29411
28530
35912
34449
34805
34449
28268
32214
36658
35490
29105
35900
35922
28353
36678
33509
30160
28258
34573
31153
33348
34195
36732
32174
34046
28973
35388
36742
28138
35641
36037
35197
34019
31310
33062
36742
28443
36923
28681
34985
34742
28356
33604
33918
36668
28410
36676
36843
30846
28372
36639
35815
34010
37030
29366
36932
34543
30365
29007
28702
28513
32282
30995
29198
32243
33221
33359
32460
36946
37005
36006
36994
33930
31142
36744
33074
29475
35133
36805
28461
29246
29171
31212
32567
36297
35008
32834
28403
28211
28442
34214
31864
32999
30339
28620
28903
32350
35941
36691
28214
35245
32323
28758
28699
35007
29114
33467
34768
36405
33808
28654
34870
36226
33721
29580
28326
32545
31284
34964
34389
36053
28510
31336
35854
33902
36358
29316
28561
36611
33537
30172
35755
31560
29495
36596
36991
36963
28721
33289
28184
35192
28365
33386
28326
32097
36847
28949
36817
34168
36373
36522
33018
32904
34440
28402
34535
28849
31615
28427
36322
36040
31205
28253
30233
29525
36592
34110
29042
35801
37016
34786
36269
35511
30962
29186
28933
35600
33179
30804
33892
28578
36468
31643
28330
36605
30233
28232
32401
30517
33121
29599
28388
30321
30256
32272
34752
29019
36588
36922
36958
32932
28274
28362
31450
28326
30499
35436
35334
33834
30576
31804
32166
36758
33873
30623
36451
29904
30610
31709
29663
30668
32104
28475
28271
28408
36222
37169
29405
36484
32321
30338
34381
32846
34831
31311
31359
34960
28198
28153
34188
33894
36122
34584
28564
35028
36106
28320
28354
31502
32447
31017
32097
28604
36152
33714
36826
28369
28783
35916
30782
36462
31343
36549
33751
33694
36822
30439
31561
36863
29269
28479
28105
35464
35291
33086
35121
28640
36741
35603
32150
35815
28540
35789
36947
36798
31779
35033
30598
36615
32822
36708
29420
28229
33201
36830
29583
35175
34767
30697
31483
33575
28210
35419
34099
33508
28445
32464
34944
28874
28250
35210
29935
29028
35384
36345
36100
36535
31240
28804
28613
31533
35024
31021
34976
36416
32874
31804
34571
28061
32288
36754
36807
33860
30718
34573
28267
28957
36142
29985
32862
28373
30252
35475
32464
34022
28390
33918
33466
28390
35078
28659
36647
33904
29003
36726
36710
32993
29315
36628
29934
35639
28377
36275
31381
28656
29430
29738
36809
36106
34679
32473
32716
28651
28152
33783
32534
34039
35743
30824
33054
30621
32188
28804
28712
29955
37070
34758
35898
29189
33656
28575
28223
36498
37088
30463
34562
30634
34470
29203
35107
36758
31796
36165
35685
35229
31862
36841
29697
35617
29140
28079
30090
36075
28303
33431
32183
33673
34310
28196
34412
36279
32941
36764
32215
28488
33574
32260
29592
28427
36110
28244
35877
35153
28542
34309
35359
28029
36266
34569
35268
28321
35731
36057
30574
28073
28777
34527
34049
36450
28327
28827
31782
29162
30035
28305
36365
34068
32517
30431
31594
28286
35295
36951
34383
35735
36509
29095
33167
31162
33500
36714
36879
32542
36707
35714
34620
36469
34807
33227
36394
36482
28410
32374
28314
34713
32026
36702
34995
36115
28846
36585
28253
32130
30383
31858
34972
33439
28548
29868
29265
28505
36564
30076
28429
28441
31811
29011
36768
29251
29439
36381
30242
29214
28256
34599
34399
37039
33318
28193
34670
31600
35086
31532
36826
30023
32237
30987
28199
36436
28431
36501
32538
33632
28171
28825
30625
35789
33649
28269
36173
36723
36397
29295
28758
30645
32916
35667
31032
30107
29047
36420
36229
30746
36836
35861
34231
32463
29894
33814
29366
30934
33518
35689
37077
31975
36925
29271
34690
29236
36165
33165
28319
37045
34784
32859
28322
34757
33547
32309
34694
32664
30309
30572
31072
30466
29882
36614
29577
28186
34363
36760
33646
30394
30999
30178
31966
31153
36410
32327
31062
28911
33186
35218
30121
28830
28750
35273
35065
34841
35792
28207
29000
30781
36634
36383
35849
36472
30564
28434
31249
29319
35982
28808
29234
28250
30605
28215
30508
36869
36618
33397
28379
33708
35343
30924
36887
36591
35319
28294
36171
28154
29114
36769
28955
34365
35085
33222
36741
28699
30837
28962
36562
36622
32338
36547
35442
28313
30544
34174
28350
31633
35246
28331
28229
35256
33979
28682
30897
35885
36913
35488
28756
35412
31469
31680
29107
28974
36936
33256
29485
36075
28160
28351
36929
30091
28425
33580
36394
36217
32863
30595
35666
36584
34675
31193
35162
30353
35725
35048
36420
31285
29724
32410
34731
35547
36949
29424
28757
31152
30231
28252
36781
34939
32314
28326
30306
35443
30135
34395
29936
28204
28858
30885
32545
36553
36748
32759
30056
33166
32177
28387
30168
34623
35702
28348
35249
36334
28217
36852
35992
31564
36696
36916
34575
34973
36620
36769
35238
35575
28223
36908
36818
36393
29863
33927
36073
28229
33936
33588
31994
36103
31682
31341
30626
32272
36999
29318
34900
29479
28523
28279
29913
33029
29981
31210
36588
30309
34824
28830
30413
34960
36961
32163
31663
36408
29263
36304
32222
32519
28324
35035
36941
34586
31816
30405
36075
33624
35109
28910
34685
33775
36868
28198
31493
36715
36749
33562
28487
28563
32354
32849
34529
30044
30170
32256
36683
28346
33929
33642
31654
28557
28810
36476
28421
32575
36893
34340
36857
36690
36814
35988
36580
29050
33235
30156
33737
30258
34781
29175
29591
29866
32753
29585
30577
36069
30181
29966
33865
28382
36908
33787
28999
35943
37044
36559
28655
33375
28616
36132
29153
33754
37092
28515
32192
32489
36981
29039
29652
32895
28174
34013
28373
36393
30933
33927
36993
30526
35161
29927
31780
36981
29693
28622
33054
37027
33494
34949
29800
31467
35473
35877
36281
29179
30925
35615
36851
34962
29807
30943
28417
28199
28178
30510
29951
28238
30115
33715
35378
28193
30590
33791
31130
32703
29190
28250
31399
36757
34307
31035
36959
36581
32240
33639
28400
34954
36717
29635
28945
36725
28500
34936
28565
36984
30770
36700
36391
36735
36979
35901
32887
31153
34353
36801
29569
34682
36467
36773
30911
28399
36739
35643
36332
32067
36874
31375
33028
36388
34690
31577
36860
28546
30893
34204
31634
33188
30969
30476
28477
34553
34419
32158
36443
34529
34258
35799
29131
33036
28123
34617
34134
37159
36722
34380
29531
35906
36502
30096
36574
36390
29770
32673
36803
28076
36483
32683
28458
35137
32196
28486
33162
29606
28590
30700
30749
31816
30044
28536
34595
33976
36195
31636
36046
28545
31187
33922
33326
29831
28898
29294
28651
28858
28201
28462
28591
33898
36766
36122
28359
29022
28250
36902
36451
28187
31477
28427
29353
33445
31415
32484
28286
34792
28541
36717
32530
28120
33443
33962
28423
28551
36749
32594
35783
31787
34949
30019
32022
35484
28517
30384
33881
34010
37018
32061
34251
32727
36807
33036
33886
33180
36894
36877
35822
32073
35356
35048
32206
28377
30052
28541
34473
30828
32062
33873
30082
29560
29634
33678
34455
35396
28461
28748
28429
34188
37086
28408
28938
36195
28371
36284
29732
36766
29619
35771
34528
28881
32495
36535
37101
36965
28218
34702
28214
28852
36655
30594
34261
30337
36192
36949
28654
29208
36858
33869
35447
29087
28393
31466
36169
36805
35769
35925
32510
29238
34279
31083
28402
28544
28310
36210
35287
34449
36167
28299
36603
31349
31495
31786
35992
37009
30731
34902
35207
36834
32369
29973
29344
34421
29747
28518
30088
35435
28381
36793
28320
32306
31548
32121
28731
36441
28265
37140
30912
28251
28291
32423
28151
30400
36842
36739
35088
35380
35917
28388
29216
29086
28129
36876
36108
36215
28053
35357
34779
35580
30343
32700
32211
36202
31165
36500
36849
32449
36935
30934
35833
30285
28361
31691
36446
36047
28330
28955
31389
28234
36658
29767
35564
34413
31749
36747
31016
33168
30637
28299
35344
32533
34623
33224
35791
30479
36710
35117
28462
36740
28655
28276
36388
28691
28082
34978
30415
32888
28950
30936
31581
30575
36686
28332
28481
32985
36626
29763
29183
28739
28247
34069
32967
29974
33835
28694
29455
29682
34446
28434
33945
36633
28647
36078
32190
29763
34060
31138
36116
36693
29024
29941
33645
36136
28370
30395
33110
32858
35969
36571
30994
36660
32249
30405
31816
29824
36219
33562
33269
30280
29850
29070
29940
35701
31817
30223
35138
28971
29371
36758
31160
36574
34862
28964
33096
34230
31721
36592
31509
29271
28109
30245
32814
31711
36864
29490
29102
36853
35176
33142
29923
31828
29456
28077
29214
33983
35736
32905
28200
34943
34132
31411
34534
30521
28158
30710
36918
32761
35712
32910
28350
29090
29668
35151
36070
36154
28892
32589
30431
29499
36652
35343
28362
34207
30183
33827
28211
32047
36718
28823
28782
32415
32226
28521
36405
36611
35317
31865
36666
28729
36779
35881
32143
35703
28979
28639
28373
36431
36681
35070
29391
30820
34906
35295
31561
33766
37156
28341
36120
29281
32724
34348
36426
29043
35471
36425
34301
29358
36961
34306
35809
36483
28679
33241
32423
31062
29443
36034
35772
31486
34698
29818
33353
29511
28487
36449
35533
34845
34242
34432
34078
37042
29272
31115
35605
34428
35627
31108
33586
28729
36941
31386
28520
32871
29168
32740
28963
29724
36034
36874
32727
33773
36725
36855
37125
30707
35448
29401
28414
35836
30551
36511
31877
32571
28265
33429
28654
35236
36982
28178
35773
31742
28876
36249
30730
32367
36118
36053
34654
28516
31453
35852
30661
37124
35569
30666
31255
31750
35403
32579
30676
28915
32832
29946
34232
35828
36893
35005
31079
32462
29292
30696
34624
28301
32810
29875
34164
28889
36983
28217
31539
30403
36010
36674
34159
29814
34092
32220
36637
34637
30421
33083
35607
33801
33219
30780
30331
34445
36697
33302
28477
28884
36762
28210
28270
35011
37047
36830
29961
34210
32316
32510
31050
34983
34303
28266
28392
28557
32475
28885
36315
30548
31521
34639
30234
31061
35360
29276
36032
30060
30542
28775
30697
36813
28136
36671
28282
32902
29792
34738
28886
34518
31934
36549
35263
29010
31489
31005
34278
36420
36607
29267
34555
33568
28970
36175
28480
30448
29206
28379
34354
28702
31067
36607
33873
30085
30900
32823
33763
28352
32398
32874
29398
28347
33781
28431
36679
34601
33771
36659
37010
30765
36653
28438
29081
28730
30877
36376
29868
34574
36843
30676
28598
33048
30605
28553
36576
36133
33132
35430
34266
33408
30528
34346
32386
28207
28579
36593
36685
30618
36540
36686
28258
30688
35685
32754
35277
30566
36638
28640
29284
30873
28535
34843
28589
35834
28540
31692
28862
36425
28557
34726
36745
33385
35170
28452
34637
30766
35206
31264
31704
36911
30223
32637
30680
28278
31364
35912
33101
30675
36800
28632
28241
36283
35882
36423
28091
36810
28356
36716
28327
28608
28960
29611
36263
33774
33370
29269
35137
35971
36693
35847
36940
29078
36594
34554
30096
29483
32331
34943
29439
29019
35221
35049
28152
30488
28532
36060
29235
34897
34555
35474
32730
28218
36867
36743
30794
36046
30301
35124
29494
35126
32532
36955
34526
36726
32409
36637
31754
35607
32910
28638
33570
34293
32027
35566
34229
28815
28828
32897
29023
37031
29289
36906
28421
28202
35118
34269
28201
36832
36413
32798
36938
36704
34351
31278
36164
36969
37023
29649
30397
34426
31746
29280
35032
33812
30087
32044
35389
34506
28176
29994
31069
31708
34474
35256
34848
34419
28658
28374
34026
28630
34739
36064
36581
31929
29795
33308
35555
36877
36870
32980
34716
31365
30340
28583
28386
33631
28238
29558
32024
28283
31624
36820
31898
36292
28514
34711
28667
34877
33386
36829
34559
36961
35933
35694
35572
36441
28151
28681
28161
28474
28806
36683
28666
35889
34190
31756
29319
30833
34555
36308
28328
36834
36783
29142
30043
35860
34537
34158
30781
30123
36292
32021
32113
35005
34456
33287
31909
36270
29970
36572
35753
36158
34211
31121
36668
28671
28346
29975
36890
31328
37037
37052
32632
33974
28310
36437
36836
30897
31843
29699
28304
30308
28986
28511
28345
31511
35178
33500
33596
36221
31653
35813
28150
29871
33129
31591
28569
32015
29979
29677
28360
29288
29961
33348
31623
36473
31641
32239
36165
30592
31293
32646
31035
32102
32229
32777
28265
36928
36851
34647
30901
29689
28514
28461
29054
36778
34919
31935
32832
36233
35305
31811
32974
36424
36471
29981
36563
33433
31693
28443
28246
29317
35631
36252
36681
37168
36355
30666
28713
29572
31609
35308
33765
28456
33889
31587
36037
28289
36338
28316
28292
28221
28512
28614
36589
28263
33593
31836
34050
29331
31372
31679
36581
36901
33250
28463
30997
28171
29715
34206
32315
33705
36361
32370
30350
28633
31917
28202
36392
36743
28378
29409
28247
28745
35246
33553
32158
35435
36252
28456
31458
29704
30716
32812
35576
32745
36930
29776
32942
29493
36902
34293
36811
33787
34581
28651
32596
34030
32785
36872
37129
29570
36647
31936
35333
35515
32912
32840
33298
31186
32328
36042
29047
36873
36590
36507
28821
31633
29097
35869
28398
29615
36923
35695
31070
28204
32878
30535
28963
28505
28269
31706
31777
34278
36478
36745
30548
31887
35902
28160
33234
33406
36869
30217
30701
32114
33499
28698
29491
28236
35376
28273
31760
36728
32655
37040
31068
31252
28766
28973
35034
32303
35479
31171
36528
35339
32690
28434
35674
35805
28380
36908
34912
28076
33589
33746
28478
30260
34186
32988
32492
28334
36722
35971
28894
31565
34643
32801
35439
31530
30861
36853
36395
37065
31041
30890
36635
31221
30445
34007
36584
36607
30870
36554
34179
36133
30066
28523
32531
36065
30807
34118
33078
32573
31048
36629
34021
33122
32125
28282
31692
32853
28158
30385
36640
34227
34273
29405
31944
32535
28211
28772
29713
30051
33301
30516
28306
36742
29923
34983
36783
32994
33400
30054
31226
36824
34412
32645
28250
28997
32361
35284
32294
33531
36525
33992
34902
36498
35435
33064
32669
35022
31214
37085
36859
36080
35944
35080
35804
35364
36807
29066
33197
28377
28269
36449
37012
35737
36936
29569
36869
33954
33145
31326
34376
34776
36859
36890
36762
35979
34673
28449
36630
28735
28408
36958
36500
32563
36926
28466
36850
36838
28232
29063
34803
28232
31314
30757
29394
29385
35176
28952
28622
28212
28498
33634
28462
28808
36768
31174
34822
36439
36727
36079
29444
30382
29257
29071
30671
35514
29336
31896
30172
36746
28363
32340
34670
31222
35571
35918
28257
36279
29364
36794
35573
32822
33946
30954
28754
35850
36497
34895
35065
32380
30878
31124
31076
36032
29564
29031
36934
29372
36357
36914
32076
32885
28312
35463
30455
33388
31411
30558
34172
34816
37035
34745
33637
37043
36394
36740
32192
36657
28445
29541
32432
36524
28254
36144
28307
33494
29117
30100
28620
28650
36609
35304
32242
28182
36031
36441
30671
31511
36885
32378
32231
35146
29197
36224
35967
28194
31150
36739
28359
29445
28634
35544
34560
31224
28160
28507
31426
32633
29297
36266
28802
36827
28087
29011
34829
34480
29574
31464
30057
32338
33539
35933
32474
29158
34655
36631
32467
30244
30216
28925
31044
36587
29715
34358
32147
33270
28273
32605
34760
36101
36090
32972
29082
28493
31327
36806
28230
29544
30534
35265
28138
29694
35053
28662
28164
30298
34104
35218
32587
28764
28756
28908
28228
30826
36125
28257
36633
30276
29091
31564
31406
35839
28321
28292
28212
35412
37077
35676
29038
29168
29856
34368
33038
28637
30342
36527
29712
28132
36610
29839
28529
35547
32031
36356
36768
36879
29317
28209
29963
36765
32508
36983
32216
29146
36268
34757
28312
35519
28621
29485
33759
36777
34782
28067
36884
37094
31676
28622
29791
34400
29791
36904
32344
36956
34917
33697
36593
34053
30322
35811
34533
33421
31585
33218
28345
30260
28273
36729
31778
30945
35146
36681
33922
30363
35931
28797
36813
28234
36839
28253
31401
28482
30672
31076
28790
28307
36175
29866
35674
28504
33028
29751
35488
36209
34759
29826
33184
35718
29643
36493
34987
36838
28960
35737
28551
33125
30092
33977
35903
34974
36406
28358
36242
32243
36650
28529
31226
36613
28314
33797
36986
36734
36016
36702
28097
29888
28480
29096
30815
29380
36907
33281
36505
35436
28335
36937
33718
35329
28521
35873
28602
35190
33320
36804
35877
35646
29845
31476
32071
31392
29157
30331
28612
34473
36995
36934
36833
34182
35346
36980
35360
34180
36902
36867
32330
28781
36870
31136
29872
30444
28343
32313
31332
32664
29834
33308
33892
33516
28193
36464
28697
34018
28245
29345
30115
31703
30388
36581
34298
28329
29825
31727
36822
36793
29664
36615
35836
33817
33172
36734
35449
35712
35477
31015
36757
36783
28923
31738
28267
31048
28315
31332
36222
28417
35686
36841
36510
36674
32015
37106
37054
36956
35995
28391
36879
36132
29215
34749
34573
28425
36468
36647
30616
35625
33521
30308
29103
33576
28431
32886
34320
28337
31539
35825
33103
29762
34808
34936
28381
35907
37008
35089
32486
35383
34072
35634
32210
30531
36249
34996
33769
33981
35810
35136
36248
36577
32535
28196
36946
30519
33730
28607
29032
36637
31561
36112
34830
36923
30340
28248
28829
35938
36129
36986
36095
33570
36021
36677
36227
33651
36810
36732
31325
30783
28308
36979
35915
34580
35464
33899
31957
28399
34538
29847
29851
36639
36414
29372
31181
29091
28726
30150
28268
28261
32587
29926
29527
36382
33889
35817
34746
28327
28398
36879
29746
30261
35068
36311
32207
36948
34876
36833
33440
36800
28574
36239
35460
32928
32555
28387
31513
35827
28793
28635
36099
33234
34170
28175
35628
36038
34011
30614
28473
28980
34703
36804
28546
36959
28259
36441
34829
36005
32501
33166
35358
30446
33329
35626
34132
29494
33203
34963
34290
35676
29922
34242
28840
34281
29808
34281
28501
29997
34119
36460
33541
29717
31103
35851
28666
35345
32578
30479
29187
28270
31897
28985
33686
30890
32835
31123
28358
32581
30633
28230
35104
30674
29107
36123
28413
30482
30603
36468
31316
29508
32050
32654
34905
28998
29196
29333
33389
28930
28318
36989
31310
28222
33677
32074
36627
36665
28983
28255
36843
28386
32146
31271
36483
31802
36959
30108
33302
29955
28093
36629
30455
37115
33535
28416
31967
36491
35610
30778
30222
36898
33363
36864
34598
34672
37014
28426
35271
31466
30594
35318
28297
35090
36590
34376
30721
36076
30362
32626
28625
35835
36617
28554
30136
31994
28883
31030
28314
28217
32296
28178
36211
29156
33576
34218
35098
32213
28566
36495
28432
28535
36507
35860
30722
28615
32504
28839
29447
30017
31852
36742
36682
32358
32523
31368
32763
36264
29297
29557
30579
31876
36448
36159
33238
35563
36666
33072
36266
37035
35041
31149
31063
36731
33908
31437
30162
33030
29482
35496
28647
28426
31001
35325
37129
36680
32298
33549
30090
33244
36722
33601
29509
32401
34456
35517
28362
36290
34733
31732
36817
28894
29036
35526
29525
30131
28894
28589
34955
33467
31193
32853
29080
36358
29412
36087
34189
35207
28514
29690
36092
36164
35359
36862
33730
33647
36952
31612
34889
30027
30580
34331
28104
35259
34960
30907
33879
35441
36182
34271
28226
36666
28392
35162
31210
36705
31592
32506
36615
35710
30877
34002
28805
28383
36263
30200
28315
34655
31953
36558
35980
36614
31103
34565
36661
33339
36345
33332
29746
33034
33824
30422
30288
35029
32074
36099
33975
28479
28821
34123
37117
28675
36198
29158
29620
30361
35445
33359
32185
31852
36938
30153
34701
31133
30339
36649
29075
31391
35591
31184
35412
32457
29458
28432
33112
30632
34646
36621
35736
36961
33341
30954
30561
34494
36864
36829
35003
30280
36107
29008
32993
36898
28731
32962
28519
30671
32999
28169
29905
36280
28940
32487
35540
36531
31306
36803
30857
28578
33505
28311
28513
36204
33119
29479
28444
33362
33998
29733
35319
31468
32391
31118
36527
35641
36939
29090
30642
28368
28895
35447
30187
30843
36625
30473
30329
36924
29105
30455
29612
30451
31598
35875
33127
33148
36942
36231
30393
33046
28655
34548
29419
29341
36841
36549
29703
31755
36773
28889
30984
33161
31390
35093
28217
36323
31422
35072
32156
31776
34550
35540
36758
34527
28421
28736
31982
32851
37104
34565
36168
29243
28287
36684
29003
36711
28230
28275
30858
33837
32173
28842
35871
33566
35789
29118
35445
36884
32849
32831
36630
28224
32512
28452
36757
28238
32730
34803
36678
31588
31129
33854
30045
28279
28699
31097
36595
28448
29933
33538
36687
36906
33963
32617
30844
36925
35781
34305
36800
29280
34448
28466
36779
28532
35106
29399
31418
33635
28379
35911
35543
28326
34043
28265
33911
31704
34161
36275
28905
32740
30269
32974
33339
36010
33498
35003
37146
36775
34248
29879
28524
36765
33365
29090
30262
28393
36264
30692
29252
28658
34239
36364
32777
36793
31783
31880
28700
28390
36965
35856
34731
35371
34838
32474
35826
28453
34590
28598
34866
33962
33121
31035
35612
35807
28304
34556
36728
36278
35033
35913
36571
29530
29723
28543
30548
34213
28187
33207
36447
34122
30678
36943
33951
28244
36666
33677
34030
29500
34151
36851
31244
30840
28260
30371
32270
35497
31384
29338
32806
36184
31292
33633
35674
35234
31540
29824
36160
33443
28998
28176
32677
35939
35950
32850
36616
34576
28954
33524
28390
36310
29263
28349
29468
32253
36768
35408
28268
36633
35416
28229
34762
34826
28381
29179
31510
29987
31838
32482
36207
28550
28196
28850
34093
31628
29384
28376
34730
35281
28462
35525
30562
36727
29871
30668
37067
36853
29039
29337
32062
34863
29032
28396
34380
29087
36368
33643
35179
29110
32947
36214
34150
33933
35340
33653
35452
36570
29372
34721
36868
36858
29828
35924
31797
36396
36880
29484
31952
28811
28945
36523
34507
34389
32066
36345
34132
35088
29971
36717
34244
28575
30050
32928
32801
28274
28144
30136
28290
28148
35040
35232
35068
33589
33279
33491
32253
29450
31354
35111
37214
36475
36379
31120
31566
36818
36363
28194
29453
29702
31486
36859
29631
33035
30019
36540
35295
28425
33682
31295
28208
28522
37028
28370
35594
29780
34329
31227
28382
34079
28299
35858
34024
28977
28521
35921
28565
29140
36613
28642
28274
32097
36821
30090
31706
34154
36969
34001
31416
28626
35922
32518
36495
36766
35129
31877
30624
33158
29221
32045
34652
30338
34945
36641
28901
28450
36655
35183
30283
34754
35239
36841
33725
33303
29703
30961
31983
30287
36941
29291
33698
36726
36808
29953
30377
30797
28364
32844
31421
32722
29602
32184
29307
34454
28207
32878
36913
30382
28818
30614
36760
28376
33643
32141
31018
28174
29165
33003
29432
34886
32952
35362
35375
36646
36868
29208
33046
36623
31213
33406
30160
30015
28538
36485
28555
35694
28247
30413
36674
32612
32334
36481
36795
28968
35498
30381
28247
30179
35416
30687
30482
35456
29254
36892
29837
34886
29212
31163
29171
36768
36078
31579
35169
33392
36371
36746
30635
33999
33971
28256
32786
36807
34267
36368
32296
30259
34684
28321
31629
36855
30685
33482
30135
35705
31243
33621
34691
33930
28600
30700
35676
28889
36336
31764
34585
30612
30271
33155
36523
30269
36688
28594
29985
35279
31211
33707
35201
28143
31043
36110
28213
36422
36870
36451
35128
36635
29154
36873
29107
35851
36824
30521
36093
36759
36688
35795
34362
35671
33905
31166
35268
33916
36100
30838
29503
33028
33537
34724
34517
28268
30039
28427
33345
34064
28358
34240
29191
28534
36347
31409
36140
28808
37017
28570
32418
33121
29588
28522
35926
36739
28964
33361
28554
35671
29890
30960
36440
34487
36647
29611
29865
28691
29935
35984
32666
36183
28857
36442
34807
30401
28823
33694
33355
36119
30191
31339
30628
36933
33585
33920
34307
30151
28589
29630
29252
35836
33634
35178
35246
34132
31599
31803
36681
29488
36498
29924
28878
36239
35765
33557
31003
29921
29866
31029
36688
34141
31079
35557
31006
36897
31482
33183
36003
29507
35860
31356
36764
33490
37002
36093
33842
33766
28479
36823
28937
36854
31686
36254
30337
30180
36653
36390
32504
29574
36939
35272
34757
28117
31514
34344
28156
30125
28741
35403
33917
33120
35926
34434
32133
30882
28272
36953
36945
28300
28164
30708
32710
32933
33034
34841
28179
31022
33506
36947
36738
36403
36053
33457
37166
33684
28420
28273
35236
30906
28331
36920
31558
30672
35080
28670
36757
28474
35064
35663
29240
30241
30862
31993
34400
30041
33174
28262
31454
34401
31129
28212
34453
29360
28262
28840
33724
33706
36590
36831
28473
36912
37085
30052
36395
34722
35512
28751
28485
29237
32165
28199
33903
30969
31055
36503
32853
32798
35669
28405
33373
35725
35432
37089
29047
33875
28291
33527
28925
30411
28774
32970
31862
30674
31404
28607
29270
29457
28307
29411
36905
31670
34047
33235
31822
33556
30132
34853
36824
33874
31737
33087
31798
29473
29021
30813
28602
28285
35057
31163
30104
28748
33823
35971
31022
34900
34915
33569
29968
35499
30490
33958
29789
29521
29759
34096
29857
36376
32986
36584
32849
30950
28335
30881
29074
31804
32606
31357
30603
28197
35476
28504
35582
34815
35460
34254
32648
34490
29641
36941
29900
31663
28207
36933
35387
33624
34244
28631
28238
35909
28141
36760
33604
36417
28401
28334
33258
36108
28775
32274
31561
28136
35721
29743
35785
36578
28418
28543
36297
30695
28576
34398
35886
29961
32866
34861
35331
35151
36123
32466
36505
31340
35865
36839
31944
36832
36738
29720
33324
34671
32780
31331
31515
28174
30428
28374
36987
28461
33652
32397
32583
36583
36486
33978
28325
30288
33338
32445
35535
36179
28669
35646
36791
33488
36361
36191
29460
30849
28237
36791
34924
29110
28249
34742
35279
33440
29025
32825
31660
30535
36636
36388
28741
36283
28527
36672
30109
28336
30104
35927
28290
33937
32111
37086
36728
33837
33078
31729
30087
30475
30967
32591
35570
32419
33615
34980
28180
33252
35715
35157
36061
31080
32656
30186
35506
29122
32779
34682
28220
33989
29658
35540
35745
28400
33058
30750
29106
28341
33447
35950
31555
28645
36341
28253
28394
28748
35978
31246
32422
36970
29782
36818
28541
30523
29245
33158
36537
36354
29600
34768
29939
30673
28883
28123
33464
37070
32196
35978
30007
36109
30886
33710
34500
35155
28615
35290
29716
31278
28382
32857
36270
33860
32985
33405
36764
37022
33150
28652
29558
28361
33694
36181
29181
30835
30918
35138
34256
36785
28887
36013
30920
31509
29313
32164
36744
28361
29039
30895
28409
35345
35371
32616
35698
30208
36973
30796
31402
29642
32597
36084
36418
30146
34068
36800
35517
36751
31155
36536
31602
29239
28511
32698
35853
28395
35097
29697
34594
36887
32349
36690
36674
37002
36972
36354
36406
28727
33274
30501
33222
32569
35327
28350
36668
34288
29354
36961
29348
36846
29873
30816
36940
28381
34742
36988
31493
30145
28312
32570
33032
36001
36407
32926
28898
31416
29035
30204
28211
33272
28562
28464
28403
28141
36692
36717
28178
32197
31434
35932
36173
28228
36913
28610
34378
36872
29357
34485
28569
28350
33084
36517
28387
28912
29273
29118
28393
31580
28262
28710
30129
36441
34201
30082
36520
36433
31362
28675
32851
29485
33303
28392
36947
35810
36678
28299
31820
36846
36726
36238
32570
28473
36724
34610
34729
30140
30041
36771
35021
33683
31757
31715
28388
37097
33566
36917
28113
28952
30479
34098
35472
32645
36156
28509
29266
32354
28852
30447
31307
31627
31703
32212
35019
28194
33623
32543
36800
30115
29857
29027
32182
30847
28418
35213
36813
33864
28970
31591
31804
28737
35914
28596
28338
35771
30382
32356
35163
36514
31234
29474
36649
33145
30398
36947
36685
31718
28261
28517
35919
28154
30237
28705
37104
33736
36317
28864
28430
29437
28822
36806
28382
32662
30838
29626
35162
36336
30860
35251
35263
36748
29118
36735
37070
35503
35024
33267
34594
28554
36615
36391
35339
36265
29231
35422
29926
28275
36901
29049
28994
28634
35132
31958
29281
28307
30514
30570
36635
28318
36052
28985
35861
35225
33866
36801
31103
31401
35812
35072
28709
31653
36669
31691
35099
28315
35341
31450
29753
36081
32137
33540
35587
37086
28206
30482
32733
29641
36133
32870
35711
36975
32850
32599
36391
34309
36830
30549
30777
36046
32657
32429
28929
28368
37028
28564
29201
33133
36137
33307
32107
28414
28367
33307
28418
28978
31326
34571
36627
29481
29879
37022
32807
35965
36886
29979
34418
35722
35897
31112
28781
36914
29908
30931
28766
32950
30188
36836
36288
31754
32409
31796
32095
29047
34115
28222
31504
32240
29953
32563
30533
36786
34612
29121
36776
28139
31424
28890
36730
29951
30159
33031
30876
29721
32339
29400
36833
32560
30376
34750
33742
28606
31144
34340
36949
36872
28676
29022
35240
30949
29072
34465
32616
32598
34783
36585
30753
29968
35695
35126
29434
28375
28095
30343
31765
35903
36609
29897
29503
36580
35611
35727
29359
32323
28355
34521
29920
36830
33309
29232
30700
33269
29029
31850
30892
31139
31333
29147
36726
35018
28377
29651
36354
36895
30089
28523
32322
31916
28798
28984
35860
28939
28313
36798
36634
36944
37037
34501
31764
36648
36740
37012
33009
33076
29477
28406
33832
29950
36379
32289
37084
36048
36889
33086
34615
35418
33796
28443
33564
31337
29268
36891
28944
34780
33739
28462
36570
37073
28456
31772
35615
34367
28180
28422
35602
28189
28302
36705
30950
29449
29757
32054
32828
35929
32999
32054
29012
28399
33559
32194
28160
36584
36148
34582
28974
36772
32544
32699
36955
34160
29363
34614
28594
37094
36075
36713
35273
32581
30098
32934
28356
36229
32299
31279
32562
31474
32743
28324
28880
28225
28471
31231
32632
36501
28235
28608
28090
28876
35676
29295
37017
37006
30443
30393
36515
35835
36230
32855
28374
30886
34846
29504
29793
35240
35970
29547
28388
28544
34236
36789
33227
28313
33740
32722
32905
33269
28288
34734
28451
32885
36870
33909
30890
28233
35132
36271
35113
29214
28767
28659
30308
32140
36787
32765
28368
36378
29608
34403
36201
28252
32975
31609
35731
29936
28317
35974
28527
28864
28663
30738
35740
36800
28290
29543
28778
28124
35927
28281
36152
35400
28496
32977
29936
28477
31374
33273
29170
30363
30520
35944
34113
34851
34112
33469
32097
36097
28304
28683
31238
31348
28108
36142
36184
36095
31268
29573
35353
32400
33350
35548
30518
28209
31319
34651
29878
30566
35329
28317
28286
35832
33127
29151
36310
31276
36541
36465
33251
35084
29269
37113
33787
36415
36300
28533
33179
28082
29838
32318
30245
35540
35598
36871
30948
29691
36490
30259
28676
28712
29296
36603
33999
33648
31725
30990
32608
31842
36220
30548
28860
29506
28218
30879
28358
36673
33295
36991
32137
34569
33553
36416
35994
30850
36487
36219
30641
36666
35816
30580
32534
35636
36915
28302
29383
34447
36108
36895
32748
34209
30124
30320
32187
30213
36094
31438
35737
36840
36857
28663
29237
37069
28938
28880
29183
33130
35497
30649
28845
29036
36207
36609
30277
29692
32131
34425
34489
31641
31407
28575
33944
28233
28376
32173
36518
35460
36447
35819
36307
29613
28374
36496
35374
36492
33861
35151
29291
28228
30167
30991
33442
29175
30692
36457
28914
34572
30640
35827
35401
35518
30638
29097
28453
29281
31808
33542
35635
33499
35033
33850
30224
31987
36663
35985
32847
36186
35988
33627
28137
34216
31874
36433
31030
29456
29276
32155
28383
30107
36072
29100
35301
28214
28842
36414
28790
28515
36778
29881
28162
29970
28398
30415
31313
28555
29329
29151
29430
32913
28170
35804
35245
34733
31114
28138
33975
33694
34984
29512
33869
28197
36262
28686
33284
35497
36792
28591
36875
28455
33715
28226
30307
30350
36206
37081
29488
32782
29036
29237
32670
28687
32550
29785
36932
34638
36045
28315
28389
36652
32825
32808
28101
33111
30484
33935
36565
28201
30152
29738
28660
36865
28744
33508
29804
28228
28577
31019
28929
31891
28543
36653
28736
36853
32934
32920
36595
30039
28834
36433
28122
28738
30764
35687
31438
30619
31494
31638
30021
34168
35149
36914
28261
30676
30223
32808
34745
36971
28070
36760
32114
32161
36677
34017
28376
36481
35102
36959
29001
29331
36885
37000
31719
28502
32115
33145
32325
35333
29104
29077
36963
35533
35766
35560
34251
37034
29031
28543
30174
32116
28403
28859
28517
34503
28176
28299
32731
32935
34239
35211
34914
30085
36145
29896
28553
35805
36635
28214
28380
36725
36978
36616
33086
30612
31233
32381
36945
34227
29198
30625
32919
36511
34655
37005
30428
29958
28305
34466
36702
33092
28473
35255
29808
32862
29105
28396
35322
30262
36662
29429
29064
33399
30472
29394
32723
32428
36623
36015
36912
34288
36906
28803
32291
33782
28909
28169
29035
30695
31202
29760
33286
35520
34909
29306
32559
33406
35978
36689
30162
29588
28303
29439
34248
30474
34122
28155
36351
36822
31188
29864
28419
36978
30854
31684
31194
28966
33424
35749
31504
33190
35895
30866
31519
33487
30189
37034
29677
31310
29074
29670
30680
35528
31378
28516
36826
30676
31264
28478
34734
28377
28450
29426
28771
28406
28540
33580
34554
32576
28501
36903
33700
32493
36825
35822
36477
32688
28416
29895
29982
31359
31264
29516
31919
32200
32084
36454
28342
30182
32375
35386
34438
36668
35792
36509
30084
35304
31221
33057
32740
28279
33913
36958
36822
36502
35819
33950
30953
36962
35842
30268
30698
33801
34496
34844
35009
35925
36219
35477
35269
30072
36267
34905
36286
34031
28291
36094
36278
36071
31846
28898
31302
30270
36674
33313
31982
36687
30476
36586
29553
36239
29690
33424
36815
36231
28200
28242
33633
31516
36228
29325
32068
29746
36897
36766
36959
35140
33438
34792
32516
36677
32693
36982
34321
36918
28307
36819
35043
30699
29079
32370
34515
36800
35269
30888
36490
28779
36936
29355
32846
29159
36873
28373
31518
36065
31504
36190
36780
32219
28410
34539
29599
28761
33946
35569
30431
28730
32152
30072
31359
28228
36485
31588
35859
30899
33733
29774
34465
32189
34761
29799
36529
28541
34239
29981
36216
36244
32158
36683
36058
30442
28419
30813
28367
36846
36633
36015
34278
29451
36983
35795
36163
29798
36563
34301
34879
36016
32250
34940
36641
30586
32685
32674
34498
32383
34337
35725
34542
37004
28873
31111
35339
36579
33548
37261
35716
35922
31996
36700
34624
28607
32720
35620
28711
35168
32575
36453
36882
35028
32314
29975
28216
31702
34613
30043
34648
36699
29964
35969
28388
29796
28217
30806
30634
33104
31899
28764
34238
32880
36570
30080
32769
31867
28778
35795
36977
30911
31279
30150
28348
35219
32386
29083
34651
30687
37037
28902
28524
33951
28955
29193
35780
29456
32372
28909
32110
35105
30900
36976
34082
34567
29174
36241
31461
36026
29498
30839
34864
28346
33383
29691
32668
32525
28919
36978
31658
35146
29061
37000
35702
28359
35117
35643
30192
36411
29368
30774
28967
32611
30108
35069
36742
34469
31457
29818
29736
35549
30660
31785
36897
29811
29836
35612
33185
35466
32469
32469
32469
32469
32469
32469
32469
32469
32469
32469
32469
32469
32469
32469
32469
32469
32469
32469
32469
32469
32469
32469
32469
32469
32469
