9884
36982
36015
29186
34885
32177
28398
30237
29066
29457
29235
32924
36593
29414
35300
36877
32767
28149
30209
31323
33413
31803
36257
33875
36724
33985
31134
36783
36582
36700
35973
36547
36826
31759
32416
34287
33780
36117
28231
36011
36510
33292
35670
30479
32587
34438
29417
30433
29469
29061
35718
35479
36421
34019
30658
36317
31760
32641
32864
28173
28814
36377
29365
36164
36897
29910
30938
35387
36114
28171
36067
36285
32224
36664
29416
35544
36875
36720
30975
36769
28401
32142
29096
28330
34532
31360
28132
36535
36185
28085
35838
36595
35586
36990
30441
32550
31812
32256
34902
30184
30235
28338
32478
31261
33105
34293
34273
34120
33647
29410
36541
34981
32314
29754
36735
36896
34854
31303
36609
35815
34896
36528
31927
35479
36647
31001
29668
28409
32048
36791
36466
28656
36360
36601
31499
36824
36375
36921
34328
34591
36872
32429
34354
36335
31297
36426
33725
34737
34049
34696
29675
36296
34100
35988
37100
33646
29910
36896
36343
36829
35714
35246
36429
31186
35926
33464
32130
33652
36736
34041
36400
36630
33838
32243
33873
28508
28494
28143
36851
36844
29836
36922
30360
36863
36602
36219
33506
34764
32557
35401
29675
36677
34454
36457
35904
34485
35761
35086
30855
36874
35652
32944
35917
29986
31057
30464
29726
29302
33482
28291
29744
32645
28892
30959
32491
35069
36837
35967
28834
35835
29732
32419
31398
32960
28561
28080
32742
35950
34789
32604
35704
32829
35420
36250
33120
30364
29475
36814
36344
28801
31739
29111
33022
29786
36749
36602
31626
36929
36747
33010
28416
31028
36299
34889
28626
30188
29111
28668
29458
36752
28226
30797
28410
33456
33544
28159
33838
36782
29692
31944
28135
31462
29345
34995
33392
35995
29747
29146
35385
30680
32859
28956
31139
36473
36735
34530
35625
32898
29699
29009
31886
30295
35306
29699
28319
37004
28434
34431
36913
28358
30660
28219
35886
36515
36811
29999
34587
28876
30897
32278
32143
28645
30838
35757
28183
36839
29897
36886
31240
33165
30114
36935
28269
34673
33647
31708
36871
32452
35378
35961
28498
34446
36088
28984
29440
36767
28227
35505
35732
34364
32092
36436
28509
28336
35236
29256
33536
35637
32361
30641
31672
30795
31847
29569
35681
31181
36716
36320
28120
36463
35549
28651
36099
36458
36815
36675
33178
28912
32152
35564
35864
35866
33410
35497
28308
35141
29443
28307
36673
29026
29153
35321
28766
28424
28897
34186
34929
28390
28359
36200
28146
28123
28205
34244
32075
36875
36653
31135
33196
28100
33447
36711
28197
31626
28166
28397
32097
28130
33670
36222
27949
28755
29015
30729
36957
28204
36301
30661
34216
36004
35063
34154
34666
35730
31381
34007
30381
36573
34424
29504
32591
30371
34448
36699
32857
32848
36828
29466
30297
35839
34487
35416
32684
31395
36285
29089
35064
36387
31025
35806
35699
36458
34459
34881
30738
36004
31342
31226
29922
28282
36502
35765
28441
35585
29475
30530
28090
33404
36760
35841
36190
36109
28414
35983
32418
30610
36465
35821
29766
35838
36574
28731
29793
29568
36754
34928
36530
36980
29330
28327
36731
30373
32751
32313
35493
31340
36884
28799
32473
31597
36112
28499
29247
30720
36270
34461
32685
28094
36150
36762
35072
30011
36604
36512
28539
35987
36164
36401
35602
36468
36707
29052
36848
28504
36689
35203
35368
28457
31650
36521
31778
30259
34912
28342
34819
36424
36243
36304
34103
33364
28165
28212
29464
31723
34139
36108
34720
28350
35485
30663
34480
36979
31745
35613
36615
28372
36803
36593
29859
32509
36572
35790
28320
35940
32740
31657
30709
33135
31486
28259
36841
28853
36972
33176
33617
33517
30672
34649
35349
33827
29877
33986
34937
36021
32747
36430
33365
35201
36363
35026
32186
36187
31764
28841
36667
31065
34932
31815
34760
36218
35014
35833
36875
35634
28273
30859
35976
30027
36804
32558
29722
36137
28386
28604
33399
36067
35999
30114
36729
37004
35552
36745
29311
31160
36674
31474
35707
35039
35365
28649
35375
30081
32271
34657
32422
36610
34621
29530
35623
28349
34294
29366
30843
29487
29991
35879
31779
33617
28266
28269
34034
35310
35826
32226
31439
29750
35527
31608
29597
30906
29934
35085
33642
30874
28885
28554
34877
30818
36850
28087
36655
36107
35899
36539
34354
28239
35421
36409
32466
36784
35663
28892
33517
28771
33889
35703
33622
36634
36713
37009
35461
34383
35115
35956
35744
34120
32772
33800
29795
31209
29774
36729
28336
30352
28594
34766
28270
35625
29591
31625
29593
34625
30878
36818
29207
32249
29202
35043
28169
28476
35632
28543
31647
30076
28351
32883
30591
30490
31657
36707
31381
35569
35671
34346
29563
28795
36615
29777
35720
30292
33974
33512
35385
30529
34708
36914
28357
29151
33710
30202
30576
28239
28270
30804
32387
29709
35868
36794
34056
29500
31450
31687
30051
36417
34354
31394
30597
30071
31704
35676
31134
31724
31068
36511
31058
32363
36979
35769
36924
28928
28156
36309
32021
28187
33973
36631
28319
29719
31773
33040
34552
35221
30663
30145
30357
28405
32091
28751
32348
29343
31393
28179
34821
30064
32447
28379
35885
33701
29919
35096
28147
34216
30087
31759
36764
28633
36143
31125
34124
28487
31567
34598
35640
30783
34651
28510
28648
28544
31795
31986
36305
36719
31388
30644
29907
29076
36519
34062
29248
33975
32892
36689
28241
35671
34578
36837
34376
31705
29323
32519
28996
35853
32166
31507
34592
36384
28361
30381
31320
36247
33239
28105
36148
28295
33350
28301
35676
32464
28036
31729
36187
35112
34730
36658
28144
37009
29041
31838
33854
34278
28658
32037
36746
35689
28411
33414
28349
36403
36828
28279
32074
28614
32791
31564
28305
31224
34105
35514
29576
32551
36711
28839
28693
34001
29263
28663
28546
36791
36028
34540
35861
31932
36492
36356
34842
35974
35505
32134
32698
34743
34134
36840
35438
32506
36816
33546
36651
36827
35588
31609
28610
28131
34954
29962
36228
30561
28970
31833
33046
31542
33492
28320
30894
36679
36046
34122
29382
28463
37022
29034
29602
36125
34822
29160
31160
32371
28449
36809
36733
28694
29233
29031
35902
28494
31004
29069
34126
30365
36501
36162
34704
36278
28804
28819
32803
35192
29085
32684
31216
30415
34854
34327
32193
32185
36756
36227
36596
36900
28947
30250
36345
30283
28440
36656
30149
32848
28115
36631
35858
36483
28384
34364
33862
35565
28583
30257
32550
33481
28793
29729
29742
36510
29295
29757
35721
29459
34948
28946
36827
35250
35252
33108
34180
30918
36663
35673
36484
33774
28484
31666
32016
28572
32911
28596
28420
35351
33722
35632
31666
28191
29373
36197
36391
28026
28901
28086
28356
28056
31841
29440
28465
28281
33112
30833
28962
30291
35041
33410
34195
31187
34694
28614
36251
34159
36564
36047
28743
30348
29987
28938
36683
29875
31753
34147
31436
28694
34586
30483
33282
36896
33721
30178
35693
36636
33491
35459
33568
29849
29048
28459
36947
28095
30196
35012
28288
33246
28567
28219
35217
36502
34701
36899
28163
36725
31225
29388
36785
34361
34659
33061
28322
36546
36644
35170
29139
33869
33661
28232
31989
27963
35920
34179
34613
34725
29820
36990
31944
29839
35930
29185
36543
28725
36461
28316
36936
30120
30850
34817
35088
36654
32342
31451
36888
34742
28417
32008
28875
35455
35787
33133
35542
28362
28505
36715
35644
36880
34875
30194
30099
32028
34480
28963
37066
29891
28175
28734
32843
33947
36750
33876
28012
31136
29819
33482
34925
35950
36181
30516
29027
30020
37067
36840
37018
36534
29181
36202
29097
28455
30335
28248
30904
35952
33623
34633
28927
28889
28110
36686
32390
34345
29563
29436
33604
33611
36658
32730
36731
36389
29257
33632
28204
36511
35952
31136
34167
29239
36795
31510
36150
34595
33677
36565
31939
35787
36409
28320
29816
36573
31697
35670
29580
36339
30574
29007
28783
32362
33208
36957
28933
33677
36329
36925
36629
28651
30974
30560
30840
28224
34275
31224
28509
30748
32986
35145
35595
33474
35106
33680
32190
31973
36085
30193
36637
30078
28784
28793
31800
36357
29542
28133
28734
28253
36358
36597
28421
31044
31286
36755
29672
29452
33052
30854
30508
35280
30407
35543
34748
28486
36767
28152
29419
36862
36762
29420
30794
35837
28894
34156
28190
33685
35119
31709
29135
33174
32804
36745
30806
35542
30183
28207
31550
31349
35009
36660
37033
35355
28354
33661
29748
37041
28471
33809
33801
35951
29870
33080
35329
29912
32125
36870
36826
37055
36708
34632
31305
36954
34418
32940
31749
34671
28973
36430
30357
28683
29252
36699
36325
29382
32252
30448
28548
30734
34720
28569
36465
34773
36838
30869
37087
29188
37054
28244
32650
30227
36621
33007
36407
30156
36870
29771
29390
28740
32698
30234
30144
36328
29454
28672
29801
36794
29147
33603
31818
35079
29751
34983
33334
28269
30526
33009
32389
28810
28797
36554
31952
28535
35404
35032
34339
31884
36757
35160
29316
34745
29512
31792
28260
36118
35457
29485
36184
31895
32508
36124
30601
32205
34109
31688
33801
36339
32172
28500
36618
30096
31666
29247
30684
30739
36726
36735
36609
31922
31640
29336
29013
28604
28496
34883
36585
33811
31426
36294
36628
35480
35577
34522
35021
28697
29367
31585
30494
30663
28906
30788
28870
29907
33824
29226
35625
30216
36085
36860
34496
28375
36911
33073
33234
32387
36217
36888
31021
32115
29771
36750
36019
30208
28972
36510
29755
28994
29071
32394
35241
35329
34897
34873
28379
31569
28854
32061
28408
34808
31536
31982
30406
33373
33900
29847
32621
36722
36537
35041
29184
36175
29147
32978
28428
36504
29168
35490
30275
31742
35614
29542
36167
36656
31277
32590
29084
35429
35922
33678
32225
36373
32343
28838
35015
30849
34643
28063
35584
32494
36835
36593
36779
33313
35536
33616
35867
28214
36452
36250
34273
28483
28584
34077
32726
36838
36850
36901
35236
30152
28854
34898
30937
36557
36254
36854
35641
32771
31908
31239
28675
35442
28472
28231
33348
32742
35946
31679
29052
35429
35318
33057
28873
32683
28538
35869
30145
36236
35409
32652
29104
28144
35034
29737
36520
33620
28190
29866
29767
30492
30746
30928
36019
36016
34311
35415
35428
32155
34028
32318
29453
34707
33856
36164
34230
36623
30047
28143
32691
36199
36512
36567
28227
35270
36218
34536
34934
36583
29390
31824
28411
29519
29164
30383
29428
33281
34795
31880
31636
36818
30717
30834
29211
28416
32401
28231
28764
28809
34459
28590
29535
31801
28303
29078
29500
28519
36161
32146
31924
34341
29576
30013
36830
35339
34905
32724
30178
36600
35394
27976
35289
31139
28255
31010
34868
34600
29011
35864
36887
31704
34017
31155
28187
29272
28117
33562
32983
31040
34779
29124
28199
34901
33977
35417
28025
36154
36564
29226
36786
28041
36725
32982
35613
30455
28493
35354
31020
36327
29092
35863
36777
30594
28460
31358
36320
32601
36974
35672
29791
29295
30761
28430
31840
31242
36656
35822
36986
32851
28756
31698
34543
30897
35083
30466
34494
30267
28618
33869
33482
34512
36435
29505
35825
29420
28521
29652
28465
31006
29194
36542
36709
36828
36647
30168
35096
28244
36930
34909
29858
31074
36460
28274
30481
36545
36994
33783
36887
31645
28186
28283
34333
33653
33220
30904
34086
31812
30323
35903
36321
34454
30049
34413
30447
35945
35829
29489
35973
31981
31786
36905
28731
36728
33686
31204
35326
34752
31418
28567
35860
36831
31901
28183
34359
29394
28249
28455
34086
29021
28806
30672
29406
36567
35289
32737
30954
35662
36085
29597
35994
35617
28178
29015
28116
31240
29083
28911
30349
32865
31287
29164
28574
36822
32105
35922
35628
29824
30100
29502
32662
35066
35402
34449
33384
33004
33077
34797
36789
36391
31786
35507
30588
28315
36641
28753
36846
31094
28414
31960
33819
32978
35912
35395
36740
33889
35852
31740
35513
29218
33121
36503
28419
28507
29514
36351
33857
30571
33969
28566
36378
36067
34980
36236
36271
35470
34840
29417
29251
36723
34624
35962
29779
33356
30190
36829
29333
29757
28176
28523
35894
28287
28296
36834
29615
28847
34767
33524
28080
34881
32895
34101
29985
36100
36632
29774
36805
31617
36807
31452
36814
28195
34885
32786
28083
29574
31230
33140
30562
33884
36642
35014
36714
34463
34154
34130
37131
36844
35882
34669
36347
35816
36335
30757
35026
36098
33640
36861
35392
36571
33375
32571
28174
28769
28646
34129
31073
30252
29312
36744
30870
28322
28068
28324
30225
28809
35159
32671
33192
29923
28160
28564
35017
31646
32186
33866
30248
36813
34045
33739
28234
32731
28509
36570
32479
32023
34941
29447
30176
29534
35333
29386
35647
36986
36558
33596
31166
28654
32342
32584
36027
33706
30942
36763
28150
36349
36602
36204
29855
31532
34670
30826
31152
34762
29460
33101
30197
32442
31879
28175
28425
31258
34534
33445
30476
32506
32560
36630
31723
30814
33755
29745
28703
34226
36801
28363
34445
28577
30361
35619
32501
33516
32149
31020
33849
34963
36535
29556
32041
36861
28315
36659
36434
35185
31133
29933
30918
36460
28212
35107
35283
31438
28698
36633
34582
35990
31862
32374
33833
36009
36459
28174
32436
32975
31456
29928
36783
34070
34417
37078
28698
30454
31262
29723
34915
33266
28462
31728
31509
36837
35729
36415
36457
29013
30435
36745
36925
35894
36460
30735
29957
36386
31316
36451
30722
33124
36637
28130
35299
35158
29067
30610
28379
28780
29070
34089
28450
35155
35041
30285
29824
34146
36914
30211
28981
30960
30849
28651
32789
33534
33778
36858
32170
28182
32105
30722
29555
29554
28590
31137
28875
35660
36650
28485
31657
29596
36436
34295
31192
30576
34864
29759
34018
28614
30503
36411
30817
28395
34328
30597
30373
31306
28322
36293
30622
28615
28721
34099
36697
28457
35525
28622
36950
31710
28114
36120
35931
30329
28143
29903
33680
35431
36053
30751
33544
36402
31189
28566
28738
28257
30042
36834
30281
36659
35829
29598
29425
33901
33291
30640
35649
29151
35044
34464
36660
36520
36695
28939
30201
31720
34604
35393
28589
28004
36728
32008
28118
36179
34982
28137
29973
32345
34287
28854
36605
32153
29641
36624
36648
36348
33381
28305
34422
32633
36902
36602
30923
36692
28659
28801
28886
29448
31572
35961
34484
28119
31056
31003
30373
33066
34722
28459
28847
36145
35084
32337
30901
36805
33453
33119
34336
36134
29801
28122
32274
30150
29563
28150
36423
36743
28179
29875
28517
36189
35051
29670
36869
35433
29282
36608
36711
33174
32855
28625
29460
29637
34088
30401
34943
34169
36540
33592
31550
28244
32443
28421
28321
31076
31650
31465
36042
29054
34260
28376
30927
33547
31530
30796
36530
31465
33620
31622
36446
30543
30448
36584
35960
35357
35355
28574
33482
30271
28382
35117
28600
33575
36631
35478
31429
35401
34654
28209
33603
28595
35858
33040
36952
28304
31372
28826
28796
32617
33206
34869
35325
35924
34186
35888
35995
36292
36481
28123
33424
29700
32458
36481
33004
34336
28761
31335
36493
29724
34659
36828
31505
31940
28361
29756
34670
32138
28728
28124
31079
28575
30374
29648
35136
36695
35249
36385
30561
35864
31035
28136
28759
29338
36974
34226
30037
28759
35889
32584
36482
29110
29423
35534
34400
29128
36793
28600
35080
36102
32311
36209
35952
28121
31213
36165
33216
35195
36387
35077
29252
30584
29060
31314
33315
33509
33838
28822
33216
36338
35516
28638
31774
31125
36310
28974
33500
31659
36487
36542
29153
28226
36453
29048
34592
36362
28049
36755
36680
32519
35363
31647
32729
33392
30970
28834
33303
35923
28515
30127
35125
29309
28316
35979
28176
33909
30258
35223
28224
35811
33323
29599
28910
29184
34591
30880
28300
34433
32679
28911
30544
29315
33830
36590
28856
28134
31818
29086
34710
33538
28077
29440
29083
35493
36881
36221
34828
36390
31490
36048
30085
36224
33865
32131
28152
30182
31316
35935
29272
32556
32426
28191
35431
29368
36493
35306
28988
33039
36294
36920
30792
36923
28437
33918
36406
29832
35386
28135
34073
31647
36454
28576
28289
32743
34506
32214
28778
32662
36906
28908
32946
34744
32302
28098
36077
34064
29858
28740
35586
29879
31588
28153
36810
28154
32829
36128
31620
34100
28132
35969
34665
36672
36692
36719
31285
32430
28397
35969
32327
31681
33284
28540
32792
28273
28219
31004
30443
29204
28200
34410
32201
30098
28113
28054
34708
33118
29358
29369
30990
34303
31350
32663
36930
30335
28239
30940
28197
35869
33179
30382
35294
29913
33271
36420
34874
37014
35353
29077
36652
36486
32719
28614
30126
36415
34138
32699
32248
33203
29239
27958
36831
30094
29159
31820
36597
36711
31159
36808
28418
35733
34023
33663
28424
36949
36002
35116
31190
35884
28176
31057
34098
35056
29278
36380
35260
34912
31425
28208
31782
35971
36530
28075
31125
31573
34262
31304
33768
34766
36069
31123
33591
34983
32235
30867
30709
33195
28830
33549
35839
35613
36854
31979
28381
28687
35529
31213
35980
33842
35631
28218
28906
28309
28449
30930
35445
32407
30106
33638
36508
28358
33816
36375
28137
35868
36936
34264
30569
31652
31643
34938
36135
36823
36769
29815
31892
36800
37118
33909
28918
31031
35257
37007
36483
29369
33643
29795
32866
35520
35499
31349
34879
34909
36537
36677
28617
36475
36852
36910
30950
33828
36790
33401
28318
31892
33599
30809
31899
28216
36043
33553
33884
36166
34372
30691
30720
29954
30989
28844
28474
37040
28216
37153
31747
35678
31599
28615
31373
28509
29635
28810
33580
36924
29098
35703
36790
34063
32342
36010
35083
28361
28764
34477
29429
29783
36179
33982
28960
28345
30575
28082
28378
28223
32140
29807
36468
31896
36115
35371
28434
33408
32674
36721
35351
31569
35010
35537
30093
33241
36563
28005
35593
28217
29521
34955
35982
31993
36939
28508
34759
30263
30282
28131
31073
30358
30114
33646
29616
36851
29092
29889
36877
29040
30566
35725
31875
32736
28434
36920
29072
36682
32131
28224
30588
28077
34520
36373
31714
28541
32234
33927
36332
28612
30131
31257
29292
34104
30153
36403
35989
28316
34145
28919
36747
36047
28472
29285
36686
31574
31168
36275
36749
29970
31844
36787
36943
36373
28623
28802
35032
28266
30811
29291
35627
33807
29744
30598
36622
36712
29983
33629
36682
28396
35924
28824
34063
28916
33127
28425
34763
35765
31151
30611
29380
30540
35926
34828
33829
28756
32820
36894
34138
29296
28522
36023
29092
35866
34550
29873
34569
31163
35946
33805
33127
35439
33049
33287
28689
29025
34839
32965
36501
28720
36337
36023
31202
32132
28284
30140
35230
36583
36634
34424
35856
36914
36417
32103
36476
36920
28440
36214
28268
33220
33335
31032
28184
28301
36509
36161
29910
30103
34574
36795
35981
32340
35787
36443
35349
29081
32094
28944
29112
29364
33827
27980
32686
37020
30532
32286
32568
36204
28179
32228
33603
30281
28090
35592
34015
35025
29993
33096
36830
28307
30775
28347
30577
30201
28080
35943
28137
31884
34030
33963
29081
28689
35706
31907
28346
29224
36722
28182
36123
29054
29444
32853
29641
28438
28523
33340
36797
36628
34550
28289
35928
35713
30716
33072
31254
28526
35465
35513
33532
28028
32267
29787
35604
36773
34962
31793
36430
34006
29877
30163
36045
30776
28389
29610
28164
36524
35817
33776
28233
31580
35273
35094
36330
36403
28289
34056
29361
36015
36019
32436
28175
31525
29630
36863
34424
28974
34616
32815
36813
29620
33488
36764
36856
35353
28687
34099
30970
36717
31762
36937
32216
29031
28718
31305
33432
28733
34879
34110
28841
28194
29716
36637
32903
32751
30717
33034
36484
35183
32847
36570
36545
36441
33669
29563
36826
28209
35340
36626
36035
35898
28814
32671
32631
28681
36973
30525
28560
30215
29785
32938
36153
35421
34563
36578
29395
36324
33067
36752
30636
36695
34072
29805
32010
30755
34886
34058
33378
32769
32544
33705
28371
34375
32907
35773
32230
35426
32206
36240
37018
33314
28144
36802
33674
36431
28888
29700
35798
29953
33582
36830
29979
36774
28234
30050
30129
31889
28768
34077
33270
31847
35757
36113
31678
28169
28084
33095
35784
29100
28747
30084
28040
30933
30525
32237
36363
28135
28294
30139
36546
33236
36016
36160
30607
30974
32422
36947
35736
29984
36644
28130
28279
36645
34322
36970
32986
33851
29656
29067
30770
36782
34241
28392
32367
35972
33288
37000
33046
31694
36952
33848
34818
35316
36077
31457
28197
31935
35015
30520
31084
33975
36972
28705
28309
31836
32639
28162
29102
29864
35957
33508
30475
35881
29112
32836
32384
33175
34728
29012
31818
29629
31083
33820
36529
28664
36570
35160
30477
36627
28790
29251
36516
32897
31916
35354
35762
34923
34532
31976
32763
28103
35392
36514
28897
30002
33209
29640
33562
28036
30981
28422
30259
28819
33207
34783
30910
28290
29087
28368
28190
28257
36836
36627
32911
36750
37027
28999
29690
36671
34874
29935
29678
36374
29036
28878
32761
37103
35583
35532
31940
33744
28587
28180
35100
28735
28334
33596
34412
28145
33217
29190
31049
28452
36989
31911
36919
28290
28199
34444
35010
35459
29877
36592
36627
29381
34016
36478
35972
28741
29320
28287
29142
33231
31030
28313
35869
36738
35220
34572
29149
28256
36303
28353
36256
35132
36343
33771
33381
29707
30048
35342
30771
30988
31974
35990
31869
29553
30116
30913
33429
32637
36474
29259
29137
30998
35973
28238
28609
33127
32584
32291
28355
28114
34425
36981
35930
36434
29269
36737
36426
31727
35879
31697
34555
31441
33478
35392
31054
35359
35659
28902
36674
28703
36650
28687
31705
36601
34361
36915
34998
31006
34261
32816
32730
36804
30777
35568
29962
36483
35544
36922
30130
28689
35259
28681
36382
30385
36847
28511
36689
35638
31722
30251
31012
28348
33556
30277
34525
36938
36302
30838
28225
36024
33658
35954
30880
32582
30093
30745
28227
29893
29400
33705
36474
33214
31448
33499
32070
34505
36817
36084
36474
33832
29939
29031
36065
34662
29387
34691
36707
32706
28149
28309
35030
30978
32919
32594
28739
31890
36899
33066
29723
28370
31885
35593
34479
28592
28716
31331
35005
29190
31794
33821
28264
36958
36857
30526
28834
28435
35886
32187
33246
31803
32195
36280
34293
28722
32974
33177
30914
36386
32190
28138
28138
36276
31032
36420
32302
31137
28213
30143
28126
30759
36404
36865
28206
34171
30721
29331
35602
36151
34027
29117
30563
32023
35915
32429
34164
34334
33898
32352
36266
28112
33526
31472
35065
28466
36043
29336
33190
28324
31314
35230
34807
36298
30466
32474
35098
33041
35788
35746
36786
36752
30061
28137
30115
36692
35074
36679
30004
36361
36549
32855
33143
35776
33643
30031
28194
36271
36288
37138
30102
34143
33474
35023
36093
36269
34612
29836
30392
32196
31396
36538
28456
36835
32738
35751
35817
29419
35088
29086
32113
35107
28144
32210
36499
36920
31789
33482
34329
28286
30464
28633
29454
30003
29266
28858
30869
35888
30257
37018
30477
36041
29632
29100
33040
31796
33827
28203
28278
36850
33579
36635
34472
35601
36237
32894
28222
36829
33443
36687
30983
35420
28277
34855
30365
35110
35284
30387
35314
36684
30376
36890
28388
36549
36293
36437
29831
30906
28264
36752
32667
30556
29398
35158
28749
34450
36125
31109
32600
33309
36476
36350
28898
34002
36882
36929
33016
32099
36853
36751
28128
36653
28017
32631
28520
28246
28143
30944
33255
36828
31796
32629
30565
33688
36366
34080
29711
35098
36657
36744
32772
28147
29848
31567
29725
32550
36663
28537
34463
33900
34591
30835
32059
35339
36234
32050
31254
28840
28139
35763
33654
30460
36813
28197
35198
33238
28175
36386
36775
35842
28952
31606
36330
28330
33890
36730
35161
36609
35372
30495
32317
34951
32225
34964
36548
28858
36169
28314
28681
33698
36199
29678
29110
28314
28614
35219
28849
32380
28261
36031
33384
35113
28400
29033
34986
28406
33371
34150
33271
32880
28218
29791
29028
28373
34640
34446
28258
30002
34698
37011
36519
30926
29023
36627
36615
34958
35415
28861
36223
34767
36446
33218
36597
29181
28834
33308
35814
29050
35076
30122
36089
36642
29872
28226
34454
34022
32768
36914
28544
34818
34287
36476
32819
36477
36738
28743
36527
29804
31519
31079
36495
35554
32931
35436
32457
28305
31285
29466
28143
35031
36978
28250
28469
28250
28092
32516
28173
35410
32389
36976
36866
33655
30908
36727
35531
29849
29575
32521
36490
29118
33490
32742
33799
31820
33676
35691
36227
36084
36097
29300
29779
34749
34512
36525
33780
33283
35170
28595
33211
36217
35284
28877
32198
35302
32044
28695
36164
32781
28297
28453
29420
33196
31910
32775
36921
33359
36964
34238
28970
28517
33131
28508
28308
36003
36757
29506
29235
29040
31206
35633
28119
35660
28808
28859
28680
28204
28493
34555
28208
34562
35027
36602
30504
35000
30258
36538
31521
36941
33944
30508
32176
32420
32271
29882
34475
33774
28838
28571
30028
28521
28462
30731
28268
31066
30824
35068
31059
35060
30705
33327
28297
36906
35980
28862
28790
29732
36555
30973
28048
37015
31795
35043
29036
36232
34372
28244
36325
32819
36653
29587
34613
36703
28539
34960
31089
29880
36143
36099
29926
31944
34612
29681
32489
30997
28092
34161
30364
35180
35011
30295
35812
31934
35859
28492
36363
28433
28120
34839
34550
28845
36672
32943
33387
36856
33216
32710
32192
29242
28347
36517
29065
36764
30589
29505
30919
31001
29970
28318
34532
29168
36653
31009
28273
36921
30861
33121
28083
30068
34974
29583
35306
30559
33450
28266
35826
28021
28131
29003
33632
36799
32881
30141
32302
28121
32910
32374
36403
32369
31040
28358
32685
31854
31976
30648
32844
28140
32315
28470
34342
28042
35749
33456
35460
36899
29089
35483
36771
28594
28655
36949
28265
28142
32441
31951
30708
31303
32454
36831
28515
36470
36472
33405
28637
32040
30935
28107
29525
37080
36754
28607
34597
30950
36701
36785
29138
36719
33274
35155
28926
35625
30293
28773
31686
31889
33088
34139
30207
35777
36461
28566
33208
36912
34297
36018
29969
33243
34997
34288
28276
36770
32986
36112
34520
33106
34964
36852
35314
29570
30778
32850
32669
30106
28791
37109
36604
30992
28884
34776
36514
35305
36761
33601
35017
35916
34992
31501
28232
29532
33678
32102
35184
34703
28372
36608
31567
32126
28639
34215
36136
34610
35719
30514
36966
34686
36461
31661
35126
33339
34415
29909
33754
28940
34215
29389
28420
34083
29206
33436
36213
33917
35103
28534
34096
34952
28610
29524
33769
30619
35884
34284
36909
31310
29178
34103
32091
33141
30845
34029
31790
29695
31040
28138
29222
31926
28560
28483
36753
36736
34302
35659
36629
36913
28050
30146
35391
35470
36661
35978
36148
35247
28228
32514
36048
35421
28346
33175
33869
33168
30159
34875
35977
29210
33117
28994
36690
28430
30182
28459
28039
30285
28359
35586
32300
32434
34284
29787
30818
35386
35916
32133
36227
30496
36994
36659
36641
28187
36635
28595
32347
33067
34973
35698
32658
34366
33339
29653
36732
33457
29846
29447
34311
28768
36921
36557
28187
36339
31598
36902
32856
28425
33133
34978
33439
32368
36758
32394
36501
33562
30211
35217
30063
35582
35805
29352
29399
32084
35469
37089
28428
32666
33973
28086
35745
29039
28955
30277
34618
28378
30811
35382
34593
31903
35659
28781
28984
29489
35241
30053
36356
33407
35036
28573
31835
31400
31164
30691
29349
28173
29135
28267
30128
36377
35252
34759
36999
29986
28318
28552
30232
30708
34578
29704
28981
33686
35493
30854
30471
36687
28708
31817
30026
35193
31264
35346
36896
28186
33608
31574
34879
29861
31556
32963
30710
36732
29682
35775
29884
35516
36701
28120
32554
36351
35165
28094
31522
33961
32453
33074
28225
30256
29830
36320
33339
29843
29603
31036
30608
31118
29587
28769
36541
35951
34593
36499
35322
36500
29234
36511
29805
34271
30303
33566
33770
34891
34007
28440
33148
29809
29671
36794
32815
32693
36213
35129
31082
31726
30832
32010
34873
28566
29069
36523
28291
28084
28185
30963
34510
36513
34414
36771
30800
34728
34854
32374
33809
28250
34082
36456
35825
28141
29228
36603
30537
33387
35506
36037
34862
28141
28793
28513
35957
35780
28283
34493
33440
35893
32525
28108
30099
28139
33479
29766
36739
34948
35572
32489
28210
36035
29466
28209
28120
28409
29289
34045
28266
36528
34069
28477
31818
33205
36971
30274
29412
30684
33101
36024
32056
28358
36077
36646
28707
28514
28508
28731
32704
28389
30449
28194
35579
31035
28812
36561
34222
35045
29011
33230
28600
29370
36949
32095
34044
34924
33002
36405
36916
32735
29455
28150
31111
28867
31170
30668
28773
30462
29892
32487
29131
31982
29345
31779
28338
29292
34181
36711
34703
35219
35596
28823
36886
36808
34014
28365
36706
31489
30694
29797
33820
36331
36172
36702
37137
28217
36777
28521
29401
28031
31766
34837
35972
33246
36185
34488
36359
30167
30325
30782
35248
34255
31030
30092
36492
30640
30858
28281
35194
28462
35121
30261
33512
35967
33761
36482
28300
28175
32635
31961
35602
31441
34024
34680
35992
28245
34187
31838
36536
28695
36751
31141
30644
29805
34307
36749
29110
31765
35679
29257
30069
28522
28079
33069
28700
34181
35657
34362
36304
32163
28197
28223
30057
31279
28713
28401
36247
28395
29169
29135
32938
34459
28103
28288
35989
28460
34123
32584
30717
30880
35936
33016
36728
36302
35260
36388
32041
36972
35756
28917
30270
31620
29561
35468
36700
28108
36576
33048
36567
36196
29149
28437
36727
28400
31528
29579
36374
28563
28107
29237
36062
32112
29605
34104
29539
33286
28076
31785
35735
34400
30231
36041
28197
31773
36714
30995
32831
31580
35388
28580
36732
31873
28187
28291
35084
36684
34420
36826
28284
35610
30763
36068
34475
36894
36544
35673
36825
36750
31890
34143
28616
32379
36921
36423
31008
28312
34976
36309
29779
28115
36915
29377
36884
36552
31079
34979
28340
36314
37003
35437
32070
30590
34810
30788
36159
36535
33294
35803
31667
28072
35220
28255
28510
30051
29148
28211
34312
32232
28779
35391
31957
28475
32585
28595
28105
35467
34218
36798
32024
31103
30517
29497
32949
34873
28281
34390
31435
28244
28301
35533
32014
28582
32060
28310
34145
30032
28176
28684
29146
28249
28259
30668
36000
36279
29437
28964
34231
36876
35835
34595
36777
30107
28517
30574
33389
33652
29836
36763
36137
35122
28056
36736
28592
33683
32968
33658
28039
29062
36339
33260
35317
28916
32273
35284
30354
36689
33558
33268
34661
30684
32098
36729
28663
31471
36202
31855
35362
28625
34904
30448
31580
34678
35881
31428
31783
28257
36654
35216
33894
33421
28275
33429
34295
35315
36282
35208
28482
28328
30772
28925
28301
36907
34767
36535
28936
36916
36980
31622
36695
28161
28193
33545
37048
29194
35706
35102
29734
28230
33562
36811
28474
35186
28081
29087
28162
31907
28179
30880
33929
33316
29249
29095
28698
32229
36815
36759
33510
31620
35348
36891
30123
29454
32329
29947
34184
36897
30935
31277
28210
33541
32237
32954
29236
28735
36120
29358
31729
35442
32157
29301
34571
30346
28530
36777
35204
29024
34958
29622
36433
32082
36826
28187
30472
30262
33711
36653
28242
29882
29260
32166
35961
36233
33950
29387
36333
34638
28755
30099
29353
30845
36789
36528
37005
28247
30889
28420
36363
36224
29483
34632
31801
36796
28271
29642
28726
30424
36194
29598
36433
35578
30607
36066
28353
30786
29528
31426
31130
35949
28815
36612
31652
35026
33730
30388
33616
36221
36284
33099
32888
35630
35566
36759
36363
36303
35183
36767
35773
34705
28609
35944
27942
30929
36892
28460
35816
29519
37019
36535
31857
34558
36691
28559
28293
34554
33966
36057
33175
36543
32134
36169
28225
36001
37014
31221
28222
28506
31382
29318
28202
36613
35315
28371
34666
32407
36952
30681
36330
31418
28579
28461
28398
35298
31453
29758
36607
30818
34413
35355
32857
36829
33769
35224
36837
36408
32858
31498
28132
29830
28119
34224
28623
32418
33326
31214
32944
28190
28998
29348
35034
28270
30366
28220
32358
36552
36716
31578
32693
34646
29345
31939
32633
28486
32389
29447
36488
32389
33914
28354
28753
30558
32662
36879
30302
29357
33144
28106
35628
33893
36099
35521
28750
33475
36824
36706
35661
31787
32951
28978
36709
30814
28252
28078
35620
28222
36381
31867
31859
36087
30651
28252
35715
33442
29706
30744
30111
35576
36675
36846
31511
31820
29975
28674
28170
29094
31396
36528
33880
36048
33217
30875
33579
28545
28869
29471
36436
36333
36469
36669
31034
33135
31718
36428
33834
34517
28139
34236
36630
28864
30783
36590
35136
28956
34495
31239
29026
36428
28095
28970
32619
31032
36619
29354
29543
29780
31968
34198
36506
32102
37040
28467
33025
35733
34023
34431
28898
35866
30440
29419
29249
30757
29765
30112
29927
32975
28261
33356
35354
28182
34812
30905
31964
35781
30104
28652
28799
31596
30710
36705
29664
35129
33985
29833
31188
36669
36211
34545
28087
33871
36921
36688
29591
29623
28520
30831
28020
36717
33137
30567
36196
34520
28223
29772
29797
28557
32652
36595
29621
31426
28590
30182
35508
31242
30502
30032
28995
31477
35852
31136
28302
28202
36510
28766
28315
28792
29725
34588
36494
36709
28301
30172
36443
35527
36311
28248
36339
36053
35669
30173
29864
33104
36962
34904
36119
33879
31448
36704
28505
35019
29707
34419
29769
35584
28419
33538
33417
30448
29473
35181
36660
36775
35896
28043
35957
34659
36075
36926
28463
30074
28880
29551
32360
36880
34408
28467
36949
32886
35891
33594
34021
31264
34272
28524
28818
34031
36624
28741
28447
31909
28863
35787
36346
36398
36988
28133
30924
30416
36994
36410
34633
30744
31762
28124
37025
31731
35697
35140
28128
29831
28969
31842
30780
31724
34614
34870
29388
32897
31759
32086
28258
35230
34682
36402
31347
28151
37028
31435
31718
35739
31436
32849
36728
30609
32868
32250
31545
28736
29187
28210
34087
34334
33354
36643
36303
28450
36737
36318
32772
34966
31058
34756
34580
32432
35500
29891
34352
33657
28502
33341
28157
36270
36808
30275
33991
32567
31494
36787
35540
36473
33481
36531
33792
29399
36721
30263
36859
36857
34820
28114
29513
33695
36657
36384
36157
28193
28083
33501
29429
34430
28912
28354
36770
30065
33665
31861
28897
28090
36505
28177
28585
35467
36623
28192
35945
34419
36921
36021
36728
36806
29973
32386
34031
33415
36569
29756
31581
33759
31802
36350
32661
36699
35898
35701
30304
36842
32374
28174
36035
30396
35909
28304
30882
35276
36575
36052
28777
29114
31334
31517
35900
28244
30927
32996
32826
29613
36806
29201
29967
36868
34750
36251
36799
36904
31905
32348
36627
28952
32270
36611
33407
28591
30035
35671
29031
28168
28632
33096
36459
33200
32611
36989
36142
34033
34966
36331
29070
35380
36678
34413
35558
34098
28724
31294
36477
35699
35969
36680
37000
36538
28288
36389
33504
34469
33800
28388
33204
32675
31023
32590
31423
36833
34667
37135
31256
33103
29123
29684
33988
36194
34458
36879
36451
36996
36605
36706
36001
33301
35399
28925
36777
35681
36039
36658
29590
28450
32545
36229
36700
28739
31196
34102
33325
28591
30450
36089
31207
28050
36666
35436
29013
35010
33777
34225
28169
34969
36718
35532
28005
30398
31272
32700
28888
35500
36238
32844
29582
31522
36646
35807
34863
35294
33568
36008
31529
28234
33853
32335
32953
29999
30618
28513
31824
28281
36511
29064
29577
33430
36297
29805
34603
34934
29956
30108
32850
29429
36581
31703
28738
28112
35675
32327
31042
35906
28916
36986
29225
32782
30654
28371
28180
35643
36900
29752
32836
36821
30878
36541
28099
32018
33488
28131
34576
31545
35461
34677
31297
35299
34999
35301
36781
36039
30748
31058
34865
34658
28250
29980
30188
29125
28286
36835
28219
36830
30106
36169
32382
28357
34028
28732
29189
35222
36530
31956
29707
28900
36077
28251
30115
29031
36190
28309
35385
28991
33611
30372
35604
31177
32183
36793
35511
32199
34427
32062
33205
35866
28176
28320
28696
29003
35389
29254
36213
34002
31883
29891
32102
28711
30404
33834
29343
28536
30628
29498
31899
36050
34163
36779
36705
35643
34899
29503
29643
31065
34470
33827
31814
35790
35427
34101
33145
31644
31402
33601
28739
28226
32124
35267
36560
34324
32744
35309
35151
33086
28379
30771
34439
29032
28275
32840
29012
33258
34079
28579
33311
36163
36499
28336
31002
30374
34666
36597
36825
35082
30554
34578
31970
36208
34706
34702
29433
36415
32224
28660
30670
35109
33261
36889
36887
34652
30710
35665
36740
28265
31461
28228
30459
28687
30842
30754
33328
29505
28356
28030
31048
28909
33258
30412
34904
36370
36039
30397
28435
36476
36474
28034
34277
36114
32764
34734
36840
29471
30304
28048
33905
36359
33678
36897
33858
36587
29324
28708
29078
32804
32294
35724
31242
29278
28565
36521
28805
28412
30101
30236
36956
34232
31310
30892
31651
29994
30565
35292
31068
35932
28733
29454
34585
28220
35748
35629
36030
34953
36595
31868
36709
35017
34244
28819
36511
35342
31513
35414
36990
35512
35922
29294
35843
29500
36301
32404
34642
28528
34256
34479
28207
29514
35886
28855
28078
32171
28089
28924
28297
34498
35163
34081
34825
32385
28120
30711
29767
36225
35263
31818
36688
28343
32110
35503
31439
28206
36384
30894
33184
28476
28102
31141
28285
31960
31737
29783
33435
28703
36730
30936
36507
31011
28458
36268
35610
28625
32401
35597
28101
28195
30837
28617
36073
28408
36404
29726
29816
31557
36339
31489
34807
28228
28472
28026
33639
33695
28100
30793
28419
36346
36291
36958
32151
35972
28179
30741
28319
34050
28077
33504
36933
35967
35093
33276
35115
35951
34490
30399
33102
36751
36869
34326
28741
29638
29875
32798
30210
34979
36558
35261
33461
33780
34705
30260
36380
36735
29376
28878
36860
30239
32345
35680
29031
33187
36504
28981
28889
36809
29326
30588
29528
36748
28129
28764
33312
29780
36710
29288
35450
36872
35264
36679
36672
30045
35098
34602
34131
29341
36431
31354
36618
31497
36310
36261
32633
32526
29149
33170
34415
29306
36962
34985
35311
28261
28110
29932
29580
36195
36792
31126
33869
34390
32776
36213
31457
34416
31938
33098
35982
36937
34152
32979
35807
28279
31137
30036
33442
32493
36434
28357
31192
36525
33937
35534
28553
36762
29229
28948
36868
36102
36163
34878
28178
36688
32668
30567
30801
32728
35073
33151
30028
36686
35949
32212
32750
33500
35061
35502
32989
30665
35957
34986
36716
30075
35729
28985
36888
36298
29455
29869
29767
36866
36164
33553
28255
35490
28387
34618
35517
33160
28291
30494
28390
35816
36492
35358
35075
33099
35881
35965
29921
33611
36688
33469
36342
28247
36879
33135
32049
30059
35966
31818
32670
36754
28933
36352
28181
34102
32168
34628
31036
31383
35452
33092
30023
28175
32421
28590
29391
30719
28383
32070
31095
28136
36528
28582
33209
31575
33144
28395
34513
29206
31104
36503
30356
34616
28751
29238
32753
28489
31124
28639
28146
32601
30841
34021
29229
31853
31816
32098
35557
30004
28147
35117
33369
36832
36007
31139
36139
34450
33837
34600
33156
32419
34884
30264
28209
28122
28825
35430
33579
31846
28223
28458
31388
36177
28890
33321
30408
36963
33579
34198
36812
33608
33599
29788
29712
28344
30829
32747
36592
34641
29715
35804
29509
29973
31550
36723
31406
28488
28122
36623
36370
32652
33909
36137
30191
36262
28377
36536
30565
31569
31254
28282
36415
31688
34563
36943
36111
30902
31898
36572
36680
36147
31473
32306
34569
30291
37060
29371
31132
36322
36807
36008
34010
34700
28228
33233
32282
35050
36345
30280
28413
36847
31442
35805
28599
33950
29331
36199
35051
30450
32382
35210
31428
35097
28120
37085
29707
32253
36433
28970
34077
36370
36892
36652
32787
36631
29625
33869
34304
28174
29760
33685
32423
36733
29937
36358
28462
30791
27989
36008
34638
33257
31706
32404
34633
35399
29913
36119
35856
36497
29221
32696
34744
35047
34197
36767
36604
36872
32888
27940
30733
28206
28068
31706
36498
31839
31150
36351
36667
36708
28477
28252
35069
28765
28370
36457
34683
28246
29993
28103
28763
28517
36513
31342
28063
35899
28186
36088
28465
33357
29867
36352
32595
28387
36724
30368
28042
28254
28552
30417
32067
29327
36735
28800
32967
32686
35577
32962
29664
36917
32010
28911
29590
35229
36903
28733
29863
28224
36954
35710
28322
36938
30039
32149
34659
36169
28540
29690
33752
36736
36134
28476
32696
34501
36030
35149
33323
28960
31593
33708
37111
32321
34094
29204
31803
28089
32272
34369
35164
28691
30179
35649
34293
28432
29386
31977
32135
30998
35135
31117
28188
31940
36927
34211
35204
28439
36232
28546
35588
36857
28321
36417
34237
36468
37017
28166
36660
34382
36307
28841
28344
28093
33749
32922
33673
36053
36058
31475
34198
28271
30215
28486
32485
34202
28560
33333
30059
28867
36045
36663
28373
28761
34328
28976
28141
28722
29160
32485
32012
33419
35094
29202
28777
28484
28416
28145
28409
33810
30752
29966
32043
28485
30323
31357
31634
36809
34562
28221
28226
31820
30738
32198
29276
36819
30688
28058
32207
31501
36942
34774
33981
36661
28292
36691
35886
28058
35116
28184
36802
33802
28028
36447
28002
32260
31399
33581
28118
30544
36639
28666
36337
33815
33760
35709
28613
33274
36458
32418
32577
30127
30180
33086
36585
36524
28749
34818
28204
29314
32122
35134
29136
31994
28144
29255
29394
36553
28270
28372
31066
34757
34016
33930
36116
30505
28249
36154
32004
28737
28524
36770
28736
36847
30586
30935
28570
28247
30744
28532
32732
28351
28931
36606
33462
28062
36531
36739
32978
35941
32260
36905
36407
34504
28441
28859
32436
30513
28268
30414
29296
31348
36869
35577
33143
28276
32999
32497
32156
35346
32607
29928
32294
36045
34363
28483
36317
36665
35144
36519
34399
30404
29484
33173
31332
29852
27928
28764
36865
36254
28473
34102
31429
28170
30022
28122
31485
29971
30676
28233
36455
28142
36822
29607
36069
28413
31662
30540
30941
33226
34957
29409
28510
35968
28069
28582
28941
32911
31272
36735
35603
28892
33699
31838
36703
31978
28449
30696
29042
36923
36529
36566
29543
36275
29029
28564
33048
33831
34278
34053
28888
36358
31532
29018
30632
30329
33897
34591
36114
28238
36705
31130
31492
28619
35476
35090
34153
34261
28295
30147
36105
33100
30243
33306
33258
32180
36413
29675
29311
35402
36638
33778
35489
28474
36121
28615
34834
36452
35717
35034
30782
33300
34995
34282
31839
28248
30946
34424
30011
36707
36747
29884
36602
33046
31937
36856
32865
36759
36884
34350
29422
36003
32950
28454
30558
34038
31417
28275
36930
32202
30996
36729
31899
32038
29081
36061
36375
36405
36672
31189
33639
36628
30046
36944
32717
31444
30748
34714
36447
35607
35333
28463
28570
36895
31902
36353
33897
28328
29674
29757
30347
30420
32389
29628
30204
28500
31051
28295
28483
28463
36507
28487
32886
33258
34218
30278
32783
29482
31708
35180
36296
32942
35728
30735
29151
29950
28095
31441
28210
31274
31193
33551
33007
28355
35061
28326
28677
34619
29286
35889
30296
36104
29303
36509
28297
35456
33789
31810
34460
28465
28266
34354
28759
31256
36250
36417
36105
34791
31312
31839
31938
36343
33031
32872
34356
36884
34800
31854
32175
34270
36801
28878
33257
28667
28323
29775
36591
28602
28816
28161
29257
33398
34407
36907
28321
35339
28624
36644
28154
31626
34253
30933
28508
35834
35658
36587
32375
30259
36827
30890
34438
34973
36113
34753
36664
29784
32338
28460
35784
28937
31932
36667
28515
31564
36739
33727
29613
35135
35728
30434
33418
32436
34291
35876
28139
31262
31129
29699
36979
32399
28285
29751
36869
32638
32447
31751
28221
30938
29224
33554
31685
28533
30787
29758
36126
29651
36371
32067
30832
31890
36918
31764
36969
31064
28332
34167
32113
31545
31112
28522
31716
36460
28842
28401
27990
28496
30867
34541
30956
36254
36464
30555
32450
35439
32507
37006
29271
28173
32587
33951
34164
35331
36533
31414
36549
30485
29126
35528
30745
35072
33293
31167
35537
36936
32176
36823
31861
32023
28167
29918
33269
34517
34068
35927
33367
34314
33592
36724
30290
36120
29709
34211
28343
32440
36719
28472
37032
35008
28662
31723
34989
35668
35671
31089
31075
29180
36344
35516
32250
30233
29213
29403
34531
35858
36365
32405
35587
31729
28298
33644
28146
30053
33136
33495
33720
35633
36890
28030
34203
28131
32708
30441
36692
34204
28237
32990
34181
36783
33044
28754
36935
30900
30385
33155
29288
35878
35743
36342
36782
28543
36030
30258
35189
28376
33836
35805
32391
35782
30825
28611
30257
28558
36803
28551
35975
33876
36668
35219
30438
36289
31478
31074
28362
35070
35577
35935
28608
36767
28080
35099
36022
28328
35606
28214
33347
30357
34366
28313
28286
30267
34868
35368
34412
28673
34077
28363
28147
28410
36839
32949
36805
35731
34579
30412
36491
29386
29263
36388
33826
35399
33591
35780
36901
31494
29570
35674
36916
31299
30309
29153
30832
36509
29380
36722
29410
36956
32688
29913
36707
30820
32158
36640
29235
29694
29463
30138
36245
28801
36914
35279
36894
29506
34280
28579
32822
36128
32695
32994
30414
33563
36990
36898
30052
32752
32191
36650
30130
29528
34730
28954
33959
31884
28312
31346
35822
28296
36132
36569
31885
28609
30979
28078
32250
33082
36931
28560
30259
29660
34215
36065
31051
30099
33136
31999
35269
33803
35151
30634
36751
33972
33876
32637
34122
36748
31934
36991
32168
31274
28113
28142
32090
30000
36508
29008
33912
34110
33944
33479
31160
28913
32258
32026
28251
30261
33378
28302
34167
30648
33713
29522
33135
34370
36271
30675
28287
33730
28862
28631
31467
32121
35524
28226
36109
36725
36721
30667
29197
28473
30081
28206
36518
36681
36312
33702
31070
36818
33102
28231
30170
35919
35913
36248
32656
31401
36973
30834
34160
32210
36633
28773
35223
35557
36575
28636
36935
33990
28373
28519
36169
36209
34670
30167
28486
30584
35396
34518
28165
28354
36739
36430
35832
28146
35448
29042
35836
36801
28992
33673
29026
30362
28586
35341
30187
30198
29483
34354
35011
35420
31389
36721
36698
36855
29721
28906
32676
28034
29030
29517
34011
31222
28175
28602
32218
28476
31928
36296
31106
28188
36987
28844
35320
32743
28364
34727
31627
36277
30229
30556
35446
33456
33452
36106
36945
36181
35581
34025
30520
32378
30303
28793
28382
28327
28184
34606
35988
30545
36777
36770
29222
36756
28721
36564
35397
33308
28896
37019
32647
31645
28770
29279
28975
36744
36744
28558
28711
36764
28130
36000
29773
36633
34833
29833
30009
32706
31693
30944
34758
35684
36495
35586
28895
31291
36623
36846
36455
30636
33206
32631
33999
31485
28765
31893
28738
34396
36528
29543
29659
28772
34916
35516
36246
28783
28220
35021
28234
34048
28444
36725
33773
32963
34433
31982
36292
29959
36686
34915
30510
29589
29066
30228
30860
28262
33076
28302
29303
35125
34809
37078
36874
32394
33257
29125
28925
33587
30194
33422
28108
33510
34789
36199
28661
36688
28742
31831
31028
29307
28241
36717
30881
33005
34258
35677
35801
28650
28678
32204
34128
29589
28268
32347
33527
32912
36852
34201
31186
30314
32731
29944
30750
32109
34483
29136
33127
30312
28445
34996
36930
36944
34214
36749
32922
32608
28216
29540
35793
31614
36301
28734
34514
32315
34370
31638
36376
28330
31040
34927
33262
35056
34498
32420
35156
32670
34313
31384
33434
35484
34538
32804
36494
33685
34833
29259
34824
36682
35867
36364
28200
31008
28829
28147
34470
28555
28302
37058
35897
31791
31192
30797
28084
36140
28421
34227
30802
32167
35960
28596
33428
33452
35183
28662
34607
30347
36912
31903
34192
28976
33878
32793
35158
32083
35228
29929
32470
28784
31496
28271
29861
36599
31540
31616
34618
30936
30494
30207
33965
29178
33069
36254
36631
30815
29247
30969
36962
35069
36693
33879
34049
35202
35505
33604
32895
36371
35422
36778
32272
36679
29196
31063
35768
28151
35510
29774
28151
36834
32828
33250
33582
31740
34649
30881
36057
28769
35297
28952
36499
34932
36842
31650
28571
33691
35092
36906
35536
33900
29627
32851
36473
35397
34837
29817
28420
30357
28284
28654
33358
31347
33922
33220
36946
33855
35548
35035
29915
34899
31650
32555
28036
36549
36638
33901
32723
35696
29327
36203
28224
29692
32092
34734
28012
35472
33094
28048
28832
33825
30973
34741
35788
30967
28263
29624
36812
29397
28560
32882
36666
36809
28400
29761
36588
32295
29293
31743
31027
34102
28152
31200
33379
35743
29232
33726
36756
36518
36542
36772
36524
29362
36513
34122
31644
28193
28267
33949
35262
36237
36373
33273
28780
28731
36682
32455
35284
30128
34548
35047
34108
35127
34875
36060
33781
28391
29541
29074
28844
28522
35120
36261
34197
30647
28690
30811
28923
36504
35110
34739
33098
29632
28894
28526
35840
35987
28219
35373
36754
29793
35419
34433
29566
28311
31892
36863
31005
32116
36251
31971
36406
36222
35312
35829
34921
36811
32777
29494
36766
32013
35651
29665
36780
30877
30094
35983
36583
36888
29911
32894
28210
32490
33328
28294
35708
33004
28168
28745
36768
32436
36083
34895
36933
28356
35681
29082
29972
34495
29482
35825
34785
37008
28550
31310
28729
30323
36305
35978
34869
29071
30008
31843
35147
32754
36981
33840
28128
32631
31624
33299
31889
30995
36705
36044
36760
36771
36240
36794
28230
31128
36506
35629
31220
33621
36541
28198
28200
33223
35084
36707
28344
28228
28591
28317
28277
36509
29870
28936
34634
33620
34128
36496
28639
32960
35084
28669
30958
31877
36122
35764
36275
28248
35465
31979
28206
31733
29662
31127
35415
28736
33713
32481
36889
35496
33368
36010
30555
35157
30185
30277
28786
31254
33846
31719
32404
36378
28204
35362
30731
29612
30093
28414
36943
36402
32650
36329
34891
28910
29298
36695
34377
36357
36691
30580
34980
29215
30145
35756
34329
36203
29363
29292
31287
33292
32030
31311
28270
35472
36740
28022
33875
29568
28795
32084
31774
36070
28809
35830
34996
30588
35728
30383
32401
34172
32059
35208
36712
30121
28365
31981
35049
36687
28106
28500
36162
29293
30947
33812
29321
30687
29159
36094
36197
28937
36862
35372
29058
34887
36466
37083
32590
28319
32878
37037
35506
28871
36490
33945
33558
36742
33849
35174
28060
29337
28366
31454
36869
28976
31949
34156
35762
36667
36453
31522
36059
30591
35014
36762
28520
30516
36965
30596
29293
36746
36062
30972
29718
28161
34176
35861
36153
31743
31279
33778
31793
36663
36333
33710
32209
29597
35636
30433
34832
35160
34056
36786
34446
30793
29221
35390
30983
34450
35847
34014
28782
28750
36607
28307
28704
34243
35627
32846
36801
31007
28270
30019
33382
27968
30865
36529
31697
35429
35402
28207
32877
32784
36355
30571
36741
28207
29859
28918
28421
34842
35721
28049
33021
30270
28383
28645
35827
34495
32264
36980
36832
32766
36921
34566
30878
29050
34972
28673
28820
28340
28623
37069
34412
32045
28132
29852
28096
28092
32275
36628
28216
29746
31760
28124
28818
31397
35355
28963
36381
36572
28272
33300
35412
32540
36831
36392
36957
31161
36088
32212
28519
28148
36522
28760
35981
30698
31497
36737
30897
30270
36648
34862
30357
36161
33396
36160
32221
36754
30087
28185
33393
36705
36525
34501
36539
33955
28555
36883
28369
35700
35318
31251
36781
36538
32152
29405
28512
36036
36365
31877
30650
28551
29743
36678
35855
34346
31452
36567
36040
29115
30662
28402
28744
30298
28531
28446
28062
30791
30007
34654
31338
34128
36744
36489
35080
30799
35866
36689
36227
30806
28336
32039
29289
30079
36021
30693
29969
36527
28267
35653
29717
30158
37030
31343
28549
28193
31932
32361
28566
32208
34466
31763
35808
32420
34811
28955
35129
34905
34695
28775
32481
28058
36213
28136
34659
35606
33479
37049
36453
36604
36494
35443
35739
32036
36615
30988
36220
33222
29062
35614
36888
36874
35271
30403
34544
29519
33480
28365
34939
31721
28612
33410
36709
32356
29803
35801
36466
30850
31991
36649
35823
31081
34708
28795
33701
36808
34885
34586
29165
34000
29432
36498
28264
28055
28598
36805
36588
36778
35072
35536
28166
36208
32327
35964
30157
31417
36926
28163
31092
29295
34179
33630
31975
35097
31697
29963
36466
30814
35792
36646
36012
29299
33951
29324
36755
29115
29603
36775
33136
36102
33370
36945
36872
32261
34573
32396
30517
28586
36611
34608
35818
32874
33088
34685
29347
33094
35444
36977
32891
30381
37015
30718
36277
35525
35967
35637
29030
29771
32670
31904
30081
34657
28055
29902
30579
36606
36902
36852
35375
32165
36849
33654
31072
30342
28739
30449
31130
29864
33848
35310
34555
29732
32153
28115
28424
32595
28538
35893
36917
32934
35156
31266
36716
29672
29505
36549
28630
36661
36588
36800
33129
30838
33601
28264
28434
30376
36805
34579
28073
29987
28504
31834
34212
36213
29135
31811
30495
33786
35481
35654
29935
36437
35031
36629
33618
29530
36686
30607
36862
28208
28169
28243
32586
36759
29711
33100
36866
34476
36656
29860
36560
36861
28933
30139
28660
32379
36827
28641
29669
32967
32101
29003
32131
36412
28593
29326
32707
28169
35047
28812
35570
35362
31575
30166
36451
35247
28471
36934
35626
33444
36120
29600
29792
28113
30394
33506
30914
36658
36303
28605
36771
35093
30275
29508
34419
35429
36035
35745
35795
34699
31474
31984
28296
36877
30378
28245
35864
28063
35181
37062
31532
35956
36087
28881
35490
31520
33632
32795
36814
28124
31181
32829
36217
36883
29518
34614
34817
37022
31243
36912
33650
36838
33044
36690
34269
33028
31463
33815
36173
28712
34603
36818
30307
30305
31567
36709
31927
28947
28208
35946
34944
36464
28136
36348
35340
31563
32914
32088
35861
29554
36638
30663
29179
36508
34675
36934
28497
36613
32868
29650
31695
28242
36468
33436
31868
36782
32162
35284
33992
35848
36074
36737
36851
36124
35570
35739
32103
28102
33118
35757
33292
28979
36240
32921
34626
30753
36797
28550
34342
34510
30577
30011
35113
28154
30515
36712
36905
28281
30553
36458
34614
31252
33265
28607
37071
36208
35868
33623
29412
29301
36027
30560
30744
36680
29319
29355
33936
36549
29581
31083
30632
30479
30056
36638
28340
28251
36716
33147
34261
30006
32850
29010
36413
28718
28575
28287
36643
28192
30407
36563
34791
36262
34248
36266
29412
30117
28761
32408
36446
28536
35849
28532
30692
29726
35484
33872
29987
35321
35515
36367
36751
36651
36947
28372
30289
30219
29313
29413
28399
37134
36603
28146
36025
30480
36318
31159
36597
36667
35104
32593
36685
34054
36955
36664
33372
33312
36884
35890
34331
29488
36873
28809
31957
28423
33411
36273
28222
31987
35525
36351
31068
31125
36859
29545
28305
35406
35557
28479
31630
36664
35273
31027
35919
36629
35644
36275
34288
36175
30105
31309
32219
32916
36120
28154
32368
28504
29810
36629
29037
33017
36611
36552
33111
36064
36428
28330
31932
35177
36868
30908
28477
35016
29220
35619
35771
36475
36424
28777
32870
36723
36929
31757
33389
28377
36581
36305
36304
35439
29550
28489
36828
33209
32136
29183
35222
31096
36306
31553
29165
28647
35291
28605
36359
30395
32994
30339
28113
31556
35226
28195
28528
31481
28637
28344
32603
29413
31248
32082
35435
30679
36378
36177
36744
29931
33721
36434
34089
34314
30390
28998
35397
36904
32708
29619
36322
31032
28203
30804
36033
36847
28220
35996
29145
33081
36198
31366
29619
35667
33206
35751
28231
32881
36177
34518
34553
29434
28570
28008
35705
36951
34587
32341
28689
36165
36895
34010
28602
28130
34819
28345
36551
36663
36240
35020
28074
28534
28829
36701
32577
28585
28760
36730
35737
36507
32495
31126
36831
35049
31276
30255
30498
34263
36404
30878
34420
28344
31471
29689
28897
34193
28623
32928
32165
30643
30804
30675
35912
37041
28396
35529
32467
28158
34034
31407
31642
33431
35586
35167
30282
32429
31861
29405
28320
31941
29474
31843
32086
29390
28172
30206
29884
34194
33120
30349
30364
36719
33111
28747
29479
35113
36792
28058
36667
30893
28739
30978
36830
30947
28388
36850
31247
28097
28078
28937
35879
28210
34411
33515
36601
37064
30319
28404
34908
28057
35650
29722
28875
35708
32718
36434
33453
34926
36746
35215
31253
28254
36139
31082
36708
34178
29178
29812
28908
28892
35128
33275
35151
29498
36108
28085
30854
30962
31080
36327
33031
36285
34086
31438
32844
31934
36507
35216
30536
28131
32038
35496
36067
32701
28051
30408
28282
31602
37017
32739
28223
33274
34600
31386
34405
35863
35163
28563
36599
28254
32044
28191
34744
35801
34379
36706
35566
29099
36504
31894
28799
30624
31175
36502
35106
32518
36710
34426
31906
35425
36395
36427
31343
28481
32456
28075
34038
33767
28269
36813
36866
28906
34099
31028
29277
28703
28120
30480
31926
36515
36696
28385
34035
34879
33672
32598
29969
34348
34274
33050
35710
31843
36355
28281
36303
28579
28048
35675
36223
36701
36684
36843
36338
28118
36783
33962
31149
35334
29786
34478
31883
28640
28297
36811
29938
34964
28033
29691
36819
31214
35635
33395
36419
34413
28255
36073
29788
36352
32685
29721
35523
28835
28320
36828
33058
32926
34811
33406
32597
36887
34426
36475
35479
36594
28591
36161
28038
30974
36312
35427
28111
36946
30065
28698
36960
36769
35428
29553
32904
35858
36803
33729
36895
29385
32178
29122
31704
36381
28579
31438
30804
28107
28301
29388
36470
35241
28128
36694
30636
36753
29057
36185
31873
36000
34489
28718
32516
28449
35734
33205
28255
36717
28339
36667
28395
28477
29624
34144
33008
33814
30283
34505
35610
28280
36932
35642
31038
36359
31396
31938
33272
33003
36094
30744
29716
34941
29959
30038
28540
36992
36605
35737
35670
34565
33783
28040
28873
28434
35500
28628
31739
30018
28311
33509
31348
31056
34256
36739
32735
29853
36277
36505
35630
32316
31942
31575
28413
28772
28166
29343
37014
36747
29908
34289
32564
28196
37101
30504
32440
32049
33178
36014
33972
34088
33097
34375
36868
28077
33036
36410
36694
36208
28237
28915
35129
29025
30574
32896
28075
33105
36472
29156
28899
34900
36629
30876
28266
33643
32214
28151
35038
36245
28279
35990
35951
36475
32077
34697
28640
28343
29095
29531
31896
34136
29207
28217
36566
35709
36917
28506
32806
28281
34497
33880
36610
29979
36917
35516
33079
29805
29941
36714
36768
28945
29117
30275
34797
28273
33081
34464
35348
34986
30520
31468
36576
30356
31956
36729
29653
28806
36536
34847
33129
31937
35522
33899
31336
36477
36261
30859
28251
28275
32982
33232
29027
33477
32661
36490
30476
36329
35749
36844
36696
31960
30444
36402
27996
29492
37121
36354
33873
28496
28833
36755
29834
31264
36826
29999
32078
29117
28314
34554
28484
35574
33628
36947
34692
30962
29939
28765
33009
37039
30969
36089
34850
32717
34634
32795
35570
29235
28837
28860
34618
36493
35979
36178
32828
29918
30598
28050
33542
31085
37097
28133
36395
30191
31635
34790
28984
31898
34020
30244
28514
29729
33106
33887
31326
34177
35759
32453
28506
32241
29606
35737
36715
31678
29904
36530
36390
32148
36560
36874
30776
36796
31538
35101
34674
36632
31108
35917
35994
35761
34167
35792
36808
28628
28057
28752
30137
36610
36230
31508
28971
35047
29312
28164
28609
32867
31235
28333
36608
29934
36717
33231
36773
31089
36401
31115
30457
28230
36325
28407
36729
34319
35182
28764
30444
32659
29072
36806
36768
36457
36517
28376
31075
28308
31629
36106
35927
34343
31299
36154
31776
30784
28785
36795
30532
35946
36011
32716
33580
30632
28158
28619
33584
28919
28667
33269
33751
33433
34498
36317
31095
32589
36662
35128
33275
30166
28553
36063
28267
35178
33658
33444
30420
30011
28247
34393
33387
28402
35792
29075
33018
29926
36793
32428
36339
34235
36681
28202
28370
30578
28559
36876
29830
36540
28050
31078
32452
32460
29494
29177
32736
30741
30787
36084
34780
34620
28318
34046
29797
36523
31419
36972
36422
36307
28075
28688
32172
33589
28368
28978
34227
34792
28258
30037
34228
28351
34768
33293
36439
33737
28080
31703
36194
30802
28182
28756
36885
28211
35376
36968
35721
36373
36014
36874
29689
36359
36689
35921
36080
34795
32928
30355
32817
30340
34522
35509
28765
29587
31967
34650
32898
27999
36002
35894
29417
32994
36072
30470
36760
36200
30504
36890
30902
32526
36449
35367
35412
34895
36641
29005
28816
34958
32055
32186
33138
36088
28965
36475
36164
31655
31804
33365
35762
33803
29147
36565
31970
29424
31421
31166
35443
31720
28936
36710
36535
36936
32269
28982
32365
31348
28545
34622
34518
36695
35035
35726
36662
31866
36674
28148
28804
30876
28378
36770
29161
34998
35070
36448
28245
33590
28203
30574
32771
28537
36533
33333
36181
33945
35272
32363
35555
32905
32013
30243
28214
30998
32246
36823
36345
36596
32868
29300
36741
30533
28417
34053
36523
28167
36086
28182
31475
33383
32839
36631
28791
35314
32216
36459
33193
28445
28029
32361
36306
33240
33620
32164
35901
29724
28033
30197
36517
30672
33530
32420
34483
28732
34730
29577
30235
33864
33588
34296
30226
31674
29089
34106
34941
29794
36176
36151
29190
36944
35824
33691
29279
30810
28030
32877
34119
34261
29809
28846
29708
34390
31762
36187
30062
31669
29454
28676
31248
31186
34322
36549
32497
29065
35523
36601
36501
36794
33595
28644
28146
28071
35578
28283
29001
35561
33118
36544
29021
31997
35045
28045
36535
34008
30348
36147
28102
33096
36080
31432
28182
34485
28257
31318
31835
29445
35189
33222
31661
36471
36684
30978
36838
28908
36686
31510
30460
32996
29015
31210
30712
29605
31926
36584
31230
28102
36635
29973
30144
30452
31292
34956
28248
37082
30042
33173
34737
29638
32840
34251
36747
28424
37019
33791
34922
29735
34936
34168
28360
28067
31795
35361
36325
31014
35625
31411
35106
36593
34998
32252
35946
34633
35941
28027
34109
31488
36861
29627
33961
32797
36960
30214
31984
29692
36586
28638
29829
30164
29374
28080
30686
31261
28151
32648
28218
35481
36724
32167
28727
34057
28126
36450
35316
34676
29319
36778
30014
30755
35000
35306
34549
29163
28332
29794
31915
34178
33967
35548
31480
28302
29213
34781
36833
30057
35052
35717
36981
35554
33918
30368
35388
33207
30855
28099
28331
37016
34840
34220
29587
36451
35738
36777
29319
32025
28646
35300
28237
31349
28191
30787
28089
28272
34398
35964
35204
36930
29144
30792
36245
36463
31747
34027
36582
33252
36642
30674
32072
31053
35706
36086
36670
36548
33232
28166
33537
31893
32208
28474
32283
36331
34262
36379
36677
29679
37059
30066
29981
35305
36677
30846
34180
36603
33379
29701
36772
28223
36777
33658
36907
34252
36802
28338
36555
28117
30513
36325
32662
29629
36575
29567
36366
34491
32500
32500
32500
32500
32500
32500
32500
32500
32500
32500
32500
32500
32500
32500
32500
32500
32500
32500
32500
32500
32500
32500
32500
32500
32500
