9948
30418
36531
34518
36878
36661
28472
29218
34475
36866
33762
30736
28518
33716
37003
36299
29265
35878
32362
28178
35204
28593
28623
28114
36150
36082
34088
36867
34659
30811
31071
31653
36845
28500
33727
30098
29771
30121
28113
36874
32547
31742
30830
32416
36687
33095
30644
28522
30574
34889
32600
36680
32483
32749
36306
36344
36731
29953
34378
36369
28293
34881
32037
29250
36892
35964
36773
29952
28133
34052
34201
36187
28047
36466
36874
28595
36831
32250
36020
28407
28344
36744
34197
36877
32676
33151
32241
36797
36856
36534
31052
34212
29083
30807
36333
32342
28388
33321
28452
28231
30748
35644
28979
30340
28238
32237
28259
28319
36074
28454
35109
32910
36736
30678
29724
28122
32355
35139
32053
29477
32873
36758
36880
36902
36403
36225
28627
34718
33265
35406
31808
34489
29111
34399
35853
30018
31177
32683
33941
31254
30536
29803
36290
36760
30542
28087
31541
35724
35375
28660
32570
31241
30261
28854
28131
32224
32069
28345
35233
31907
29225
33076
35000
36365
36357
28491
36130
36162
30968
36825
28530
28883
34377
28985
36295
30432
34270
29868
35434
32617
34300
36180
36439
33466
29645
28200
36702
33599
28466
28320
29861
32904
29190
32241
32883
29389
29169
34171
28304
32943
32080
32730
35586
30503
28310
32693
35450
35800
34386
28429
31171
29015
29997
30442
29521
33949
32408
30734
35334
32262
27961
32147
32815
33417
36632
36766
32312
28325
35869
34154
36852
36998
31435
28762
35362
29029
30693
36189
36289
28275
31020
36855
30643
34768
32282
35438
30774
32289
35654
35909
29004
28731
34978
33876
36407
28390
28281
28170
27976
35614
36903
36025
32042
31156
36645
33810
30239
33990
31124
35870
33241
36825
36512
28557
32731
36882
28189
31879
29913
29180
35274
28641
28171
34743
28197
34389
32803
34355
36463
28965
28260
30634
35770
32442
34203
29073
28100
28304
31698
28412
30222
35471
28181
35882
36348
36012
36734
31002
28370
29423
35118
36149
28718
35180
28702
32536
36833
33909
32475
36711
32939
29929
28651
33223
31246
28873
32015
35711
30809
28627
35426
28429
36378
37010
30699
31118
34717
31259
36742
31518
34792
34247
29499
30809
32022
31212
36057
35902
29455
32311
28968
32975
36851
36769
35659
35922
33417
29814
28134
31822
37097
35306
35215
36809
34214
32029
28396
35819
30012
33479
36480
32221
36578
35047
33015
28126
33597
31682
28319
35863
29132
32865
28750
35278
34022
36488
30796
36155
28140
30053
36487
36437
28679
28138
36271
30966
30556
35433
36725
35173
29167
30620
35321
36027
36118
36749
36973
35394
28543
36816
35028
36991
36679
36084
30309
33600
32424
30216
32412
32471
32307
29838
30142
31490
28262
30018
28799
34150
34427
34358
35894
36965
36263
29170
32099
36949
31955
32216
29800
32405
29231
33057
35941
33580
29835
30708
31448
31782
30560
32798
31985
34910
36914
36516
36739
35032
28798
34966
31717
30417
32692
29622
28054
31321
36607
28275
31568
36747
35470
36365
29723
29398
32435
36843
35342
27964
35232
28240
35810
30428
28376
36579
36245
36443
28375
28335
29674
28247
29019
34683
36122
29825
36535
29178
33642
28190
36680
31899
36250
29290
36009
31390
32154
30329
28236
36691
36625
34713
32025
33381
37042
28854
36970
28843
28917
32675
28807
28587
33694
36520
28102
36231
36953
33893
36950
31362
35735
32222
35803
36505
30781
36797
35055
28760
29797
35310
33116
36380
33430
36782
31564
33032
36902
36712
28735
37038
35858
32135
30424
29544
32521
28245
30525
35673
36072
30690
33176
29592
36680
33487
36155
30028
32620
33715
36560
32068
36810
36236
36532
34967
30150
36132
35391
28355
28089
30840
35510
33887
33475
35802
29701
30604
35453
28182
33362
36193
28230
28728
34198
31381
34289
31620
28635
35176
36087
34104
28200
28201
28756
36347
28285
36367
30601
33937
28771
34056
36346
29229
31053
28693
29444
29692
32865
31633
34480
34469
35922
31722
28965
36906
29959
32660
36315
36636
28251
28195
33535
36564
35064
32936
28634
32803
33916
30155
36874
32743
36295
35582
33678
34645
28389
31221
28368
32704
33603
36697
35531
35556
31126
33948
35205
34444
28324
36733
33135
31354
29005
36229
31016
36123
33557
33168
31000
34553
30672
32044
33934
36376
31145
32602
32052
35710
30144
28779
28896
33332
36480
28192
28404
35388
32430
30477
36484
28333
35690
32759
35373
28074
28122
34096
34474
36430
35626
29668
36056
28313
32804
28002
36448
36097
31149
28075
36364
34878
36370
32526
30143
36464
31583
36524
31515
33737
28073
34911
33694
35300
30250
30885
30632
28311
34744
36626
30396
36860
37017
30819
30694
34288
28326
28258
36552
35532
30522
29151
30064
34021
28148
28249
31274
31568
28118
29703
35397
31032
36070
33396
28230
35955
30916
29885
28039
28474
30748
28986
29921
34572
33940
31276
31589
36385
36687
36630
31181
29253
33035
29433
28411
30924
36555
36910
34644
35521
31057
32251
36624
28149
33909
30307
28412
36463
32772
29203
30822
34108
36943
28509
36005
32452
28400
33031
36754
36617
30979
28036
31206
36814
36939
28079
35580
33372
36701
36754
28263
34962
32467
28304
28220
28167
31100
28560
29177
28148
36145
36836
35181
35601
29290
35039
31452
28836
30619
28701
36765
32913
35776
28284
31586
31798
33802
30843
36356
33340
31848
29103
35694
36284
36757
36303
30612
28304
34465
32300
34166
34619
33362
36845
33341
28097
33119
35528
35569
28169
36810
31320
28476
35689
28484
34908
30017
34316
31655
36612
33326
30064
28178
28232
33727
30901
28207
36251
32423
30892
33973
31351
28466
29242
29559
33383
29196
28333
29391
30733
28291
33756
35759
35033
36863
36558
31611
30496
36319
30364
29985
30890
35487
35313
36767
34892
31728
28731
31672
35418
30852
29699
28811
36263
28086
31184
34590
28160
33358
28295
35188
36717
30626
36753
36122
34034
33220
36481
28484
36580
28329
36714
32439
36288
33561
36744
30407
34482
30485
31126
29410
33413
32738
29300
33556
34277
31146
28306
35718
34767
34748
33555
36648
31111
36925
36773
28516
28361
36760
31993
35940
34743
33317
28657
34324
31007
28963
35637
31049
36118
28831
36657
29694
28288
32634
33677
28933
36300
35463
28829
34152
35631
28691
35581
35229
36240
31342
35840
35131
28704
31424
33188
36897
32776
35320
30290
35548
35668
28986
28343
32930
36630
30543
29579
29442
33330
33758
30084
31940
28289
35070
35365
32932
28674
36941
31536
28653
31174
28550
29850
31370
36859
29499
36689
35735
36131
34308
35773
29324
35688
29912
31766
32863
35241
28098
28147
30639
31201
34733
32181
35815
28172
35409
30186
36719
35797
35075
33722
28827
33413
36170
31773
32371
33047
28653
28578
30239
33451
33236
36461
33627
29203
30617
35089
35567
34288
31284
31940
28953
35632
28267
28663
29393
28556
36014
29027
36922
36090
35203
32196
34166
36783
28834
32966
37093
34516
30622
36624
32496
36611
30513
28308
31324
28623
28790
36425
36000
35920
33013
34102
36912
28210
31215
33186
36772
36606
30725
28223
28026
30635
31372
34880
29193
32555
28112
29062
33603
34227
29069
35704
29033
36797
28340
28553
34754
28726
28197
28829
35321
36942
36752
36060
29584
35835
34640
30216
28279
32913
28179
29919
28496
32980
30015
35931
32494
28186
35687
36164
28595
33631
32648
35328
28805
36904
31138
34727
33986
28934
28590
36481
28311
35651
32767
36325
28065
35149
28335
35804
32457
35051
30960
34490
35539
28693
29071
35893
36120
30810
36740
30908
35517
29435
29993
28921
28291
31140
35397
30781
30007
28105
36793
29674
36636
36213
28846
34977
36075
30727
36010
32227
36789
29782
28099
28301
33550
31336
30856
34613
36922
33793
33747
36927
35993
30271
33568
36766
32867
33826
36874
36235
35693
35137
29379
34162
30999
28174
36434
29836
28024
29150
28811
29305
35569
33536
36609
36922
32142
36815
36346
30004
28354
32402
28324
32792
33282
28777
30788
28729
30949
36353
29079
28095
30825
28379
28418
36020
28248
36918
31657
35319
36730
30681
35608
28137
28791
28312
35335
29362
28316
33036
29504
28311
31723
36346
34420
28388
36175
29221
36426
30991
28324
35771
31845
28234
32424
36569
31000
33215
34810
33682
36431
35905
29309
36115
36833
28125
36733
36247
36587
32778
36753
28007
36017
31091
36681
28755
28255
36595
34147
34367
35835
35882
32226
36999
28261
36897
28826
30107
34531
32969
28936
36880
28370
28069
36216
29799
28340
32672
28273
30179
30960
36485
35999
30188
33408
31992
29506
36824
28136
34886
28428
30930
36400
28404
35509
30359
36637
35389
36579
28237
28134
34225
34889
30412
34643
36797
30980
35647
33621
28315
28838
36354
36001
28668
28809
34480
35357
35081
29380
32059
28267
36913
35757
31263
32543
32860
28103
36770
35301
36065
28259
30556
28435
30386
36809
28025
30123
34748
34792
30230
30370
36358
36595
31613
28769
30638
35117
36590
36418
35521
30856
35519
36243
29117
33206
32908
36847
36390
31497
35306
30148
28230
36328
28371
32923
31757
29655
34760
29019
28710
31009
33272
36083
28261
28766
35556
35600
34259
29512
29525
36074
28516
28242
29817
32072
28306
36850
32156
35957
34905
28309
35518
31654
30575
32070
29844
28745
31488
36873
32999
36103
29420
31795
28220
34014
29182
29445
36793
28792
35711
30116
30352
33892
28109
32139
33181
29387
32068
32935
34784
31378
28573
32686
37064
36718
35256
28351
36521
29911
28695
28754
36480
29494
28711
36978
33380
35707
32198
33157
29316
29735
34239
34269
28987
28809
30672
36448
28256
31953
33560
30922
28099
35233
36706
29425
32409
33563
36306
36744
36906
32555
36023
30311
36185
31773
35501
28284
32860
32046
36411
28052
32801
32924
32575
29273
30715
33665
30064
33274
28230
30467
28317
32044
35222
34857
36551
33834
29959
33930
29337
35330
28220
29223
31429
28284
28613
36489
28278
28915
30138
30635
28799
28730
31298
36777
32944
35474
31919
31494
29335
29641
36231
37067
31850
32558
31070
28251
31787
28135
28900
34950
33852
33676
35457
35255
36294
31326
30099
29292
28238
32448
33343
29928
36311
35701
36193
31189
30814
28161
35012
33601
33048
34126
32453
36649
32731
30588
30001
28017
35780
36634
28933
36822
35984
29694
34644
31970
31173
28187
36860
36692
31046
30948
29331
36130
35695
29039
36030
36556
28159
28135
31202
35725
33660
35511
36441
28674
33206
33179
34839
36216
35852
28623
28145
27992
33824
35437
34657
29596
31136
30013
31444
30386
34276
32257
36863
36559
36694
36729
29142
34843
28840
36139
29367
31201
28053
29851
32437
32265
31934
34387
33546
31086
36313
28153
30970
32713
33034
33726
33275
36388
28493
28644
36242
29876
28874
36159
28289
35791
31234
28551
35773
35709
29011
28345
36439
34638
29175
36671
36625
28150
28246
36717
35148
28180
29362
28925
36435
29995
36618
34027
29807
28305
29058
36751
34200
32030
28200
28228
27959
33027
33774
36476
29061
29537
35106
28251
28985
31965
29382
36365
28473
28336
36626
31379
28259
36383
36075
28490
28171
29684
29422
28515
30509
28315
29955
36613
34063
28481
34483
36316
35519
36598
35055
29997
34708
30413
35430
36965
34530
28783
28058
28251
28290
35351
34480
28710
28184
36085
31373
31559
28506
34777
36793
36243
35403
31358
33507
29045
28569
31740
33675
28063
28091
32163
37036
36714
31384
30241
29666
28516
31355
32010
36459
35617
36429
35729
33877
34411
30496
33135
33974
32846
36504
33974
28581
32759
31225
29491
32648
35258
28388
31062
36196
29809
36201
34627
28162
32123
28996
36092
28518
31644
35485
30033
31102
30211
32621
32693
28063
28360
35065
28222
29052
29690
28010
35486
36623
35814
31949
36807
28516
33417
33456
31606
31858
36063
33413
31621
31000
34253
28398
31769
29661
32621
36517
28579
28705
36302
28710
32583
29280
35505
28138
28833
35526
28122
31621
30201
36820
29535
35290
31883
35917
28156
31011
36556
32211
30190
33689
36641
30314
31316
34816
31371
36735
30391
36307
36351
30315
28460
36732
34010
28456
34085
36533
32057
30257
35722
36852
30878
28996
30126
28761
36750
31854
36727
37094
27992
29688
28372
34992
33759
30061
36315
28102
28522
30074
32897
28696
35330
35522
29142
32422
36519
29315
36054
29956
37089
32142
31690
31343
28226
28342
35439
28930
35961
28614
35443
36671
31498
27980
36807
36572
36861
30185
35365
31418
29746
28055
36467
36601
28125
36995
28190
35050
29620
28558
36827
36475
32186
36790
30361
31225
34161
28140
36652
32590
36749
35456
32140
32122
32395
30520
33982
34760
34077
35090
36742
30976
33862
33650
34069
30089
32552
34199
28995
28430
30747
34391
36712
35319
28763
33127
31102
32144
37134
28676
35355
30920
29627
35737
32797
32243
36307
33878
31082
28350
36689
34183
28545
30067
30110
28834
34771
36744
29144
36100
32144
28222
28932
29396
28940
35307
36188
35541
33398
30480
31945
31372
32920
36826
32999
29270
29329
31595
35855
34090
35765
36240
35842
32189
33509
32718
28827
33995
33435
35953
29078
32626
28134
36068
35962
33707
28595
28609
34354
29734
32300
34896
35943
28130
33988
28953
32435
29975
28360
33742
36510
28001
29971
36434
28925
29769
29971
35750
35083
34511
30678
36593
31651
35555
33710
34066
28732
32915
29815
36832
32289
28201
29157
32592
30472
36978
34476
36280
36726
32138
31126
36748
28427
35708
35644
33731
36906
36647
36106
29753
30427
35522
36821
31179
35633
31896
28528
28864
36920
35407
36092
36845
28079
36726
28058
33929
29417
36553
28313
29031
35324
34177
30434
29261
29248
33796
31849
28683
36325
34094
32564
36028
30259
37002
34653
28061
33390
28679
31524
36197
33887
28341
36775
31636
32802
28196
29886
28246
35618
36680
36210
35539
36815
28114
34561
28165
34308
36735
31924
33565
31722
37004
28213
28568
28236
28293
33493
30566
29250
35500
33059
35710
33956
29056
31226
36376
33541
31372
31683
36626
34374
36218
35605
37002
35504
31999
32370
33069
29447
36694
28311
36178
30067
31047
28224
31359
36657
31589
30421
34722
32740
32571
36397
28190
32639
30512
28119
30511
29979
32084
29868
31500
28089
30316
28635
34547
28387
32804
28097
28776
33994
33257
34024
36260
35298
36765
34308
36933
31307
36641
34270
29618
29799
36774
33895
36834
28989
36123
36129
33279
31437
29157
35761
31266
29871
28324
28220
34560
31708
34388
32627
33783
34218
35935
36832
28667
31938
35267
35462
31597
36649
35499
30893
29109
36591
35799
28731
33063
35610
33542
36912
30034
30915
33837
30863
35447
28133
32160
34978
31797
32422
33901
36733
33642
33579
28675
29609
31647
32441
30787
31886
35658
36423
30124
33082
32407
28263
36541
32918
36924
28890
31652
30316
28138
36568
29766
28156
29786
31169
30113
35807
31813
34318
32210
29560
34380
29373
31935
28550
33488
28009
35974
29600
28057
36743
32781
28876
37012
33375
36662
29752
29399
30972
32684
33892
28097
36437
28342
28902
36655
35005
32492
33250
33844
28366
36861
31135
30098
33787
28208
36869
29894
34303
28414
34332
33095
32704
28472
34966
34884
31928
30824
35555
32119
31001
35393
32623
35518
31832
28151
28865
34592
34082
36699
34655
28449
32232
36878
32900
29139
29529
30663
28070
28108
35749
35788
32782
36487
30468
36607
33650
36393
35787
29532
30636
30250
29757
28455
35937
31846
29983
35321
29475
36477
34905
30329
34431
30956
34375
31817
32277
36755
28194
36327
34920
34017
34181
31478
33634
29073
34405
36854
36516
28359
36623
28277
30525
34361
34937
36547
28655
28814
36731
34321
30647
35873
35152
28777
30316
35734
29007
28426
36075
36962
36773
28140
29210
31989
36766
29156
36470
29314
36781
35855
35796
30995
34103
32878
30299
28514
29515
33566
33800
33374
35914
36531
36300
28194
36677
35959
36225
31610
36994
33214
28198
30748
28065
29045
28278
36739
29654
33952
35610
35589
36417
36128
32038
36894
29082
31772
29709
28909
28083
35454
29140
36721
29366
28529
35008
33394
30652
34655
34554
32683
29803
29205
31745
36690
33842
36244
34397
28503
36568
28622
33803
32835
28100
35178
32954
35371
35941
36739
33838
30100
36120
34884
28323
34717
36483
28364
30704
31276
29686
36374
32304
28528
29476
36640
29551
31196
34616
33153
33780
33247
28266
28126
34036
36377
35084
34803
33442
36769
34647
30746
29044
29704
33455
33970
36866
34282
31500
31564
36934
33976
28356
31147
30456
28554
30792
35648
30726
36762
28370
31004
36823
29885
36522
28501
35463
35440
29291
35155
36628
33004
33126
34702
28440
36153
36021
35579
29448
28493
35430
33214
36398
36497
34045
35722
36977
35627
36627
34376
33143
32939
30568
36437
36131
28148
28190
36797
28775
31193
29498
36727
34370
28379
32197
28161
36825
32004
35628
29983
31673
30587
28450
31015
37041
35726
31479
28019
34658
31599
30405
28868
28227
35793
35834
34568
36793
36441
28111
35981
36744
31946
36339
36160
36699
28851
28148
28690
31263
32647
35755
30921
32433
33056
35652
28326
28135
33986
28280
36800
36133
34208
29332
32150
36433
28959
33744
31159
30475
31676
36119
31733
31291
36273
36381
31742
29904
34229
32724
28511
31700
34693
36651
36865
28031
28468
31795
29209
32268
36871
28318
29821
34046
34548
31182
28900
34040
36703
28085
32655
28711
29981
30800
28209
34524
37010
29008
27977
28049
29597
28108
30813
36805
30821
34962
28741
30813
33273
36507
29447
36343
30501
28405
28915
30291
29314
31506
33598
32316
35979
33146
30025
36076
29513
35545
36893
33096
28308
32205
35219
36806
36766
34935
32585
28887
28274
35656
30386
35707
29418
29694
28340
34031
36182
34356
36468
35354
34777
28597
28823
28030
28430
33430
29562
32051
37014
32775
34416
34249
33528
30263
32345
28060
33336
29147
31770
28473
32641
31238
33078
28670
30049
36657
33694
31975
35217
36651
33629
35131
34851
32019
29332
28310
28882
30380
36695
33938
36095
37113
29846
28427
36728
34046
28107
29232
28932
28068
29164
29946
36865
29898
36471
36723
30485
29111
31428
32510
29398
36632
35242
28420
36962
29823
28359
34393
28050
34930
28543
36665
35863
34192
31002
28931
33497
36806
29121
33649
30101
36678
35000
34298
28340
28168
36858
30222
28566
30863
30396
28182
30218
36900
34078
32276
34138
35069
29357
28765
34832
30765
30923
30871
28872
31203
36678
35420
28029
29124
36401
28252
30075
36701
31186
36237
32239
28060
28342
36565
31127
29931
29642
35251
29671
36419
36221
29911
36499
28232
28155
32506
36038
28790
32908
28646
29842
36073
32330
28417
35949
30330
28675
34212
28507
31909
28236
29721
30330
34913
28395
30047
31872
34752
31982
28101
28912
30842
28048
27959
34312
28789
29255
29115
34910
35782
31798
28118
29661
31608
35611
31308
31315
32846
28062
28348
35596
35951
30176
35636
31058
31983
29584
36177
31065
28569
36219
36685
34267
35166
32830
34392
28330
30540
34085
35620
28071
37078
29728
30900
35071
29053
29678
28796
33876
35324
28487
34217
29632
29252
28416
31483
34565
31154
34048
28382
34912
32031
36146
34222
31228
28902
32978
36442
36034
29063
28112
28899
35918
36189
36691
35939
35944
29265
36659
30552
28464
31310
28958
30074
32967
33735
28963
33324
32094
28382
36846
30876
36154
29943
30226
36456
29006
29005
36700
28211
30913
28231
30489
30031
34284
35291
36974
36625
28776
34622
28987
34401
36750
32905
32219
35361
32879
35315
31947
32821
31483
31178
31367
30011
29408
35432
32276
30823
36502
36606
36885
36154
28163
35511
28508
28578
30809
28864
34752
30718
32672
28186
35586
28202
28162
32812
28199
36324
28110
33854
28157
29357
36645
36060
35085
36292
33337
30620
29806
34615
29796
28093
32715
28287
34356
29970
35192
35177
36855
33747
34966
28665
36248
34944
28547
30096
28149
36806
36954
30941
36443
35832
31744
36870
32074
36798
35107
29079
28131
28125
35645
36253
34693
32452
36749
36562
28075
29532
28359
36179
36718
28088
30544
34786
34893
31170
28310
36334
28454
34568
30108
36152
32041
28227
29332
30191
35076
35909
31327
28743
28201
34964
31330
33061
31231
30588
30379
36866
36607
28252
31861
36486
29159
34360
30948
35096
36850
35738
28915
36335
28439
29902
28135
33403
33986
29499
28283
36266
31046
36641
36738
36614
36590
34830
30710
28177
27949
32564
32314
28160
36715
35397
36026
33643
28190
35685
36752
29678
32657
28790
36858
36838
34366
28392
28150
34914
36722
28990
34223
32490
28626
30321
29574
32252
34203
34326
30816
30984
31607
28626
29748
28610
32577
33136
30852
36375
36108
36793
36874
30275
34050
31766
33958
35634
36233
36597
30037
30137
29277
28881
28359
32150
28523
34274
32629
35867
37031
28262
36527
28597
28312
28217
28095
35102
28845
35274
28452
29462
29579
29679
28352
30247
30810
34271
35262
29677
36803
35745
28763
28081
35999
29159
28528
35745
30951
36993
36444
35821
30364
30223
29644
33708
30337
36777
36429
33674
33286
36497
34604
35154
34347
29947
34481
28222
30086
33604
29245
30214
29050
34958
37116
28797
36227
36111
28421
30767
35702
30344
28492
34793
35361
36336
32710
27998
34498
34541
29446
28572
30426
30518
29483
29429
35334
31458
28335
36897
33531
36863
28293
36361
33913
36743
28694
36785
36077
36148
36563
28091
35509
31695
30498
32416
36330
33903
30007
31724
35118
31150
29313
33077
31900
35887
28254
33156
28306
35865
28006
29969
33940
28292
36249
34246
30713
32351
29073
29908
30754
29995
35402
33986
32499
30145
34787
28008
30570
34642
32802
36556
36714
34925
28392
30094
36883
36343
28532
28369
34057
36875
36033
28202
34880
30161
29188
36676
36862
36576
36736
30274
28960
35065
28330
31438
33173
30557
36768
31756
30313
34297
34579
28091
35587
29099
34368
29010
28674
36424
31390
36947
28127
30448
36696
28248
33288
29798
28181
29538
32287
28503
33475
31941
35573
28400
35222
35785
35030
30752
32678
36637
36668
36819
36853
36238
29077
36878
36761
32661
28608
28455
32943
29484
36173
36662
35066
28472
31269
36825
31745
31120
28438
28548
28377
32731
35059
36006
34122
36288
36477
30351
29568
29385
36383
36774
32792
30851
36289
28858
33953
28778
30020
36514
35303
29034
28986
35891
29769
29079
31026
36480
28239
36817
33449
28039
28118
35130
29593
36971
33904
36528
31423
31108
36641
29114
35835
33125
30383
29069
33192
32956
34383
30028
28184
36800
31862
32337
31166
28243
29937
32665
28403
30960
36501
29370
34249
31780
34229
28700
30088
30288
29864
28795
28104
29605
35438
29998
31975
31231
32594
31355
28689
29494
31408
30505
30869
28162
32684
28140
34409
28476
34780
36275
36161
29030
35396
27990
36128
32689
36497
29129
33068
36709
36699
31211
28822
29338
28756
36533
33852
28201
28785
34026
34437
36280
36534
33190
36921
34916
31756
28344
37003
35492
36565
29178
36746
36254
35290
31252
36139
30484
34632
35729
35792
31184
32968
29134
30738
34460
28989
29379
29062
28214
33523
34578
34822
33979
34837
36701
36069
36392
36705
28637
36732
31163
36474
36084
31612
30337
34476
32682
33760
29121
36050
32836
31286
33065
36892
29672
33918
34624
31748
36854
33853
34685
35788
36858
31485
28511
33276
31530
36810
34084
36868
28345
36891
35360
36706
28099
36243
35520
30592
36256
28224
35801
33413
30994
36103
30313
36542
36261
32925
29321
36500
36794
34970
32068
36183
29056
34254
28649
31040
35140
36208
36881
34730
32427
31768
34903
30725
36345
35594
29257
35095
34182
30513
36273
32420
28165
31061
34541
36696
31766
34119
28356
34501
36572
32109
28204
36708
33105
35553
29180
28713
35825
32231
28226
35383
31718
31274
28159
36296
32573
28431
33448
35837
31275
34710
31301
31575
36891
35992
36155
33069
28302
35965
36945
32321
29231
37023
36987
34700
28494
34980
35768
28494
30817
36729
31032
36811
35104
36173
36875
28363
28974
28251
29907
28190
29019
27975
36001
33052
32343
34223
36915
28427
32320
34271
31615
36372
28212
28091
33534
28278
34927
31199
36205
34828
35039
29123
29910
30980
36067
31078
29784
34203
29136
36987
36625
28254
29439
31388
33393
36611
34350
28062
30220
36602
36512
29774
31856
29991
28268
35531
32060
36444
30155
35848
30425
32096
36418
35170
28970
32623
28446
35520
31584
29314
34902
32823
36553
31733
34663
32824
36783
29931
28360
30596
33823
32108
35844
34167
32746
31230
36006
36412
29228
29311
28065
29985
36707
36794
30355
36929
32416
36251
36478
30030
30086
32590
33265
29681
32034
35126
31913
28061
35993
30919
36733
30192
34762
28540
34120
33960
32574
33700
35555
29737
28209
34669
28385
34768
29533
36785
35133
32049
36141
32687
32592
30657
33256
31152
34774
29987
32983
33356
37004
31686
30509
36378
28278
30137
32308
36942
28892
35821
33778
30890
35438
36883
28324
30290
28182
34182
29207
31926
33560
31458
33796
35790
36616
30067
29188
28058
28287
31801
28337
33912
30830
29881
36105
35004
35805
30900
32663
34647
31933
36747
35529
29191
31039
32718
31179
29793
29004
31941
28665
29449
36733
30744
33430
35941
35405
28502
32686
32370
36691
36368
29060
31050
36927
36920
28247
31064
36152
36257
30035
36889
36369
35244
34509
36105
35305
28166
28541
28253
36817
36425
29009
36158
28123
34782
36116
29213
35677
36446
36641
32809
29124
28647
32037
28530
30083
36587
34997
28136
35731
34894
30814
28496
32520
32355
30863
35186
36326
29741
29524
28376
32274
30311
34521
30451
32150
30441
28565
28290
33247
35429
35007
36722
35451
29369
32819
31614
36796
29777
28222
36671
33913
32474
28168
28437
31411
36657
28119
28613
36188
36624
35944
36754
34556
31667
31690
31962
28425
29218
29643
28282
28199
28661
32143
28528
29806
36491
33383
30740
28289
35072
34419
28263
35747
33507
36998
34349
36204
34086
33211
28209
36653
31556
30031
37144
28640
33918
28638
28638
35809
36892
30076
28056
36093
30049
30538
31302
31817
34414
30375
35924
30982
28871
34005
35559
34523
28863
31344
29331
33078
35034
36855
29012
28587
30658
33263
31775
29997
31818
32680
35446
36193
35457
30881
28494
32670
31185
28144
35888
36735
28112
34055
35988
36978
28240
32930
34094
33826
34057
30931
28269
29292
35132
32778
33555
33323
28661
31414
28415
35849
28322
30212
36997
36322
32419
35066
28323
28200
28649
29500
32930
31976
28764
30166
32573
30808
35012
33345
36850
34389
32060
35414
33944
29476
31631
32807
35950
36521
35840
36469
29098
36980
29721
28269
28175
35386
29072
34945
30296
29824
28317
30407
32519
29521
28369
30346
36214
31074
32024
28196
36397
35928
35847
31560
30473
37157
28650
34333
33342
29026
36493
30743
30745
34974
36487
35898
36947
31391
35865
30451
36739
29652
36445
36781
29492
30418
36164
31512
35598
36273
35326
28218
28159
32685
31042
29948
28145
33030
35755
35720
30481
30492
34034
33576
28131
33931
28865
35714
36725
28112
35767
33687
29828
36505
36713
28142
35559
29997
32398
35510
31372
30497
33566
33109
28844
28342
31515
36841
36092
28546
29264
32578
29298
28396
33239
31700
28144
30513
28256
29151
28290
29854
32669
36477
33725
30858
33626
35556
35983
31084
31011
31074
36805
36319
31659
35909
36623
29615
28373
30378
35283
28560
33915
33306
29909
30694
29890
28166
36418
28450
32512
30311
36804
28166
28158
33258
35369
30184
36790
36810
33613
31974
33484
28036
29435
28298
35629
36646
28790
30468
28634
35362
34244
36523
28046
28132
28560
28144
36941
28576
30598
33742
34670
32542
36337
28743
34807
36617
36197
33526
33747
36491
33023
32099
28165
30188
29108
28743
36755
36684
28318
34230
36259
28939
36258
35979
31632
32831
36929
29538
36283
36713
28389
29462
35919
36319
32607
29852
31885
34158
36376
33984
31202
28990
29057
28425
36447
32480
28217
36223
33689
28552
28979
36109
30442
32497
28732
29134
32788
33326
36381
28660
34397
34014
29265
36101
29474
35159
32844
31143
36534
36429
36856
28749
28204
36956
31358
29917
28541
29426
28752
28143
31165
28321
31270
30275
28877
36681
36627
35969
28315
36879
30208
28115
36743
31916
29325
28382
28797
33039
33337
30004
30897
28189
36127
28691
30556
35743
31333
36480
28234
28615
36072
31246
28007
28112
34361
33411
34925
36746
33641
36058
28825
28709
28102
36179
34238
31148
29366
28542
30642
34752
35317
33234
36477
36454
28179
35863
34490
35468
36490
28928
30469
33141
33293
36494
31024
36136
28214
29119
28708
34865
34701
29693
31901
29191
33975
36575
30365
35673
31063
28225
30329
36623
30930
29644
32691
34146
33380
36843
32710
29887
28326
33509
33846
28436
36862
33004
36797
30435
28200
36523
28951
35690
30711
34234
33239
28629
32645
36484
28204
36134
27951
28555
28750
36846
32011
34144
28653
32835
28315
36910
29171
33368
28529
35092
36600
36549
36886
36053
35544
36661
36723
28604
32256
28506
31531
28892
28080
28279
36106
36302
36738
28243
30919
36690
36812
29420
28780
35233
32864
28417
30945
36691
33330
34872
36923
34874
28521
36675
28351
28505
28146
30408
29635
33419
28456
36640
29834
33876
35278
29486
27979
36925
35798
34470
34357
28045
30532
29726
33283
34794
35611
29699
31605
33237
36719
29109
33660
36767
28348
34979
36143
35575
36695
29376
34597
29479
33209
28753
34721
28566
36294
36011
32698
28506
32873
33265
31502
31600
36708
36609
30925
36834
32789
28537
32265
29316
36702
31723
30803
29883
35355
31095
33989
28757
35236
28186
34771
35841
36639
29728
34295
28257
36391
28738
31625
36937
35469
34133
36516
31832
36607
28391
28916
28923
36714
28427
32592
34021
29342
28755
30497
29103
34635
28823
36093
28619
34253
28663
34690
31857
34981
28707
32965
36942
29883
35444
34964
35093
35220
36287
29037
29848
36726
37038
34859
33885
28915
31108
31059
30766
36822
28593
33132
33059
36968
30472
32194
36855
28408
28297
30007
28470
28841
35195
35588
29857
35805
30496
31903
30246
36282
36679
34117
35812
28678
28569
29070
29696
30022
28297
35713
36324
28595
28244
29141
31140
28091
29166
29259
36079
28937
35202
36573
36591
36524
33524
29755
30844
36820
31029
35277
31743
35683
31108
31846
37077
28080
35324
31539
32323
32540
29690
34810
36506
34282
30580
36399
28811
29660
36336
33871
32261
32997
34536
29227
28302
36229
29459
36938
35641
28612
36989
29135
31287
34148
36371
31247
36632
31574
33249
36785
33044
36743
36728
29606
31153
28925
28196
36837
32691
36630
28309
35485
33528
34528
30634
34808
29657
32126
30545
36042
33942
29249
31612
36394
33556
35219
32336
28245
33531
32743
31023
28428
37023
36696
30424
34779
36782
30080
28290
34170
32650
28276
36601
28065
33167
36855
28455
29194
30623
28365
30577
35633
30917
35767
28916
28710
32021
30596
28295
35647
35520
30740
29323
36738
36914
36640
30781
30514
35143
35757
36756
28567
34910
31713
30686
30576
31682
35668
32434
34610
29529
31546
28170
36579
36883
36790
33071
29866
28413
29287
36737
35714
30827
31354
29714
30164
35457
32272
30640
30327
36624
28555
32867
33466
35633
36416
35327
35417
29632
36430
31530
35278
36909
28731
28181
30199
29188
33512
29748
36144
34840
31596
29268
28827
27982
36128
32222
30388
36350
28442
35505
28936
28852
33578
34680
28578
36658
28275
32913
32876
29217
29339
28545
34967
35679
28548
29042
30183
32826
35925
37042
30576
36786
29765
29907
28865
36089
34302
35994
28160
31517
31743
36666
31860
34819
30251
36982
30984
36454
36410
34802
28383
36699
30517
36476
30653
36388
28784
31618
36411
36857
31458
28074
32453
30976
30556
33803
35769
32587
29092
28348
31326
29391
36697
28249
32364
35538
30604
35694
36765
35302
29217
36224
29127
28289
36015
35777
30739
33104
35083
28683
34580
34760
36946
35978
28495
30018
30247
33613
32428
28566
35559
32341
28295
32330
35918
31154
28626
31046
35728
35543
36645
31853
36300
31865
34458
30448
28238
29745
28270
34269
33487
36305
32403
31070
36805
36368
31635
35357
29168
28334
35793
34005
36503
31962
34358
28729
29737
28132
35264
29291
28344
28539
30715
32293
31793
35934
28554
36900
34977
36510
29335
36559
32930
35379
36317
35606
36871
30578
35242
36728
29265
33525
30347
29530
34252
36896
36331
35692
36834
30953
34175
29005
31027
31717
36295
31647
28245
35793
33700
34627
36161
35307
36454
32647
28975
28174
32844
33998
35190
35512
36468
32891
36717
34848
28691
36715
29254
37069
35991
30842
34988
30117
36764
28768
36553
33223
30003
35726
32268
31427
34988
31919
33073
36529
28222
36452
36711
31220
28804
36415
36891
32786
36150
35034
34729
36236
28226
29311
34803
36851
36783
35552
36642
30409
31614
31364
31784
34549
32729
28221
34193
29872
29197
34920
36627
33829
36797
28722
28144
36309
36638
28272
31138
30811
36609
34114
35644
32587
29309
28281
32380
35955
36501
29850
36570
28439
36741
31157
29124
36986
34594
29100
32886
31839
36787
36538
29097
34044
35799
28457
36659
36794
35229
35545
31358
33424
33314
33864
29427
28792
28085
36477
30064
28167
30866
34734
28525
36033
32489
29155
36478
36866
30721
31732
35793
32040
32729
30806
35752
32166
31981
31623
36332
28978
33904
34463
36974
33532
36903
30018
36900
29400
30207
36408
31657
36029
35460
35553
30962
33423
36591
28482
31724
30226
36890
29694
32160
29858
28213
30850
28486
28607
36336
36817
36242
33874
33438
30243
33446
32447
34498
34167
30208
30658
35029
32813
33590
34741
31915
29781
28705
29054
28563
35331
28629
36170
33260
32830
32615
31955
34716
35750
33341
29291
34966
31604
35116
32308
28788
36894
36591
35673
28325
36925
28150
34984
29539
36238
36519
29391
29066
28135
31089
28200
30809
32392
33116
36688
35449
33443
31632
29779
30732
29105
28279
29721
30985
28386
33105
32021
28503
28699
35438
30279
35309
33848
36692
30920
30860
28467
36476
37016
29911
31548
28775
29638
30640
36467
28057
35289
33814
28329
29821
32348
30290
30695
36318
36415
28765
33631
28113
29646
30059
29931
36494
28603
35309
29927
28631
28346
36339
32829
30602
36067
29510
36492
28178
28770
36562
31045
28171
28070
33771
28295
35547
28290
33839
30995
28203
30162
34298
36481
28316
33046
32055
35676
32661
33686
36647
29937
36722
36088
36570
33157
28647
35671
32617
28256
28508
36673
32667
29385
32970
33278
28063
36261
36348
28377
30595
28808
32419
34797
32346
36646
29049
29583
28272
28053
33591
33714
35173
29249
29045
28412
29472
29103
34115
35247
34638
32885
29474
36735
35788
30138
36193
36669
28466
28897
30434
29290
34671
34472
28536
36424
32519
28154
31708
36725
36583
33985
34648
36562
28339
29872
30010
28330
35155
36145
28631
36137
34272
28784
32984
34187
31536
35526
36140
30142
36942
28799
28398
34145
34001
33898
35460
34643
33783
36749
28326
28145
34916
36531
32379
29071
33789
35042
29926
34350
34536
36727
36622
31288
36798
36386
28897
34252
29641
33117
32620
36420
28215
28079
33351
34671
30479
35529
32635
33640
33054
28496
31674
36765
36380
36933
29478
36088
36011
34041
30081
32281
28092
36607
32942
33142
31789
36668
28409
28468
28972
36513
31857
32576
33037
31274
28123
30882
36787
35255
35996
30474
36763
36419
29976
34321
34490
29360
35314
33650
36407
36839
28210
36293
28427
28169
31105
36153
36644
34812
30525
36361
29117
33359
29236
29123
36680
29714
35109
36720
30151
34448
36361
36424
35243
28956
36818
28575
36827
28198
31411
28137
34091
35480
36652
35620
36885
31829
33295
28370
28550
35916
36976
35674
36771
30339
33279
32170
33064
36789
36381
33475
31878
36862
33520
28993
35808
29083
31640
33187
36948
29121
28115
30757
32459
28107
31438
36350
29586
32604
28940
36367
34632
28954
30433
32322
29558
32142
36259
33554
31746
36819
36057
36677
32955
36797
29098
32050
33156
37034
33738
36015
32645
36974
34190
35234
33155
33425
29856
28874
32979
32046
36055
36221
35982
30293
36617
30943
31902
33373
28244
34965
36008
32270
35603
36032
35716
33627
35228
29326
33276
36493
28380
29382
35460
29123
33697
30950
28087
35460
31898
31807
36834
31577
36774
31705
31533
35488
36168
34558
30258
36717
29895
34264
29377
34871
35080
28291
34280
35192
35428
36644
28956
28493
34183
32051
30601
34003
35990
35559
36076
32646
28649
29175
29477
29054
35323
32253
28250
36767
35865
28152
35552
28785
35913
29837
28078
28873
30338
37042
30881
29034
28278
34269
36840
31008
33916
31261
31467
32207
33335
32347
30248
33956
36533
36797
36426
29132
32355
28026
36598
31156
33061
35090
36456
32900
33898
35476
36171
33324
28342
32412
33701
28114
30256
37060
30996
36734
30349
36213
34241
28129
33951
30550
30290
32924
28269
36332
35424
28678
33729
33505
35082
30323
36481
31399
30204
36988
36996
36642
35333
28165
28202
36489
35559
28818
36515
33575
31153
35784
37028
35740
34812
28275
28984
36869
28989
34258
34906
35221
33618
30478
35202
34411
36205
31502
31902
28866
33630
28398
28817
28235
36821
28146
31102
36936
36926
30143
33690
33311
29210
28573
32090
35919
28678
32863
28132
28158
32663
28832
34794
28666
28778
33077
30402
33717
29156
31423
35644
35656
31310
36344
30241
32960
28765
36810
32878
28145
34343
33179
30967
35557
31802
28997
36552
28170
36428
29837
37018
32338
36936
33257
36869
35934
36810
29053
28422
34919
29390
28070
29426
28206
36347
34544
33619
29405
36686
31149
36793
36438
31366
34603
29821
36994
34310
31317
28106
36025
35005
27993
36703
32422
30933
31558
34531
35525
33449
35817
33616
28906
29233
28573
30134
31282
30110
36750
28054
36632
35256
35236
35537
34137
28563
28633
28641
36253
35701
28156
34404
36721
28354
29106
29396
35176
34264
36760
35725
31703
36553
29048
34807
35878
28199
28081
29144
30131
31508
34234
28102
28405
33835
34752
31568
34452
35465
36957
35874
28887
34481
35117
28132
29583
30831
35155
31235
34102
32904
30532
36012
36850
31122
34520
28299
35526
34579
33641
36411
30138
36994
36265
28049
34360
28687
31284
29009
32485
30723
31301
28140
33152
29586
30722
36787
36336
29530
31555
35946
30190
28774
31737
34867
33702
29775
28262
33791
28075
31744
36100
32476
32079
35078
29613
35221
28814
29714
36993
32567
36718
29725
29252
28392
36900
34511
34644
31695
33316
28210
30950
28210
28459
36035
28504
35973
31671
34887
36978
28356
35910
30892
36093
35765
35329
28097
29186
36303
30051
28369
30406
33689
28146
31441
28361
34629
28205
37044
34466
28230
28122
28632
35888
36677
32596
28467
28737
31662
36488
36742
34839
32833
28462
28330
36668
28189
33582
28334
37054
28247
28291
32821
34325
31028
36141
31850
28572
28108
36059
29381
28572
31772
35828
28179
36264
34695
33917
28261
30903
34750
33494
35773
36599
28633
32641
29908
33892
32998
28348
34513
31930
31602
29681
36322
32739
30694
32765
34809
31772
28610
28226
30606
36889
32064
30613
31146
28321
31141
36468
36763
35869
28098
29360
32625
28253
35012
36476
35152
32873
36328
28366
28103
31314
31112
28450
36830
30607
31312
29519
32179
28151
35408
28899
35147
35089
35569
28480
28307
36652
33500
35038
33292
36545
36015
28617
36729
31342
36439
28123
36520
34607
32550
36362
30985
34478
34407
28957
32924
30492
36230
36266
28736
33891
32293
28919
35267
34447
34642
29939
35513
28423
32941
34582
36823
36245
28358
31890
36008
30142
36877
34640
33608
33369
36699
28139
28245
34420
31633
35013
34025
34049
35936
36759
36212
33073
28308
28580
30653
34855
35971
36186
32287
37095
34606
36699
28206
32056
36812
34130
30048
31543
33332
36238
29605
28712
28272
36745
28936
34854
32276
28982
31826
34956
32043
30018
28700
31462
35695
28362
36893
36013
29177
28627
28339
30706
34513
30001
36454
36751
33283
32085
36779
28914
36109
30496
34943
34371
28411
31402
31913
30017
34821
28944
33525
35151
33676
36603
35473
36904
28403
31575
32173
31222
28834
31980
31324
30852
36748
35589
28161
28270
28260
28050
32090
30604
36244
32160
29969
36419
32954
28391
28180
30666
30906
30181
35759
36962
36371
36753
36723
36235
36240
28347
33295
29294
29020
28824
29035
36821
28249
36408
28077
31969
36491
28630
35663
31581
30808
36189
35783
29996
36682
33834
28742
30772
28704
27954
33765
32911
33719
28494
35823
36896
30544
36666
34159
36593
36552
36435
31790
36836
28317
30205
28911
29284
36777
35381
35427
35974
32959
35938
34611
34626
32578
36395
28221
32000
28717
30183
36661
36844
28917
29800
36897
29763
29597
35115
36572
35379
34163
30002
36567
36457
28152
29026
35241
35867
28376
36052
28089
35363
35653
28263
28551
36918
30236
28531
36323
33586
36166
28518
28112
31200
36097
36611
28560
28250
36331
28463
33134
33592
32092
34066
33118
34438
34900
28676
35956
31594
32324
28661
35171
36694
31618
36605
36889
28701
28199
29282
36265
36898
35327
30345
30435
32368
30888
32040
36054
35950
35758
28126
35454
33050
36242
31375
28422
32344
32705
32539
31096
31059
34840
29339
29136
33976
36548
35814
34066
28460
28495
34148
29261
36025
34207
28982
33600
31114
33422
30103
35531
32411
35421
30749
34145
30291
29243
36088
28557
30528
36860
31362
29839
29733
32438
28092
28981
30728
32447
35096
35715
33953
31470
29753
28532
28488
29843
29867
28816
32534
33172
28748
28429
31326
28917
35636
32663
36743
28129
28080
31095
28703
29327
35746
30195
33777
34979
28893
32114
36571
28041
35473
33800
35908
34710
36646
33824
31548
36603
29153
36701
35100
36136
29182
35119
33187
36845
36877
31085
36396
28836
36834
31439
28053
34687
28812
29288
35495
31482
28362
28972
29979
28132
31350
28111
32475
30410
37037
32629
34688
28292
36423
36813
30107
33225
35187
33743
36385
30475
33553
36313
28070
30491
35911
32706
36699
28588
36262
28326
34366
37060
36723
32562
34731
35181
35682
31156
34327
34247
32989
35971
36700
28230
31152
36783
31346
28698
33856
28190
35546
36562
29246
29383
28824
36639
34759
29005
32300
35157
29573
32644
34172
35462
36363
28263
36522
33384
32216
36802
36335
36656
35981
28041
31085
33924
33357
32631
34806
28506
33587
36897
36041
28099
28484
29350
32245
28931
29727
28507
32221
28432
34576
34651
35730
33704
35665
29907
29449
33072
36465
31529
28201
35748
34113
28031
32304
36324
35393
29962
35627
35519
28788
34334
31020
28201
36177
30318
33615
28454
34912
34998
28875
34819
33706
32452
30109
36346
36176
31515
32304
34659
36601
36799
28342
30136
36682
35385
29428
35362
31699
32924
28654
31912
33332
34527
29215
36133
31140
34807
33080
30360
31785
36451
28402
33643
34735
34057
35777
31607
32452
36656
29831
28911
35823
33015
30786
36125
28878
35382
35196
34053
30352
28302
29529
36464
30801
30554
31014
36463
28423
34266
34098
36211
28725
36578
29000
28958
36274
34549
35104
32645
34938
36785
28356
29409
35716
31630
36843
32693
32568
29955
34971
28849
29847
34377
35790
36893
33440
33182
31609
29419
36537
36411
32316
30801
35963
31075
33188
31435
31907
35681
36698
30764
28100
30083
28550
28356
36692
28353
32160
28712
36901
35386
36787
35536
33374
28271
29169
33041
28531
30021
28104
36500
36091
31555
30778
36963
31754
28585
33027
29515
28528
32768
35457
36922
30765
36407
30528
36926
34756
35953
28189
30446
29016
33586
32942
30343
33561
34179
36686
28920
33443
35752
33026
32192
30217
28219
30761
34941
31514
33027
36349
33293
35272
30281
28456
33092
35308
33625
33883
35852
34540
35936
31571
36345
30495
28231
33174
30960
34463
30703
35661
30628
32394
34365
36528
34479
36051
28149
28165
34925
36159
33425
29663
30218
30179
36138
32451
29592
31994
28378
34344
36571
34358
29523
36673
36398
28850
35913
35187
30722
35783
28343
28220
35814
33498
36895
36855
35495
28769
28236
28124
32029
31968
29491
32969
36930
29458
36293
31956
35688
29723
36766
28341
34200
29777
28324
28138
29881
36603
35105
29675
36366
28128
35693
29113
36631
36151
33245
36814
28425
32680
35276
32378
34994
29953
32163
28199
30560
28155
36872
30322
33756
35138
32385
34834
36904
34632
28466
36874
34527
33088
36615
29801
29788
28783
30049
36862
28432
35872
28468
32365
34608
34272
29784
30828
29025
31748
36223
36002
32010
35533
35225
34572
32944
36383
35057
31946
28217
36598
36202
34059
37056
36098
30426
28211
36411
34465
28665
29612
30638
36670
31754
29678
28150
32858
31336
35486
28605
32856
30233
28084
36703
36779
33428
30980
30700
30169
32604
32682
35968
32493
32592
30830
32023
35907
36984
36335
32490
33441
36820
31618
31780
35768
35011
36321
36981
30779
36775
34672
34675
32963
34211
28145
36534
33531
32609
31963
31356
35843
34119
29612
36211
28282
28931
28480
28294
34923
30543
31224
28186
28739
27964
29954
33907
35593
29250
33802
31370
30382
29367
32371
33304
36049
28111
35510
28392
31079
36293
34891
28408
36912
29839
28395
36008
35865
32579
28512
31312
28381
36916
31226
33066
31558
35163
28795
28883
28105
28909
30437
28301
34711
28750
28954
28678
28495
36199
31043
30024
29144
36600
36846
28676
33460
29665
34131
35016
29340
36759
32632
34080
33354
34002
28230
30994
29394
33363
35525
36854
34075
34411
35593
29422
33181
28256
36505
29757
36852
33339
28265
34875
30914
28216
28905
29482
33226
29194
30271
28268
28407
29377
36650
29489
35288
36818
32759
28604
35073
35535
36025
36455
36103
36720
34101
32222
36863
28421
28201
34680
34663
34065
34285
31280
36478
34414
30644
36779
29792
28663
31106
28846
31706
34104
35017
36808
35342
28303
36514
32000
28225
35723
32069
36807
35300
28677
35106
28501
35733
32496
28253
35939
28075
30452
36770
29520
36858
37080
34554
29003
36072
28974
30098
34037
35285
30778
30177
35468
28953
28438
28648
32835
31915
35087
30320
28423
29239
36497
35352
28079
35554
31439
35890
31818
29027
28254
33051
29683
36742
31716
30039
28196
30496
35937
34628
30565
34340
34144
30679
36757
30841
35740
35475
34710
34072
34114
36371
28749
28155
33179
37038
29469
28202
33121
33013
33963
31924
35981
36296
36758
36556
35501
32488
28390
28309
33323
35177
35689
28178
34009
28367
31389
32475
34559
36417
28279
34839
36765
29890
28191
30909
31076
36127
29175
35357
36907
36988
36190
32252
36515
34893
28365
30541
32781
33070
29031
33397
32572
34742
28228
36437
32240
29694
29865
32855
31615
29726
33458
28237
28236
34762
28263
35058
30824
35959
28140
36280
31829
30452
28777
28413
30536
31387
30826
36685
28042
31837
28145
28808
36908
32899
28393
35339
29697
36608
28692
33769
36490
31664
36545
35614
36592
36610
28526
35305
34907
36331
35678
35720
36838
36899
28138
36415
28080
36275
29202
29372
32776
31893
33449
31107
28207
28217
36545
33265
29664
34624
35039
28039
28293
30012
30386
31771
35378
33673
32848
35809
33774
32346
33949
35147
36125
35720
29733
28616
35049
34233
28580
29219
36571
34512
30922
34868
28514
34858
32055
36098
36961
32316
28548
28244
29804
31359
36088
36436
33602
29864
31771
36567
35960
32729
28587
28154
28565
31493
35305
35713
28700
33651
28124
29704
33377
30422
36338
32731
33800
35660
36570
35556
36101
36400
28296
35003
28376
28598
36771
35457
37061
35685
28125
34602
29759
28407
35743
28506
28190
35145
31085
34988
30616
31072
27993
28165
34561
36442
29236
28010
30039
35096
36257
35847
36825
28215
30067
28745
36448
28061
31142
36713
36281
33098
28273
36346
33517
28833
28957
28830
30647
30824
28290
33539
34399
36178
36497
30249
31320
28644
30390
36721
34618
29046
36441
28896
36884
31854
32958
34313
35722
35565
35992
30822
33487
31610
29196
34246
28675
34775
35425
30799
28339
29043
34640
34340
32706
28041
30753
28961
32321
29572
31622
30392
29142
34239
32737
34048
31058
32619
29556
31814
30492
34777
31517
30246
30369
36924
35794
29772
33299
32550
31431
34655
31376
31256
31061
36603
32314
35636
34517
34075
36866
28580
35562
33174
31393
36878
30251
29721
28314
35760
29490
36571
28961
29469
36435
30159
35062
32645
31581
30493
35659
30039
35828
28245
34779
29301
35933
28711
34479
29149
28578
29249
36671
30237
36624
29166
30128
34230
31728
35329
36928
28848
28134
33544
28028
30878
30524
35963
32209
31135
33302
35787
35131
30953
30624
33821
36528
31770
34893
34021
33873
35665
31462
30435
36880
32102
36878
28274
32255
37009
32385
30791
30837
33324
31308
32034
33168
33108
29995
31098
34623
30681
31894
36194
29839
33272
28473
34497
37002
36310
29769
30309
31184
29374
30442
36337
29008
32973
28272
28081
34302
29763
32722
30517
33779
28180
31062
28509
36234
32208
33876
32692
34434
32877
33136
28739
33623
35344
33937
36621
34623
30799
34272
31968
29183
36271
35828
28945
30961
36829
28558
28241
28682
34020
30926
28151
30859
28654
36077
28222
28636
31069
28442
30410
28110
28237
30039
34780
35487
35241
36851
32369
34565
29769
28659
28209
36826
30051
28194
35206
36254
36470
34586
28804
28408
28506
30852
36679
36972
33616
36265
36422
35439
36701
30082
32631
33449
28280
33378
34952
36647
32880
30416
35341
28858
32491
28904
36443
28436
32026
28582
30024
33853
33160
30371
32492
33346
30830
36773
30299
28518
29402
31739
32700
28145
35870
36241
36820
28255
33245
36570
29748
33066
28191
36674
28190
36657
31267
35660
28226
33344
32739
36944
34866
36065
33086
36792
34601
36581
34906
28000
28134
28240
28917
31668
36959
30135
33211
32952
31989
32963
36591
28090
32722
35825
36417
29180
28855
30502
36057
34900
32767
36737
31184
30427
32815
28063
31295
36108
28837
30869
34040
31270
35620
33251
28775
33730
35156
36148
31978
35305
36671
32172
28245
28128
29472
36390
29221
29075
33544
32460
34406
36208
28458
32255
35632
30928
33631
36399
28038
28269
29010
36544
32453
33024
28108
30072
29493
28116
35784
29361
28148
37067
36621
36546
30525
36657
36646
28086
37067
36926
28755
29114
29521
36908
32862
28050
28563
34116
36642
30511
34323
29276
28131
35134
31788
35533
31301
30596
32456
28205
31614
33267
34696
32163
32745
31361
31810
36688
35572
36472
33136
35662
36827
35916
28110
33469
35845
31596
31457
31617
29844
28107
31808
35315
34082
29532
30903
36650
28201
29894
35849
30634
36152
34665
36129
35009
36147
28424
30740
29622
35943
30715
31472
28975
28782
29424
36462
28336
32646
36499
36321
33016
29280
35433
30102
36070
33801
33260
29730
33106
36812
31777
34646
35514
31515
35522
29570
35492
31730
36631
31567
30150
34234
31931
36709
30317
36247
32593
29457
29950
33852
33706
36591
28483
36363
32405
28064
32682
31264
36644
34582
28242
31856
28391
36441
36767
28991
33795
29209
32453
30306
35839
33529
34080
28783
29006
29666
30113
35957
33277
31941
31452
33024
35960
28170
36713
28168
33693
36247
36079
33365
36264
36685
35150
34646
36491
36796
32168
35932
29199
34977
28051
32854
29420
28149
35845
36200
36633
36517
28767
32932
33617
34716
35965
34799
36913
36063
35831
34273
28505
33590
32237
34212
28650
34564
31793
28459
35252
35312
28528
29932
28296
29791
36430
29228
28508
34221
35911
28258
36667
36947
31439
35110
32730
36297
34403
36904
28044
35098
31343
28080
36399
34592
32900
28090
36321
28412
30744
34066
34026
35023
34329
36992
32538
28007
36360
34207
29063
36310
30123
32334
29520
34687
29585
31962
33137
36354
36711
28232
32002
36177
29961
33710
33672
29466
36794
33957
31513
36317
30736
29916
28252
33354
30123
36832
30688
32109
36766
28885
30849
36759
31764
31993
30478
36665
29939
37109
32905
32879
33107
35845
33794
36827
28724
29802
34088
28107
28883
30517
36581
30869
32298
36878
29309
36877
29853
36128
34490
32743
32427
31000
36556
28251
35075
36144
32514
28285
28454
28185
33001
32446
32540
28024
36601
30806
30852
28514
35873
35168
35669
30360
28187
28099
28380
28094
36737
36641
30496
36846
35900
29316
35774
32150
35568
29878
29088
28071
36081
29140
29132
28890
30504
31006
28325
33054
32884
33662
28621
36462
36763
29768
32364
36684
28999
31909
28637
28871
29264
30620
36113
29819
36263
36456
29518
30606
34263
31280
36190
36248
28077
28271
32642
35276
29667
34312
36852
34702
29833
36519
36616
36303
32883
32598
36689
30751
33127
33768
35865
32682
35007
29563
36600
36758
31208
35932
30862
36871
36541
35971
36702
36420
34402
28097
36503
33948
31304
29353
29661
31375
28775
33784
29309
31855
35536
28775
28744
30182
33288
29186
32036
30170
36672
35213
28708
36649
35001
36401
29490
28880
32571
36382
34468
35672
35260
31166
32369
34712
30951
35067
29213
34500
36331
28813
28677
35609
35530
32449
29155
30663
33053
34374
29304
32677
28496
36981
34907
31840
30853
31879
35883
29608
30017
36426
33582
28287
30087
36434
35689
36559
36243
35362
33002
36683
35785
32166
28782
36583
29643
34253
33700
36720
36142
34857
31831
36953
34994
32080
31544
28446
36854
33296
36490
36556
36598
28050
31742
29111
28097
36895
35548
28186
36962
34468
31355
30738
32253
36603
30948
34246
35747
31128
28378
36810
31200
36307
28478
28320
31287
28108
30819
28478
36260
31752
29515
28167
37006
34527
33299
33684
30234
33446
30516
32032
28127
36586
36371
28904
28819
28357
29586
28392
28220
28677
30618
29992
28621
31552
32872
36238
29600
35557
28112
35356
30816
34126
32989
30323
36722
35687
36985
37135
33419
32603
28142
35803
31928
30275
33420
34913
33750
34611
35237
32100
28515
36833
35265
36554
34396
35602
32700
29219
36965
28418
36508
36552
35934
35803
28108
36512
36285
30691
30097
28929
34906
36814
30330
36421
36755
33631
36383
28675
28366
36142
30178
36905
30161
28196
28536
33313
29103
36854
30224
30037
30979
35075
36889
35323
33999
36713
36453
33504
36863
30119
36988
32961
28379
34868
32216
28148
29587
29584
33000
30992
30938
32115
31858
34213
34994
36274
30858
36353
34464
33320
36594
31628
31027
35427
32636
31637
28198
31964
28158
33573
34997
31626
31519
28052
36844
35047
34949
32169
32949
36242
36090
28584
33187
33727
32030
34242
32980
31418
28955
32089
31746
28369
29359
28141
36387
33720
30136
36130
35586
35232
28156
32834
30053
28568
28155
28493
34857
30108
34890
31774
32229
33823
37015
36620
32631
37096
28328
36639
36422
28166
32272
36775
28212
32289
29888
36709
28105
32439
33622
36576
31777
28362
28989
29559
36102
37025
34132
29031
29484
33609
34447
36985
30268
36921
28930
28439
28292
29883
29080
36852
34105
31444
32519
36621
33442
35371
36248
30848
32155
32510
36640
33553
35978
36970
30213
34725
30712
36559
28335
34972
28310
36230
36349
34590
28937
28420
32003
34146
35195
31803
35714
30318
28730
33528
35270
33330
33582
29940
31085
28638
30252
30516
34723
36586
31777
36396
36142
36716
36770
36090
33505
31418
34656
28309
28113
34526
28114
34651
35820
35660
28927
31191
36071
28135
33196
36394
34274
34524
35188
35943
28486
36886
36817
29302
30643
29124
36947
36911
35390
36269
28339
28286
30374
33380
36919
34562
36231
34198
34663
28226
35521
28787
36858
33573
36877
34834
28842
28279
31488
29242
35884
28895
30661
29482
31289
36656
35781
29531
31684
36331
36600
31704
36143
29880
31021
33846
35118
31225
29679
36246
29419
35179
35781
28943
33366
34371
28813
36133
28238
35351
35132
30741
32524
36049
28679
33163
28546
29260
34850
30516
29075
36754
31761
30700
36065
37004
30506
31892
28086
30168
34540
30112
36236
34526
29264
36443
35781
35661
30576
31916
33298
28646
28374
35745
36114
33380
36462
33658
29057
29123
32860
28283
36902
28358
28393
36899
28356
35294
35052
36375
36367
30483
33753
28481
37090
35987
35790
28787
35001
28506
37080
31569
29236
36851
32120
28409
34324
30685
30568
28206
36437
28901
36875
36807
31823
32537
28205
36440
29693
35072
28420
36361
33480
32432
29552
33084
32023
31864
30141
28123
28240
31133
30900
30864
36517
35069
31604
30059
35348
35008
28805
29242
36344
34098
36926
28387
28326
29919
33714
33706
34692
36598
33654
35228
28242
29899
33883
32921
28210
28722
30139
36631
36208
30568
36603
28253
30970
29300
30009
36434
36451
35931
33626
32213
28382
35201
28695
33629
30800
35908
28136
36327
28550
29897
28294
32820
34873
32426
30026
29784
36582
34396
36431
34091
35491
35510
31459
36380
35513
35656
29801
32104
31740
30087
36382
35536
33370
34122
30114
32907
36924
31760
36909
36714
36633
28258
33318
34441
35859
30470
33867
33602
36501
36667
28135
36668
30642
33093
36611
28543
33059
36623
28701
31563
29162
28364
35862
28982
28212
36791
29911
27987
31611
36555
32129
36785
29190
28736
30659
29381
29015
36176
31668
29129
33905
32934
34778
30507
30897
35576
29910
31170
35554
35591
33593
32948
30059
28677
30195
34661
28095
28761
35641
28234
36831
29682
34202
36579
35390
29484
30617
36373
36650
30899
34671
35424
32496
34332
32681
36824
28924
35817
31898
31074
34858
32647
29951
31885
34693
29222
36424
34739
32026
31559
31376
29327
36919
36507
32831
36062
31045
33693
32019
33078
28476
28879
36801
28883
28523
36028
36520
36045
29422
36783
28365
31344
35255
33838
35149
33039
33520
29392
29044
34789
29006
35962
35940
28485
35529
35339
35741
34888
30315
29838
34120
28570
28295
36424
31634
32252
36348
35978
36588
31042
31398
29974
33194
36508
28152
28052
36888
34704
33077
29385
34022
36885
30790
32954
36084
29106
28495
31439
34989
29437
36580
30933
36038
36502
36592
35447
29709
28908
28057
33177
36467
31729
28263
28330
32818
35797
28199
34546
33501
29045
34429
32142
28022
30703
33130
28510
28288
29992
30566
28458
33052
34524
29018
34889
28714
28675
36448
31280
36244
36997
35933
29030
31205
36100
32571
34356
35719
32032
28242
32294
28420
33290
28042
30912
34171
28803
29050
33908
31685
35105
33930
29427
33970
29492
28551
36242
34753
31287
31007
28378
36837
36583
34986
36784
36833
36292
35926
29989
30126
36654
37029
35189
34820
29548
30001
35012
28118
28199
35539
31127
36687
35623
28162
29336
29039
28715
28452
34221
30948
28198
29764
36345
29236
28549
30180
36660
31606
33346
36117
27977
28788
28816
31201
36852
34712
29544
31311
28213
34590
35573
36002
34956
28877
35104
33412
36280
30715
35505
36566
35186
35849
28733
36889
28715
35379
36930
30680
34214
32279
35485
31896
28246
36614
36904
29738
28887
28101
28495
36032
36665
35794
28523
33542
36113
35187
31965
30022
36827
30360
36853
32107
28825
28295
35795
29190
33459
36636
35630
34527
28226
28756
31486
28192
34245
35595
32102
34432
36339
28408
33575
36485
28647
33641
36795
35902
30992
35444
31538
30270
31800
36457
29267
33709
32317
30778
36263
36481
35535
29268
33036
29557
29531
30916
36909
28209
35524
29836
33094
28687
28530
32876
32679
30741
36803
30123
28424
30316
33122
28775
28150
36759
34065
34309
28188
30019
36736
30717
32681
35280
33644
30647
33605
33438
32340
29914
30022
36247
34783
29701
33864
34592
33432
31078
33069
31472
36727
32656
29442
36814
36757
33710
34850
35595
36358
36482
28176
36907
32114
33942
31613
34528
31429
29977
30213
36203
28190
33384
28600
31848
34020
30443
36282
36951
29453
34165
28427
35410
30426
29617
36614
30045
32996
30874
36311
34151
29603
33670
33171
34171
33262
34020
31267
36756
33795
29934
28435
33476
28267
36931
35491
35344
36586
34701
28316
28169
32188
32916
33883
36138
36837
35547
28117
33952
28704
36359
34096
28213
29247
36821
34489
28437
28873
27985
30232
30182
28785
29100
33022
28892
36079
33715
32741
36820
30034
30221
30532
33562
35553
34466
32154
33661
35460
34171
34026
33538
36352
33475
33691
30968
36772
36889
34941
35664
35398
36793
30336
36803
33462
35931
28824
33907
29121
29387
28645
36810
29406
34986
36949
30986
36832
36916
32368
30102
30341
28549
35431
30771
30094
34697
35808
36999
32242
29207
28236
28880
31266
29786
31829
30089
33559
35549
28260
32652
30070
35401
31736
36569
36759
28707
30129
29127
35092
34499
30872
29758
36806
28377
29764
28705
31122
28488
28160
31076
36074
35026
28939
34977
31952
32163
35960
28265
29508
28369
36108
36732
29100
32664
36515
36712
28069
28323
29126
35204
28547
28797
32334
36595
28156
30656
30882
34072
32242
36030
32543
35565
31542
35614
29654
33661
33241
28508
35070
29036
28095
32688
30908
36721
36571
34141
28157
34422
35371
34794
35713
34652
32334
29582
34802
28259
36171
36911
30676
37025
29360
28548
36577
35257
32767
36773
35075
32174
32298
29509
31168
36063
31204
36174
31295
33733
28821
32324
34126
35899
28428
29681
28255
35595
34680
33978
36986
35499
35644
28718
29039
29394
28616
36776
29405
36467
28146
34238
28140
36873
28931
36920
29519
31406
33246
29333
30438
36562
30299
36109
35239
30356
36039
36545
36531
35517
36599
28169
35590
35945
28192
29850
36853
36752
32729
34718
31692
35556
28987
35953
36018
33650
33406
29386
36444
33392
32284
36627
36817
35589
32390
35148
36598
29469
36698
33818
36235
30602
35581
34582
30381
34480
35101
31701
30738
30649
28258
33802
28224
30613
33403
35562
36869
32878
29203
34498
30233
35743
36510
35939
32898
28159
36456
36269
35117
31543
32757
34224
34554
28057
30119
32725
34668
28675
36156
35990
33595
30126
29851
31975
31287
31419
33650
28603
31634
30544
28722
30288
28746
35586
32279
35261
28156
36548
28195
36712
33685
28311
32001
35619
28198
28921
36636
29725
34806
36244
36887
31528
29529
32881
31088
35701
29397
35969
35632
31313
28401
36990
30826
35237
34786
32103
28137
32644
36939
34450
33121
30435
36751
29105
36567
35897
34366
36357
28413
34219
36312
28883
31505
33532
35409
35489
28255
33842
36911
36464
34089
36414
30035
32729
28146
36850
35477
28295
33600
36677
33518
28398
28073
32731
34004
29852
36773
30056
28878
28859
31396
35748
31463
31336
28854
34619
33079
29302
32270
28635
29148
28907
36656
35923
35711
33738
29066
28249
29453
29886
37050
34797
36849
34274
36458
32412
34366
33470
34957
36429
35041
30654
28766
33062
29920
34322
29027
35488
35493
30428
33796
35694
36886
28418
32108
35391
35527
29592
31447
36037
36025
28979
29560
30886
28385
36535
35820
28845
31593
33960
28290
34418
33954
28312
28069
33723
29992
36022
31306
36795
37003
34160
36973
30063
34871
28327
35461
35536
36635
33310
34076
28492
36921
32341
29430
30761
36415
31972
28447
28926
28151
32598
35188
36832
36761
36789
35240
35135
31808
30062
31477
31255
30928
36102
34675
29021
37002
34893
33703
36763
33401
28257
30716
36668
32856
36599
28611
31705
33751
35616
35185
28306
30401
28125
29714
32363
36275
29892
33295
35274
32996
35057
31215
28564
29018
28694
36083
28232
35423
29380
35471
34130
36664
28911
36872
30805
36556
31494
36618
29147
33141
33000
30913
36627
36069
31625
35978
33260
28691
31413
30194
32725
34203
32877
29211
30793
34602
29037
30094
34293
32839
36521
32737
33177
32687
36564
30950
36483
34805
36981
35081
30268
32274
36003
36847
28421
33307
31959
32208
29978
29801
29951
35677
33039
33730
28707
28572
29009
31070
30819
35052
36435
37015
30446
29759
32487
33994
36291
28460
36793
34597
36914
36773
36601
28618
36449
35394
29379
32350
30171
29234
30418
30286
29861
28267
36587
28043
36266
29733
35764
30421
35382
34317
33842
36435
35056
28656
36303
29465
36459
33035
29595
36325
30020
33978
36005
31833
35541
28204
33300
28318
33612
35761
34646
28783
33360
37017
29397
36480
28178
34240
35461
36084
33588
31672
28426
35802
30770
28745
29065
30407
28534
32390
32390
32390
32390
32390
32390
32390
32390
32390
32390
32390
32390
32390
32390
32390
32390
32390
32390
32390
32390
32390
32390
32390
32390
32390
