9884
33700
36356
37045
32167
28928
29651
36334
29389
29917
35462
28360
32092
36304
34039
29684
29527
36757
34680
28121
29054
32641
28549
28899
31089
36696
29563
29578
36164
33267
36496
32418
33791
30223
28271
32036
33062
33542
30187
34554
35619
29718
32732
28482
28189
36727
28812
31918
28429
29426
33636
28512
35357
28426
31396
33286
36654
36531
28470
30146
31121
34310
37194
34247
36916
36025
28467
31590
35169
30127
37126
31719
33461
35078
30264
30755
36962
34208
35150
36327
34389
28659
36801
29201
36915
35781
35660
31918
35509
28506
28475
34646
29205
29017
34937
36299
28624
28832
28243
28332
34298
28399
29128
28614
31894
29224
36889
34511
31365
29981
28659
30643
31990
29051
29692
32954
28091
34400
29355
28188
36917
32530
33286
33112
36943
35512
30066
31023
29095
30782
36080
35105
37029
28185
29517
36954
36876
35682
31006
36605
36888
35517
36976
36622
33903
30994
32915
28636
28392
35981
30798
36663
34913
28311
29080
33686
30781
30193
35396
34283
33895
30293
32287
36596
28433
32010
30953
28579
34251
35373
28465
34600
34439
29517
36464
36792
28585
31594
28087
36459
30207
32179
28280
36026
28662
37019
31298
35849
30088
32472
36808
36536
34190
28518
36793
32210
35565
36635
28229
32487
28471
35422
33143
32570
28754
31037
35993
32185
35767
33207
35253
32022
28292
32342
31897
34451
32447
36150
28339
36983
36509
29361
32354
28292
35624
36976
29931
33917
36595
29250
30551
31687
32536
36754
35210
36404
35808
35261
28240
35779
31963
28734
36657
29141
34980
28062
28674
28282
29877
34818
32382
36361
28555
29559
28236
33526
29683
32393
32063
33275
28154
29382
36787
29539
36298
36007
28206
35739
36653
36574
30845
28395
32614
28195
33602
35508
28660
36658
37032
36639
35869
32237
36290
36920
28311
32090
33813
32710
34946
28378
33129
34202
32767
35448
28443
31271
32565
36761
33556
33854
28327
29581
36113
34515
36454
34197
28543
36331
30767
36276
31565
37159
31912
29722
36514
34605
34040
30981
29269
29893
29481
29257
35667
29627
28479
33352
31960
28581
36992
34282
28366
32951
31702
28672
28315
35757
33934
33121
35491
31391
36888
28516
32792
36573
35790
34896
35438
28228
35550
36043
36232
30228
28330
36055
29141
35729
34921
36395
32780
37212
34325
31295
28349
28335
28381
36817
33530
28501
28592
36583
32735
33670
36145
30313
28489
33727
30521
30147
35117
33263
28581
33421
33508
28390
29865
29503
30920
30929
32995
33394
28806
37212
30174
32022
34524
36873
33430
35822
36493
37056
32948
34640
30837
30351
33469
35299
31054
33521
33682
28870
34991
31865
31636
33784
34549
28856
28415
34228
35618
36770
35789
36340
32451
32050
36520
35919
34999
28814
28584
34664
33810
28292
33944
34663
30107
28670
33747
28267
28497
30716
36867
28742
35165
36648
35761
32717
32716
34314
28998
33232
33121
36932
28286
36462
36848
28325
35323
31640
37054
36186
36671
34911
34141
35275
31538
29435
36618
28259
29306
28218
28334
30274
36282
30700
30562
35408
36273
33559
35794
36433
31184
30427
33391
36542
35327
30871
32773
31848
28643
30788
35313
28727
34198
28535
36790
30525
36474
28295
31243
32748
36252
30874
33833
34474
31322
35225
33505
36755
30442
35056
35390
36858
28876
35679
33192
33741
34467
33578
31533
28089
36543
33537
36689
36536
31643
28757
28882
29738
28562
35120
30886
30015
36650
31296
36810
35840
32743
30397
36736
32350
30312
35735
30989
33158
36114
36107
34127
36920
36633
32230
36902
31445
36013
36995
33862
33542
29053
36691
36418
31135
30664
36557
29757
34330
28383
28790
36842
36657
33262
36002
31952
35739
35403
34494
34554
28251
33472
32408
36904
30514
31124
28382
28288
34332
29327
28274
28687
31849
28307
28601
36851
29463
32972
36625
28335
31430
36734
36801
29960
36870
28638
32789
28505
32955
29085
36931
34794
31504
36689
33584
29189
29232
36613
36882
31859
36856
35973
32884
30176
32120
33018
30942
31995
31317
34680
32217
33534
28310
36828
28536
34642
31148
34030
29559
30134
31877
33851
28854
35858
36890
30281
29244
31643
36680
30340
29813
36398
28661
28669
28743
36890
36633
31425
31090
31987
28782
30484
36498
28271
31242
28775
36853
32916
29086
31333
30739
28393
32388
32582
32403
29319
34219
28174
28285
32979
28111
33320
34289
34588
36197
31571
28750
33694
28242
32853
28258
35074
32210
30241
28159
36883
28441
32955
29399
30266
36380
36866
28443
28611
34285
36481
30115
36744
31446
36757
28449
33535
34512
33568
28995
36400
36576
36177
36789
28232
36776
31060
34862
30218
35547
34446
33090
35279
28828
30174
31346
34350
36765
28619
28882
29049
28401
30039
36813
34232
36603
35996
36214
36885
32146
31149
35256
29868
32971
36816
36443
33594
29685
36878
37031
31306
30638
34648
34146
36534
36607
28512
31127
34763
31062
28100
29775
34169
35657
28290
33522
37047
35665
35337
28339
32113
29422
36047
30584
35029
30372
33921
31342
34728
29377
28815
36388
33941
35012
29566
36106
29179
34550
34349
35476
35049
32671
36873
32483
35153
28225
35401
28365
31644
33474
29593
36844
36864
28213
28468
29776
28176
34748
37178
28957
35462
29335
36832
34635
35924
31294
28842
36859
34302
36705
35807
36756
28322
33194
28502
33531
31896
29975
36912
37041
36115
29313
28288
36457
36133
29063
35575
29260
32728
37188
34850
28298
28216
34549
32087
28646
33251
35874
35335
36868
28822
32550
36135
33106
31047
32250
36976
36419
28335
33193
35124
32976
35748
33569
34041
31222
29266
28306
28406
36616
31346
36039
33176
29814
31481
34850
29667
31907
36062
34740
36663
28835
33029
35263
36018
35082
29877
32486
30143
31618
35730
32911
28567
31819
35069
36608
34027
33237
31872
33095
35229
31536
29862
29320
29355
35105
32005
36505
35302
37290
29641
36730
32014
37076
35859
30946
34659
36053
29768
36856
36573
32788
35585
36806
31948
28245
28370
36567
29087
35868
35987
28376
34851
35304
35003
36257
34455
36537
31213
32407
36887
33894
36158
29812
36355
28511
28653
34732
30339
36970
35351
32098
34191
28188
28909
34957
33653
28977
31813
36930
35982
30984
34988
32170
36441
36777
32641
35805
28371
32378
35810
36536
30802
36033
31005
36461
34564
36686
36248
35983
31137
31288
32913
36623
34899
31072
32868
30683
36799
32750
28372
36276
32006
28445
29758
35967
36536
30678
28278
31246
32503
28290
29869
33151
35659
36605
31323
28363
29269
33966
36726
28337
36666
32548
33980
35823
37041
36590
29415
28639
31221
31627
29315
33883
35818
31768
36821
30040
36896
36381
28674
33254
35725
37020
35909
34782
32213
36632
32750
28716
34640
36547
34128
35587
29538
29543
34710
33084
33943
28408
28640
36677
30442
36159
33022
37053
36381
29606
30572
28907
33541
28945
33472
32434
29375
36264
36631
36695
33838
30558
34017
32815
32279
34526
33793
30446
37029
36083
36036
35816
35458
33852
33077
32068
34748
28102
35382
36482
33983
30310
36395
32800
34932
34639
28668
33829
32651
28638
28535
30563
29885
30548
33690
29836
33357
33473
35739
32225
32528
31253
29063
33749
32655
30354
28361
32067
29878
37090
36921
31826
33188
30869
37111
36179
32716
34881
29552
28165
28277
32577
35105
36892
36628
35347
30064
31167
36871
28744
28455
37113
29095
28155
28672
28790
30470
32685
29594
36905
28902
29912
28759
32194
29233
36542
30399
33127
32484
32169
36574
36205
28380
34882
32290
32893
36122
32723
36737
33023
35381
33745
30324
29783
36381
28472
28726
34019
37062
28277
35416
28166
31946
29260
29827
30960
32495
28409
33258
33207
36986
35028
31241
37204
36950
36103
30896
29683
29452
29421
31369
32852
33978
33578
31373
34964
28222
29477
36641
35914
33366
32439
31048
35859
30770
28485
35805
36887
28695
34332
36883
36515
31073
28291
36572
36868
33974
30917
35338
35230
28502
30080
36927
29323
28498
36143
34483
36605
36945
35820
28326
31328
31396
29907
36166
34039
33887
28276
33901
36322
36549
34065
36437
36283
36231
28300
36954
33768
36909
35391
31006
34401
32701
28237
28832
31395
34552
35660
34558
36629
29265
34769
36398
28240
31289
29872
35799
29193
28897
28466
32279
29534
36976
36599
29862
36151
32948
29039
29589
33293
36999
35270
32515
35339
32700
30767
29079
28244
36388
29692
31740
35528
31529
28689
36937
36420
35645
33686
28144
28102
31340
35779
29950
34376
36742
31208
34042
30298
32465
29283
33725
30960
34289
30010
36868
30439
36224
34458
36575
35569
34737
28624
29798
34280
36712
28313
28313
33763
33270
28745
29970
29085
36817
28902
30915
33734
31346
33716
28735
36233
34879
34196
36640
28534
28314
34941
37042
36159
35561
29354
36518
35899
28562
36837
33774
28597
32334
32934
30917
29827
36878
32875
28282
33083
33204
32856
28407
36847
28266
33574
31750
36109
30209
35907
32518
28813
31447
32947
28194
36658
34088
29087
29223
28233
37019
28542
31203
28259
36125
36043
30351
28262
30195
31944
36482
31615
28397
30148
36848
36551
28203
36832
36586
33909
32209
35926
34390
29128
36897
29117
36609
29549
34811
28242
28353
31999
35557
28692
36953
30057
35225
33341
31000
28337
33368
28382
30197
36285
36892
36283
35299
30352
35614
32198
35041
34500
30967
32686
32942
28827
36734
28516
36976
32797
29231
32343
31593
29156
36491
28886
31043
36668
35545
34787
33440
29212
34692
36315
28264
31969
34331
36896
32579
28305
36686
34204
28980
31263
34038
32132
36777
36925
32830
34682
34094
28443
34955
29290
31771
36643
28146
35873
32855
29991
33074
36856
31507
36712
36232
36104
33166
28802
28240
33736
34482
29749
33628
32749
33295
30544
36545
34876
35128
35244
28441
31907
28643
28272
35745
35534
29423
36624
33027
36943
34533
36978
28549
37105
34818
35105
28296
35617
28276
33261
35975
35047
28614
30976
34050
33405
33026
33748
34180
28477
33520
36164
29069
33211
28231
29143
28229
31122
34450
31251
32084
29514
36600
28712
28126
32605
28355
29553
28238
33970
28249
28779
31917
34699
33635
33603
28188
36792
36829
28517
28794
35841
34376
31302
32457
28761
30235
36395
31002
29003
32658
30832
30060
28713
36877
32097
31532
28706
34784
36780
31053
31436
30283
30967
32497
32715
35671
28426
28579
35716
32926
28949
28310
36091
30901
28235
35409
30087
31549
28790
35798
33219
36185
36796
34781
37073
34815
36922
28532
35524
28722
36888
29253
28754
31269
28332
36150
33246
36982
33756
28315
28372
33001
32801
35965
31582
36585
28309
36895
28189
28265
30782
32573
30273
36501
31769
36985
37120
36185
36869
30080
34328
28349
36208
34344
31871
36725
30191
28772
33128
36139
36636
28948
34002
32292
28693
34894
34917
36755
30531
28380
28119
28452
35889
37108
35778
36941
32056
34208
34052
28257
30465
29742
36703
36864
36196
29808
36402
30522
33563
33457
28635
28414
31996
29503
28362
31258
34788
36759
36584
30039
28303
35439
36150
32446
33350
28622
33838
33336
29836
32659
34275
31015
28285
34750
28288
30610
36061
30733
35167
36310
35721
28583
35294
36514
36850
36859
36045
31097
36510
36809
29628
36898
30115
33472
34719
33449
36419
36211
34785
29887
28835
36334
36576
36030
31502
31495
28758
28869
28947
36673
30311
36806
30094
36194
28406
30173
37087
32716
31918
35704
31567
30707
36910
28295
28231
33126
28377
36683
31861
30982
34194
28295
28635
36521
31668
29892
30240
36050
34290
33055
28484
34323
35363
30639
34543
28311
28242
35789
32793
36016
36300
36798
36881
35151
34283
36848
31141
32913
28572
32359
28745
35309
33797
31144
29412
29112
35870
33966
34888
30407
33325
35706
28934
28710
36138
34705
36622
35443
29753
31675
29666
36981
28198
37074
32110
32179
35388
31415
28821
30397
28467
35552
32555
33547
35896
30319
33522
33982
35241
31352
28698
34633
35895
36091
35567
36634
33169
32654
35099
29645
29448
30340
36927
28330
33699
29144
34785
36544
36840
33610
28444
35760
28400
36646
33054
28552
33969
37004
36999
31093
31530
30841
36614
31771
35086
36626
36958
34477
34012
33476
34164
28794
36894
35498
36007
32894
32259
28155
28281
32491
31462
35322
33833
34841
28669
34108
30324
36874
30413
28411
31341
31672
34658
31675
28288
29305
36755
36940
28252
29040
30627
28185
28953
34498
28524
36077
34964
31139
35359
33835
28216
31020
36524
29043
28177
36450
36972
30020
36043
35049
28239
28689
36670
28950
36372
36404
36711
37057
36545
35829
30693
36770
31588
29141
29916
31327
28274
29181
32059
31876
34191
28748
35876
32529
28519
36846
29187
37051
36300
28637
36811
29987
35138
35333
36945
28589
36009
29666
34184
36083
28925
32850
28378
33545
34638
35888
36959
36905
35979
31209
28319
32419
31325
28606
28459
29449
35684
30789
36807
29277
32131
34021
31196
28307
31950
35098
34973
28364
31108
33870
35993
36771
30034
33054
28508
31561
28343
31474
28280
32123
29549
28842
31958
35990
34266
32694
34724
32327
28334
29245
30485
36724
28207
36737
34414
33568
31489
28350
28920
36566
32732
34742
28835
28373
29383
28750
32792
32791
29001
31192
36546
33908
33033
28178
32261
28364
29566
28250
30065
35842
31516
34705
35787
36270
31879
36924
36947
36737
32032
28531
36734
29779
36725
35752
35009
33524
30740
34180
28699
36907
33020
36759
33809
31114
31534
36711
31566
34384
37085
29747
36588
28300
36612
35416
28382
35458
32435
36889
28252
36669
35591
36920
35281
31697
36078
34487
29751
29273
34802
31307
33581
36955
35063
36345
33878
36337
28785
32575
29755
30423
31554
31243
28403
36305
28192
29988
29232
33142
31918
30570
30142
36054
33972
31332
28665
32684
28465
31993
33862
31167
29465
35124
36842
30920
34124
32883
32036
36254
30312
28651
34523
28420
36928
28947
35031
32971
31582
34095
31911
30011
28760
31844
36393
30466
34055
29937
33365
36224
28271
30559
34402
35926
35176
36282
30633
29771
35123
28446
36939
33048
36468
35475
36636
32197
30124
28316
30900
30499
36223
36872
28408
29465
36431
33896
29571
33786
36797
32850
28402
31641
28787
36862
33988
31631
35122
35561
35183
28389
34582
36612
36785
36500
31229
35071
35574
36028
31188
31433
31262
31356
36902
29760
30263
33604
33210
29174
36647
33596
36780
35072
30120
35869
29179
32732
30870
36938
28693
29715
28213
36906
35795
36676
28363
37157
35053
30254
31277
28113
36510
33978
32616
33243
36880
29261
31642
30085
31594
33238
28722
33436
35279
28802
33342
34828
33154
34957
31183
28041
31876
36801
31176
30780
36089
34812
33785
35526
31107
30207
29916
31053
31887
28547
28264
31878
28955
28153
36626
28874
29862
31169
32502
30737
28653
29297
29067
28604
31680
34065
34703
32930
36873
32226
33755
36552
29310
36886
29295
29823
31127
28267
28879
36083
32258
28379
32493
36919
31764
36445
32854
33185
28460
35802
36937
35807
35426
36532
30627
37020
33835
36812
29237
35197
30241
33766
36090
28451
28274
34480
33466
35174
28161
28265
30372
29252
35021
33339
32106
36384
36957
28586
35838
34693
36763
35178
30933
28241
31301
28198
29685
28538
34258
37042
34840
30942
35385
36042
33980
36617
30756
33916
34867
28970
36841
36085
35901
35804
34117
36242
34994
34846
33317
36811
33059
28344
32082
37008
36455
29358
29004
33908
35211
28220
28253
30882
28413
34019
28807
28344
34483
29233
36128
34645
28503
34840
29916
29655
28424
35469
35444
28899
33397
36270
35906
34396
36406
28138
32492
28511
36270
33383
33651
30450
36189
35723
34966
30065
32461
34078
35456
36888
31692
35861
29899
36282
29655
28667
33069
32175
35405
36575
32672
35490
35214
33864
33173
32570
28689
35186
35283
31122
28379
36736
36545
31020
30644
35425
31459
34102
36965
34563
30346
28352
34016
34284
35558
36606
36550
33731
32648
31458
28349
36879
32510
28319
36389
34366
28573
29595
28250
28437
32915
34528
35241
35011
35685
36539
28195
33988
36698
28359
36640
36505
34027
30142
35957
31056
33454
36306
29194
31264
31565
34810
28273
31181
29002
28277
37088
35846
32392
33537
30719
34253
28544
35827
28343
36994
30251
36371
34394
35704
29703
33355
32431
29118
31071
32795
29466
36853
33370
36816
34892
34266
32102
34061
33510
31571
31445
29177
35844
36727
36291
28303
36528
36924
36123
34606
32574
31924
36777
28730
31830
35345
35196
30962
33778
36771
30873
37022
29884
36159
28402
35029
32898
29610
35590
36473
29884
28748
32172
37037
35546
30015
28711
28350
28279
29500
33289
29459
36881
36878
32219
29135
28569
35987
35906
37086
36279
29435
30458
29148
33893
36098
28925
28806
30395
28218
35352
28566
36461
29938
36485
35878
28219
35545
28143
35315
29759
29027
33084
35757
30491
35283
30573
30460
35911
30164
28292
30758
28313
33549
30627
33072
28320
30673
32812
34988
34879
28216
36127
29093
36687
30685
34972
36559
28847
34239
35431
30897
34511
36821
30170
28236
35752
31830
34891
31603
32761
36505
32122
31215
30259
31260
29210
29064
35638
28790
34177
36553
31354
33485
36114
36920
32035
35190
36050
29115
29604
30785
28122
29881
35807
33374
29911
29592
32915
36043
31286
30242
35349
33326
31572
29619
28377
32450
36336
33902
34551
31064
36629
33872
36874
32012
37108
35983
28086
31679
29048
28953
36137
33884
36221
36200
28957
28823
36216
36460
28416
28391
32231
30095
29141
36235
28517
36861
35419
28336
28446
28149
35811
36415
33484
36067
29375
34000
29544
36708
36238
31074
34459
32008
34540
28772
31662
28472
28182
34494
29596
33151
28194
36735
36240
33236
30672
29333
36383
33412
32052
36398
34536
28250
32162
30778
30557
37075
35657
29975
28202
36510
36810
36426
31738
32936
30574
33955
35495
36395
34624
36369
33811
28960
36586
36499
29099
30250
28277
33905
32604
32921
30170
36861
34848
35246
33562
28384
31974
36762
28314
33042
31181
36046
28847
36346
32149
34936
28419
28434
30306
36883
30699
28447
30251
29204
30451
28449
35520
31721
34856
30994
28631
30454
30370
28754
33799
28332
35474
36323
34616
31459
32408
35537
33642
28746
29427
36375
37086
28574
31646
37059
30683
34008
36164
34576
28993
31142
31704
34454
29719
35548
37140
28450
33792
36875
29558
33995
28176
36864
32015
36618
31917
29200
30427
28318
31711
28541
35912
36458
33913
35279
31040
30396
30327
35311
30052
36717
36794
30213
35952
29511
30076
33702
31373
36473
30678
29223
32609
30792
36112
29164
36429
34765
33985
33164
35279
28713
30031
31134
34472
32100
35869
32605
35220
28110
33679
29313
36513
35383
28860
28368
31254
35378
34862
36771
32362
35643
36252
32035
34261
34477
35183
28667
29411
28657
32214
28652
35665
32738
30162
34278
33577
33634
32911
36483
28311
28304
30593
36977
35414
35258
32325
36626
28522
34538
33605
37108
29591
31031
34345
32316
28453
36343
34519
28520
29627
31908
36016
35265
35576
28237
28811
29454
28434
28584
31873
28327
33909
33441
32725
37002
28435
31042
32346
30794
28875
30725
32030
36225
35908
37025
29199
33717
31272
33133
36033
37125
31952
34362
32147
34953
28367
33993
36139
35425
37215
35038
36271
28213
30999
28168
28499
29208
36525
33110
34644
28337
36813
28782
28609
29455
28842
28342
36968
36167
36411
28710
28715
29868
36514
36877
36955
28987
31303
33790
32100
30602
33127
36399
33557
37109
37021
34113
36125
37083
31535
37003
30134
32774
28834
28352
29667
36098
33691
36051
34702
35489
28394
28265
28405
33367
28170
36746
36177
33887
35555
30184
30792
33425
28696
29373
36974
32019
36125
29821
29133
33255
36016
29009
30792
34079
28288
36581
33257
29619
34332
29521
36538
31726
35048
29463
35066
28495
31393
29253
33183
29226
31423
32017
36493
29415
28224
35694
35105
31577
28275
35011
35192
28638
29574
31762
30573
32977
33105
28921
32031
30869
33851
36143
34713
30479
36246
28940
36194
28577
31000
36131
35444
36099
34772
28294
36053
36577
28174
29705
29099
32493
36101
34346
29535
29226
32593
31329
28328
34612
37074
35487
29820
35409
32772
36126
36778
29423
30872
28605
34588
35444
33298
32682
34022
35445
30193
31250
36256
28506
32790
33962
36983
28874
36813
30147
37125
35526
29802
35144
34017
34218
36639
36487
29599
28372
28484
36535
29861
28259
28290
37121
28400
28360
32043
28523
28838
35775
28182
31368
31696
36903
32945
29452
28337
36656
33739
28268
36793
31376
33875
30045
32092
31312
35284
29025
34848
31356
36982
29226
37039
36390
31564
29439
28203
28331
37018
34843
32918
28202
33765
36993
33957
35219
33445
30751
33253
29768
28479
34206
28992
33608
31250
36110
31129
28462
30186
36423
32589
36796
35598
33343
32936
28422
35609
32556
36774
32327
32460
35514
29097
31717
33125
35430
30538
28161
37023
28338
28787
28284
28295
33315
36648
34502
36408
30839
36701
36222
28819
34543
36749
36422
35992
35219
28664
36559
28408
30838
33962
28573
29354
29358
29081
33579
33022
32920
36956
32656
31665
31736
36765
33212
30053
28350
28501
35777
34567
33904
31052
30603
29103
28555
36630
29639
36161
30266
35531
29663
37092
29595
28476
36165
34356
28115
28319
34985
29316
34757
29742
36807
35653
28045
28530
31498
36215
33585
30461
35467
33293
33007
36252
28357
30753
31979
30894
28649
30900
34738
35128
34602
30970
33326
35381
30276
35806
28543
29585
34567
30379
28126
34815
31266
28407
35588
28102
32903
35758
36604
35272
29027
32691
36750
28883
31994
33668
34162
29975
29995
28245
32235
30445
30898
36906
28474
30166
32317
28887
36981
29111
35533
36137
28692
34752
28252
30857
29085
36992
35342
30956
28194
34601
28213
36256
29119
29149
33819
28377
28162
36514
28805
36088
31197
36576
28788
33548
33085
32074
32808
36860
36058
33364
30983
36713
28335
35420
28560
28779
30524
28327
28409
35138
30533
32849
36436
28558
36749
28416
33826
33297
32769
28492
35094
35991
28865
32404
33557
36726
36566
31402
29565
35587
34078
31758
31422
36671
36697
34334
29862
29371
34631
36928
32550
35775
33011
36903
36062
29153
30291
29920
35836
34299
36854
36758
29538
28220
30998
29046
33526
29069
33779
28465
36100
36886
33148
35195
30810
29188
34215
28291
35036
34122
34885
29011
28783
34091
36605
36913
32252
36055
29643
29954
36803
36249
33092
30968
29190
31044
32018
35499
35107
29134
36921
28511
28119
28809
29797
33958
28232
31428
28361
33048
30536
28563
28494
30592
31515
35494
29999
30284
28524
35827
30844
29042
36300
29819
36248
36536
34977
29953
28672
32818
34403
35744
34722
31748
30840
29080
28315
36393
37111
35402
32141
34537
33484
34972
35197
34417
36943
30691
36199
36322
32368
33491
29618
36700
36879
30549
31621
32547
33573
28435
29956
34196
29921
36809
33933
28413
36365
28758
32682
32144
35476
28274
28305
33019
36393
33922
28708
30937
29175
28279
30549
36578
37000
28368
29171
36869
37067
36943
28757
32567
36482
34087
31877
35627
30730
29905
33946
33662
30386
36970
37003
28385
28259
32140
32468
29157
33357
36787
36794
36958
32341
28155
34312
34435
33409
35054
36846
29062
33104
34369
35052
28934
28617
35881
36354
28456
29178
28492
28248
36394
36771
30459
28716
35176
33133
28368
31443
29171
28300
37010
36677
34174
29420
28295
28414
29229
31440
36583
34843
28352
36616
36781
34940
35484
35952
30025
36986
36798
34494
35361
33015
32738
36739
28845
36431
36306
29238
36717
28818
36953
30479
31558
32601
33116
36316
33656
32318
35553
28477
34015
36678
28585
35860
33110
30090
33746
28341
29091
33862
31077
36711
29864
34922
35954
31220
28446
35230
29420
34111
30429
34906
34300
28124
35120
36819
28166
35521
29896
33275
36878
29861
36802
36563
28335
29915
28399
36525
33357
36722
33409
31829
34420
30552
32739
30504
36065
28685
34801
35693
28411
36564
33318
36853
32082
36163
28269
33631
33120
29070
28504
28688
34667
30053
35729
31632
29579
29991
31907
36786
36643
35664
30141
36710
35668
28245
33180
28452
28477
31998
32088
29119
34905
36241
31465
28180
35902
35058
28189
32162
35673
31369
28546
28278
35491
28962
29747
29981
31858
35753
36694
34889
36805
36972
28738
28499
37157
29830
32006
35291
32276
28483
29502
36070
29613
31393
29230
36691
35131
29185
28532
31972
29430
28323
29150
36847
28442
35121
31584
29979
36259
34557
36229
33107
28565
35660
36715
29492
33820
36937
30159
33949
30816
34360
32770
31738
36715
29651
32817
31267
36649
28829
36824
32162
29855
36543
32327
29786
30082
34549
34964
36977
28674
36417
31298
36441
31730
36913
30981
36427
35839
31817
34830
29834
32963
36889
32615
33762
36788
34039
33081
32436
28987
36369
34402
36885
34421
36848
36997
36352
29541
32450
36603
28337
35162
36625
36579
28319
30157
36048
36707
34124
36798
31824
35935
28477
28342
28368
31618
30521
28595
36479
29787
34224
34948
33319
31309
29133
35414
34256
28119
37276
36560
31925
36423
35111
34629
36291
29280
31895
28918
31873
35676
34423
36152
36639
29320
31267
32913
28711
34822
35213
28392
34396
28270
32586
36637
29000
36267
32564
36638
28368
32923
36273
37020
36045
28267
31088
36872
30177
29336
34035
36441
31881
36551
30890
32230
29605
28587
32918
29171
36425
33358
28419
36613
32371
34255
34180
31042
28285
32069
30232
28515
32826
37025
29043
31417
29417
34250
31490
29863
36049
35266
36686
28570
28371
28583
36703
30640
35393
32965
35814
28867
37129
29269
30539
36998
36061
34300
28262
35625
35085
34888
35753
28860
32383
28316
32164
35632
36861
35165
28482
36713
36856
31658
35623
32707
35487
33238
29360
34098
30199
28692
36735
34221
28472
28782
28812
28328
35072
31520
36946
28314
35607
34834
36757
31490
30364
34083
36619
36995
28956
29579
32466
36542
30643
35861
31540
29047
33217
33711
31220
34711
28603
28286
35856
31124
29103
30555
36246
31668
28390
36888
28214
36929
36148
30280
30882
36936
28516
36744
34950
31337
35827
34192
33134
29268
36527
36842
34724
29101
28402
29706
30559
29692
36836
36174
29695
29340
30463
28190
29251
35193
32554
28833
31428
33006
31443
36625
29437
28992
35619
30068
28645
29827
31825
34825
32406
30223
34058
31801
36188
36564
31891
34971
33471
36614
35979
28234
28496
28971
31631
35065
37050
33470
36603
31343
28223
36645
29084
36341
33406
31772
32566
30889
34738
29087
36922
28449
28266
31336
35298
32709
30589
29813
28721
29265
36713
33469
34525
32794
36415
28155
36911
31365
30986
30985
28603
36699
35253
35190
34283
36360
35578
34562
31550
31853
30230
36915
34972
35606
31356
28265
31751
30303
32348
33218
33645
28372
31010
31160
36662
36920
36681
36787
35240
35021
31812
29720
35777
30248
36844
30557
28904
33151
33146
35305
28787
30336
29528
28299
31987
28712
32440
29980
29186
31190
33084
36467
33636
29577
36792
36609
33748
36261
29270
28722
36474
36720
35920
33443
36750
28588
31844
36062
30347
34452
31170
35715
30143
32782
28718
36590
30102
35253
28107
28889
30051
35799
30056
36715
36772
34126
33453
28129
33578
28837
29867
30540
29439
30267
34758
28475
34892
36858
30049
36477
30071
36897
32538
29426
33156
36952
36950
33074
28614
28402
34709
28549
28206
36516
28353
30501
35457
28114
28350
30709
34755
36802
32854
35743
28298
33668
35900
36174
32098
36710
28336
36998
36773
29202
36856
36675
29473
35354
34875
36359
36895
31011
36817
28134
30366
34011
30505
36265
36616
36557
36728
36785
29116
32499
28599
28639
29378
30315
36913
35101
32825
28114
35125
31964
31977
28617
32440
30995
29192
28397
36909
29875
32229
31630
28479
28547
37050
35419
34200
36583
34138
36024
33410
30320
28185
35007
33243
32410
36950
28234
32928
36655
36099
36171
36592
32573
33875
28260
35749
31894
29389
28144
31495
31765
31727
32127
28552
29485
29585
33615
30103
36911
29432
28287
28311
32707
28356
30983
36573
30386
30479
33199
36726
34771
36600
29323
34947
29715
28297
28658
32523
30076
29149
31997
28246
32824
28904
31165
35525
34089
31175
30301
35824
31199
34830
32830
33153
36810
28655
28692
28487
29757
30166
28263
29835
34013
35683
28967
32686
32981
33169
32873
36584
28312
29837
28605
31995
35474
29131
32573
35654
35963
30441
28802
35304
34396
32218
31298
28565
36961
33340
36195
35803
35268
28363
34492
34767
28741
32607
36259
29745
36585
34589
30038
32425
33320
31905
36936
30984
31304
35103
35255
34411
28350
32660
35451
28398
36703
31781
28153
34624
35536
29410
35935
34136
33081
29587
29885
34248
29977
28236
34213
36242
37072
36609
30188
28426
35000
28515
32131
36493
33493
32997
28354
28432
33448
36064
28730
29680
35391
30321
28501
33986
30384
28336
33806
32397
28742
36240
34481
33796
28224
35173
30575
36157
36099
36637
36743
37016
28430
33582
28876
35765
29068
36823
31606
37129
29359
32152
32869
30762
36729
35460
34668
35434
36450
33685
30109
36663
28719
33741
35092
28942
36867
30116
37076
37086
30097
32845
28197
36796
29345
30261
36783
33004
36192
36002
31086
36795
33716
34152
31415
35879
34681
36166
28366
36804
36393
35030
28438
33741
33818
32164
31602
29367
36922
29298
32734
28526
28781
28790
28520
29447
35010
30096
28427
29297
30485
29807
34058
33446
31947
33261
32319
36129
35153
32734
31577
28200
36960
29089
36389
35991
29794
35275
29297
29879
28703
28654
34787
35772
30505
28332
30680
28313
36427
34697
31783
30361
33839
29215
30379
35549
36003
35507
34742
36207
28676
34111
28512
30671
30045
29601
31158
34437
30130
28336
32931
28276
30004
35253
35245
31358
31667
35111
36596
33048
29641
29246
36615
33519
34313
28520
35944
29196
29829
32448
35421
36859
37163
36727
32911
28297
36212
30983
30503
32139
28417
35578
30271
32668
33534
36443
28138
36512
32543
33789
28309
32678
29800
34696
36047
34329
28584
28416
29427
29795
37040
32878
35580
28179
34223
36397
36309
34844
32768
32757
34342
31540
28344
32199
28293
28579
33609
32236
31922
30284
28549
33770
36586
33394
29972
34275
29134
31834
28213
37114
29468
36559
34786
36313
28356
37033
36634
30321
32937
33292
30688
28224
28531
30827
28566
28987
28272
34319
35932
35894
34713
29463
36820
29578
31458
34673
30445
36977
30971
36222
37215
33811
29937
35920
36081
28741
30417
28484
29543
34027
28364
36683
34068
29540
31542
29026
35943
35117
35119
34112
28418
34270
28136
29005
36832
30056
29723
36806
34667
36128
34970
33783
28537
36724
36632
34564
36558
32852
32994
36858
35342
36847
35892
36863
34310
37127
36634
29090
28262
36253
32081
33088
28706
32671
30452
33236
31755
28965
36063
28184
33154
37105
36837
28098
35879
33915
36563
36617
35960
35065
29077
35853
34144
34970
28493
35895
31933
28221
36493
36461
31112
35452
33008
32099
34841
33942
31454
36298
28630
36536
28146
35580
31724
34478
28466
34304
29895
28324
34441
30620
28149
31755
28195
31704
31087
34100
36566
35973
37064
28471
35371
30605
35075
29718
32528
34802
35354
29326
32105
35541
36670
32892
36156
36832
32743
36831
32133
31410
28491
36589
34448
35803
36900
28368
31009
30581
29139
32643
28225
28375
28242
29673
28247
31160
36587
28266
36627
33682
29653
36646
30979
34573
36647
35393
31176
28534
34348
35424
30885
31946
36986
36677
28919
33883
33747
31364
36778
36013
35302
28169
36461
28209
32951
30266
32968
31448
36851
33990
36252
33774
29158
29206
29174
33556
29337
29627
34048
34980
37092
36917
30734
36842
28313
36914
29629
34393
28682
34000
28477
35495
34547
33760
28331
34120
30720
33757
36804
29095
31701
31369
29388
28321
35480
36862
28403
30458
37051
29817
28189
29034
32078
35109
29193
34031
37010
37043
33048
36634
36186
33484
29955
29965
34389
31080
29321
31336
34982
28285
32615
36588
36665
36313
36868
30766
28919
28263
35985
35572
28723
33600
34560
34715
32103
36501
36340
29862
29545
36729
34804
29783
32418
33927
29802
30290
36085
35872
28854
36905
28326
35287
31373
33424
31863
33898
36523
30206
31674
36692
35091
37012
35610
36685
32478
30346
34929
31337
28178
33771
32072
34343
31659
36341
36743
33582
35917
30933
35308
29878
28387
36669
30009
30680
29582
36830
28859
36357
30194
32709
36891
28570
29158
29170
28980
37079
35910
29535
35571
36923
32763
36865
30524
36806
35538
36775
35090
35700
32391
34543
28492
30802
36261
31334
29310
30870
28271
31381
29829
30530
28240
29890
34829
28620
31788
28299
36803
34855
29678
31904
30860
28463
29401
33082
28935
35666
29682
28295
33417
30702
32066
35114
34451
28553
36902
28468
31938
31602
29067
32052
36794
28856
34636
30927
29968
34229
35976
34616
34802
36049
32515
34682
31684
30749
36504
36573
28459
31224
36325
36630
36707
34427
29320
28503
28208
33860
31241
28816
36803
28837
36741
28229
28248
32389
29297
36581
31391
35418
29067
33794
32112
36888
32370
37054
35495
35525
30214
36869
32372
28695
28282
33417
31535
33434
31762
32691
32262
29916
29201
30628
36636
33705
34369
35739
35031
34455
35713
36526
36198
29065
30243
28172
36974
28720
28310
29303
28268
33928
35619
31464
36450
28574
31266
36223
31194
33400
29455
32402
28935
36694
28274
37012
29018
29581
30243
28122
34311
28755
28291
31906
36958
36831
36690
31997
28900
33459
36659
28968
29741
34326
31201
35818
28283
35991
36914
29032
29595
29516
32287
29951
37079
28421
28689
33091
35569
36462
28466
33423
35127
35188
31440
33563
30641
36713
30509
29049
36872
35496
32526
34699
32126
32308
31347
32660
30879
35474
35685
29625
36271
29267
36073
32037
35514
29005
36233
35076
28392
32326
31560
33006
32707
29375
29441
35888
34404
30191
30076
28106
36624
30919
28446
31365
36279
30446
30618
36890
36480
35537
28143
35693
29831
37073
34864
28614
36343
31813
34336
30316
35038
30459
29329
34206
29860
34718
35819
37021
31442
29372
33542
30865
30154
32346
31032
29263
35261
32492
34808
36647
34545
30881
30970
36678
36921
29623
29310
30082
29052
34254
31041
34906
36864
33816
32649
28210
31662
33575
36199
36833
30641
36419
36092
30214
36312
29141
32035
28677
34443
35673
31467
36381
35681
31126
28317
34008
35796
36329
32960
36701
35167
34785
35583
29405
28366
31918
35398
31090
33388
30477
36442
30299
29674
31067
35904
36582
34828
35269
36753
36417
36463
28273
31390
29616
36305
31484
36982
31002
36429
29161
36702
32936
36407
28334
29446
31729
32794
31203
29704
35761
30024
29944
36799
28736
35686
34380
35161
30756
30421
35376
33017
33204
36621
28751
29903
30554
37098
30381
33945
30744
29693
31829
34532
32358
36171
34435
31010
28583
36617
37028
34986
31510
34742
33532
36846
36574
36035
28475
29434
36778
28653
28082
28717
28224
32401
32524
33180
34677
29569
35255
29304
36881
30511
35756
33678
30836
28444
28239
35630
36784
33138
30810
34963
30288
34991
37177
31040
28361
31310
35744
33643
36547
33750
28324
31717
28252
36318
28629
29441
29313
28523
28791
37036
28514
36166
31952
28605
34921
35919
29779
31668
29839
30073
29603
36985
33332
29905
33638
31253
29132
30127
35817
34118
29147
35110
34689
34689
32752
30302
35982
29959
29105
32163
36523
31057
29254
28441
35992
30497
36848
32908
33213
29814
36862
33299
31842
29302
34218
29091
28192
34264
33562
33707
36384
28469
29390
35886
32045
32772
31446
32681
35293
28035
35145
32651
28373
29557
28699
28180
29325
36053
35418
35587
34043
37007
30135
32810
34164
36010
28107
36765
36784
28204
29946
30568
32480
36220
31844
28447
28264
36074
31259
29064
32953
30945
30866
34515
36448
35410
36754
32428
29487
32886
33638
34155
34518
33240
33069
28879
28418
31133
36680
35707
36407
29694
34769
30247
37020
28250
28421
29585
36621
29379
29355
34782
31302
33800
36784
29251
35721
35843
28374
28282
29100
34391
31778
30435
28871
36386
35886
28900
34002
34304
35136
36844
34375
33563
28137
30217
36635
30178
33901
36238
33005
36400
34629
32740
29115
29160
31633
28561
32035
33919
33088
35822
35763
30343
33884
30495
36724
33787
28488
32656
32675
29674
30987
35878
36755
35920
30086
34638
31646
32507
36757
32409
29685
31285
29039
31458
36497
33332
36589
33719
36786
32337
29197
32745
31300
32894
30407
30818
32718
33888
28978
33298
29988
28330
36791
30194
31225
30968
36937
31263
36769
33950
36028
32551
28454
29307
32102
34116
35146
29611
32890
32132
33517
36512
36984
34035
32878
30064
35719
35961
32522
34447
29616
32124
33754
32674
35633
35782
28893
31315
30476
35150
29924
32454
33246
31663
33608
35759
28807
36907
29136
28889
32997
34331
34431
28638
35441
31444
28901
33346
31452
28955
36676
36272
31300
31233
35700
33603
36829
32209
28501
35846
31334
28356
28486
34146
37066
34746
28307
31190
32174
34434
28473
35136
28375
28799
28920
32183
36904
35708
29041
36291
36508
29946
28776
33835
34209
28702
28133
32784
36805
34007
28487
36566
36812
36634
36523
30654
28342
30135
28425
31518
30859
28632
32355
32328
30186
28530
30268
31489
35907
28907
28665
28314
30903
36758
28203
33397
35525
29599
32676
34758
35470
36605
36899
32257
32231
28409
34822
36719
29562
36759
32739
29010
29960
28808
36922
36887
33392
34289
28515
36577
36296
36631
36683
28722
36957
30465
36173
28800
32153
35124
36731
28551
29135
35770
35332
36063
29165
35462
29044
35120
32442
30787
33436
34544
28522
31246
35886
29884
28293
32660
30183
36318
37192
32036
32009
34174
28177
36193
32255
35190
36900
31354
32688
29600
33707
28188
36511
30067
30916
29455
28294
34742
28465
29718
29362
35342
28629
33592
32047
31302
36527
36309
34718
29700
33950
32404
32157
31842
28539
36720
30764
36494
36709
35220
28886
33512
28353
35968
31235
28897
36904
32083
30631
33843
29457
28143
29381
35009
34460
36207
30253
35519
28273
30535
28377
28320
34752
31005
35913
35879
36687
30632
31620
34565
34527
33301
31134
31712
28247
35890
32049
37028
35002
35680
29286
33583
31401
36337
35274
32095
30755
32941
28422
31490
37008
33925
35557
28525
36967
30042
34141
31609
36702
28423
35432
32352
33470
34654
32868
33666
28358
35741
36759
33191
30971
36504
35126
33091
28080
34584
35232
33927
36918
31269
35833
36317
30383
31112
28875
34460
36298
30787
30162
36870
33679
34940
32097
30592
36920
28318
30936
28352
36508
28187
34118
28301
36901
32041
36531
28370
37008
28399
28688
33347
35766
32892
36820
30554
32528
35863
36544
28197
36929
33108
35886
28962
31651
32053
32237
28197
30296
34971
36950
34995
35019
32664
29393
34012
28767
36832
30827
31673
28269
28130
29495
29275
35288
28125
35820
32833
29539
29107
35750
31114
29013
33347
36863
35143
36964
33685
28328
28217
28518
28582
34349
34986
32954
28305
35479
28479
32379
33208
32340
34066
28434
36957
29108
36409
29998
30110
28466
36604
28256
31643
35504
28832
35585
30198
29120
36830
36574
36972
32446
33912
28397
36819
36888
36598
36865
28314
35615
28907
29575
30871
33050
29529
28710
30614
31200
30627
31681
28754
35667
28526
35529
28364
28381
28995
33518
36619
33720
28207
32222
36708
28510
29318
36539
34576
34520
29121
34637
36831
36363
29349
36690
36909
36314
33901
36580
29761
37154
35222
36241
35308
35161
36265
29327
29991
34472
29430
28462
31670
35301
28953
31485
29559
36045
32733
33583
31012
31574
34296
31868
36661
29234
36337
28730
28557
35239
28899
34284
30447
31814
36893
29255
28295
28478
28588
29379
29304
35395
28930
34522
28482
29394
29627
33703
28109
28780
36242
28570
36839
32973
33717
34721
32161
35132
32035
28452
30751
36623
33161
36846
31787
30167
29449
33833
33447
28517
32943
36038
33167
30090
28201
29906
31252
34732
31269
33825
36492
36687
30679
36539
35144
28264
31300
28413
36260
33197
28826
33715
28917
33540
36958
32961
31952
28222
28118
29920
32956
30223
34683
36988
28327
29965
36924
35293
36517
28303
29482
29383
33931
36716
28492
35805
28736
36822
28273
28665
35433
33905
29471
31439
28144
30860
30715
33980
31428
29497
28341
33847
34403
28561
30274
30972
33004
35956
35630
31897
35125
33262
35669
35681
35535
29312
30803
35640
36264
33287
28970
31264
29678
28481
36685
32936
28119
36789
29455
33810
36854
28244
28773
29067
36953
35905
34081
35173
35286
33379
36830
28103
29039
28394
32123
29051
35132
36780
35341
29029
36159
36208
35933
28514
35520
29465
33619
28606
35440
29333
28233
29869
28739
34038
34593
32356
35996
28903
30163
36986
28168
30828
28266
33427
28494
29985
30182
31442
36761
34738
36919
36591
32264
32965
32957
32078
34278
32755
29368
32317
30464
28282
34250
36138
32912
35126
32027
33150
35653
31611
36750
31347
36017
32526
30496
29746
31365
34044
31261
28400
36355
36234
36834
35100
37111
29734
35297
29061
29444
32742
36301
30459
28493
36563
31823
36605
30064
28460
31595
36937
32954
33226
28463
28375
29902
29763
31294
32157
32584
28196
36928
33809
36841
29243
28574
35249
35873
31264
28608
35372
33508
29250
36160
30132
31720
32330
30511
28206
36840
36360
35001
28216
34087
33880
36050
28716
36262
33180
36762
29167
29971
28433
28317
28440
31534
35698
32781
34813
36645
33970
29680
28781
29744
34234
36031
32799
36805
29012
36249
37055
29982
31240
28224
28290
34868
29208
28811
36836
34013
32702
30261
28332
36319
36706
31244
36385
30480
30453
35002
36542
36999
30776
28372
31768
29302
33778
28858
29577
34682
29813
35693
36944
36729
28960
34979
28269
36852
28584
33270
36786
35403
32842
31265
36806
30907
35642
32941
36171
36783
33117
36522
36912
36085
29219
35809
29107
36974
28465
30465
36925
32231
35785
29716
28182
32686
29173
33820
35870
33533
36398
31211
32949
29541
28821
28791
29285
28307
32367
28943
28354
36677
35376
28800
29362
34704
30658
35723
34569
36870
34249
29068
34593
28281
31398
32122
36740
36513
36054
29123
34501
29115
29815
36813
36235
36771
33028
36420
34181
36540
30743
36958
31006
30421
30680
30433
30800
28421
34162
30537
36919
36793
36702
29351
33935
33789
31268
34590
32774
30806
33820
36682
34403
32778
34744
36939
34805
33904
31251
29067
36826
31908
36939
33807
32844
31930
31872
37126
35292
35426
29183
28428
28394
28814
30780
34274
30714
28929
35535
31668
30976
35156
36621
29107
37209
31204
30735
32046
29171
30645
35275
28618
36224
36303
37096
31814
31100
35696
35147
31712
28303
33796
28413
36349
36346
34182
28631
31296
31929
36340
28217
32621
30546
28688
36737
35088
28172
31113
28483
36729
32224
29838
28843
29017
35951
32941
30497
30223
31214
28378
36337
29188
32162
28399
31807
31907
31896
28359
29743
36764
30960
29004
30125
35809
36925
35144
36555
37005
34060
30277
36524
36895
36298
28708
28228
28371
36811
37149
36262
36892
30407
28811
30166
36843
31860
29867
36127
36532
32819
28898
36211
32662
35413
34590
28987
28121
36908
31022
36822
28486
28407
31912
36784
35281
28404
31027
36829
31303
37016
34945
31168
36436
33025
30622
32962
34278
28408
34054
34580
36851
28526
30891
30760
28269
35189
28121
33126
28417
30059
34019
30740
29019
29724
28229
31106
37079
31529
36883
33353
35760
30789
31803
33280
30890
29326
36814
34547
28316
36493
37219
31226
31085
30371
28222
33896
33951
34639
28336
28061
34812
36120
33819
30574
35796
28360
35651
37034
33407
33513
37127
28728
36669
32802
36847
35610
37082
28978
35737
35067
28165
35191
36690
32409
31671
29215
36899
36842
36768
32685
32216
36061
29316
31345
30769
32081
28361
36472
31048
35805
30259
33322
36229
35820
36260
30188
32498
29571
28601
28437
28308
35013
35696
28569
31430
31677
32439
34751
36759
35800
32336
29798
29958
34165
29511
28213
28334
36165
35200
35347
34200
32130
34294
35311
29362
34139
31588
28308
33803
31007
36926
33646
30666
29935
32901
28308
29006
31446
31744
37176
37114
30646
37001
35444
28929
35865
36783
28215
31609
28211
36447
36037
30233
33807
29230
31541
36714
28798
37047
28228
33457
33893
33798
35637
29551
35103
29445
28158
32914
28531
28826
35905
28998
29095
36613
34980
33616
33237
37035
29875
35127
31464
33344
28842
31418
36833
31456
29918
32086
36096
36503
36229
35012
32037
36690
31729
35229
31048
35004
29167
29367
33370
29077
29606
28814
34632
32993
29358
32728
34192
35388
35874
30031
30234
28438
32205
33130
33923
35909
36993
28823
28575
30610
28538
29825
28710
29528
31052
29015
34312
30240
37090
32545
36446
34313
36879
34390
32820
34285
36799
34158
29495
36015
35235
29394
28624
34884
36452
32901
36622
33496
29853
36816
35815
36879
31573
28674
32002
33221
33280
28900
30174
34146
31698
30214
34708
28363
34189
34736
35345
30013
30640
29555
33353
30796
36948
31410
36771
28359
35555
32113
29702
36835
33914
34242
29473
33016
36889
34071
32457
28953
28586
28463
29529
30105
28486
35863
32565
33839
29999
30002
33332
30468
35758
30582
30973
28364
35296
28258
36244
28361
29520
35133
32747
29780
30217
36107
31111
32024
29915
30399
34378
35842
28471
32127
33772
36185
28275
30389
35732
29400
30115
33852
29015
31684
34021
28827
36587
28284
28270
36462
29628
33566
29274
34007
28319
32828
36885
33556
28596
29022
34154
35350
28368
34651
33620
35301
35427
36248
28152
36790
31145
32909
36809
33911
29821
31430
32316
30767
31283
36034
29981
36990
28998
33460
30332
34855
32702
35807
32400
36617
36998
31094
28715
28592
36214
28425
34808
28855
36629
32674
32484
36515
28581
32684
35554
36293
28947
34889
36725
36800
36970
36190
33042
36397
30116
28745
33882
29491
34695
31666
34322
28347
31773
34176
30191
33440
28141
28292
36518
36781
34501
35524
28902
28399
36905
35334
28233
28911
36773
36611
36815
31602
34701
28340
36761
28738
28338
30428
30438
30458
33509
28176
29552
33846
28771
29244
33288
29744
30675
31007
28358
28290
33158
34774
35245
34858
34292
31226
30765
30937
36354
36835
36087
32321
35870
35538
29999
28685
35878
30795
28451
36331
36524
30547
28171
36379
36739
28736
28478
34402
29442
36916
35020
28461
36666
28528
30432
32480
32164
36435
34079
28886
28124
35490
31710
28314
32664
29231
32696
30850
28481
36973
36971
34262
30387
35257
36808
33470
30383
36660
35926
35959
36968
36874
36792
33758
34812
28210
36719
36219
36792
36859
35042
36277
28422
29502
29278
28651
32072
33566
33946
35220
35213
32264
28258
33303
28474
36769
32288
34409
28409
28350
36875
31718
35625
30319
32139
33182
36901
36914
31636
36298
28647
28376
36599
34742
35038
35624
30973
34530
28387
36877
32090
36597
29238
34451
30659
32298
36095
36965
31417
29873
29827
33594
35375
37004
29661
32893
34900
31070
35076
37101
28349
30996
34182
28139
28710
28290
30761
33701
29244
36808
33013
31168
34691
32924
30922
33694
33419
33540
36185
37075
31334
33226
31392
32966
36942
28465
28375
34724
35542
30659
35954
30526
30022
28499
36681
33301
28515
36423
28698
32516
33177
34888
32856
28668
36512
34622
35453
36642
36109
29997
29020
31170
33985
35545
30515
36835
36212
36571
31567
28342
33322
28253
32148
34108
33246
28594
36689
35658
34673
36545
32492
28387
33571
29234
28240
33358
35249
34404
31451
37271
31125
28534
29628
28202
34454
33600
36483
34533
34840
35042
36609
35433
28493
35913
36660
34681
36343
36901
29539
34099
34967
30525
29425
34523
35261
36033
34193
36825
31529
32619
36871
34179
28363
31915
36919
29330
32868
36886
36922
34692
28809
30312
31322
30721
35948
28306
28188
36786
33817
29234
28219
28622
34912
34348
30371
28959
30808
31226
34085
30466
31590
34170
32828
28691
35763
28866
32128
28282
32889
29351
36342
35959
35737
33299
33097
28699
36923
34986
36552
29407
30429
36797
29536
28098
28925
34504
33553
36653
31355
30248
28150
36442
36289
34624
29045
31385
34864
34773
30107
31422
28097
36630
28486
33251
28615
29016
28168
30333
35495
31506
32526
29201
34222
28920
31850
28573
36777
28498
36773
29173
29762
36522
34348
29972
36090
32153
35799
36332
33433
35744
29953
29313
28891
37048
34226
30536
34076
34356
31793
28405
28261
30200
34802
34941
28545
34620
28500
36507
28130
35793
28893
28484
36799
33642
35024
33208
36208
36633
31330
36829
31614
28446
30257
29291
30152
31848
29140
28631
30138
36301
36958
34780
35581
34846
36090
28741
36677
29933
31647
31962
28064
29066
36750
33634
28278
33270
28361
37061
36285
34991
28785
36339
28911
34302
34038
37091
36029
32900
29351
30511
35859
36357
34609
31344
35889
34819
36624
29774
35783
32210
28854
29306
31065
36590
36422
36385
36459
32960
28995
30048
29076
31427
35062
28951
28392
35415
31307
28681
36937
34622
28441
36975
33485
32118
33838
28215
36824
36711
35363
32611
36631
30630
30353
32793
37175
33924
36682
33155
36792
28310
36758
32242
28536
33146
36719
29967
36393
29266
36592
32046
34790
36246
36908
34599
28437
28361
28668
36275
29869
28565
35973
30809
35145
34524
29175
31638
35545
34507
30036
37018
34526
36241
36931
29479
36704
36322
34235
28586
33733
28305
30631
29231
31387
36883
34285
36807
32562
32530
31060
34870
33862
34868
35376
31056
33998
36000
34867
36919
29056
35938
36762
34610
35794
36495
36581
35321
28533
36478
34939
36955
32894
31672
36750
28572
28428
35026
31492
28933
35639
34197
31418
31642
30291
36657
36698
36978
31211
28450
30851
29545
33506
36393
34824
28716
30300
28658
36730
33201
36013
36166
28383
36794
33431
28555
36966
28344
28264
33786
35770
29306
33327
28384
36868
28144
32597
33214
33676
32622
36473
28380
29199
32252
28215
35312
29143
35080
34036
29858
35236
35820
36435
31143
32878
36966
33810
35437
33610
36949
36792
29858
31357
33858
35608
34149
36831
36773
35087
28292
34329
36343
28502
31813
36926
33158
29314
34707
28394
36991
30786
36865
29003
30178
35822
34968
36194
30744
28751
34087
36500
34858
31456
28228
34630
35592
36797
28352
28245
34489
36860
36661
28452
35078
36715
33090
28526
36822
29415
28320
30123
36777
33987
31810
34040
29863
36878
33039
31592
36305
28481
35544
35993
35175
36662
36915
36401
34430
35847
29831
34742
33101
33230
35537
35006
36958
36948
36949
36580
34189
36895
33202
36629
28374
30706
35448
34469
34866
32313
29211
29310
36318
28939
29232
35040
37005
37087
30253
32139
28069
30149
28766
30390
36622
31155
28856
28138
30657
36449
29904
36732
29245
32417
32215
29375
28310
30269
28515
29818
34584
33950
32257
28314
28248
36934
34994
28590
29878
28290
36292
29926
34518
29302
32893
32761
31041
34278
30724
34042
29879
34964
33864
30807
28682
36635
36359
34903
28159
30016
32890
29869
36680
31316
28393
30826
28487
36535
29103
33504
33294
30725
35750
31537
35108
36523
34248
33559
28444
29568
36676
36258
36722
35774
35327
32285
36927
32781
28286
36761
33846
29705
34385
35830
32271
32170
32050
36731
30040
29080
32263
31818
33181
29237
29392
37163
30176
32580
29196
33360
28192
35282
29951
32338
34411
30301
28469
28358
35829
31779
35836
36368
34123
29088
28342
35259
29078
29282
36893
31665
31214
36123
30443
36302
30175
35460
30595
29191
35007
34905
36940
28771
28427
28384
35748
29606
32852
31481
36440
28338
34720
34243
34609
33911
28319
32738
28310
28171
36873
33182
28369
29332
29302
31821
36647
30165
28385
36842
33922
29198
36950
30913
36194
29779
35978
35851
28628
35549
29428
36231
34420
36203
35988
36907
34516
28083
31464
34881
28416
28196
30825
28595
31361
35235
30584
36670
32563
30554
36547
28721
29152
29221
32604
29358
34156
33412
36247
29532
35391
33034
36807
28953
31450
33883
36725
36317
29211
31751
34392
28298
36470
36033
32299
28698
32749
31668
28185
28241
28495
35851
32848
34228
31989
32464
35859
29298
32005
30128
29344
35227
33617
33234
28611
35751
36431
31902
31867
36911
35749
32629
32445
33704
36586
28198
35929
28658
30817
32284
34441
31723
30408
29004
33004
29893
28371
36175
35569
35683
30517
36354
35269
35642
32132
36608
30173
31121
30298
37045
32270
29565
35395
33775
35649
36979
36459
30855
35412
36190
32845
35220
28602
28954
31844
36775
36674
36022
29873
28344
36638
32775
32165
34092
30866
31535
29430
36380
28245
33434
29867
35477
28594
34611
32036
28825
31291
30561
37076
36023
31343
31914
36180
31215
28389
35926
31688
33866
36543
36526
36957
36739
36767
35463
28621
35681
28110
36675
34451
28819
28993
28910
30189
35155
29981
29081
33950
36542
28161
35703
34279
28504
28570
30521
36748
29114
34955
35023
31687
29590
35960
33457
32183
36523
32329
36747
34566
34025
28818
31553
35562
35488
30683
28389
35753
29520
32266
30490
28944
29342
28811
29165
36819
30334
36975
29123
28588
35906
31349
32902
36436
32562
30765
36489
30205
31932
30380
33135
28867
31541
32240
29353
34503
28281
36200
31579
32575
32555
33028
35879
36448
31930
36405
28384
35902
29591
32650
34713
30966
33918
30842
32183
34962
31183
30174
36650
36509
28251
35565
32154
36787
28762
28187
31941
34061
32783
31580
35427
32788
29865
33607
33241
36710
34175
28623
32949
30363
34143
28670
28383
31702
36666
31141
28759
32260
31488
29441
36611
30435
28548
32073
28537
36584
29152
28794
33766
35966
28322
34910
28162
35215
28957
31165
33536
34012
36628
29260
28285
28296
29399
33333
29943
33222
31024
34638
36775
35805
33046
36643
36609
31514
36981
31353
30327
35170
28205
31619
32621
28699
29535
33902
34390
28134
28358
36870
36663
36625
33695
35665
29438
31902
28262
30179
28294
29727
28689
36440
31067
28362
31771
34984
34886
36578
29314
29915
33504
28379
28303
35635
36626
29932
30600
28176
29433
36983
29366
34368
28228
36797
32812
28542
29175
31236
36516
36875
35637
31809
35453
28415
35025
36156
33259
36329
28967
31618
30272
29023
34179
28811
28150
34656
35560
36480
36372
31439
29763
36145
29855
31275
37170
28785
36796
29058
35558
32203
36777
34915
31713
28920
32008
29077
36350
28564
30420
28685
32076
28810
33276
28372
36512
35683
31930
29883
36300
32686
33106
36820
36429
31589
29446
36227
28793
36467
29210
32446
32675
33320
28436
31248
29929
36785
28495
28298
35955
36619
29996
36769
36861
36755
30604
29866
36892
30726
28987
30832
34089
35137
29785
29941
36921
36575
35376
29708
36675
33252
29792
28287
34571
32723
32531
31180
35794
29006
36378
28363
36390
28635
31902
28512
37027
36464
36742
36699
29317
33404
34847
32031
30155
28717
31836
34918
32810
30542
33467
31257
36760
29370
28371
35719
36301
36796
35302
36450
34805
28390
36937
31399
29063
28487
35755
29133
28917
36812
28380
28351
33955
28525
34596
36526
34821
36176
31949
36444
34322
28389
34314
32843
32851
29470
35375
35540
36399
32844
37142
28946
29522
36131
28255
33567
36821
34304
36427
36265
34528
32855
36227
31497
28330
29751
37047
29293
36831
29175
28811
28213
35358
28820
28603
36746
29313
28266
34356
30835
30773
34344
31322
31433
28416
33059
34816
36842
28794
37089
32271
36613
28253
31301
28210
32758
28858
28794
34864
28440
34288
36381
31135
32085
36978
28236
29920
36105
35318
35465
30402
35838
36984
33056
34081
28189
35168
31778
30287
28251
33814
32915
36940
34194
32669
31620
32749
33169
32011
35813
33335
36758
30369
32261
36143
28257
34679
36752
35482
36447
34844
32908
31831
29807
28676
30733
37186
33654
36549
29358
28278
35852
30874
29828
28429
36954
28511
28293
32457
31922
30312
30296
33961
35800
32017
34992
35711
30393
28695
33820
29837
35752
28286
35283
35896
34597
34799
30826
28550
29619
36941
31917
30984
31640
36555
29407
29317
36784
31022
29510
28412
37001
36538
28498
33329
29221
37056
35292
32035
35875
32392
28311
32900
28248
31400
34627
32522
36305
28202
35061
28284
36983
30395
35277
31409
28129
36528
36385
29138
29268
33998
36945
29284
33616
36564
36236
31283
28315
32059
28311
31221
31818
36829
31484
28539
36429
35585
28740
28162
30518
29030
31341
32448
35017
32648
36285
35764
31140
28833
35161
36307
36854
31154
33716
30875
30209
34216
35484
31178
28799
29775
31184
36883
35052
36546
35807
31969
32838
28291
35364
36978
31148
36898
35467
29581
29427
33153
32078
35204
36631
32611
31039
28698
28254
32893
32701
36111
30515
35008
32857
32320
35517
28681
36888
34468
32140
35146
34409
29823
31189
29552
28777
31798
31038
28330
32222
28820
28222
33529
34873
30075
34301
29627
33395
28413
28140
31595
32788
35070
32818
33441
29792
30699
36273
30938
36799
29739
33663
32323
29910
36902
36221
28691
29010
34508
28353
31711
31740
36980
33742
30864
32371
36769
31139
28566
35669
28708
29945
28278
28656
31604
29821
36731
36669
36906
31124
32996
36348
30364
33080
34746
35948
32313
35339
35851
28167
34163
29266
36617
28725
34906
31580
32630
33253
32148
30937
28302
29050
35782
36284
34274
31901
36506
28345
28572
28202
31812
28390
28497
28907
29611
35278
30119
30015
33232
36924
36674
29667
35412
36496
36474
36370
30318
35423
28880
28981
34163
31494
36829
33397
35549
28347
29278
28186
31174
30033
28327
29765
28437
33059
34166
28410
31687
33282
34486
30448
28493
28308
29232
35711
28883
34493
36419
28917
36851
31436
28243
28417
36555
33401
36925
36785
32273
28666
36443
30521
36162
34766
30313
34731
33554
28166
31508
34993
36972
35429
32671
33956
36742
28765
32994
36460
36887
32389
33282
36373
30672
29930
29112
34568
29470
35981
28423
36852
29465
33810
36095
32960
34817
36902
29792
32011
28356
36934
34267
28669
35963
36829
35654
35052
36562
32403
29037
30650
30427
33155
33362
35529
28991
32298
30863
33890
32720
30053
35922
30081
36942
34574
33918
30188
35451
30601
33832
35198
35859
35989
35702
31478
36467
36749
36674
30317
34393
28367
33350
33171
36675
32278
32234
28757
28977
36961
36594
29049
36557
30613
32088
33282
36293
35929
31571
28313
33843
36492
32152
35903
29297
28505
28481
32598
35414
35442
28801
35450
28347
32478
36998
32681
29984
36387
32710
29286
32934
32693
36424
35036
36264
30538
32007
33834
28182
32463
31980
35635
36970
32626
28317
28959
34069
35947
36288
33020
36602
29380
31296
33821
36165
31530
28452
33544
29207
36270
35271
30462
34955
28419
29086
32096
32950
35591
36913
37017
30267
29805
36291
30990
28264
31089
35897
36557
32243
28165
31744
36852
36035
36765
28212
35545
29415
33262
34398
36620
37073
29875
32255
28909
35728
32527
28832
33638
32861
28258
36348
31503
36712
36790
33241
36793
34166
36156
29388
33303
30069
28550
34725
37029
32516
29685
33414
36730
28318
31785
31171
34173
35339
35457
35826
33117
32512
32264
29547
36224
32134
36501
31261
33380
31650
32819
29706
30633
29824
36756
32959
32911
35428
37118
28578
29973
28863
28188
31384
28778
32390
36757
29727
34931
34088
30202
33196
35067
37096
29926
28707
31753
35406
36814
29585
29189
28962
29620
28687
29528
28824
28719
28426
31791
36890
31648
36782
28796
32170
37038
37050
36498
28284
35495
32444
28712
33603
30345
29268
32608
31148
33615
30758
29248
33238
36765
32859
30637
30900
29871
28423
36508
31475
36665
32486
32470
35842
36473
31649
30048
32042
36345
37062
28164
31499
33967
33670
36390
30023
35677
29138
34848
34016
29605
36172
32351
32113
28318
36481
28108
34527
32008
33762
36273
36763
31244
36856
30750
31918
36869
36887
35576
34489
34350
33472
28817
30239
29105
33158
36189
33367
36840
32112
35459
29508
33107
31280
35522
33773
31942
29164
28424
34908
31320
36240
34608
31470
28407
35902
36801
35772
33559
31718
31322
36937
36097
36769
28737
33415
32728
35519
28715
32714
37059
35501
31098
30822
36862
35641
30542
33454
36641
31940
36439
30489
36436
28732
36926
28497
29821
31054
28279
31776
31736
36902
31978
36189
35908
36544
30921
32450
29143
32953
35878
29105
34247
30462
31642
28374
32696
34051
37043
36267
30865
29332
35976
37146
31747
36729
35004
36990
33718
29843
31294
35227
34905
36770
36676
30034
34209
34453
36703
28644
34623
28787
34158
36183
28482
36140
30107
34147
29493
36406
33148
35293
36562
34034
35209
28322
31070
29042
33845
34074
32045
35679
28299
36586
29590
36703
32569
33061
35835
32963
35349
35215
35799
36850
34321
35170
32770
36874
31017
36721
34522
37048
36734
28280
36672
29301
35238
30471
30239
33355
29055
30645
29696
33240
32130
28489
34588
36659
32734
37118
35189
33832
32808
35975
35976
28507
35541
28246
31335
33312
29179
28288
36016
36972
30703
30365
32688
32734
28341
36908
36924
33195
33941
30714
33267
28192
34768
36407
31251
28541
32919
36836
34913
36690
32834
33617
30076
35729
28652
28319
31712
30590
28213
28521
29528
30548
30682
28916
34796
28323
34510
33245
28380
34621
34464
29769
28245
35381
32989
30637
35088
28252
30575
36657
36998
36890
31829
28269
34897
36418
35339
32428
33420
28986
33876
33094
29694
33629
29685
36845
30253
33586
29898
36900
35768
29486
31719
28774
28369
29616
36661
28538
28246
32068
36508
35873
30695
29062
28959
36193
31949
35000
28325
32305
36302
34114
29153
28565
29663
34879
28297
33611
29899
31931
30537
29613
35821
35604
30275
29183
29222
36924
29084
28486
33304
37085
33449
28423
36562
32165
33110
29838
28957
34505
29960
30613
35692
36998
28516
36062
35030
35400
28604
36477
30150
28268
34484
33941
33781
30759
37096
32560
30664
28444
35172
32994
28634
31685
35252
28407
29412
28336
31292
36793
28453
35086
31197
32737
31875
35956
34362
28886
28412
28888
36787
32497
35782
34827
28231
37076
36930
34639
35169
36852
32457
34281
35524
31250
29067
34849
36769
33443
28925
36626
29409
28452
33516
33676
36710
36456
36324
28149
30101
32591
35023
28830
33555
29052
34859
32028
33586
36027
33360
36861
34426
36550
28160
31460
36578
29345
28721
33390
36148
29066
28835
37160
32787
31656
32441
36982
28863
28885
36710
29522
29882
29183
28447
35302
33695
29466
36263
28338
28517
36658
32803
28608
29241
32607
36409
33020
31303
30220
36064
29012
28472
35786
32077
29185
29782
36881
33223
36340
32934
33654
28635
36829
30743
36667
36158
33833
30381
36719
32591
35391
36856
28386
31019
35193
28574
30757
28809
35290
29826
35038
28492
28313
35701
36878
28407
33258
31453
28507
33462
36111
28547
36736
35315
33853
28677
36892
30281
35233
32316
28420
36951
30991
35791
35269
36737
35848
31134
33326
28448
35795
33575
35238
32715
32730
32325
35941
34702
30633
32028
29738
28724
34503
35878
32924
36365
35811
31942
36954
28756
35007
32380
36976
28231
31346
32018
31196
34866
32001
32424
35475
35919
28485
28888
29466
35876
36898
30949
31421
30951
29971
29376
35792
30196
34539
36915
33368
28788
32555
28409
28631
29710
36293
32853
33304
31304
36240
35661
29018
33426
28293
36630
33838
28606
34250
28154
33522
28300
28194
35231
36973
29086
33409
28283
34569
31668
36621
29321
37017
30163
33520
30285
30726
32494
35111
36771
36052
28302
34811
35996
36168
29430
28224
36286
30893
30798
31116
31161
36638
34059
30289
35188
34213
31201
35603
28156
32608
32990
33774
36453
28394
35850
28627
37014
32270
32930
30387
28398
36428
30841
33406
35440
29899
28555
32474
32474
32474
32474
32474
32474
32474
32474
32474
32474
32474
32474
32474
32474
32474
32474
32474
32474
32474
32474
32474
32474
32474
32474
32474
