179.2 13.6 3.44 0.27 
137.2 10.4 3.73 0.29 
164.5 12.4 3.72 0.29 
190.6 14.4 3.71 0.29 
164.5 12.4 3.73 0.29 
239.4 18.1 3.6 0.28 
283.4 21.4 3.59 0.28 
179.2 13.6 3.42 0.27 
48.05 3.63 4.84 0.38 
164.5 12.4 3.71 0.29 
190.6 14.4 3.69 0.29 
164.5 12.4 3.66 0.28 
48.05 3.63 4.92 0.38 
190.6 14.4 3.76 0.29 
179.2 13.6 3.34 0.26 
215.6 16.3 3.49 0.27 
215.6 16.3 3.66 0.29 
333.6 25.3 3.74 0.29 
303.7 23 3.59 0.28 
78.93 5.97 3.85 0.3 
215.6 16.3 3.76 0.29 
262 19.8 3.69 0.29 
303.7 23 3.6 0.28 
108.6 8.21 3.85 0.3 
303.7 23 3.5 0.27 
108.6 8.21 3.94 0.31 
108.6 8.21 3.73 0.29 
262 19.8 3.71 0.29 
78.93 5.97 3.93 0.3 
322.7 24.4 3.68 0.29 
333.6 25.3 3.7 0.29 
78.93 5.97 3.99 0.31 
322.7 24.4 3.64 0.28 
48.05 3.63 4.89 0.38 
137.2 10.4 3.6 0.28 
190.6 14.4 3.7 0.29 
283.4 21.4 3.7 0.29 
137.2 10.4 3.84 0.3 
179.2 13.6 3.55 0.28 
137.2 10.4 3.7 0.29 
239.4 18.1 3.56 0.28 
283.4 21.4 3.6 0.28 
239.4 18.1 3.61 0.28 
283.4 21.4 3.76 0.29 
