195.3 14.8 3.18 0.25 
136.2 10.3 3.68 0.28 
163.4 12.3 3.6 0.28 
189.4 14.3 3.53 0.27 
163.4 12.3 3.6 0.28 
195.3 14.8 3.13 0.24 
48.39 3.67 5.03 0.39 
163.4 12.3 3.53 0.27 
189.4 14.3 3.57 0.28 
163.4 12.3 3.55 0.28 
48.39 3.67 4.82 0.38 
189.4 14.3 3.5 0.27 
195.3 14.8 3.42 0.27 
214.4 16.2 3.54 0.27 
334.2 25.3 3.49 0.27 
78.75 5.96 3.72 0.29 
334.2 25.3 3.47 0.27 
303.4 23 3.38 0.26 
214.4 16.2 3.39 0.26 
261.1 19.7 3.52 0.27 
214.4 16.2 3.38 0.26 
303.4 23 3.5 0.27 
108 8.17 3.7 0.29 
303.4 23 3.5 0.27 
108 8.17 3.82 0.3 
108 8.17 3.54 0.27 
261.1 19.7 3.56 0.28 
78.75 5.96 3.88 0.3 
323 24.4 3.39 0.26 
334.2 25.3 3.31 0.26 
78.75 5.96 3.86 0.3 
323 24.4 3.37 0.26 
48.39 3.67 4.86 0.38 
136.2 10.3 3.62 0.28 
282.8 21.4 3.4 0.26 
136.2 10.3 3.74 0.29 
195.3 14.8 3.18 0.25 
136.2 10.3 3.58 0.28 
238.3 18 3.42 0.27 
282.8 21.4 3.41 0.26 
238.3 18 3.44 0.27 
282.8 21.4 3.42 0.27 
