9910
37892
38468
39096
39021
39076
39289
37949
38093
38419
39008
39337
38544
38259
38674
38556
39148
38794
37778
37855
39175
39352
38882
39546
39150
38623
38487
38776
39066
39336
38224
38852
39372
38541
37750
38404
38331
39326
39160
38484
37926
38165
38460
38580
37888
38571
39277
38847
39345
38430
39414
38255
37951
38853
38768
38672
38285
38534
39517
38305
38441
38113
38372
37821
38979
39441
39289
39343
39404
38351
39199
38357
38577
37821
37951
38030
38048
38924
39137
39377
38810
38418
38564
38677
38803
39239
38134
39393
38137
38899
38036
39326
38886
39290
37977
38964
38964
37913
38869
38600
39327
38039
39314
37886
39168
38571
39156
39336
38423
38272
39436
39510
38365
39032
39441
39096
38342
38078
38020
39108
39212
39111
39328
38804
37879
38977
38324
38062
38938
37900
39308
38862
37865
38199
38296
37882
37894
39336
38565
38901
38108
38890
39371
38137
38455
38032
37918
39375
37889
39298
38578
37916
38268
37993
39248
38315
37917
38280
39564
39320
38909
37931
37963
38083
38004
39024
37897
38764
38212
39133
38815
38460
38022
39170
39184
38007
37903
39310
37815
38290
37844
39016
38301
39321
38859
38394
38670
38373
39362
37839
38440
37907
39172
39550
39114
38401
37809
38004
38198
39236
38662
38070
37824
37942
39332
38046
38445
37858
37994
38723
39301
39295
38310
38000
39172
39080
39321
39265
38221
39261
38452
39427
38296
38159
37986
38835
38076
37943
38540
37859
38159
38613
37971
39010
38594
37901
38544
39445
37848
39073
39048
38565
38656
38964
38195
38329
37963
38836
37811
38405
39046
38218
39077
37986
39094
38047
37978
39138
39382
38009
39220
38311
37821
38627
37860
38997
39560
38241
38618
38972
38276
38022
39184
39215
37868
39144
37975
39215
38188
39292
38169
38964
38853
38530
37962
39321
37998
38175
38804
37957
38170
37853
39334
39259
38172
38883
38796
38768
39019
39215
38740
38441
38916
39155
39330
38060
38619
39225
38598
38020
38026
38969
38017
39113
39284
38038
38136
38983
37960
38992
37876
39286
37895
38004
38566
38000
37925
39329
39354
38064
39273
38832
38029
37899
38996
38150
38413
39346
38619
38082
37990
37895
39143
39275
39509
37993
38067
38540
38374
38094
39525
38165
38102
38914
39344
38176
38073
37937
39282
38754
39192
38387
38039
38952
39362
39359
39537
39341
39449
37917
38288
38426
38852
37991
38043
39187
38449
39358
37895
37959
38879
38160
39076
39072
39074
38092
38324
38900
37952
38239
39319
38856
37940
38751
38899
37964
37811
39105
38670
39141
37939
39189
39443
38014
39299
37948
38131
39216
38774
38973
39345
38171
39249
39000
39248
37877
39316
39424
38436
39358
38567
37988
38695
39448
38740
37923
38480
38888
38964
38235
39461
39001
38010
39326
38062
38800
39359
39283
39402
38762
38691
39121
38328
39300
38736
38793
39225
38200
39029
39289
39299
38080
38732
38760
38130
39438
37996
37977
37972
38055
38924
38170
39271
39261
38228
38473
39094
39300
39298
38011
38883
37979
39522
38695
38636
38728
38315
39167
37865
38946
38801
38770
38238
38242
38512
39215
39329
39434
37926
38759
38058
37729
39057
37909
39144
39149
38164
39088
39411
39233
37972
38024
38045
39321
39037
38142
38036
37941
39353
39393
39183
39323
38677
38189
38570
38959
39497
38593
38370
39512
39059
39021
38111
37920
38391
37827
37889
37978
38950
37997
39327
39112
39183
38181
39338
38546
39336
37895
38204
38151
38332
39088
37910
39224
38602
37955
38792
38164
39199
39439
38078
37995
38316
37973
38243
39261
39150
39411
39515
38549
38930
37979
39428
39328
39104
38511
37940
39269
37933
39065
37971
38763
38438
39336
37920
38111
37927
38163
38318
37823
38096
38838
38118
38290
39327
37989
39335
38176
39120
37983
38811
38981
37992
38935
38330
37898
38163
39150
37877
38219
39289
38050
38449
39409
39081
38079
37972
38886
39284
38307
39127
38007
38911
38085
38356
38815
38851
37873
38706
39395
38029
39068
38972
38987
37912
39028
39184
38243
39054
37989
38002
37967
38310
37927
39273
38232
37853
39091
39071
38612
39375
38762
38162
38397
39369
38381
39274
37967
39012
37996
38568
38771
39072
37955
37926
39459
39086
39288
38752
39360
38499
38533
37907
37935
39264
37937
38500
38765
37925
37966
38110
39448
38265
37937
37672
39050
38058
39283
38225
38259
39196
39205
37871
37920
38792
37948
38724
39309
37917
38004
39040
38596
39236
38249
38621
38934
38887
38648
38624
39381
37842
38062
38764
38173
39362
38276
38268
38813
38966
38282
39168
39020
39257
38547
39229
38503
37894
39441
39232
38755
37890
38059
39058
38284
39241
38110
38844
39117
39354
38816
38180
37783
38854
37986
38275
38721
38482
39010
38728
39241
38309
38560
38740
38704
38410
39019
39225
37935
38183
39141
38408
37919
38887
38194
39025
38959
38452
39357
39323
38112
38630
38002
38644
38369
39321
39091
38793
38862
38793
38313
38897
39393
38151
38896
38784
39233
37985
38324
39118
38998
38832
39060
38175
38132
37925
37956
38140
38126
38246
37875
39533
38351
39406
38065
37828
38832
38332
38377
38352
39385
39158
38091
39405
38212
39301
38189
38254
37969
39182
38833
39468
38464
39084
38189
37872
39381
38555
38436
39346
38003
38699
39451
38692
39100
39358
38531
37881
38262
37950
39109
39437
38208
39101
38810
38089
39537
38913
38055
38423
38062
39282
37874
38825
38826
38440
38376
38166
38298
38785
39142
39541
38466
38054
37917
38713
38202
39275
37912
39084
38331
38851
39213
39361
39044
39112
38849
38260
38763
39486
38628
37870
38291
38901
37867
38392
39415
39459
39380
39501
38541
38240
37778
38744
37996
39146
39233
38418
39278
38774
39341
38090
37827
37968
38101
37906
38527
38016
38593
37824
38105
38203
38195
38589
38613
39377
38275
38350
38583
38757
38357
39474
38376
37831
38730
38331
38234
39329
38672
39496
38268
39273
39313
38005
39118
39057
38323
38775
39501
38540
38100
39413
37897
38308
38885
38475
39274
38550
39148
39197
39561
37951
38324
38045
39184
38199
38786
38921
39136
38632
38172
38122
38835
38195
38692
39235
38020
39257
38947
38116
39130
38740
39453
39257
39522
37900
37837
38396
38287
38003
38198
37919
38072
38097
38112
37963
39365
38136
39296
39163
38427
38289
38544
39335
38302
38319
38284
37838
38110
37902
37923
38069
38258
38526
38254
38077
38494
39143
39455
38690
38647
37878
39420
39345
39593
37921
38468
38332
39202
38596
39333
38096
38780
38089
38098
38266
39106
38375
39167
38475
39244
39022
38733
37952
38051
38405
37855
38214
38641
38799
39337
38392
39314
39198
37868
38213
39241
38103
38114
37939
38151
39263
39293
38126
39032
38656
39383
37922
38223
39151
39401
39209
38391
38261
38175
38403
38183
38033
37764
37938
37948
37963
39096
38755
39280
38508
39392
37918
38249
38877
38989
38402
39175
38417
38663
38448
39377
38138
38085
39238
38969
39019
38868
37966
39084
38295
38131
39258
38051
38625
38396
38891
38087
38360
38406
38118
38527
38928
38284
38776
38503
37936
38855
39040
38258
38104
39200
38499
38076
38300
38285
38105
39259
38412
39459
38365
38008
39293
38924
39066
39033
39483
37842
38898
38026
38078
38983
37992
39106
38479
37858
39175
38758
39439
38218
38159
38574
39543
38805
39273
38134
37924
38476
39337
39104
38097
38361
38207
37966
37884
37915
38011
37963
39313
38490
39367
38216
39428
38517
38726
38830
37950
37970
39214
39214
39097
38984
39263
37851
38477
38192
38706
39426
38708
38428
39221
39167
38312
38116
38080
38698
39030
38263
37962
37959
38060
39559
39043
38673
39062
38505
39187
39071
39591
38313
39170
39099
38236
38379
38224
39103
39519
37938
38020
38112
38799
39388
39396
37833
37890
38956
38647
39127
38434
38492
37962
39576
39479
38917
38121
37975
38742
37949
39251
38787
39301
38509
38004
39280
39284
39088
38393
39175
38548
38691
38028
38271
38094
39332
39313
39138
37853
38119
38265
39339
39127
37889
38006
38185
38770
37984
38063
37872
38900
38089
38019
39473
37854
39295
39486
39240
39322
39337
39418
38535
38697
39345
39012
39012
38663
38658
39421
38100
37938
37967
37922
37852
37832
39133
37984
39402
38509
39350
38688
39405
39160
37985
38276
38478
38210
38026
39137
39226
39378
39033
39019
39581
38647
38873
39141
39216
38507
39014
38558
38013
37781
38730
39364
38360
37847
38349
39149
38300
38856
39074
39439
38382
39149
38155
37950
38013
37985
38936
38210
38944
39491
38454
39010
39201
39175
39106
39169
38439
38427
37901
37866
38046
39389
39337
38034
39135
38466
38261
38321
37957
37944
39153
38756
38844
38725
39177
39347
39491
38062
37953
37949
37842
37719
38617
38549
39388
38226
38497
38110
37839
38247
39321
38753
39236
39244
39414
38882
39627
38313
37823
37832
38224
39000
38661
38694
38963
39116
37990
39045
37948
38233
39123
39344
38096
37891
38351
38298
38034
37964
38127
38881
38776
38948
39021
38377
38169
37830
38063
38464
38035
39203
38408
38750
39276
37968
38142
38657
38171
38055
39120
38054
39318
38939
38120
39140
38112
38263
39264
38012
37894
39024
38517
39311
38429
38088
37980
39191
39327
38505
37806
38063
39345
39168
37943
38155
38435
38957
37945
38230
37846
38209
38068
39213
38303
39022
38567
37889
38016
38307
39324
38026
37908
38501
39339
39038
39353
38259
37999
39272
39342
38454
38540
37972
38059
38391
39151
38675
38225
38106
38319
38146
38942
37925
37944
38000
39324
39221
38614
39064
38086
39232
39297
38621
38918
39117
39156
37968
37915
39275
38975
38849
37914
38596
38778
38528
38447
38146
38238
39249
38750
39149
39259
37952
39289
37961
39237
37945
39296
37943
39156
38593
38809
38065
39027
38538
38935
38955
38045
38135
38001
38709
39030
39316
38545
39409
38637
37796
39058
38674
37984
38462
37866
39319
39230
38505
38112
38358
39212
38812
37902
38079
39162
39332
38422
37894
37993
38506
38185
37977
39159
38583
38384
37858
37923
38137
38828
38731
38004
38261
38429
38082
37968
37953
38501
38362
38084
38007
39405
38213
39126
38073
38904
39436
39245
38653
38056
38499
39129
39157
38839
39072
38064
38554
39041
38078
38025
38439
37872
38278
38688
39133
39281
38348
38431
38096
39245
39542
37960
39292
38187
38009
38451
38220
39313
39279
39220
38937
38329
39405
39184
38984
39067
38594
38579
37954
39469
38993
38113
38009
39373
38880
38503
38861
38855
38968
38111
38509
37733
38317
39265
38540
38357
39304
38876
38644
38752
39387
39249
38044
39375
39418
38144
38998
38641
38641
39180
37935
38242
37930
37935
39219
38006
38989
38563
38399
38866
39089
38646
38506
39142
39601
38673
39259
39193
39686
38128
38244
38239
38043
38583
38496
39334
38764
38295
39281
38226
38147
38467
38231
38193
38430
38477
37946
38433
39289
38979
38739
37860
39232
39219
39248
38818
39014
38585
37964
38514
38147
38111
38471
39281
38971
38995
39202
39266
39029
38706
38494
38042
38871
38498
38063
37943
38452
39208
38465
38919
37857
38270
39256
38980
38696
38614
38886
38345
38113
39436
39527
38383
39068
38093
39033
38905
38160
38435
38832
39244
39382
38250
39301
39353
38788
39491
38744
38742
39237
37968
38172
38139
39164
39254
38922
38206
39161
39267
38253
38103
37971
38238
38742
38973
39163
39449
38437
37992
38261
38736
38078
38123
38740
38298
37921
39407
37966
39250
37923
38324
37959
38145
38142
37952
39098
38372
37967
38925
38144
39184
38296
38892
38127
38572
39169
38048
39210
38964
38115
37844
38690
38525
38215
37772
38080
37899
39328
39156
38437
37799
39232
39372
39278
39371
39608
39022
39369
38271
38038
38182
38066
37797
37931
39130
39078
38213
38928
39068
38000
38399
38986
38354
38280
38823
38905
38076
38772
38831
37985
37965
37887
38024
38779
38466
39112
39091
39125
38403
38369
39297
38276
38465
37960
39069
38661
37887
39349
39263
39379
39775
38024
38339
39046
39559
38406
39292
38297
38787
38289
38937
38467
39176
38010
37823
39190
39492
39329
38170
37889
37858
38774
38009
37853
37947
37785
37996
39050
39349
38700
39400
38886
38061
38388
38786
39494
38045
37852
38925
39430
39058
39602
37926
38774
38083
38369
37772
39402
37950
37849
38587
38452
38292
38775
37995
39275
39378
38468
39237
38057
37880
37876
38954
39304
38186
38064
39601
38504
39310
38469
37917
39062
38548
38867
39241
38519
38436
37901
38177
39235
37992
38067
38676
39135
39306
39408
38741
38619
39153
38424
38274
39170
39037
38100
39094
38792
39074
39344
38100
39334
39581
39162
38037
37781
38189
38741
38608
37971
37976
39230
39700
37848
38722
38279
39266
39272
38681
38017
37875
37864
37999
38398
38810
38533
38059
39348
38207
38942
38856
38437
39431
38145
39028
38314
38123
38829
38417
38794
38646
38598
39280
38090
38636
39436
39059
38609
38712
39435
39098
38331
39278
38241
38759
38611
38288
38040
38955
38660
38119
39179
37990
38338
39277
38437
38076
38084
38120
38633
38657
39246
39281
39554
39272
37977
39229
39163
37763
38173
38341
38737
38148
37979
37896
38115
38347
39358
37883
38043
38940
38391
37901
39363
38192
37964
38156
38817
39293
37974
38317
38400
38449
38530
39013
39093
38800
38563
39280
38671
39037
37936
38083
38991
39254
38188
39368
38066
38262
39056
39224
38463
39035
38268
38863
37885
38287
38009
38134
38163
38298
38751
38822
39249
38750
39078
37922
38824
38922
37969
38041
38923
38253
38469
38420
38292
37942
39186
38013
39414
38931
38352
38249
39505
37983
37989
38308
39071
38659
38383
39228
38932
38734
38113
37928
38483
37897
38511
37855
38171
37887
39061
39481
38536
38412
38429
38469
37760
37858
38271
38080
37906
38720
39032
37794
39259
39421
38566
37933
38454
38225
38008
39111
37984
38605
39031
39202
38752
39355
38634
38512
37935
37874
38735
38921
37871
37934
37811
38272
38483
38950
37987
38823
39079
39017
39199
39472
38941
38079
38692
38429
39128
39010
39253
38755
39383
38307
37997
39407
39383
38257
39256
39229
39151
39380
39014
38761
38671
39173
38139
38405
37834
38233
38135
38534
39069
39281
38207
37908
38901
39279
38876
39403
38314
38875
39151
37892
38463
38589
37927
38809
38061
37863
38403
38089
38192
38199
39429
37899
38111
39325
39166
39379
39445
39440
38927
39569
38040
38538
37895
38156
38438
38741
39409
38122
38082
37916
37963
38320
39270
38486
39329
38124
37956
38955
38139
38900
38767
38098
38216
38225
38239
38048
38995
38054
37905
37973
39266
38683
38292
39117
38021
38700
39306
38050
38049
39291
38312
38260
37913
38205
39496
39094
38007
38927
39393
38187
37965
38201
38203
39606
39401
38158
37835
38660
38994
39185
39375
38769
38260
39418
38322
38723
38816
38310
37897
38851
39286
39407
39015
37899
38588
39331
39364
38065
37798
38245
38577
39268
39326
38722
37868
38247
38825
39300
39198
39190
38264
39065
38513
39229
38229
38961
39261
38129
39213
39557
37943
39209
38910
38411
38384
38988
38697
38239
38821
39369
39418
37995
38380
38605
37891
38678
39176
38837
38229
38708
37996
39192
38495
38833
38863
38789
39070
39003
39126
39360
38519
38119
37845
37873
38102
37817
37851
37818
38192
38318
38338
39259
38442
37877
38808
37935
39371
39400
39083
38170
38050
39057
38867
39244
38329
38908
38023
38858
37920
38099
39296
39420
38940
38701
37881
38937
37789
39086
39235
39329
37943
37834
38402
38316
38061
38267
39499
37893
37941
39429
39214
38039
39602
38705
38498
39153
38336
38201
38527
38582
39403
39520
38741
39298
39109
39533
38093
39367
39101
39053
39337
39239
38069
38861
37843
39239
38609
37951
39230
38220
37866
38083
38110
38516
38856
38199
37895
37814
38019
37929
38154
38806
38540
37851
37975
37926
37947
38399
39448
39167
38799
38669
39473
39181
39572
37900
39350
39456
39431
38541
38155
39325
38858
38325
38537
38657
37914
37920
38196
38779
38130
37833
37764
37871
37881
39121
37649
38079
37762
38532
38071
37818
38205
38322
38195
39571
38019
39047
39364
38033
39252
37899
39537
37890
38501
38212
38700
37934
38197
38822
39430
38197
38740
38018
37860
39194
37885
38009
39423
37961
37994
38160
38206
38461
38977
37942
38068
38548
37880
38301
38353
39098
38655
39045
39295
39255
38030
39382
38995
38076
37975
37927
38298
38384
39348
38222
38740
38689
39128
38565
39287
38227
38426
38999
37849
39134
39338
39387
39116
38215
39285
39046
38756
37862
38627
37999
37876
38306
38026
38206
38542
38379
39173
39538
38056
39166
38253
38893
39291
37982
38583
38254
39405
38849
39281
39011
39023
39429
39261
38872
39347
38169
38241
39082
38313
38582
38617
38016
38582
39257
39213
37805
38094
38141
39304
39483
38896
39374
39060
38562
39409
39341
39431
38185
39094
38577
37887
37886
39124
38246
38326
39289
39189
38714
38685
38670
38877
39340
38663
39074
38527
38458
38338
38479
37971
38017
38980
37904
39118
38376
38364
38134
38698
39096
38011
39074
39247
39367
38051
38536
39134
38503
37867
38002
39140
39341
39577
38003
39018
38469
39257
38161
38908
38723
38736
38984
37931
39137
39524
37962
38265
39113
39182
38334
37807
37748
38938
37972
38037
39211
39667
37932
38451
38185
38684
38406
38174
38666
38935
39261
37843
37879
39172
38877
39433
38147
38658
38609
39075
38470
39483
38995
39486
39285
39414
38978
37888
38526
38242
39127
37977
38261
38528
37988
38396
39249
38191
38753
38882
38327
39349
38824
38587
39345
39216
39113
38184
38161
38195
38562
38266
38136
39125
38030
37882
39057
39293
39589
38046
39410
38096
38818
38594
38787
39176
39096
39288
39680
38421
38677
39512
38887
38393
37834
38247
39276
39451
39570
39379
38572
38387
38060
38612
37814
39121
39126
38765
38176
38028
38931
38892
38183
38303
38419
39526
39019
39366
39391
38386
38054
38423
39178
38189
39602
39385
38812
38010
37959
38958
39441
39524
38311
37952
37964
39389
38709
38966
39229
39480
38758
39051
39619
38663
37844
37872
38935
38287
38631
38091
38099
39333
39116
39469
38532
38320
38442
39520
38022
38115
38273
38365
38881
39431
39378
38652
39095
38145
38945
38406
38777
39180
38076
38324
39056
37949
37995
39095
38811
38784
38968
38261
38437
38096
39275
39358
39566
37985
37908
38037
39068
37916
37993
38691
38236
37804
38231
37918
38000
38602
38352
38003
39138
38066
38897
38509
37903
37883
38178
39188
39207
38622
38053
38275
38552
38216
38606
39405
38133
38431
39037
38680
39103
38193
39213
39104
39393
39337
38170
39208
39452
38494
39180
38819
38889
37945
37895
38032
38228
38052
39512
38222
38551
38595
38779
38503
38843
39317
39049
39473
38179
38351
39352
38311
39125
39385
39388
38050
38451
38059
37963
38021
37890
38718
38627
37879
38431
37968
39357
39319
39242
38276
37891
39237
39271
39265
38689
38231
38310
38197
38301
38744
39402
37890
37890
38426
38796
39353
39561
39464
39213
38727
39070
38525
39276
38193
38369
39149
39187
39270
38017
38436
39168
38465
37873
38090
37947
39037
38201
38961
39373
38657
38609
38916
38876
39484
38704
38472
38008
38935
38593
39392
38891
39334
38806
37915
37915
39269
39142
38202
38978
38362
38951
38900
38073
39161
38389
37938
39397
39311
39154
39490
38003
38354
38900
37937
38052
39024
39079
38079
39202
39486
37903
38652
39390
39251
38577
39053
39196
37963
38632
39068
38021
38182
39196
39549
38289
39212
37987
38051
39044
39348
37884
38047
38800
37823
37820
38935
38724
38906
38145
37973
37959
38008
38205
38177
38139
37832
37967
39201
38635
39040
38529
37997
38065
38795
38563
38971
37865
38244
37779
37810
38905
37975
38623
39074
38708
38542
37840
39420
38625
38804
37847
37788
37767
38783
38087
38560
37999
38103
38184
38084
37974
38485
38614
39279
39482
38609
38951
38043
38499
38317
38783
38773
39390
38602
38054
37813
38221
38282
38131
37952
38080
38932
38876
39010
38016
38283
39136
38662
38039
39093
39356
38641
38527
37993
38582
37930
38083
38588
39271
38482
38320
38854
37947
38288
38561
38179
38509
38650
39225
38996
38891
37845
38853
38075
38284
38467
39061
39585
39208
38480
38454
38542
39113
38933
38044
37876
38171
37973
39330
39386
39385
39091
37871
37912
39068
38791
38104
38327
38739
37890
37920
38059
39106
37956
39355
39181
38281
38137
38895
38079
38321
38863
39158
38597
37820
37953
38038
39347
37864
37789
37812
37956
37843
38248
38536
38045
39535
39284
39448
38410
38081
38627
38236
38829
38806
38035
39451
39395
39161
39313
37979
38029
38158
38918
38875
38837
39277
39154
38570
38436
38916
38019
39418
39273
39581
38005
39131
39153
38738
38738
38544
39571
38110
38445
39372
39171
38532
38188
38862
38667
38201
38123
38560
38872
38918
38707
39430
38791
39343
38551
37913
39386
39443
38578
37858
39061
39206
39524
38488
37931
38010
38028
38405
38230
39283
38219
38847
39177
37962
38097
38109
38666
38678
39605
37976
38072
39141
37838
38044
39420
39026
38144
37987
38293
38009
38565
38180
39372
39221
38577
38909
39213
39589
37965
38585
38837
39400
37927
39211
39210
39251
38421
38540
38949
39526
39483
39505
38322
38439
38427
39480
37815
38749
37916
38217
38134
38457
39002
39491
39447
38029
38085
39013
38093
39095
37867
37983
38376
38015
38579
38350
38640
39381
39484
39635
39403
38906
38141
39148
39083
39529
38407
38015
38825
37979
37999
37959
38634
38167
37944
38950
37917
38417
39419
38465
37933
39391
39062
38788
38451
38286
38052
37915
39323
39285
39108
39024
37916
38104
38376
38644
39370
39105
39232
38930
38070
38370
39232
39072
38566
39223
37923
38892
38305
38322
38399
38366
39211
38219
39047
38161
38425
38835
37886
38387
37924
38613
39388
39376
37993
37855
37916
38446
38641
39154
38158
38602
38114
38831
38628
38962
39126
39477
38948
39388
38909
38159
39072
38797
38588
38886
39336
38265
37963
38020
38516
38179
38668
38589
38887
37934
39227
38929
39317
37892
37899
38179
37941
39277
38329
39250
37983
38018
39289
38408
38045
38368
38837
39504
38125
38121
37950
38208
39471
38069
38075
38660
39216
39324
39355
37787
38028
38265
38815
39182
39479
39226
39375
38274
39111
38038
38933
38873
37949
39104
38076
38389
38578
39431
38151
38133
38725
37974
37923
38046
38996
37975
38545
38962
37908
39278
38804
38199
38452
38993
38459
38667
38801
37951
39516
39124
39073
39727
38406
38129
38140
39330
39182
38416
38748
39327
39276
38161
39209
38107
39213
39029
38815
39295
38156
37901
39555
38829
38908
38632
38933
37837
38451
38806
38046
37977
37845
38871
39209
39331
39463
37930
38320
38085
38947
38782
38069
37953
37955
38047
37985
39117
38074
37867
38053
38161
37930
38417
38009
38132
39265
38375
38170
39296
39239
39005
38970
39362
38831
37956
38428
38537
39352
39255
38229
37859
38010
38048
37844
38838
38797
38589
38760
38773
38859
39181
37833
39216
37921
39067
39465
39115
39632
38119
39217
38276
39296
38811
39256
38843
39653
39271
38015
38883
39268
39190
39325
37964
37955
39266
38030
38451
38046
38023
38323
37939
37899
39179
37873
38475
37994
38190
38013
39142
38669
38496
38041
38967
39002
38704
39161
38409
37957
39622
37914
38174
37959
38751
39296
39064
38833
37897
38242
37853
39008
39271
38081
39166
38736
38944
38317
38176
37879
37957
39322
38986
38832
37979
38186
37854
38343
37954
38399
38134
39190
38448
39394
39247
39014
39075
38589
39360
38934
39131
37916
37889
39379
39383
38606
37961
38106
39221
37976
39222
39277
39463
38057
39343
38638
39375
38986
38436
39193
38383
38469
39394
38556
39138
39267
39198
38882
38350
38608
38653
38200
39019
39270
38465
39169
38164
38489
39129
38012
39296
39270
38826
38304
39471
38335
39096
39242
37998
38638
38876
39373
38133
38618
37859
38366
39332
38453
37929
39222
38240
37849
38583
38037
38204
39212
38016
39393
38649
39273
39224
39457
39318
37834
39185
39470
39205
38465
39046
38511
38940
37963
38187
39222
39335
39600
37927
38486
39290
37914
39400
39128
39343
38006
38310
39263
39429
39368
38347
38092
38589
37985
39134
37961
38874
39294
38287
38745
38918
37951
37880
38523
39111
38752
38023
38883
38750
39004
38137
37979
39262
38021
39248
39128
39043
38036
39258
38355
39049
38789
38042
38222
37903
38134
39179
38347
38372
38545
38940
38773
38975
38682
39252
38042
38027
39460
38770
38119
38998
38976
38190
38076
38957
38765
37966
38912
38232
38912
39335
38390
38124
38683
38899
38523
39217
38356
38299
39355
39109
38594
39200
39222
39511
37908
39377
39383
39374
39247
38151
38298
39206
37897
38740
37990
38131
38867
38015
38446
39402
38417
38748
38826
37899
38434
37882
39400
37990
38260
39029
38700
38969
39000
37831
38337
38885
38975
39257
37959
39217
38781
38742
38906
39047
38322
38071
38431
38158
38074
38186
39174
38875
38565
39140
39195
38514
38088
37994
37994
38942
39127
37981
37906
38667
38604
38990
38772
37988
38123
37915
37884
38185
39216
39529
39350
38670
39356
39313
38096
38015
38759
39184
39224
38149
38633
38918
38688
39268
39422
38604
39380
38945
37955
38465
38636
38850
38881
39053
39441
39047
37838
39273
38171
38192
39466
38542
38821
37907
38005
38410
38661
39255
39107
39109
38204
37774
37992
38526
38879
39465
39098
38972
38456
38185
39399
38522
38297
37959
38250
38299
39287
38031
39210
38315
39315
38469
37898
38808
38848
38470
38255
38066
39330
39112
38261
38840
38329
39207
39090
38881
38665
38164
39293
37798
38656
38365
39032
38053
39139
38685
38244
38647
38310
37986
38164
38661
38679
39233
39274
39667
39163
39285
38193
38342
38896
37829
37761
38202
38912
38910
39287
38492
38421
39268
39161
39218
38580
38513
38841
39320
39012
38953
39421
38050
38191
38607
38194
38594
38384
38382
38861
37975
38972
39251
39305
39243
39219
38821
38564
37908
38586
39193
38146
39080
38933
38234
38001
39250
38037
38969
39109
38486
39371
38679
38540
39413
38172
38889
38900
38880
38868
38053
37923
38323
37939
38282
38070
38292
38258
39270
38416
38033
39186
39600
39164
38300
38083
39180
38907
38144
38974
39393
38061
38339
38972
39036
39252
38762
38923
38323
38781
38734
38259
38478
38280
38068
37953
38726
39139
39214
39091
39246
38903
39185
39063
38087
38759
38251
39013
39163
39473
39483
38429
37988
37993
39114
37769
38743
39030
38823
38727
39158
38458
39069
38055
37829
38120
38199
37844
37951
39511
38035
38652
38087
39291
38798
38881
39313
39117
39480
39600
37685
39291
39098
38382
38950
39535
39375
37980
39263
38953
39536
37927
38832
38606
38402
38216
38232
37805
38131
38884
39511
39411
37921
38277
37855
37835
39080
39106
39325
38625
38588
38191
38692
38222
37991
38305
38734
39359
39336
39357
38538
38799
39381
38011
39199
38563
39137
38135
38407
37932
38815
38344
38885
38935
39236
39012
39085
38984
38361
37940
37910
38266
39228
39265
38834
39431
38861
38418
38810
39410
38842
38362
39094
39471
38041
38668
38384
37936
39385
39396
38302
38783
38856
38690
38944
39253
39406
39428
39182
39008
39405
38622
39113
39380
38933
38930
38265
39158
39597
38089
39001
37994
38700
39150
38185
38979
38665
39182
38910
39315
39298
38626
39069
38143
39126
38772
38464
38206
37939
38698
37771
38247
38073
39032
38257
38340
37932
37995
39277
39248
38797
38203
38121
39026
37935
38238
38975
38713
38317
38090
38009
37789
38050
38348
37936
39529
38321
38590
39290
38851
39364
38630
38023
38645
38106
38266
38712
38987
38172
38599
39266
39514
39385
39269
39050
38231
38725
39064
39037
38048
37942
38787
38748
38804
39143
39213
39311
37968
38307
39070
37972
38230
39292
39445
38222
38928
39198
38069
38035
38072
38046
38357
38657
38121
38071
38084
38517
38671
38438
38336
38782
37806
39263
39294
39505
37985
38155
38928
38928
37953
39135
38022
37827
38195
39277
38999
39346
37977
38737
38362
38833
38975
38006
38011
39389
38091
37842
38263
39407
39573
38455
38350
39009
38248
38923
38262
37933
38077
38625
39207
37938
38482
38150
38873
38091
39096
38521
39143
38447
38444
39525
38023
37920
39370
38559
38720
39371
38483
39367
37979
38357
39004
39548
39262
38467
37972
38584
39184
39266
39462
38807
39123
38976
37963
38580
39502
38692
37970
37931
39483
38062
38701
39049
37981
38521
39148
39350
39534
38912
38632
38412
38191
38133
38003
38475
38038
38291
37879
39016
38792
38429
39262
39373
39472
39505
38655
39172
38319
37864
37946
38456
38258
39352
38035
38122
39123
38735
39012
39329
37969
37866
37822
39078
38041
39061
39355
39069
39384
38085
38261
39229
38191
38312
38418
39360
39053
38686
38378
38633
38301
39059
38199
38273
38923
39205
39119
38007
39109
37953
38225
38014
38435
38651
39501
39249
39448
38435
38645
39180
39326
39192
38445
39248
39415
38533
38991
38381
37926
39463
38173
38127
38039
38723
37950
39295
39405
38948
38485
38965
38032
37966
38010
37928
38940
38681
38864
38339
39434
38909
38316
39185
38715
38800
39030
38017
37921
38811
39246
38118
37923
39293
39357
39478
39239
39285
37836
39240
38986
39549
37918
38932
38437
37970
38575
38672
38517
38429
38872
38373
38446
37877
39322
38312
37982
38824
38605
37904
38198
38596
39363
39010
38761
37965
37923
38622
38485
37995
38092
38039
38835
39325
37912
38550
38046
38375
37922
39483
38839
38531
38150
38381
38368
39504
39097
39365
39331
39251
39271
38890
37929
37936
39445
38592
37953
38166
39202
39479
39368
39484
38434
38454
38734
37868
37826
38325
38795
37846
38978
38802
38727
39154
39113
38847
39013
38019
39197
39049
38363
37982
37979
38113
38000
38522
39176
38310
38155
38692
39475
39369
38535
38230
37955
38740
38958
38627
38500
38351
38268
37906
39263
39130
39101
38030
38385
38525
38988
38051
37876
39436
38313
38047
38729
38724
39195
38328
37973
39351
39121
38374
38019
39144
39457
38596
38975
39308
38976
37923
39071
39422
38275
39394
38309
37956
38022
38114
37933
38874
39381
37954
38058
37915
38528
38547
38433
39445
38217
39364
38114
38482
39191
38809
38682
39513
38823
38072
39228
39199
38388
38935
37969
38655
39290
38753
39454
39405
38228
38221
39230
37968
38808
39354
39238
39063
39258
39052
38500
38126
38852
38117
38707
38768
39080
39369
39297
38639
38455
37963
38495
38899
38057
38006
38117
38673
38888
38309
38967
38181
37876
38967
38724
38594
37929
38135
38243
38406
38637
38211
38571
37902
39286
38001
38123
38279
38989
38952
38189
38875
37859
37926
37983
37887
37932
37837
38206
39009
38125
39175
37948
39321
39290
39274
39265
38375
38234
37981
39442
38728
37985
38302
39512
38065
37970
39218
38988
39035
38237
38147
38444
38257
38707
39326
38392
38043
39358
38489
38005
39302
39096
39485
38026
39209
38620
39183
38788
38060
38972
39407
39197
39651
39475
38528
38808
39202
39209
38918
38854
37955
37861
38773
39220
38595
38034
39403
38932
39541
38980
39397
38025
39327
39381
38538
38971
39458
39344
39183
38639
37906
38461
38475
37978
38837
38769
37884
39289
38405
39067
39413
39355
39257
38898
39431
38219
38748
37971
38044
37969
37931
38364
38838
38303
39304
39386
39263
38953
38809
38211
37951
38177
38139
38660
37899
38839
37960
38355
39283
39220
38135
39078
38629
37937
37899
39285
38823
39322
38878
39038
39255
37975
38571
38761
38791
38681
39411
38142
38096
39423
39354
39591
38702
38880
38806
38702
39373
38271
37896
37883
38909
38154
38912
38500
39074
38859
39394
38018
39190
39156
38929
38051
38035
38451
38032
39091
39266
38723
39164
38464
38609
38733
39126
39321
39598
38070
37867
38040
38032
38926
38062
38588
39375
39089
39060
37924
38218
38877
38252
39132
39280
38699
38799
38319
38634
38895
37990
38821
39272
39330
38567
39061
39195
38889
37959
38283
38211
38071
37905
38132
38694
38003
38279
38192
38451
38850
38015
39325
38643
39221
37992
38676
39053
39113
39393
39318
38140
37955
38264
39161
38837
39004
38590
39146
38756
38858
39430
39337
39545
38078
38162
37989
38459
38850
39133
38527
37833
39437
39354
38428
38977
39286
39217
38264
39399
39122
38507
38588
39358
38049
39205
38292
37850
38359
39486
39340
38302
38043
39211
39254
37990
37800
37952
38180
38419
37932
39087
38809
39250
39106
39482
38188
39117
38629
37954
39262
39151
38450
38037
39121
39097
38092
37823
38120
39290
38894
38285
38015
39075
38514
38817
38086
39565
38003
38660
38393
38030
39249
38195
38941
39404
39178
38411
38043
38490
38240
39352
39273
39376
39102
37916
37947
38772
39215
38202
37882
38143
37831
38306
38316
37959
39227
39468
39343
38744
38562
37782
38840
39369
39149
38770
39385
38000
38208
38562
38892
38019
39141
39552
39602
37954
37948
38370
38039
38540
38045
37931
38282
37935
38747
39160
39367
39296
39595
38181
38442
39035
39173
38092
38051
39498
39515
39463
39335
38336
38190
39349
39303
39488
38918
38930
38924
39049
39036
39151
38063
38965
39413
38112
37957
39489
37849
38579
38342
38118
39179
39520
38930
37918
38560
39085
39086
38132
38481
37848
37828
37797
37903
39102
38961
38067
39250
37952
37880
38146
38658
39246
38735
38450
37877
38556
39367
38906
39184
39125
38652
38076
37831
38657
38979
39512
38312
39346
39385
38808
38294
39485
38025
39222
39377
39115
39457
38085
38996
39418
39225
38432
38273
39283
39327
39445
39378
38420
38233
39483
38819
39079
38068
37889
38082
37900
37987
39248
38324
38857
37830
38006
37994
39473
38048
39178
38865
38745
38342
37846
38714
39463
38749
38811
39327
38364
38454
38754
39351
38079
38093
38272
38027
39194
38266
38782
38948
38791
39371
38269
39024
39467
39364
37985
39526
39441
39244
39499
38257
37938
39210
38294
39134
38548
38350
38352
38405
38804
38273
38043
38062
38467
39386
38262
37874
39163
38841
37845
37903
39116
38040
39058
38398
38053
38374
38742
37848
39195
38351
38541
39295
37776
38217
38774
38231
39297
38737
38110
39178
38817
39446
38376
38362
39445
38581
38388
38409
39334
38690
39088
39153
39076
39351
38572
37951
37921
38277
38505
38522
39195
38663
38019
38275
38497
37957
38179
39601
37987
37749
37857
38918
38031
38423
38674
39312
39344
39377
39406
38803
37887
39306
39060
39534
38010
38014
39235
38656
38299
39229
38412
38053
39106
38690
38043
37925
37964
38552
38077
37947
38354
38535
39031
38787
38826
39167
39483
38676
38094
39031
39097
38471
37957
38808
39061
38252
39404
38143
38112
39116
39427
39138
39467
37975
39183
39289
38952
37845
38933
37943
38981
39001
38602
38893
38916
38989
37869
38888
39354
38118
39117
38627
39126
39345
38625
37976
38586
38402
38104
37960
38899
37775
38234
38447
37783
38305
38308
38918
39411
38574
38216
38545
37996
38049
37986
39122
39240
38832
39165
39448
37960
38165
39335
39504
39309
39364
38767
38070
39043
38515
38528
37926
39323
38980
39311
39498
37969
38945
38955
39165
37907
39016
38319
37994
38158
38021
38775
39341
38955
38055
37991
39106
39537
39234
39250
39111
39312
39006
38902
38940
38410
38620
39001
38884
38199
38493
38380
39335
39325
38761
39318
38007
37903
39197
39011
38997
38303
38792
38074
38381
38289
38116
39279
38137
39173
38789
38121
38353
39271
38905
38369
37949
37842
37910
37879
38494
38532
38686
38873
38191
38788
38976
39116
38832
38782
39048
37988
38878
39023
39066
39154
38640
38084
38059
38152
39008
39448
39216
39098
38516
38594
38197
37793
38568
38633
38887
38161
37933
38021
38073
39431
39147
38855
38953
38064
39278
39349
37989
38318
39282
39157
37923
38493
37944
37955
38116
39390
38696
38036
37888
37996
37939
38167
38273
38339
37909
39025
39324
39001
39445
38708
38248
38657
38199
38694
39491
38072
39447
39399
38527
38317
38667
38030
38343
39379
38935
38073
39424
39497
39336
38644
38080
39372
39147
39281
39051
38017
37973
39284
37791
37878
38096
39487
38133
38953
37719
38218
39205
39462
39151
39260
38576
37992
38715
38727
39178
37873
38955
37912
38780
38246
38045
38887
38057
37937
37911
38024
38723
38655
38215
38905
39099
38819
38638
37801
37924
37889
38132
38411
38998
38625
37849
37977
38967
39138
38008
38705
38811
39021
37875
38076
38688
39090
38414
39277
39545
38277
38747
39184
38099
38266
38551
38997
38705
38319
39018
38212
38851
38056
38481
37946
39420
38404
37993
38247
39359
38349
39533
39509
38271
38438
39466
39260
39089
38079
38852
38539
38484
38525
38107
38368
39107
38941
39123
38149
38801
38282
39468
38252
39258
39427
39052
39383
38627
37921
39226
39094
38176
38161
38747
38203
39324
39312
38028
39256
38365
38802
38299
38054
38364
38076
38508
38680
38002
38099
39157
38066
39443
39272
38678
38672
38166
39248
38632
38732
39437
39247
39382
38728
38565
37907
38105
39199
38175
38222
39589
38027
37961
38328
38621
37977
38110
38598
39344
38544
39060
38265
38086
38583
37882
38075
37917
39240
38860
38601
39114
38064
39108
38649
37908
39130
38484
39320
39342
38352
38590
39270
39095
39159
39379
39391
39443
39274
38151
39039
39422
38096
37969
38645
38248
38416
38516
39216
38202
39425
39158
38950
38428
38580
38857
38863
39327
38777
39545
37977
39451
38107
38475
39315
38539
38952
38059
39522
38022
38119
38431
38290
38292
38585
39397
39303
38387
38664
38188
38859
38645
38238
39475
39139
38808
38207
39094
38732
38585
38199
39191
39358
38442
39300
38207
38074
37843
38996
39266
38832
38149
39067
39482
38761
38053
37925
39275
38947
37853
37988
39143
38664
38443
38906
38967
39160
37978
37967
38052
38678
38495
37963
38484
37910
38828
38063
38174
39044
38155
38031
38967
39487
38187
38044
39293
39136
38367
39020
39032
38448
38769
39003
39608
38118
38886
39187
38607
38040
38765
38183
38602
38198
38169
38496
38214
38742
39289
39104
39269
39001
38511
38113
38443
38824
37993
38505
38011
38543
38966
38425
37883
38783
38688
38629
38008
37907
37955
38842
38829
38827
37991
38691
39368
38475
37923
39498
39501
39379
39414
38078
39459
39362
39416
38383
38439
37877
37751
37810
39181
39277
39374
38968
37908
39199
38146
38378
39033
39207
38250
37980
37919
38919
37928
37875
38715
38432
37919
39070
38264
39186
39332
39598
38026
38935
39397
37969
38840
39108
39565
38368
38659
38114
38297
39397
38571
37988
37929
38039
38122
38846
37884
39134
38441
37824
39195
39223
39154
39471
39570
38948
38271
37933
37931
37904
39074
37945
39310
38147
39245
38199
38575
37946
38093
37855
37864
38367
39416
37950
39095
39146
39389
39348
39335
38427
38504
38514
39125
39205
38882
38708
38541
38820
39444
39062
38545
39341
38454
38282
39292
37999
37879
39313
38293
38396
38786
38695
39199
38785
39307
37879
37896
38648
38229
38910
38872
38091
38036
38958
39429
38967
38002
39021
39481
38518
39015
38473
38580
39011
39028
39392
39434
38161
38529
38074
38146
37930
39006
39351
38724
38184
39351
39350
38161
38997
38083
38052
38159
39290
39376
38843
39109
39130
38047
37948
37927
38570
39221
39258
39393
38908
38503
38483
38123
39001
37828
38001
37968
39352
39481
39166
38350
38784
38896
38126
38736
38691
38864
38042
39475
38030
38389
39279
38083
39187
38111
38222
38446
39531
37946
39187
39467
38008
38777
39052
38941
38528
38112
39229
39289
38301
38741
39302
38218
38415
38419
38381
38959
39278
37919
38229
38617
38916
39148
38258
39437
38602
38051
38309
39104
39249
38393
39290
38987
38925
38826
39051
39338
38126
38055
38001
38262
38315
38732
38323
38947
38460
38169
39018
39116
38003
38878
39048
39120
39451
39352
39294
39461
39169
37824
37832
39371
39150
38247
39268
39373
37828
37879
39056
39347
39543
38332
39325
39417
39176
38074
39375
39282
39184
38270
37984
39337
38964
38686
38944
39137
38056
39077
39129
37980
39262
38302
38084
38645
39311
39177
39345
37958
38095
39113
38059
39083
38129
38130
39376
38037
39311
38539
39296
38953
39334
39139
38354
38947
38367
39449
38976
39581
38226
37979
39405
39113
38225
38346
38214
38446
38102
39246
38045
37882
38504
39312
38209
38054
38201
38988
38554
38903
38863
39504
38289
38052
38681
38442
39165
38748
38013
37888
39335
38762
38200
38091
38574
38575
39341
38053
39159
38807
38102
38324
38220
38685
39330
37875
38343
37868
37916
38917
38539
39418
39281
39277
39083
38180
38093
39361
39292
38509
38848
38068
39421
38112
38647
39286
38343
38194
37929
37847
38230
38486
38337
39311
39300
39587
38322
38349
38110
38419
38870
39432
38179
38030
39182
38016
38674
39059
38104
38034
37915
37828
38196
38924
38007
39354
38581
39267
38192
37998
38880
37900
38910
39423
37994
38499
38178
38030
37857
38080
38355
38433
37983
39048
38145
38543
38524
38252
39066
38132
38037
39159
38852
38199
37983
38057
38054
38578
38200
38514
39393
39113
39541
38207
37830
38657
38274
39174
38622
38071
39266
38495
38791
38030
39205
38794
39401
39503
39260
39093
39240
39517
38699
38314
37985
38803
37974
38468
38141
39070
38076
39414
38005
38861
38484
39352
39430
38123
39362
39341
38914
38726
38237
38574
38675
38641
39385
39303
39132
38006
37940
37873
38001
37966
39013
37887
38214
38058
38239
39331
39079
39373
38171
39196
39221
38102
39459
39002
38726
38598
39101
38564
39520
38178
38351
38388
38159
39066
38890
38999
38264
39250
39231
38908
38203
39133
38510
38291
39013
37894
37960
39231
39317
38186
38506
38043
39432
38106
39060
38428
39563
38016
38035
38561
39253
39131
39109
38872
37944
39509
38517
38227
38190
39364
39130
39444
39441
38563
39332
38951
39034
38915
38578
37771
38196
38628
38882
38910
39151
39589
39768
38923
38922
39413
37939
38666
38645
39364
38705
37956
38419
38385
39311
38677
39155
38398
37940
38671
38956
38982
39561
38481
39323
39453
39515
38036
38888
39388
39048
39368
38052
38392
39072
38222
38741
37943
37927
38835
38418
39210
38866
38150
37962
38306
39275
39243
38244
39201
39547
39130
39430
39353
38279
39230
39321
38984
38030
38886
39399
39501
38259
38211
39215
37851
37997
38177
38423
38955
38089
38935
39347
38275
38813
38586
38543
38214
38071
38252
37972
38832
38392
38059
39460
38966
39436
38886
38028
39062
38239
38624
39380
39222
38315
38472
38496
39198
38404
39268
38228
38546
39362
37940
38558
38968
37925
38402
38294
39204
39177
39331
38173
38215
39514
38741
38451
39331
38806
37941
39034
38931
38953
38182
38479
38092
37850
39444
38116
39277
39642
38250
38462
37968
38796
39025
39336
38717
39440
39152
39210
38039
38751
38480
38193
38046
38597
38012
39390
39137
38971
39467
39198
38350
38359
38304
37909
38156
39142
37822
39246
38234
38030
39301
37915
38337
38088
37893
38175
39437
39238
38357
38729
38343
38898
39116
39661
39057
39564
39407
39204
38193
38210
38380
39492
37902
38572
37986
39429
39377
38169
38118
39404
39310
38343
37956
39262
39159
39229
38977
38576
39446
39076
38535
38040
39423
38092
38172
39207
37898
38241
39176
37914
39461
38791
39143
39180
39227
37875
38001
39123
38665
39632
38340
39102
38961
39173
39446
38542
37941
39479
38465
37942
38830
38697
38167
39550
38308
37903
38024
39099
39358
38276
38592
39104
39437
38430
38404
38976
38254
39052
38527
37924
37801
39196
38249
38877
39276
39363
39385
37994
38091
39155
39368
39094
38486
37975
39024
39378
38847
39044
38788
38006
38047
37935
38871
38979
38371
38517
38820
38705
39285
39312
39312
38006
38138
38224
39459
39206
38307
39254
38642
39188
38090
39089
38906
37824
37813
38764
38789
39288
38197
37956
38264
37901
37953
37930
38491
39286
39456
39366
39339
38998
38191
38044
38283
38055
38594
38291
38367
38136
38917
38983
39057
38964
38302
38444
38101
38177
38332
39335
38958
39404
38771
39146
38583
38071
38783
38976
39361
38037
38332
38091
38056
38955
39316
38472
38980
39138
39316
38663
37957
38665
38003
38344
38633
39061
38520
37964
39394
38510
38334
38148
38858
38274
39268
39356
38208
38675
39219
38022
38376
38801
38405
39269
38975
37958
38035
38486
39336
39344
38193
38405
38759
37947
37945
38392
37867
37799
38937
37971
38709
38408
37866
39095
39272
38424
39436
38461
38835
37797
38213
37934
38040
37892
39373
39528
37947
39405
39145
39406
37884
39116
38095
39172
39391
39271
38176
38457
39051
39265
39236
39437
38894
37930
38098
38590
39260
39300
38728
39201
37916
38208
38515
39095
37954
38842
38701
38260
37917
38678
39393
39403
38592
38618
37828
38306
38448
39199
38185
39067
39550
39203
37931
37965
37841
38661
37892
38251
38817
39317
39487
39029
39136
39431
38159
38032
38185
39357
38367
38003
38196
38666
39363
39359
39651
39373
39140
39240
38516
38414
38732
38983
38335
38984
38026
38605
39329
39436
38883
39257
39000
37936
39045
39327
38431
38443
38528
39327
39303
38446
39265
39378
39680
38162
38966
39166
39093
38039
37724
37883
39246
39325
39012
38504
39474
38583
39119
39458
39517
37884
38477
37811
38443
39145
38776
38903
39401
38901
38011
38221
38451
39095
38555
38455
39250
39332
39314
39113
39303
38491
38000
38561
39150
37810
38933
38912
38798
38164
38002
39366
39205
39199
38380
38107
37898
38326
37861
38337
39453
39324
37949
39379
38871
39203
38612
38187
39114
39576
37875
39048
38991
37974
37757
39322
38608
38209
38346
39200
38421
38066
39175
38813
38072
39054
39206
38497
38553
38680
37950
37818
38056
37922
38210
38045
38085
38276
39060
39721
37983
38525
38049
37824
38388
39392
38895
38084
37830
39043
38044
38383
38888
38506
38628
37951
37735
38303
38023
39411
38282
38448
37930
37751
38904
39329
38789
39229
37882
37990
38739
38439
39152
38685
39297
39091
39430
38319
37998
39090
39476
39017
39255
39538
38165
39053
39190
38382
39368
39453
38873
39263
39304
38896
38951
38506
38908
38795
38264
38686
38738
38247
38477
37851
39481
39469
39097
39073
38394
39263
39180
39222
39006
38814
38333
39291
38287
38045
38149
39074
37980
38233
37990
38408
38143
38685
38850
39478
39361
39554
38682
38531
39414
38058
38837
38439
38386
39025
38302
37904
39396
38604
39269
37999
37919
37844
37923
38037
39009
38450
38560
37987
37865
38207
37841
38230
39487
37962
39330
38284
38668
37855
39503
38047
39100
39348
38142
38892
38063
39264
39299
38459
38878
39291
38943
38113
38801
38891
37947
38203
38598
38943
37926
38155
39355
38676
38860
38735
37908
38608
39344
38822
38529
38979
39043
38528
39168
38635
39278
38853
37896
39163
38985
38280
38117
39400
39212
38242
38523
39565
38986
38778
39386
38089
38833
37916
38877
39433
38013
37901
39321
37889
38781
39490
38115
38061
39373
39340
39399
38552
38074
38064
38198
38289
39177
38988
39030
39401
39321
38387
38459
38079
38039
38998
39244
37905
38765
39013
39131
38288
38357
38805
38582
38022
39395
37985
38161
38340
37837
38254
39280
38353
39068
38042
37771
39271
39244
38579
39078
39226
38612
38921
38840
38605
39203
39177
39049
39462
39307
39109
38223
38129
39183
39277
39185
37941
38336
39249
38789
39374
39210
38693
39279
37934
39175
38249
37912
39233
38137
38076
38064
39035
39408
37985
37918
38973
39187
39037
38134
38835
39444
39386
39360
39129
38639
37857
38705
38185
39182
38201
39104
39609
37893
38320
39350
39544
38697
39227
38818
38373
38223
39521
38721
39028
38794
38167
39314
39357
37923
38045
39345
38037
39314
39160
38858
39051
37994
38324
38759
38080
39210
38745
37869
39289
38186
37722
38050
39296
37936
39376
38620
39215
38335
37900
38067
39278
38696
38849
39029
39047
38739
39168
37991
38542
38419
38922
37922
37859
39117
38873
38180
38602
39084
37999
39093
38867
37915
39122
37869
37907
39292
39371
39003
39057
38871
39575
38630
39424
37894
39267
37744
38844
38056
37810
38432
39171
39209
39193
38063
38059
38286
38935
39365
39545
38025
38086
38834
38075
39145
38030
38669
39415
39153
38473
39308
39295
38447
38759
37833
37778
38851
39244
39360
37907
39115
38022
39045
39322
39608
39331
38522
38887
39188
37878
39240
38828
38311
39417
38675
38243
38323
38588
38540
37956
39286
38279
38797
37918
38432
38469
39358
39111
39447
37978
37806
37876
37893
38409
39337
38726
38620
37951
38854
39188
38889
39444
39436
39045
38483
38947
38644
39243
38086
38476
38933
37868
39187
38601
39349
39084
37999
39027
38035
38773
38339
39477
37815
38654
38162
38383
38158
39340
38628
37942
38124
38488
38031
38083
39279
39220
38334
37957
38905
39496
39435
39553
39063
38021
37895
37968
37795
39216
37985
39283
39437
39077
38222
38882
39125
38171
37896
38116
38795
39287
38412
39191
37963
37935
38081
38312
38876
39574
39360
39023
38074
38122
38337
38549
38127
38725
39307
38788
38408
38118
38988
39299
37905
38190
37870
39308
37935
38488
39015
39348
38871
39163
37883
38309
39147
38094
38044
37949
39415
38681
39123
39495
38212
38212
39432
39056
38278
39342
39145
39500
38741
39106
39517
39341
39198
38912
39267
37939
38456
38094
37888
37930
38590
37982
38079
39048
37986
39418
39428
39144
39467
38157
38467
37914
38813
39354
39169
39370
38438
39127
37785
39153
38911
38993
39281
38913
38299
38408
37989
39400
37853
38470
39395
38313
37957
38640
38330
39421
39257
37858
38721
39309
39283
38955
38598
38159
38344
38188
38176
37995
39339
38448
37925
38443
38699
39481
38971
38796
37931
38027
38005
39145
39087
38625
38981
38960
38789
39069
38289
39080
38624
38143
38220
37976
37843
38050
38062
39121
37937
38050
38703
39496
39093
38645
38045
38495
38021
38336
38187
38069
37834
37883
38597
39101
38431
37954
39088
38093
38275
37992
37907
38602
38020
38562
38707
39175
39291
39052
39193
38018
39443
39007
38551
38616
39382
39353
38817
38145
37924
37897
37978
38707
38805
38799
39317
39049
38734
37903
38774
37849
38507
39120
39191
38027
38026
39369
38103
39164
39581
38141
38760
38880
37716
38652
37892
37915
39137
38031
39153
39400
38983
39210
38034
38132
39201
38064
38868
38981
38946
37943
38862
39061
39431
39526
38268
37889
39356
39348
38492
38332
37881
38499
38968
39349
38715
38279
38489
38485
39172
37857
37936
39032
38675
38351
39442
39506
39092
38483
39296
38777
38131
37930
38150
37932
39238
39098
39262
39052
39279
38489
38668
38405
38100
38319
38636
39411
39396
38607
38354
38083
39236
38308
39248
39623
39353
38944
37913
37989
39322
39166
38964
38779
39209
38319
38175
37910
38150
39106
39587
37978
39126
39016
39125
38247
38923
37923
39248
38479
39337
39284
38712
38217
38056
39177
38907
39216
38314
38199
37747
38059
38952
39141
39526
39134
39081
39131
38183
38680
39291
39421
38522
38570
39432
39391
39340
38603
38232
38156
39204
38871
37862
39071
38702
38125
38173
38115
38403
39326
38255
38900
39276
38040
38016
39240
38788
37983
37903
39251
39273
38148
38547
39086
38962
38695
38064
37868
38542
38429
39089
39376
39315
39247
38434
38001
39454
38271
39087
37813
37946
37865
38726
38779
38230
38774
38557
38318
39303
39200
37980
38493
39368
39146
38716
38827
38049
39270
38860
37871
39473
39055
39396
38051
39322
39213
39482
38024
38820
39087
38725
38477
38083
39061
38603
38194
38998
38012
39048
38844
37837
38173
38087
38510
39179
38828
38096
38847
37856
39060
38671
38862
38246
38208
38465
38902
38180
38987
39270
37823
37889
39087
39032
39417
38493
38472
38649
39504
37997
38270
38089
37863
38756
37775
38887
38385
39226
37762
39489
39040
38948
38348
38045
39523
38300
37978
38460
38293
38571
38030
38880
38556
38507
39356
38943
38322
38403
38405
38929
38167
38454
38228
37924
38803
39126
39577
39304
39263
38732
37894
39044
38955
37958
38311
39350
37803
38633
38914
38880
39388
38889
39459
38411
39269
38228
38159
39276
39111
38081
38375
38662
38295
38843
38428
38070
38209
39430
38167
38844
38073
38633
38774
38635
38133
38125
38840
39418
38800
38896
39050
39236
38997
38199
38862
39202
39452
38877
38069
38752
38407
38941
38787
38071
38000
38011
38759
38921
39252
39292
39271
39631
38085
38856
39005
38496
38197
37814
38498
39356
39367
39223
38459
38616
38260
38424
39443
38103
38125
39279
38849
39330
39137
39384
37911
38195
38988
39268
39152
38691
38567
38431
38682
38238
38009
38010
38493
39313
38848
37912
38006
39280
38206
39209
39112
38649
37923
37936
39062
38142
39320
37895
38077
38920
38701
39224
39296
37757
37929
37975
37824
37843
38290
37963
37938
38873
39311
38547
37847
38221
37968
37885
38276
39058
39240
39414
38268
37853
38776
37865
38700
38005
37930
37868
38611
39361
39120
38386
39114
38084
39323
39018
38927
38288
37824
37961
38709
39295
39131
38510
38150
37927
39335
38237
37843
39226
38771
37950
37975
37975
37867
38110
39153
39435
38230
38384
39003
38530
38944
38247
37886
38514
37951
39312
38655
37990
39450
39119
39422
39027
39072
39229
38184
37944
38092
37864
39303
38273
37893
38036
38156
38696
38823
38090
38056
38502
39268
38428
38280
39006
39599
39010
37806
38007
38979
38836
38232
39241
38933
38185
38829
38959
39216
37915
39360
38989
38116
38464
39371
38706
38980
39281
38936
38168
38628
39096
37838
38004
37912
39301
39491
39075
38675
38996
37937
38116
38150
37980
37940
39376
38017
39167
38584
38361
38215
37865
38742
38039
38794
38160
39395
37790
39160
39407
37911
38118
39285
38280
37999
37811
38070
39128
38022
39020
39023
38984
39507
38939
39272
38059
37937
38164
38792
39459
38124
39015
38901
38890
39021
38535
38362
39309
39071
38722
39075
39331
37882
39519
39222
38303
38047
38288
38978
39101
39106
39175
38171
39353
39119
39149
38266
38134
38454
39289
39529
39348
37980
39407
38466
38662
38104
38468
38436
38856
38122
38881
38577
37825
38676
38321
38026
38064
38402
37921
38031
38210
39361
39153
39566
37989
37808
37931
39367
38643
38167
39047
38049
38776
39348
38686
38697
39320
38091
37971
39008
38856
38174
38906
38178
39319
38624
38111
37895
37941
38780
37774
37913
38380
37817
39115
39628
38099
39072
38015
39231
39284
39146
39476
38708
38364
38686
39347
39262
37951
39212
37987
39125
38452
39156
39218
39448
38172
38895
39525
38222
39492
37820
39426
39479
37953
38324
39457
38186
39262
39210
38728
38563
39461
38217
38183
37956
39017
38249
39046
38990
38818
37916
37947
39584
38229
38446
39558
39201
39458
37963
39080
38536
38032
37981
38139
39215
39411
39165
39015
37887
39431
38650
38254
39064
37934
38024
39435
38180
38063
38131
38349
38715
39134
38527
38463
38158
39492
39333
38166
39040
37919
39111
38117
37814
38585
38071
38188
37919
39017
38621
37916
39240
38182
38924
39015
39307
39273
38127
39078
39358
39355
38360
37754
38556
38683
37859
38779
38210
38155
38426
39298
38236
38396
37996
38204
39072
39477
38018
38077
37993
38091
37937
38909
39438
39529
39257
38078
38871
39026
39033
38597
38745
37996
38742
38011
37887
39206
39112
37914
39207
37903
38211
38795
39167
39052
38075
38488
38395
38394
39116
38065
38701
38750
38895
37933
38202
37937
37917
38967
38470
39401
38785
39018
38023
38474
38178
37949
37845
37756
39100
38841
39460
37966
37939
39385
39092
39073
38399
38113
37874
38557
38639
39322
38706
38378
38829
39405
39310
38046
37815
37785
38149
39299
38911
39572
38354
38251
38527
38993
37832
38607
39385
39343
37960
37836
39228
39217
38245
38054
37891
37997
37927
37748
37744
37917
38063
38441
39281
37968
38239
38439
38677
38220
39257
38552
37937
38330
39304
38259
37955
38602
37877
38128
39040
39317
38329
38031
38659
38252
38965
37937
38677
39162
39304
38740
38126
38808
39403
38424
38411
38565
38657
38467
38828
38243
38703
39291
39310
38573
38828
39010
37849
39294
38637
38121
39321
39283
38390
38853
38522
39163
39169
39236
38252
37857
39157
37771
38020
38043
38025
38051
39206
38486
39148
39334
37999
38891
39107
38074
38258
39369
37897
37911
38123
37833
38565
38231
39132
39187
39084
39194
38954
39751
37957
37849
37989
39342
39165
38294
39163
39259
38204
38223
39421
37920
39471
39220
38663
37859
39399
37963
38302
38104
38975
38758
38490
39562
39222
39344
39017
38001
38412
39186
38459
38002
37971
39262
38464
38379
38742
39015
38684
39005
39042
37868
39262
39406
37818
38299
37998
38876
38113
38956
38457
38538
38519
37822
38469
38268
39340
39461
38723
39453
38971
39240
39440
39479
38133
39421
39517
39558
38001
37961
39248
38070
38032
39399
39230
39002
39344
38611
39140
38272
38291
39385
39176
38744
38396
39092
39324
38504
38197
38768
38637
38290
39345
39544
37858
38696
39306
39017
38062
38366
37772
38399
38428
38330
37861
38096
39342
38290
38421
38042
38021
39058
37942
39100
37946
37939
38258
39190
39354
39200
38854
39263
38492
38204
38129
38941
39397
38119
37908
38577
38241
39306
39480
38449
39138
39483
38914
39267
39272
38206
38387
37877
39389
38099
38164
38191
38033
38657
39156
38399
38053
38046
38046
38021
38236
38626
38128
37879
38556
37920
38271
37919
38840
38244
38865
38303
38256
38809
38100
39327
38825
39356
38179
39089
37860
39281
39677
39455
38675
39366
38117
37832
37908
38826
39119
39072
39350
38273
37832
39406
39144
39363
38354
38613
38886
38555
38705
37880
37926
38146
38827
38634
38968
39254
38303
38200
38833
39162
38229
37943
38687
37968
39513
38135
38243
38530
37877
38456
38663
38891
38277
39291
39329
39183
39059
38034
38160
39062
38310
37847
38368
37934
38859
39358
38438
38929
38611
39376
37799
38305
38627
38700
39308
39241
39389
39493
38138
38089
39198
38941
37907
37982
38927
39553
38244
38652
38991
38133
38215
38031
38331
38485
38814
39457
38829
39462
38696
38408
38806
38296
38025
38995
39180
39314
38983
39357
38931
38564
38991
39354
38834
38988
38909
38403
38516
38073
38647
38041
38968
38117
39295
39032
39582
37946
37783
38162
38154
38473
37837
38119
38042
37955
37987
39184
39170
38178
39081
38782
39363
39558
38545
38743
38870
39238
38339
38044
39332
38881
39611
38037
37998
37877
38880
39409
38141
38665
38413
39488
39152
39436
39072
39152
38738
39381
38304
38387
39306
37802
38210
38850
38042
38774
38996
39336
39237
38069
38108
39097
39020
37889
39332
38267
38956
38945
37872
38003
38849
38107
38654
37979
39063
39325
38102
39039
39347
39624
39252
37944
39312
39178
38980
37940
38841
39303
39485
38115
38042
38324
38622
39613
38691
38741
38094
38306
38108
39012
38318
39145
38315
37990
37997
37892
38737
38633
38166
39113
38123
39063
38935
39428
39091
37969
38698
38204
38006
38105
38025
38906
39358
38728
38218
39182
39035
39165
39290
38406
39249
38393
39440
38686
37925
38678
39217
39356
39682
38384
38355
37922
38189
38059
37889
39304
38112
38284
38074
38143
38206
39172
39563
38151
37773
37823
39241
39385
38483
37962
39386
39129
38806
38235
39330
38906
38387
38023
38036
39539
38119
38401
37944
38312
38169
39370
39289
39320
38057
38044
37939
38372
37989
39012
38748
38271
39441
38524
38287
37914
38140
37970
39345
37914
39221
38410
38484
38076
38273
39270
39350
38757
38272
37880
37915
38558
37929
38409
39270
39189
38528
38848
38161
38491
37931
39141
39303
38853
39055
39397
38695
39228
38075
37980
38627
38344
38948
39087
38917
38887
37989
38611
39342
37871
37915
38933
39351
38153
39166
38134
39479
37927
39223
39514
39581
38124
38099
39045
37901
38067
37856
38144
38895
39418
38325
38586
38361
39484
38226
38127
38048
37994
37818
38000
38136
39141
38725
38213
38556
38378
38948
39171
38394
38219
38736
39385
39185
39053
39124
38004
39257
39211
38758
38147
37912
37885
37876
37907
38770
38814
39388
37849
39344
39266
37922
38329
38311
39377
38387
37995
38743
38914
38907
37976
38484
38455
38592
38059
37957
38087
39189
39440
39148
38170
39533
38452
38808
38482
39205
39186
39123
38452
39269
38343
38818
39288
38132
38509
39193
38259
38445
38325
38776
38812
38419
38770
38862
38022
38953
38816
39383
37923
38731
39307
37966
38388
39162
39130
38465
38537
38400
39162
38161
39510
38361
38264
38449
38668
38847
39367
38560
38634
38363
38223
38802
38035
39138
39455
38853
38219
38900
39549
37878
38430
39101
39035
38980
38061
38980
39285
39391
38972
37963
38352
38439
39205
39381
39091
38235
38143
38581
37997
38382
37975
38152
37932
37817
39284
37802
37972
38707
38858
39091
39035
38509
38938
38055
39462
38269
37968
38238
38946
39523
37910
38020
39107
38913
38469
38625
39369
39166
39660
38124
38524
38674
39246
38803
38702
39149
37916
37776
38132
38185
39172
38996
37985
38164
38117
38902
37976
37887
37910
39338
39256
39621
38267
37973
39198
38051
39261
39451
38023
38911
38482
38582
38236
37859
38225
39341
39034
39507
39519
39335
38487
37966
38888
38142
38514
38973
39151
39510
39341
38107
38037
39359
38329
39128
38472
39105
39088
39301
37891
37959
39197
39286
39345
39409
38912
38810
38724
39049
37864
37941
37825
38690
39198
38241
39444
38280
39136
39013
38029
37927
39075
39387
39351
39589
39096
37924
38091
38409
38579
39328
38223
39374
38230
39023
39517
37980
38447
38555
38552
37975
38466
38351
38214
38905
39315
37956
38590
38609
39201
39392
38298
38193
38917
39291
39371
38051
39172
38946
39236
38925
39197
39525
39415
39314
38475
38825
38138
38254
38203
37849
38794
39183
39163
38756
38099
39128
39227
39562
37978
38046
39380
39370
38014
38197
38065
38059
38103
38826
38894
39045
39363
37933
38181
38241
39054
38507
37874
37913
38379
38009
39504
38053
37954
38300
38230
38760
37781
38756
39123
39412
38370
39539
39037
39290
39446
39328
39231
38743
38899
37896
39243
38910
38188
38984
38023
38963
39027
38205
38276
37909
38973
39431
38002
37871
38026
38983
39434
38901
39033
38036
38738
38663
38503
38835
38091
39322
39216
38478
38542
39120
38267
38309
37891
38383
38956
39226
38090
37898
38040
39309
38532
39316
39065
38861
38339
38329
38714
38353
39347
38718
37954
37949
37787
38473
39064
39290
38690
38004
37948
37938
37984
38592
39290
38093
39164
39428
39206
37856
38056
38709
37934
37941
37919
38425
38421
38732
39196
38721
38919
39065
39277
39384
39053
37991
38159
38242
38018
38666
38953
39382
38106
38823
39169
37824
38731
38038
38427
38474
38055
38360
38960
39536
38010
38866
39053
38686
38937
38813
39448
39281
38682
39252
38378
38266
38553
39405
38832
39374
39012
38308
38695
38066
39262
39433
38083
37911
39202
39310
38463
38347
39013
38119
39093
38542
38303
37836
38543
38575
38895
38066
38784
39381
37915
39213
38440
38760
39424
39265
38227
38384
39065
38631
38587
38306
38561
39190
38839
39145
38864
38367
37953
38097
39175
39008
37834
38706
38765
37980
38078
38656
39349
38411
38364
37956
37822
38315
38074
38079
38703
38870
39332
39303
38167
38474
39097
37977
37955
38065
38284
37852
38179
37975
39368
38040
38285
39193
38611
39270
38108
38231
38960
39240
38113
37909
38068
39232
38397
38264
39409
39019
39252
38607
38504
39410
39119
39239
38369
39364
37938
39385
39304
39024
39662
38157
39187
38350
38971
38979
38948
38561
37881
38051
38992
39358
38091
39285
32640
32640
32640
32640
32640
32640
32640
32640
32640
32640
32640
32640
32640
32640
32640
32640
32640
32640
32640
32640
32640
32640
32640
32640
32640
