9910
35949
35758
35938
35787
35837
35936
35813
35844
35971
35829
35903
35993
35873
35855
35853
35760
35901
35934
35787
35834
35829
35928
35894
35955
35914
35890
35894
35863
35813
35907
35883
35919
35908
35970
35948
35820
35919
35953
35892
35891
35882
35851
35873
35903
35948
35769
35892
35903
35968
35888
35936
35893
35960
35952
35955
35985
35883
35904
35870
35831
35841
35912
35944
35911
35885
35902
35856
35959
35915
35915
35941
35844
35964
35814
35919
35967
35960
35862
35866
35886
35879
35943
35962
35958
35887
35972
35948
35893
35912
35982
35842
35938
35901
35907
35883
35918
35804
35911
35894
35844
35967
35893
35849
35841
35891
35869
35990
35911
35916
35820
35986
35874
35877
35968
35907
35905
35801
35802
35876
35870
35937
35920
35862
35823
35952
35956
35890
35965
35983
35894
35974
35980
35920
35823
35887
35972
35935
35895
35906
35936
35904
35899
35932
35820
35900
35960
35865
35896
35905
35879
35925
35845
35879
35765
35836
35917
35836
35931
35973
35827
35934
35845
35967
35906
35983
35913
35889
35919
35946
35940
35915
35849
35914
35956
35887
35919
35932
35893
35891
35893
35829
35868
35878
35915
35924
35911
35921
35910
35888
35903
35877
35846
35885
35903
35897
35898
35920
35847
35861
35870
35850
35976
35902
35903
35849
35905
35929
35983
35899
35918
35907
35951
35854
35903
35855
35875
35916
35869
35906
35813
35810
35882
35919
35947
35909
35884
35911
35952
35817
35947
35898
35981
35842
36028
35956
35875
35850
35890
35887
35954
35907
35915
35874
35864
35802
35852
35852
35921
35941
35882
35876
35885
35887
35934
35901
35934
35876
35963
35875
35901
35851
35876
35811
35784
35953
35858
35838
35940
35894
35926
35871
35850
35907
35880
35859
35969
35927
35949
35884
35936
35988
35932
35891
35927
35884
35851
35806
35900
35897
35895
35893
35901
35890
35938
35908
35884
35901
35874
35894
35851
35851
35906
35880
35853
35883
35811
35815
35901
35794
35889
35887
35883
35861
35912
35850
35891
35780
35951
35932
35842
35886
35880
35848
35889
35852
35895
35965
35993
35917
35935
35921
35896
35918
35901
35821
35902
35869
35877
35842
35917
35862
35928
35951
35998
35990
36004
35958
35917
35940
35915
35905
35853
35883
35857
35786
35896
35921
35941
35961
35927
35955
35972
35964
35933
35897
35895
35892
35888
35895
35884
35888
35725
35808
35808
35914
35885
35945
35901
35864
35899
35908
35871
35873
35881
35820
35930
35952
35934
35956
35922
35913
35852
35861
35858
35860
35748
35964
35957
35957
35880
35891
35911
35910
35945
35936
35896
35879
35954
35917
35903
35903
35890
35921
35915
35906
35911
35920
35929
35949
35920
35873
35864
35857
35873
35909
35885
35860
35842
35939
35915
35965
35882
35880
35874
35899
35932
35927
35914
35886
35869
35876
35893
35903
35898
35862
35887
35884
35937
35883
35947
35898
35908
35919
35899
35949
35939
35951
35913
35950
35956
35928
35934
35913
35920
35959
35957
35918
35938
35873
35883
35923
35926
35921
35958
35928
35895
35920
35857
35912
35940
35915
35936
35899
35958
35938
35923
35890
35857
35925
35894
35907
35906
35929
35946
35908
35932
35940
35916
35860
35923
35853
35891
35917
35919
35914
35903
35922
35910
35907
35953
35918
35924
35962
35978
35900
35955
35932
35948
35944
35936
35956
35947
35894
35963
35868
35936
35977
35942
35931
35935
35936
35896
35927
35943
35919
35923
35898
35877
35919
35957
35931
35924
35896
35897
35962
35922
35878
35895
35904
35887
35942
35946
35951
35947
35896
35929
35944
35956
35988
35942
35923
35955
35943
35877
35909
35885
35949
35923
35916
35899
35926
35944
35904
35956
35961
35967
35937
35935
35972
35940
35970
35932
35934
35928
35947
35914
35907
35913
35900
35935
35925
35946
35921
35927
35873
35895
35923
35904
35927
35896
35937
35938
35938
35939
35888
35950
35942
35977
35957
35958
35951
35937
35966
35948
35926
35916
35923
35911
36003
35963
35929
35953
35968
35874
35911
35903
35942
35892
35954
35965
35918
35978
35985
35982
35956
36001
35957
36010
35998
35946
35916
35929
35969
35936
35944
35953
35958
35942
35958
35922
35914
35905
35880
35899
35912
35960
35912
35974
35929
35949
35944
35956
35993
35932
35957
35936
35999
35927
35940
35948
35967
35940
35961
35956
35944
35964
35961
35948
35973
35992
35950
35923
35956
35960
35941
35929
35891
35968
35948
35891
35899
35964
35909
35932
35961
35969
35939
35994
35958
35918
35970
35911
35967
35967
35967
36001
35937
35969
35955
35930
35949
35954
35949
35928
35922
35956
35992
35971
35976
35941
35952
35951
35921
35927
35906
35962
35989
35978
35966
35941
35973
35946
35977
35968
35971
35956
35944
35972
35950
35904
35910
35986
35944
35936
35912
35948
35959
35976
35970
35928
35965
35962
35926
35908
35972
35978
35955
36007
35995
35976
36011
35948
35957
35945
35974
35978
35986
35926
35990
35962
35978
35972
35953
36000
35941
35952
35925
36001
35949
35950
35952
35992
35993
35963
35940
35915
35980
35988
35958
35963
35935
35942
36004
35960
35951
35970
35939
35949
35993
35965
35972
35950
35931
35949
35984
35949
35931
35994
35942
35977
35991
35912
35982
35983
36052
35968
35963
36004
36003
35957
35999
35906
35938
35939
35975
35912
35929
35922
35945
35904
35983
35951
35964
35959
36016
35952
35956
35967
35938
35968
35964
35960
36011
35992
35929
35983
35964
35947
35952
35971
35996
35980
35965
35919
35939
35948
35940
35887
35964
36003
35962
36023
36000
35977
35972
35948
35977
35960
35971
35970
35936
35956
35899
35968
35985
35981
35978
35980
35956
35951
35985
35974
35967
35961
36009
35975
35970
35971
35968
35970
35967
35989
35837
35857
35831
36003
35830
35873
35841
35929
35941
35832
35873
35912
35921
35959
35973
35993
35960
35983
35943
35936
35955
35962
35989
35991
35952
36000
35989
35944
35953
36018
35979
35997
35984
35939
35916
35946
35960
35954
35944
35938
35981
35910
35956
35932
35965
35975
35981
35970
36028
35980
35982
35967
35979
36005
35978
35938
36021
35974
35964
35946
35987
36033
35944
35972
35948
35938
35936
35989
35974
36021
35924
36018
36023
35944
36018
35887
35919
35960
35961
35909
36046
35930
35927
35892
35964
35895
35940
35935
35914
35907
35931
35988
35994
35973
35947
35984
35961
35875
35951
35981
35966
36010
35993
35992
35965
35968
35913
35919
35904
35878
35914
35974
35919
35983
35890
35902
35953
35887
35935
35955
36015
35991
35949
35986
35909
35892
35847
35944
35900
35941
36039
35976
35987
35911
36007
36033
35922
35893
35920
35924
35934
35932
35927
35900
35935
35961
35999
35873
35912
35995
35972
36005
35948
35965
35995
35990
36028
35967
36033
35993
35920
35989
35948
35845
35923
35938
35977
36030
36013
35957
36025
35955
35944
35997
36022
36021
35992
35975
35906
35925
35924
35983
35959
35979
35969
35927
35901
35956
35975
35972
35916
35919
35938
35917
35915
35910
35938
35943
35970
35985
35969
35936
35957
35891
35888
35966
35913
35967
35915
35956
35933
35985
35878
35916
35930
35974
35948
35911
35981
35857
35945
35970
35975
35977
35983
35904
35951
35912
35903
35960
35917
35852
35922
35959
35948
35913
35955
35997
36018
35943
35976
35970
35954
35955
35950
36005
35958
35937
35929
35887
36035
35844
35827
35963
35961
35906
35927
35941
35883
35932
35991
35980
36020
35928
35930
35991
35952
35919
35916
36028
35976
36008
35963
35865
35945
35892
35904
35972
35945
35961
35987
35941
35960
35927
35923
35958
35918
35902
35900
35876
35932
35954
35918
35897
35861
35923
35960
35964
35955
35956
35930
35912
35972
35905
35878
35932
35959
35912
35904
35960
35878
35947
35976
36011
35987
35963
35934
35866
35928
35847
35788
35971
35880
35867
35902
35951
35903
35936
35959
35943
35968
35909
35952
36001
35952
35944
35938
35974
36046
35943
35977
35904
35965
35940
35930
35928
35786
35849
35935
35874
35897
35900
35898
35916
35908
36006
35986
35995
35925
35884
35879
35972
35934
35897
35837
35930
35891
35940
35916
35941
35979
35898
35932
36060
35910
35956
35972
35950
35988
35930
35994
35891
35888
36010
35983
35952
35858
35937
35968
35987
35971
35920
35956
36031
35881
35896
35930
35855
35978
35984
35886
35817
35950
36027
35980
35942
35963
35982
35965
35999
35945
35917
35861
35950
35829
35902
35964
35964
35960
36017
35909
35883
35928
35944
35993
35972
35903
35885
35965
35890
35878
35991
35908
35908
35915
35810
35939
35932
35891
35927
35948
35951
35981
35958
35895
35859
35914
35900
35944
35875
35874
35905
35931
35848
35892
35992
35997
35920
35921
35945
35947
35953
35882
35991
35992
35980
35910
35900
35957
35945
35924
35956
35982
35977
35976
35930
35904
35921
35970
35945
35923
35903
36019
35903
35929
35972
35967
35901
35965
35988
35975
35936
35920
35891
35898
35958
36007
35965
35943
35966
35854
35875
35916
35940
35988
35962
35976
35920
35852
35934
35918
35994
35914
35944
35871
36029
35935
35964
35916
35878
35886
35856
35920
35950
35940
35952
35911
35923
35968
35998
35946
35934
35877
35878
35864
36009
36003
35882
35893
35953
35926
35935
35991
35948
35947
35905
35995
35966
35911
35854
35946
35975
35903
35959
35933
35909
35939
35960
35882
35905
35905
35907
35926
35901
35915
35944
35946
35913
35875
35842
35804
35969
35918
35924
35885
35960
35969
35937
35972
35919
35902
35919
35987
36021
35987
35956
35938
35915
35905
35973
35975
35984
35960
35900
35985
35998
35991
36032
35998
35924
35926
35983
36025
35918
35940
35875
35852
35890
35943
35860
35899
35977
35992
35874
35970
35953
35955
35840
35923
35920
35889
35954
35983
35931
35990
36028
35841
35907
35965
35984
35930
35900
35964
35963
35957
35951
35924
35879
35936
35987
35906
35905
35936
35981
35979
35899
35969
36002
35985
35948
35898
35917
35931
35941
35968
35984
35948
35904
35912
35886
35925
35987
35934
35881
35868
35975
35899
35942
35916
35935
35919
35905
35945
35967
35956
35893
35950
35900
35968
35927
35947
35927
35975
36019
35984
35955
35959
35927
35983
35997
35972
35898
35947
35943
35872
35827
35947
35999
35995
35960
35966
35897
35987
35966
35958
35931
35937
35929
35958
35959
35968
35944
35979
35925
35951
35971
35975
35964
35911
35864
35882
35904
35865
35845
36004
35994
35945
35979
35861
35918
35878
35963
35953
36001
35934
35963
35933
35874
35892
35820
35896
35923
35987
35944
35905
35914
35800
35897
35884
35943
35926
35951
35876
35911
35972
35913
35993
35907
35911
35866
35922
35947
35933
35951
35961
35913
35901
36000
35987
35986
36020
35914
35961
35987
35933
35969
35843
35939
35955
35920
35934
35954
35896
35918
35969
35947
35943
35915
35951
35920
35968
35908
35921
35947
35916
35932
35868
35907
35965
35948
35885
35977
36004
35980
35900
35878
35903
35950
35822
35892
35939
35971
35889
35930
35804
35872
35890
35934
35901
35925
35926
35971
35962
35907
35937
36015
36001
36000
35985
35931
35947
35971
35990
35957
35965
35983
35993
35958
35929
35961
35869
35954
35990
35932
35958
35982
35895
35856
35992
35945
35955
35960
35913
35966
35902
35913
35809
35936
35883
35903
35977
35939
35928
35947
35994
35950
35936
35966
35855
35936
35860
36006
35984
35934
35983
35841
35933
35956
35811
35946
35976
35895
35966
35978
36001
35963
35954
35850
35996
35927
35854
35871
35966
35924
35841
35876
35894
35932
35962
35896
36004
35915
35953
36015
35902
35892
35960
35985
35968
35947
35983
35979
35987
35910
35976
35993
35886
35957
35985
35941
35955
35947
35810
35922
35841
35868
35953
35969
35886
35887
35909
36034
35938
35926
35878
35900
35938
35899
35920
35882
35982
35956
35924
35881
35982
35955
35971
35978
35803
35943
35867
35887
35917
35929
35921
35977
35988
35941
35944
35934
35943
35995
36039
35918
36003
35876
35893
35901
35956
35939
35927
35877
35910
35969
35963
35953
35990
35919
35979
36001
35995
35920
35896
35923
36010
35916
35991
35971
35899
35955
35882
35922
35958
35914
35924
35944
35892
35866
35961
35920
35934
35948
35926
35904
35948
35962
35941
35915
35946
35966
35962
35902
35970
35979
35932
35901
35906
35898
35976
36006
35980
35978
35915
35893
35917
35900
35980
35969
35896
35922
35909
35917
35919
35984
36021
35980
35938
35965
35881
35902
35975
35961
35859
35880
35942
36005
35955
35884
35968
35999
35920
35939
36031
35989
35976
35935
35860
35914
35896
35955
35914
35978
35945
35923
35920
35932
36020
35907
35961
35905
35810
36001
35964
35913
35887
35935
35936
35969
35965
35960
35937
35883
35973
35887
35841
35960
35850
35911
35873
35919
35930
35886
35914
35944
35942
35935
35942
35896
35975
35985
35926
35858
35974
35987
35929
35924
35971
35980
35926
35943
35890
35958
35978
35932
35934
35910
35968
35891
35894
35942
35914
35989
35971
35958
35921
35892
36032
35908
35926
35974
35874
35854
36001
35860
35895
35887
35964
35899
35854
35936
35986
35933
36011
35996
35933
35903
35894
36001
35884
35934
35855
35959
35933
36007
35970
35911
35883
35924
35957
35936
35974
35908
35916
35956
35995
35982
35849
35930
35901
35884
35864
36008
35920
35965
35995
35950
35917
35908
35879
35984
35921
35994
35994
35943
35897
35915
35971
35977
36007
35998
35998
35967
35792
35871
35870
35937
35960
36001
35948
35896
35925
35936
35938
35888
35956
35973
35988
35971
35985
35918
35977
35858
35962
35976
35986
35951
35829
35923
35926
35909
35971
35901
35918
35944
35923
36016
35857
35896
35878
35987
35902
35953
35872
35986
35876
35883
35851
35866
35946
35936
36011
35961
35887
35874
35931
35873
35958
35941
35979
35852
35934
35963
35903
35895
35909
35914
35958
35952
35927
35993
35857
35838
35969
36005
35930
35927
35987
35923
35933
35882
35920
35945
35942
35910
35862
35845
35960
35926
35893
35973
35942
35943
35917
35903
35988
35907
35917
35989
35928
35974
35956
35985
35903
35955
35927
36015
35969
35981
35989
35953
35904
35990
35944
35924
35995
35907
35926
35842
35960
35885
35872
35851
35959
35834
35925
35900
35924
35981
35956
35941
35914
35898
35939
35959
35948
35969
35868
35967
35989
35906
35874
35945
35893
35936
35989
35963
35955
35845
35988
35908
35908
35956
35864
35887
35948
35893
35966
35971
35937
35946
35853
36004
36003
35863
35927
35930
35913
35967
35936
36003
35939
35921
35875
35865
35890
35877
35807
35911
35971
35943
35931
35838
35964
35969
35959
35990
35895
35973
35964
35982
35903
35964
35998
35908
35809
35925
35905
35934
35969
36010
35902
35914
35945
35984
35967
35947
35877
35954
35968
35902
35908
35968
35932
35976
35910
35921
35897
35982
35824
35913
35895
35880
35990
35932
35919
35836
35887
35938
35973
35976
35942
35821
35978
35921
35914
35987
35955
35896
35944
35847
35914
35936
35969
35959
35955
35867
35911
35967
35973
35929
35964
35972
35958
35943
35902
35971
35913
35950
35980
35967
35907
35933
35913
35936
35936
35878
35896
35824
35946
35933
35977
35987
35955
35900
35901
35934
35966
35887
35802
35916
35934
35879
35981
35953
35871
35801
35897
35780
35968
35990
35916
35910
35911
35856
36008
35839
35815
35979
35947
35908
35816
35918
35808
35965
35925
35974
35924
35927
35951
35932
35771
35850
35910
35988
35912
35850
35869
35947
35985
35962
35888
35876
35959
35962
35973
35935
35845
35927
35963
35933
35888
35913
35951
35922
35982
35916
35951
35942
35913
35954
35968
35941
35928
35974
35939
35917
35892
35886
35917
35958
35882
35930
35796
35925
35982
35975
35987
35885
35979
35929
35881
35929
35922
35877
35895
35971
35952
35930
35955
35953
35937
35991
35963
35884
35985
36021
35941
35926
35959
35964
35945
35915
35908
35886
36002
35847
35905
35906
35898
35991
35937
35942
35920
35934
35944
35889
35976
36011
35893
35846
35969
35898
35966
35879
35864
35813
35849
35983
35938
35885
35824
35875
35875
35900
35932
35999
35932
35908
35950
35885
35943
35970
35926
35889
35999
35918
35924
35901
35963
35876
35917
35972
35842
35909
35986
35948
35930
35901
35989
35929
35974
35970
35893
35908
35972
35868
35944
35966
35847
35864
35863
35861
35924
35854
35956
35823
35929
35867
35870
35954
35809
35877
35871
35884
35953
35894
35887
35959
35973
35918
35925
35928
35937
35922
35997
35939
35930
35924
35974
36013
35926
35937
35943
35982
35970
36006
35965
35853
35957
35919
35859
35857
35973
35909
35876
35970
35919
35916
35963
35809
35865
35764
35957
35965
35837
35881
35937
35960
35984
35940
35968
35938
35933
35871
35904
35947
35898
35964
35911
35958
36001
35943
35908
35916
35920
35920
35969
35908
35889
35881
35863
35935
35881
35948
35966
35961
35877
35968
35819
35897
35945
35955
35945
35989
35975
35842
35964
35902
35895
35847
35960
35888
35956
35919
35897
35895
35904
35885
35923
35862
35876
35957
35941
35868
35946
35961
35966
36018
35952
35903
35952
35905
35997
35992
35918
35967
35966
35978
35921
35916
35990
35916
35872
35949
35883
35963
36006
35840
35825
35908
35898
35914
35799
35970
35889
35850
35847
35874
35941
35949
35904
35928
35950
35834
35962
35765
35958
35938
35828
35846
35945
35915
35775
35938
35927
35922
35768
35979
35963
35876
35953
35871
35914
35984
35960
35917
35848
35954
35960
35872
35882
35869
35959
35888
35908
36022
35938
35857
35814
35890
35915
35999
35908
35871
35919
35915
35960
35900
35976
35861
35958
35986
35977
35848
35859
35880
35928
35797
35924
35945
35984
35936
35961
35924
35981
35930
35962
35898
35850
35934
35964
35979
35855
35981
35888
35821
35963
35855
35860
35939
35920
35770
35906
35853
35903
35909
35858
35918
35828
35831
35862
35945
35923
36013
35903
35944
35893
35986
35936
35895
35867
35877
35985
35906
35871
35928
35902
35953
35973
35975
35941
35991
35970
35916
35939
35999
36002
35921
35919
35989
35897
35903
35932
35808
35855
35865
35870
35971
35982
35941
35884
35936
35929
35979
35984
35974
35812
35899
35929
35958
35908
35871
35980
35986
35878
35925
35939
35966
35857
35911
35868
35902
35986
35949
35836
35907
35909
35969
35974
35949
35978
35912
35952
35957
35922
35905
35953
35960
35964
35913
35948
35953
35960
35951
35919
35939
35850
35983
35918
35885
35924
35897
35938
35940
35926
36030
35967
35961
35901
35933
35894
35964
35860
35933
35915
35895
35970
35944
35913
35932
35909
36003
35907
35843
35937
35923
35920
35855
35895
35891
35852
35943
35982
35914
35889
35896
35871
35902
35980
35862
35839
35898
35906
35989
35932
35938
35915
35949
35906
35951
35884
35928
35955
35941
35907
35890
35913
35955
36005
35944
35913
35895
35894
35997
36010
35974
35975
35844
35952
36004
35935
35932
35916
35962
35997
35936
35915
35928
35920
35887
35996
35938
35939
35914
35943
35988
35944
35936
35958
35866
35952
35976
35928
35947
35966
35853
35894
35808
35815
35907
35919
35975
35982
35950
35952
35931
35876
35969
35865
36000
35998
35905
35877
35894
35989
35898
35943
35940
35985
35892
35893
35950
35946
35887
35880
35886
35971
35899
35978
35915
35952
35867
35880
35828
35962
35830
35987
35862
35959
35987
35904
35932
35882
35939
35898
35829
35890
35907
35912
35961
35938
35900
35914
35996
35851
35897
35937
35953
35926
35971
35962
35922
35837
35920
35934
35931
35899
35812
35921
35852
36009
35917
35927
35904
35890
35859
35988
35939
35891
35939
35981
35918
36021
35933
36007
35954
35955
35904
35915
35873
35890
35966
35991
35864
35899
35866
35910
35969
35987
35946
35923
35891
35889
35962
35939
35938
35879
35927
35877
35845
35943
35929
35986
35946
35983
35964
35907
35905
35994
35921
35910
35949
35974
35943
35918
35905
35984
35961
35953
35940
35877
35956
35948
35956
35943
35960
35929
36027
35990
35934
35982
35974
35930
35993
35939
35936
35921
35943
35960
35882
35835
35894
35929
35974
35951
35918
35872
35954
35815
35974
35955
35921
35881
35919
35885
35929
36005
35877
35972
35934
35958
35992
35947
35952
35912
35888
35917
35927
35939
35977
35928
35919
35963
35937
35948
35941
35995
35857
35960
35975
35944
35947
35951
35960
35950
35958
35937
35901
35973
35902
35840
35937
35888
35911
35905
35952
35929
35922
35898
35955
35965
35968
35919
35938
35992
35908
35987
35898
35968
35978
35958
35909
35851
35989
35894
36000
35932
35871
35927
35911
35863
35942
35746
35947
35919
35801
35907
35973
35894
35926
35939
35918
35976
35972
35936
35880
35947
35982
35940
35913
35866
35913
35903
35889
35894
35924
35907
35934
36022
35992
35908
35907
35896
35891
35886
35900
35941
35967
35972
35920
35860
35942
35968
35985
36015
35939
35944
35985
35929
35983
35896
35959
35967
35948
35888
35906
35966
35917
35897
35816
35992
35962
35939
36030
35819
35851
35907
35943
35919
35882
35903
35952
35911
36001
35951
35956
35905
35907
35958
35878
35932
35984
35962
35948
35882
35892
35997
35934
35951
35905
36001
35997
35920
35891
35981
35931
35933
35933
35893
35924
35910
35990
35998
35919
35944
35856
35998
35858
35832
35883
35844
35917
35985
35938
35910
35953
36001
35931
35946
35993
35979
35935
35929
35989
35883
35898
35926
35871
35917
35905
35966
35953
35831
35941
35899
35943
35962
35925
35935
35925
36020
35999
35949
35905
35926
35887
35901
35882
35920
35908
35882
35828
36014
35985
35914
35899
35948
35946
35993
35953
35915
35982
35863
35892
35894
35865
35957
35892
35973
35934
35929
35891
35884
35951
35988
35969
35853
35923
35960
35925
35906
35903
35822
35941
35902
35934
35986
36000
35905
35933
35959
35995
35980
35972
35955
35987
35969
35965
35894
35840
36020
35928
35950
36021
35980
35858
35889
35961
35963
35930
35946
35914
35981
35960
35893
35875
35956
35988
35942
35934
35950
36007
35956
35987
35887
35946
36006
35918
35920
35897
35909
35905
35948
35940
35968
35994
35991
35898
35887
35945
35945
35944
35940
35933
35901
35901
35953
35980
35930
35917
35927
35981
35969
35926
35942
35902
35887
35924
35793
35884
35987
35929
35896
35935
35973
35893
35884
35928
35954
35938
35945
35911
35990
35948
35938
35920
35843
35971
35918
35994
35975
35898
35917
36017
36019
35921
35921
35990
35918
35949
35806
35909
35956
36016
35911
35916
35967
35907
35912
35908
35791
35952
35996
35946
35954
35939
35944
35977
35898
35935
35910
35928
35920
35935
35964
35991
36006
35932
35944
35968
35995
35951
35842
35996
35954
35950
35956
35994
35948
35989
35940
35903
35965
35883
35818
35951
35938
35889
35919
35981
35982
35908
35969
35981
35951
35981
35991
35957
35940
35886
35885
35900
35942
35952
35915
35906
35936
36001
35888
35869
35914
35961
35948
35888
35892
35854
36001
35944
35913
35959
35949
35953
35904
35919
35892
35992
36002
35986
35982
35944
35902
35908
35989
35920
35895
35888
35864
35931
35871
35820
35982
35887
35909
35951
35907
35921
35940
35997
35939
35916
35953
35978
35962
35917
35988
35922
35931
35972
35962
35941
35942
35959
35947
36001
35958
36003
36004
36008
36010
36001
35974
35964
35872
35917
35949
35931
35917
35866
36033
35958
35936
35940
35877
35881
35941
35904
35950
36018
35959
35967
35984
35945
35945
35933
35990
36001
35953
35918
35951
35970
36011
35968
35909
35887
35831
35985
35922
35914
35917
35944
35984
35934
35922
35942
35864
35931
35893
35953
35984
35850
35934
35971
35889
35915
35970
35873
35923
35984
35984
36001
35987
35940
35905
35990
35922
35893
35896
35977
35841
35891
35898
35996
35920
35967
35949
35916
35863
35980
35929
35912
35892
35940
35954
35969
36005
35955
35872
35983
35979
35901
35914
35895
35944
35944
35888
35898
36017
35945
35913
35879
35938
35878
35946
35972
35866
35919
35926
35872
35871
35984
35927
35872
35760
35919
35879
35884
35986
35871
35913
36008
35973
35895
35938
35967
35996
35950
35942
35834
35978
35908
35938
35950
35964
35920
35891
35899
35993
35853
35937
35788
35889
35875
35831
35979
35925
36009
35889
35899
35905
35964
35952
35944
35882
35912
35874
35953
36039
35910
35913
36010
35971
35920
35932
35951
35867
35932
35927
35889
35972
35822
35960
35916
35958
35914
35927
36001
35942
35877
36003
35887
35968
35907
35859
35976
35847
35922
35952
35960
35923
35933
35943
35959
35906
35916
35985
35981
35921
35915
35983
35989
35962
35940
35898
35974
36016
35945
35845
35965
36001
36052
36016
35930
35853
35891
35907
35959
35889
35955
35974
36038
35982
35912
35982
35891
35989
35929
36024
36019
36003
35948
35938
35935
35905
35968
35946
35958
35889
35974
35885
35986
35989
35928
35925
35903
35843
35961
35862
35957
35884
35830
35937
35924
35899
35937
35978
35927
35977
35876
35895
35940
35999
35938
35916
35859
35866
35910
35958
35943
35944
36003
35977
35980
35999
35914
35984
36012
35877
35938
35841
35823
35854
35958
35927
36007
35932
35975
35884
35964
35943
35937
35905
35885
35789
35897
35836
35993
35938
35933
35922
35957
35988
36030
35989
35976
35919
35930
35995
35881
35870
35908
36026
35997
35956
35961
35927
35938
35961
35926
35884
35888
35944
35934
35956
35860
36007
35920
35895
35932
35855
35921
36004
35917
35814
35880
35977
35979
35952
35928
36059
35952
35970
36012
35981
35928
35938
35840
35984
36000
35960
35968
35916
35917
36010
35907
35881
35958
35939
35940
35873
35913
35965
35966
35828
35883
35849
35845
35993
35936
35945
36000
35970
35909
35936
35952
35999
35917
35953
35952
35964
35892
35924
35890
35940
35878
35967
35807
35826
35941
35902
35992
35727
35918
35877
35886
35857
35999
35960
35922
35960
35826
35981
35953
35923
35875
35897
35903
35891
35918
35919
35964
35950
35909
35873
35795
35833
35862
35880
35920
35862
35954
35949
35919
35936
35943
35917
35864
35914
35986
35940
35918
35912
35945
35927
35946
35955
35933
35919
35905
35908
35949
35988
35955
35966
35930
35995
35951
35951
35894
35969
35941
35810
35879
35966
35994
35919
35904
35875
35862
35935
35939
35928
35881
35916
35977
35957
35942
35899
35974
35912
35903
35921
36005
35956
35854
35952
35915
35978
36042
35942
35935
35900
35905
35926
35975
35941
35892
35897
35879
35993
35956
35928
35956
35919
35885
36040
35935
35968
35930
35951
35972
35920
35936
35996
35939
35900
35911
35934
35889
35903
35870
35823
35902
35921
35974
35953
35930
35938
35947
35959
35862
35959
35899
35935
35961
35893
35936
35957
36001
36023
35905
35969
35986
36022
35950
35961
35925
35890
36040
35953
35965
35944
35873
35969
35966
35975
35997
35919
35875
36001
35934
35924
35885
35964
35963
35922
35948
35901
35933
35929
35958
35938
35887
35971
35948
35997
35972
35913
35949
35950
35891
35925
35956
35958
35933
35928
35902
35867
35979
35916
35867
35943
35986
35970
35906
35996
35836
35966
35954
35933
35895
35777
35907
35914
35914
35885
35977
35889
35938
35986
35940
35908
35926
35972
35867
35997
35925
35869
35949
35950
35933
35846
35856
35832
35843
35861
36016
35879
35947
35990
35894
35896
35963
36025
35884
35912
35964
35928
35956
35973
35982
35979
35911
35924
35978
35980
35885
35892
35964
35915
36008
35955
35920
35984
35949
35966
35850
35940
35888
35935
36007
35940
35963
35933
35973
36017
35933
35946
35983
35941
35918
35972
35945
35961
35941
36002
35993
35952
35901
35913
35947
35973
35913
35976
35944
35920
35953
35971
36001
35942
35910
35881
35943
35973
35967
35983
35917
35834
35963
35823
35976
35965
36013
35913
35959
35923
35807
35868
35786
35950
36006
35971
35905
35968
35926
35912
35916
35902
35974
35878
35919
35908
35974
35927
35895
35992
35910
35870
35871
36004
35976
35927
35968
35907
35972
35977
35954
35969
35984
35954
35983
35901
35797
35961
35953
35825
35950
35932
35877
35991
35870
35949
35840
35924
35909
35956
35959
35998
35966
35869
36006
35937
35921
36010
35910
35887
35979
35964
35936
35966
35953
35907
36011
35926
35906
35893
36051
36011
35929
35937
35988
35917
35934
35954
35914
35975
35997
35898
35899
35992
35974
35956
35833
35959
35965
35958
35923
35918
35959
35961
35943
35925
35756
35920
35958
35977
35905
35891
35972
35887
35978
35945
35962
35906
35940
35891
35996
35950
35953
35887
36035
35919
35974
35852
35877
35949
35941
35823
35941
35973
35923
35902
35966
35884
35907
35930
35847
35901
35869
35976
35849
35880
35901
35837
35828
35887
35986
35957
36001
35944
35950
35932
35933
35949
35988
35970
35867
35934
35925
35900
35940
35941
35927
35928
36035
35932
35861
36006
35991
35925
35959
35946
35999
35951
35968
35893
35963
35976
35935
35916
35911
35955
36008
35951
35966
35921
35823
35907
35916
35826
35955
35905
35910
35928
35930
35892
35866
35887
36001
36016
35925
35962
35940
36020
35924
35999
35959
35961
35846
35948
36001
35889
35913
35931
35904
36004
36033
35891
35931
35984
35889
35915
35922
35955
35961
35831
35869
35974
35939
35846
35865
36035
35901
35911
35972
35847
35868
35958
35942
35888
35963
36008
35928
35885
35954
35949
35958
35961
35995
35917
35983
35965
35904
35883
35994
36018
35940
35947
35943
35931
35965
35963
35899
35923
35895
35861
35866
35950
35848
35900
35938
35995
35912
35884
35938
35982
35893
35958
35937
36022
35993
35920
35930
35900
35923
35969
35923
35967
35948
35972
35957
35979
35940
35931
35873
35997
35923
35910
35974
35991
35958
35987
35932
35918
35982
35919
35890
35867
35934
35890
35888
35980
35972
35969
36026
35932
35908
35909
35897
35975
35960
35943
35868
36003
35941
35906
35848
35978
35925
35895
35901
35950
35910
35877
35826
35872
35925
35981
35944
35960
35929
35996
35977
35967
35929
35946
35921
35937
35928
35907
35941
35926
35936
35939
35960
35880
35873
35968
36015
35883
35953
35863
35913
35975
35906
35924
36021
35922
35925
35907
35830
35928
35835
35965
35944
35979
35903
35930
35916
35929
35984
35974
35980
35898
35953
35956
35952
35959
35872
35943
35973
35906
35940
35927
35901
35978
35939
35933
35825
35846
35935
35835
35954
35970
35888
35908
35839
35998
36021
35972
35952
36004
35988
35857
35884
35832
35874
35903
35904
35978
35970
35928
35936
35963
35908
35878
35847
35872
35876
35988
35876
35802
35877
35922
36034
35905
35920
36017
35945
35968
35929
35971
35959
35948
35868
35898
36011
36042
35895
35909
35977
35985
35869
35930
35924
35963
35945
35866
35878
35908
35918
35914
36004
35829
35984
36028
35908
35966
35961
35978
35895
35895
35975
35847
35994
35974
35956
35866
35997
35962
35883
35895
35866
35859
35979
35966
35957
35947
35913
35904
35964
35864
35930
35976
35948
35914
35903
35983
35966
35900
35973
35877
35830
35813
35989
35889
35891
35978
35942
35952
35888
35948
35980
35874
35891
35948
35943
35969
35943
35964
35925
35963
35984
35996
35925
35987
35872
35984
35960
35995
35996
35916
35921
35907
35893
35937
35982
35865
35909
35914
35914
35968
35872
35915
35875
35952
35976
35917
35923
36019
35953
35908
35989
35921
35980
35964
35871
35907
35965
35909
35883
35922
35959
35984
35922
35902
35970
35930
35860
35991
35903
35882
35794
36009
35917
35925
35890
35910
35841
35877
36000
35915
35894
35936
35942
35932
35812
36003
35941
35963
35857
35870
35949
35927
35902
35965
36017
35927
35906
35996
35836
35833
35961
35808
35873
35948
35847
35796
35926
35914
35936
36001
36004
35877
35905
35945
35923
35936
35870
35907
35924
35972
35915
35888
35924
35930
35963
35910
35973
35917
35983
35978
35960
35927
35942
35970
35992
35945
35927
35853
35941
35945
35924
35934
35919
35884
35836
35886
35835
35930
35948
35954
35886
35798
35937
35877
35923
35969
35903
35866
35877
35933
35907
35905
35945
35963
35984
35937
36006
35980
35950
35945
36004
35961
35902
35871
35884
35997
35913
35942
35886
35848
35996
36005
35940
35897
36001
35980
35941
35917
35937
35985
35876
35901
35917
35836
35953
35982
35933
35891
35836
35883
35880
36053
35971
35956
35910
35923
35842
35883
35848
35912
35901
35885
35890
35892
35986
35909
35910
35851
36003
35935
35906
35783
35949
35894
35999
35917
35876
35946
35925
35931
35846
35991
35918
35932
35982
35916
35970
35895
35907
35980
35973
35930
35850
35925
35905
35928
36007
35908
35828
35975
35963
35977
35923
35905
35971
35929
35952
36000
35932
35927
35969
35871
35878
35896
35962
36017
35865
35897
35907
35920
35889
35859
35908
35940
35880
35908
35974
35811
35943
35956
35929
35896
35838
35918
35833
35909
36008
35932
35898
35932
36007
35905
35961
35981
35850
35916
35883
35961
35935
35882
35964
35919
35890
35920
35863
35898
35959
35995
35930
35896
35935
35961
35841
35978
35830
35806
35848
35959
35951
35971
35886
35959
35799
35874
35911
35914
35889
35901
35840
35958
35962
35970
35918
35943
35958
35952
35947
35858
35920
35981
35906
35888
35972
35911
35991
36038
35950
35907
35976
35855
35947
35977
35995
35972
35922
35966
36007
35977
35923
35926
35966
35939
35918
35905
35945
36037
35982
35906
35928
35902
35906
35918
35871
35923
35937
35906
35889
35925
35954
35836
36003
35925
35924
35884
35995
35993
35887
35946
35967
36005
35996
35935
35973
35907
35967
35942
35935
35931
35942
35917
35865
35984
35955
35945
35922
35964
35973
35938
35946
35883
35882
35890
36001
35986
35907
35888
35877
35931
35906
35948
35932
35872
35911
35904
35897
35911
35947
35955
35955
35929
35903
35965
35933
35987
35993
35891
35974
35869
35882
35957
35939
35928
35960
35906
35965
35989
35983
35898
35918
35934
35964
35987
35908
35915
35853
35917
35993
35946
35936
35904
35946
35980
35943
35957
35892
35952
35983
35967
35887
35845
35959
35933
35907
35851
35950
35927
35933
35933
35930
35982
35925
35899
35879
35885
35843
35912
35896
35859
35823
35925
35855
35992
35918
35930
35905
35957
35956
35798
35882
35975
35970
35910
35942
35905
35865
35915
35981
35941
35851
35904
35919
35924
35983
35894
35930
35917
35862
35953
35982
35959
35911
35804
35853
35967
35873
35980
35844
35956
35970
35905
35893
35897
35890
35978
35862
35869
35954
35981
35971
35950
35972
35978
35937
35944
35909
35781
35983
35890
35978
35973
35943
35864
35927
36000
35965
35979
35948
35960
35975
35997
35901
35879
35890
35866
35901
35959
35778
35917
35916
35993
35898
35958
35959
35903
35890
35855
35966
35924
35949
35991
35983
35948
35958
35933
35830
35950
35990
35993
35929
35815
35875
35944
36005
35903
35883
35888
35932
35993
35958
35908
35951
35875
35984
35995
35922
35915
35903
35948
35942
36002
35936
35881
35869
35902
35965
35987
35956
35937
35889
35904
35986
35883
35900
35970
35891
35987
35987
35910
35882
35905
35921
35950
36009
35838
35817
35973
35975
35908
35887
35894
35928
35881
35983
35869
35953
35854
35847
35849
35915
35920
35876
35917
35967
35888
35838
35942
35995
35898
35902
35940
36005
35917
35931
35881
35878
35998
35923
35905
35888
35937
35987
35900
35958
35905
35820
35894
35895
35955
35910
35945
35845
35931
35993
35872
35895
35949
35929
35901
35787
35957
35896
35894
35934
35940
35957
35932
35919
35956
35958
35869
35932
35900
35841
35870
35879
35918
35937
35942
35973
35935
35931
35767
35836
35985
35904
35869
35925
35863
35926
35916
35898
35886
35903
35921
35978
35935
35931
35910
35931
35913
35948
35912
35893
35915
35949
35968
35910
35883
35903
35966
35932
35871
35864
35897
35945
35896
35933
35985
35960
35951
35917
35995
35982
35966
35971
35939
35993
35885
35908
35955
35971
35899
35927
35913
35955
35989
35913
35915
35955
35931
35965
35892
35934
35809
35903
35907
35900
35879
35959
35955
35898
35905
35960
35843
35923
35991
35898
36001
35817
35864
35799
36005
35900
35958
35938
35908
35915
35985
35973
35919
35905
35967
36023
35931
35885
35953
35902
35850
35960
35987
35941
35924
35932
35793
35937
35864
35933
35997
35964
35917
35885
35926
35970
35899
35977
35865
35916
35941
35867
35923
35947
35945
35919
35937
35879
35951
35843
35924
35911
35944
35937
35903
35871
35954
35931
35987
35877
35966
35872
35898
35945
36014
35814
35863
35932
35907
35898
35890
35996
35915
35953
35973
35890
35878
35856
35980
35910
35893
35949
35997
35924
35900
35948
35950
35968
35891
35848
35966
35866
35891
35840
35967
35963
35930
35931
35883
35878
35878
35959
35887
35904
35931
35929
35883
35928
35880
35915
35973
35946
35904
35879
35927
35997
35833
35903
35906
35986
35962
35914
35903
35917
35902
35962
35804
35943
35896
35945
35967
35938
35952
35931
35945
35982
35943
35960
35933
35968
35951
35988
35947
35941
35956
35860
35948
35985
35942
35895
35828
35866
35938
35978
35911
35968
35911
35983
35967
35983
35944
35897
35932
36006
35940
35959
35864
36009
36007
35938
35927
35818
35934
35953
35996
35907
35911
35896
35962
35840
35945
35904
35932
35952
35908
35926
35997
35991
35977
35907
35808
35974
35966
35962
35933
35966
35974
35827
35971
35928
35884
35958
35861
36027
35927
35949
35974
36013
35956
35902
35966
35895
35948
35892
35898
35813
35925
35855
35939
35933
35959
35942
35923
35962
35895
35787
35977
35894
35969
35835
35953
35984
35926
35891
35897
35928
35983
35900
35887
35954
35912
35899
35939
35902
35961
35927
35925
35915
35938
35949
35923
35821
35863
36016
35904
35957
35879
35932
35920
35995
35913
35981
36005
35887
35886
35962
35964
35947
35889
35967
36010
35875
35835
36009
35984
35956
35991
35909
35852
35930
36005
35856
35923
35954
35943
35974
36009
35998
35933
35929
35985
35943
35868
35976
35979
35904
35831
35948
35920
35859
35967
35944
35907
35923
35892
35917
35822
35943
35977
35988
35969
35906
35979
35931
35904
35990
35877
35908
35947
35965
35958
35835
35961
35992
35906
35923
35947
35988
35945
35943
35919
35989
35981
35946
35907
35867
35989
36019
35923
35955
35932
35897
36024
36007
35941
35932
35963
35990
35992
35951
35965
35867
35895
35890
35850
35940
35953
35977
35952
35953
35900
35907
35970
35889
35944
35866
35929
35993
35930
35903
35913
35952
35939
35970
35938
35897
35931
35890
35950
35963
35946
35940
35988
35950
35931
35897
35790
35966
35882
35919
35946
35928
35911
35955
35887
35839
35944
35893
35878
35897
35942
35895
35921
35959
35952
35892
35866
35877
35979
35899
35900
35807
35825
35951
35925
35795
36003
35882
35931
35960
35840
35952
35902
35900
35889
35842
35849
35901
35855
35993
35987
35841
35935
35900
35930
35953
35955
35944
35918
35987
35941
35948
35897
35985
35975
35886
35879
35911
35906
35907
35875
35939
36018
35937
35837
35976
35873
35919
35967
35924
35928
35884
35746
35883
35944
35945
35941
35955
35912
35978
36000
35952
35918
35971
35881
35902
35998
35950
35992
35921
35936
35915
35842
36010
35842
35932
35977
35946
35918
35856
35921
35874
35942
35916
35885
36007
35962
35942
35914
35936
35983
35936
35981
35938
35924
35904
35878
35999
36009
35905
35934
35979
35860
35971
35992
35854
35959
35984
35903
35878
35953
35920
35912
35965
35900
35869
35955
35938
36007
35922
35803
35883
35977
35892
35917
35964
35878
35921
35877
35909
35911
35994
35906
36002
35904
35969
35905
35957
35966
35964
35910
35964
35916
35898
35874
35923
35946
35866
35934
35967
35909
35927
35925
35941
35895
35932
35970
35841
35964
36013
35900
35924
35974
35950
35931
35950
35889
35857
35992
35919
35897
35970
35970
36010
36004
35965
35989
35942
35909
35991
35944
35910
35925
35827
35968
35950
35968
35921
35895
35961
35913
35909
35975
35931
35944
35945
35902
35944
35957
35927
35863
36006
35919
35983
35968
35947
35944
35929
35997
35917
35913
35896
35922
35992
35935
35934
35902
35830
35910
35972
35957
35948
35963
35933
36001
35945
35899
35861
35866
35995
35856
35869
35949
35880
35962
35951
35930
36005
35938
35920
36018
35940
35868
35942
35909
35953
35846
36005
35877
35850
35934
35900
35974
35905
35909
35948
35872
35966
35855
35909
35906
35912
35928
35960
35924
35893
35971
35911
35965
35995
35952
35967
35997
35991
35946
35896
35920
35904
35969
35933
36005
35839
35946
35855
35913
35914
35956
35981
35871
35989
35959
35926
35935
35881
35923
35883
35970
35938
35955
35864
35892
35934
35927
36001
35915
35907
35957
35997
35999
35974
36008
35960
36026
35965
35975
35998
36003
35972
35996
35962
35916
35890
35994
35865
35997
35943
35955
35954
35921
35914
35915
35909
35951
35990
35979
35941
35948
35894
35986
35998
35962
35933
35858
35966
35990
35966
35936
35974
35965
36008
35976
35960
35854
35981
35920
35920
35982
35968
35927
35966
35973
36001
35945
35947
35981
35967
35971
35966
35963
36016
35956
35964
35925
35896
35955
35891
36022
35893
35933
35839
35972
35952
35820
35971
35889
35956
35924
35953
35969
35874
35902
35860
35943
35922
35879
35952
35895
35916
35898
35980
35902
35902
35905
35934
35985
35979
35908
35917
36037
35916
35893
35960
35980
35881
36000
35979
36003
35998
35958
35910
35910
35836
35929
35925
35923
35912
35884
35930
35949
35939
35889
35911
35891
35917
35843
35808
35994
35864
35810
35971
35916
35897
36001
35854
35909
35961
35904
35808
36000
35896
35885
36011
35946
35973
35914
35913
35969
35995
36011
35906
35947
35917
35943
35966
35927
35843
35963
35927
35961
35961
35902
35968
36022
35928
35922
35945
35991
35902
35879
35878
35862
35888
35909
35990
35980
35961
35944
35986
35945
35944
36001
35976
35927
35899
35849
35840
35923
35788
35904
35979
35946
35958
35966
35951
35847
35976
35913
35889
35916
35866
35896
35985
35884
35899
35895
35953
35925
35934
35904
35864
35931
35914
35938
35958
35946
35877
35919
35887
35901
35984
35917
35953
35948
35930
35972
35919
35899
35947
35874
35932
35916
35952
35885
35893
35823
35805
35868
35929
35913
35882
35888
35970
35921
35951
35942
35994
35886
35878
35966
35914
35913
35818
35909
35889
35846
36048
35833
35837
35919
35915
35980
35916
35904
35950
35911
35970
35869
35887
35951
35907
35855
36014
35847
35976
35965
35893
35909
35896
35925
35997
36002
35942
35906
35935
35796
36003
35937
35910
35901
35891
35891
35950
35987
35908
35903
35815
35943
35874
35951
35981
35913
35968
35987
35929
35855
35950
35953
35889
35959
35917
36008
35932
35994
35997
35912
36077
35931
35980
35890
35884
35952
35990
35986
35874
35951
35968
35900
35904
35879
35902
35945
35935
35940
35945
35914
35867
35976
35916
35822
35917
35927
35978
35938
35995
35976
35919
35880
35940
35962
35963
35904
35888
35963
35929
35956
35883
35980
35921
35871
35888
35888
35961
35966
35900
35918
35977
35871
35933
35957
35930
35963
35887
35938
35954
35939
35897
35834
35840
35980
35959
35943
35957
35956
35887
35897
35884
35947
35882
35929
35908
35890
35892
35893
35913
35905
35982
35922
35901
35954
35893
35905
35984
35907
35876
35900
35930
35821
35816
35911
35865
35902
35953
35854
36007
35854
35867
35914
35909
35793
35868
35843
35979
36022
36021
35955
35917
35941
35917
35873
35932
35953
35924
35916
35965
35980
35914
35918
35883
35927
35962
35993
35901
35892
35980
35921
35859
35939
35976
35953
35988
35889
35927
35928
35933
35900
35963
35962
35912
35920
35880
35887
35887
35979
35935
35913
35891
35952
35917
35915
35961
35912
35898
35897
35978
36013
35964
35946
35850
35902
35993
35955
35991
35936
35924
35919
35885
35978
35931
35900
35929
35899
35861
35926
35876
35992
35978
35918
35907
35854
35824
36004
35843
35875
35971
35954
35897
35880
35919
35967
35999
35925
35932
35936
35943
35848
35951
35923
35901
35898
35891
35919
35956
35986
35931
35937
35997
36004
35925
35981
36034
35983
35902
35971
35917
35974
36013
35998
35989
35891
35915
35994
35984
35962
35924
35984
35983
35963
35918
35947
35883
35969
35873
35934
35899
35952
35942
35963
35910
35984
35959
35900
35995
35885
35940
35995
35976
35900
35904
35932
35941
35858
35953
35998
35950
35916
35907
35990
35893
35896
35848
35913
36010
35955
35939
35950
35955
36009
35940
35934
35994
35948
35940
35898
35872
35876
35876
35898
35954
35924
35909
35881
35956
36027
35902
35901
35965
36008
35916
35847
35833
35888
35929
35998
35940
35881
35943
35992
35910
35937
35925
35974
35944
35882
35976
36046
36052
35944
35926
35869
35957
35924
35881
35937
35988
35936
35947
35874
35876
35925
35790
35951
35891
35900
36008
35955
35879
35952
35927
35886
35905
35920
35903
35963
35975
35927
35889
35954
35907
35880
35822
35983
35872
36009
35968
35920
35932
35912
35925
35931
35979
35940
35890
35874
35863
35916
35897
35944
35905
35916
35915
35966
35942
35987
35882
35894
35890
35956
35972
35946
35989
36007
36029
35955
35940
35891
35956
35892
35916
35975
35952
35944
35951
35985
35992
35932
35871
35957
35889
35930
35902
35969
35925
35911
35812
35829
35970
35877
35941
35937
36006
35920
35896
35970
36003
35854
36004
35936
35995
35999
35934
35952
35957
35961
35959
35902
35902
35958
36005
36027
35958
35951
35926
35995
35974
35897
35909
35881
35883
35871
35962
35920
35908
35985
35991
35952
36008
35911
35984
35917
35950
35889
35915
36018
35915
35968
35916
35997
35934
35902
35928
35962
35935
35970
35923
35871
35979
35941
35951
35845
35900
36004
36000
35904
35899
35904
35971
35889
35906
35909
35982
35980
35915
35886
35917
35980
35875
35912
35842
35805
35917
35958
35884
35878
35932
35811
35941
35886
35968
35895
35910
35935
35956
35925
35913
35915
36032
35953
36010
35930
35946
35980
35922
35877
35991
35903
35925
35933
35955
35968
35829
35905
35840
35960
35919
35928
35909
35870
35826
35906
35955
35931
35866
35947
35952
35892
35846
35938
35931
35919
35929
35883
36012
35935
35902
35987
35939
35917
35938
36010
35916
35851
35889
35887
35900
35948
35961
35932
35941
35950
35928
35881
35939
36007
35948
35920
35864
35990
35963
35938
35907
35960
35955
35979
35869
35882
35940
35972
35960
35905
35893
35861
35943
35959
35978
36034
35905
36043
36037
35978
35965
35948
35999
35940
35944
35913
36000
35919
35889
35950
35856
35938
35907
35879
35943
35885
35954
35931
35894
35894
35923
35989
35996
35912
35859
35943
35879
35952
36013
35941
35926
35894
35789
35993
35932
35912
35912
35905
35963
35933
35979
35901
35916
36031
35885
35909
35906
35983
35987
35919
35990
36004
36008
35937
35921
35964
35974
35993
35970
35910
35971
35995
35926
35922
35900
35901
35918
36031
35944
35990
35879
35943
35961
35879
35913
35985
36005
35939
35867
35836
35877
35965
35956
35936
35868
35871
35789
35954
35937
35975
35933
35945
35904
35822
35954
35933
35988
35948
35883
35843
35828
36001
35940
35966
35923
35953
35936
35863
35935
35997
35918
35907
35946
35946
35928
35883
35902
35889
35979
35906
35964
35994
35965
35967
35869
35875
35959
36025
35880
35961
35920
35943
35920
36015
35978
35980
35948
35939
35963
35943
35965
35957
35849
35923
35941
35977
35970
36006
35933
35895
35903
35910
35927
35995
35906
35923
35877
35971
35956
35899
35932
35903
35841
35929
35828
35953
35923
35871
35911
35949
35952
35985
35894
35915
35896
35959
36012
35906
35859
35964
35995
35898
35896
35926
35966
35877
35998
36000
35990
35983
35935
35990
35952
36016
35973
35923
35949
35933
36086
36025
35940
35945
35939
35967
35890
35958
35888
35996
35971
35926
35941
35952
35960
35950
35904
35898
35948
35913
35901
35955
35956
35889
35841
35818
35890
35872
35960
35937
35948
35890
35932
35938
36007
35935
35946
35955
35988
35855
35942
35925
35941
35980
35947
35942
35884
35963
35949
35900
35886
35957
35851
35869
35944
36037
35971
35921
35891
35996
35990
35920
35987
35947
35944
35933
35903
35909
35966
35915
35833
35939
35894
35918
35945
35967
35920
35940
35969
35917
35902
35941
35990
35904
35967
35899
35953
35920
35966
35936
35912
35883
35953
35975
35967
35965
35895
35931
35916
35985
35859
35899
35908
35915
35940
36038
35983
35977
35988
35983
35948
35961
35906
35976
35987
35970
35913
35926
35956
35966
35903
35876
35882
35984
36005
35947
35909
35971
35969
35981
36011
35950
35958
36012
35895
35868
35932
35927
35937
35944
35959
35887
35991
36009
35924
35871
35928
35854
35879
35919
35907
35961
35924
35838
35956
35958
35964
35852
35866
35975
35999
35930
35919
35945
35902
35898
35848
35892
35882
35990
35877
35976
35990
35904
35881
35898
35848
35953
35907
35936
35973
35939
35976
35889
35894
35996
35867
35904
35971
35988
35939
35921
35984
35978
35886
35838
36000
35937
35987
35896
35879
35906
35904
35869
35872
35981
35952
35988
35925
35993
35934
35932
35910
35926
35945
35879
35920
35977
35964
36007
35948
35984
35883
35942
36016
35901
35901
35955
35910
35946
35826
35963
35939
35962
35879
35814
35982
35980
35980
35938
35876
35895
35821
35852
35956
35984
35858
35963
35951
35920
35925
35897
35983
35975
35913
35928
36006
35958
35973
35925
35990
35919
35881
35953
35848
35874
35916
35992
35952
35921
35891
35969
35949
35946
35924
35874
35920
35960
35966
35902
35927
35933
35947
35937
36022
35955
35932
35976
35976
35948
35937
35990
35850
35943
35978
35920
35862
35919
36024
35968
35944
35985
35942
35966
35895
35982
35869
35837
35945
35863
35903
35956
35842
35981
35905
35974
35969
35936
35935
35920
35993
35981
35899
35934
35841
35914
36008
35945
35928
35934
35940
35910
35977
35925
35977
35917
35967
35915
35991
35871
35863
35965
35943
35948
35924
35937
35953
35983
35941
35932
35893
35811
35940
35985
36001
35871
35895
35930
35976
35930
35961
35940
35947
35928
35834
35859
35977
35915
35909
35984
36025
35995
35956
35915
35813
35936
35870
35815
36003
35895
35937
35968
35984
35919
35891
35944
35869
35963
35895
35906
35938
35972
35906
35892
36005
35904
35840
35951
35932
35910
35892
35932
35960
36000
35969
35970
35955
35940
35922
35934
35937
35924
35866
35926
35873
36002
35952
35865
35971
35916
35925
36012
35899
35887
35872
35874
35950
35998
35968
35950
35888
35944
35952
35955
35852
35929
35964
35981
35852
35956
35932
35852
35952
35856
35902
36016
35936
35942
35986
35864
35821
35875
35857
35976
35932
35907
35888
35952
35883
35942
35897
35913
35926
35924
35931
35975
35987
35907
36003
35965
35917
35988
35925
35899
35931
35913
35845
35953
35973
35856
35936
35855
35916
35945
35983
35976
35932
35964
35956
35947
35992
35912
35947
35979
35950
35988
35994
35971
35969
35876
35941
35958
35917
35960
35889
35978
36006
35949
35861
35850
35919
35948
35972
35926
35962
35999
35935
35960
35879
35869
35940
35829
35944
35903
35940
35913
35851
35899
35966
35864
35931
35910
35868
35950
35803
35859
35788
35980
35992
35979
35919
35835
35958
35887
35831
35958
35907
35922
35960
35930
35964
35867
35974
36019
35916
35933
35883
35952
36016
35996
35897
35944
35811
35957
35958
35883
35878
35918
35919
35947
35929
35987
35990
35919
35918
35867
35781
35873
35937
36001
35974
35918
35967
35911
35964
35946
35955
35931
35859
35957
36015
35903
35920
35903
35964
36009
35925
35864
35933
35923
35951
35926
35807
35828
36021
35846
35862
35942
35902
35932
35918
35892
35914
35941
35949
35923
35944
35891
35903
35899
35976
35868
35932
35972
35882
35954
35920
35948
35992
35896
35929
35858
35893
35919
35959
35919
35919
35916
35918
35913
35876
35945
35947
35921
35944
35932
35887
35952
36003
35918
35871
35962
35866
35923
35991
35922
35949
35952
35857
35896
35849
35911
36012
35965
35962
35907
35947
35919
35874
36026
35927
35883
35863
35925
35876
35817
35935
35955
35981
35929
35925
35916
35968
35970
35948
35945
35933
35843
35920
35925
35940
35867
35938
35977
35951
35924
35957
35849
35977
35908
35964
35979
35945
35925
35927
35957
35947
35873
35906
35946
35909
35947
35923
35941
35900
35968
35993
35954
35899
35902
35987
35900
35936
35932
35926
35923
35919
35784
35950
35976
35991
35942
35967
35966
35991
35927
35977
36020
35931
35961
35859
35831
35938
35995
35970
35917
35933
35913
35910
35880
35978
35837
35890
35815
35793
35839
35963
36002
35936
35938
35942
35953
35923
35949
35964
36041
35964
35923
36052
35915
35929
35971
35865
35887
35839
35932
35890
35811
35940
35872
35927
35880
35875
35936
35843
35924
35909
35938
36012
36020
35954
35877
35848
35960
35990
35907
35923
35901
35950
35986
35909
35941
35979
35889
35907
35830
35935
35787
35986
35925
35913
36017
35879
35972
35875
35877
35836
35910
35974
35958
35939
35908
35921
35977
35922
35964
35873
35958
35980
35919
35937
35902
35970
35936
35883
35914
35947
36010
35879
35914
35966
35972
35955
35896
35911
35819
35966
35899
35927
35929
35982
35939
35825
35995
35825
35857
35991
35887
35899
35959
35890
35882
35857
35941
35869
35892
35940
35979
35898
35842
35872
36007
35870
35853
35958
35935
35787
35924
35910
35946
35988
35912
35941
35938
35850
35940
35856
35963
35965
35917
35957
35892
35939
35969
35913
35896
35965
35911
35994
35980
35892
35913
35839
35969
35944
35910
35786
35882
35924
35907
35883
35950
35960
35951
35933
35872
35891
35945
35843
35961
35956
35906
35890
35851
35969
35911
35878
35884
35920
35836
35904
35959
35915
35913
35872
35977
35852
35868
35969
35940
35940
35904
35899
35965
35943
35981
35982
35851
36018
35915
35910
35918
35940
35955
35904
35927
35918
35851
35828
35903
35863
35950
35931
35848
35912
35926
35912
35856
35934
35990
35969
35911
35915
35894
35867
35934
35930
35967
35941
35936
35875
35989
35919
35909
35953
35973
35915
35903
35959
35987
35841
35868
35897
35951
35931
35978
35933
35962
35975
35995
35965
35975
35930
35922
35931
35967
35940
35926
35869
35926
35964
35885
35907
36006
35935
35902
35940
35960
35916
35859
35882
35972
35878
35961
35978
35922
35901
35979
35954
35903
35913
35918
35912
35979
35923
35940
35986
35822
35899
35972
35909
35906
35826
35966
35948
35926
35883
35895
35914
35923
35831
35943
35965
35945
35923
35957
35940
35936
35969
35991
35921
35903
36014
35926
35932
35906
35972
35913
35968
35993
35944
35818
35956
35887
35899
35871
35985
35996
35913
35922
35933
35870
35892
35887
35970
35813
35909
35794
35915
35911
35851
35843
35862
35988
35886
35888
35913
35826
35984
35932
35862
36017
36002
35876
35896
35904
35968
35958
35807
35972
35933
35925
35932
35984
35973
35905
35870
35966
35934
35931
35944
35975
35901
35952
35862
35936
35870
35967
35954
35908
35930
35923
35910
35995
35943
35928
36005
35859
35903
35951
35960
35959
35985
35991
35949
35967
35961
35935
35931
35933
35973
35830
35978
35904
35845
35961
35958
35891
35918
35920
35968
35924
35905
35950
35962
35950
35926
35898
35899
35943
35971
35938
35929
35971
35882
35824
35871
35918
35932
35840
35833
35903
35915
35993
35947
35913
35897
35966
35988
35911
35890
35917
35858
35858
35912
35960
35921
35923
35934
35954
35889
35924
35887
36037
35899
35914
35986
35904
35915
35849
35953
35933
35884
35972
35954
35904
35934
36005
35906
35957
35983
35995
35953
35995
35929
35983
35935
35939
35950
35884
35943
35967
35918
35886
35968
35984
35917
35922
35883
35840
35874
35875
35776
35940
35929
35954
35985
35826
35914
35991
35997
35915
35914
35957
35855
35967
35918
35952
35986
35958
35946
35911
35949
35979
35963
35859
35909
35994
35894
35951
35946
36018
35951
35906
35932
35934
36024
35990
35959
35934
35976
35896
35901
35893
35964
35864
35906
35923
35971
35854
35957
35913
35977
35900
35877
35921
35930
35886
35889
35948
35969
35944
35931
35933
35944
35899
35963
35961
35911
35890
35966
35940
35919
35889
35899
35932
35897
35841
35839
35903
35845
35821
35744
35929
35961
35903
35915
35995
35953
35960
35971
35966
35991
35948
35901
35964
35985
35919
35844
35886
35937
35999
35945
35942
35882
35952
35978
35937
35883
35919
35918
35924
35984
35971
35922
35907
35946
35855
35927
35929
35913
35841
35835
35934
35956
35944
35903
35939
35968
35959
35879
35922
35970
35920
35910
35801
35917
35872
35946
35987
35945
35921
35940
35892
35979
35967
35945
35957
35942
35930
35943
35899
35884
35909
35880
35926
35987
35977
35914
35892
35923
35952
35940
35902
35933
35977
35890
35906
36015
35918
35892
35877
35855
35820
35901
35844
35819
35811
35828
35898
35979
35958
35915
35913
35892
35991
35900
35901
35860
35989
35910
35979
35916
35964
35982
35912
35968
35929
35952
35959
35945
35927
35971
35903
35927
35966
35916
35883
35978
35881
35928
35954
35918
35918
35976
35993
35949
35942
35958
35871
35939
35825
35868
35847
35868
35873
35907
35993
35930
35944
35966
35988
35941
35955
35890
35991
35899
35921
36007
35893
35893
35853
35998
35863
35865
35914
35814
35905
35835
35868
35944
35972
35922
35877
35931
35986
35964
35923
35895
35915
36001
35915
35891
35966
35946
35909
35896
35895
35952
35942
35942
35946
35875
36007
35899
35813
35841
35869
35809
35963
35905
35905
35951
35926
35909
35911
36009
35954
35998
35978
36019
36000
35976
35948
35995
35982
35987
35936
35974
35964
35919
35959
35911
35981
35941
35917
35922
35912
35942
35903
35875
36019
35895
35922
35952
35998
35947
35917
35921
35988
35902
35909
35917
35852
35947
35981
35939
35898
35841
35935
35858
35941
35909
35891
35800
35797
35947
35917
35916
35940
35820
35888
36019
35914
35873
35960
35911
35972
35916
35882
35986
35994
35928
35932
35893
35944
35900
35918
35951
35903
35916
35936
35869
35891
35978
35964
35940
35897
35952
35927
35913
35812
35865
35986
35896
35874
35938
35959
35935
35906
35940
35979
35933
36010
35964
35997
35998
35966
35921
35938
35928
35894
35993
35976
35865
35846
35909
35951
35964
35894
35981
35862
35963
35941
35911
36000
35837
35965
35997
35962
35919
35916
35975
35987
35957
35962
35924
36003
35948
35960
35876
35972
35990
35934
35948
35931
35935
35971
35919
35970
35964
35989
36014
35864
35938
36007
36004
35933
35935
36003
36004
35966
35952
36004
36002
35926
35899
35905
35952
35905
35928
35969
35906
35914
35918
35987
35878
35925
35902
35884
35926
35878
35999
35844
35981
35968
35931
35961
35997
35974
35969
35894
35904
35963
35887
35935
35963
35950
35905
35881
36007
35936
35914
35903
35923
35963
35941
35939
35930
35958
35932
35947
35994
35976
35936
35938
35958
35844
35936
35899
35851
35891
35933
36003
35868
35831
35980
35956
35903
35982
36019
35914
35925
35904
35924
36001
35952
35980
35883
35903
35938
36005
35980
35943
35859
35874
35923
35947
35955
35892
35859
35898
35983
35909
35976
35897
35932
35961
35935
35917
35958
35778
35847
35953
35988
35973
35980
35920
35863
35916
35882
35915
35950
35969
35882
35869
35901
35973
35864
35772
35907
35926
35945
35952
35892
35850
35920
35839
35925
35905
35955
35861
36005
35851
35909
35912
35947
35965
35967
35940
35939
35931
35887
35931
35876
35913
35971
35972
35939
35976
35941
36000
35899
36001
35966
35958
35875
35969
35905
35899
35851
35903
35927
35984
35916
35902
36038
35909
35968
35797
35964
35928
35944
35923
35998
35976
35947
35877
35955
35939
35976
35869
35862
35974
35883
35933
35931
35973
35899
35949
35899
35921
35965
35877
35889
35958
36043
35811
35938
35941
35951
35853
35926
35902
35843
35830
35992
35866
35983
35984
35952
35903
35958
35841
35904
35897
35988
35979
35899
35900
35798
35842
35969
35982
35908
35914
35889
35910
35953
35998
35866
35934
36015
35884
35979
35904
35967
35934
35903
35979
35960
35995
35931
35883
35869
35912
35964
35900
35896
35884
35991
35875
35986
35972
35949
35962
35900
35910
35981
35983
35954
35985
35879
35940
35930
35970
35936
35947
35848
35944
35994
35911
35899
35885
35915
35928
35979
35898
35879
35955
35952
35964
35998
35923
35886
35972
35960
36002
35915
35907
35999
35920
35914
35868
35899
35986
35939
35934
35902
36001
35943
35903
35888
35858
35999
35984
35910
35918
35912
35872
35900
35918
35897
35915
35894
35923
35937
35913
35987
35994
35880
35996
35983
35863
35865
35881
35889
35957
35905
35893
35906
36023
35956
35895
35955
35970
35953
35898
35966
35943
35935
35982
36038
35973
35983
35973
35906
35988
35984
35834
35925
35863
35975
35977
35889
35911
35881
35790
35893
35923
35947
35858
35892
35981
35909
35923
35907
35911
35930
35909
35844
35960
35900
35972
35866
35916
35898
35994
36022
35954
35943
35939
35881
35820
35972
35883
35841
35920
36006
35956
35903
35960
35855
35834
35978
35954
35934
35900
35862
35910
35929
35950
35932
35937
36039
35920
35971
35941
35995
35904
35903
35965
35977
35937
35975
35951
35919
35982
35928
35916
35817
35815
35895
35950
35784
35889
35904
35891
35912
35873
35964
35893
35865
35939
35902
35890
35938
35934
35951
35986
35923
35971
35858
35942
35927
35874
35934
35868
35986
35973
35961
35890
35941
35909
35970
35951
35944
35914
35831
35777
35906
35901
35921
35929
35931
36002
36006
35909
35903
35967
36011
35956
35921
36011
35882
35829
36008
35956
35915
35965
36001
35957
35874
35934
35945
35920
35894
35921
36008
35878
35888
35840
35804
35901
35996
35878
35890
35979
35890
35944
35942
35848
35822
35902
35940
35976
35873
35880
35827
35909
35899
35926
35851
35930
35926
35979
36017
35932
35955
35997
35950
35893
35825
35956
35962
35962
35948
35915
35917
35967
35974
35953
35950
35920
35825
35931
35938
35955
35893
35941
35887
35863
35819
35920
35937
35902
35989
35889
35926
35993
35986
35927
35943
35902
35993
35851
35869
35980
35925
35979
35842
35872
35913
35935
35892
35937
35890
35948
35941
35923
35950
35944
36014
35923
35886
35885
35831
35936
35907
35951
35994
35927
35964
35995
35946
36000
35954
35903
35864
35924
35976
35911
35973
36004
35932
35951
35924
35931
35826
35994
35898
35961
35903
35834
35895
35959
35949
35895
35915
35880
35921
35928
35911
35940
35824
35895
35979
35878
35885
35877
35938
35861
35919
35838
35939
35907
35952
35982
35829
35934
35972
35921
35905
35901
35877
35957
35962
35993
35896
35841
35893
35838
35996
35929
35874
35935
35945
35861
35881
35881
35921
35851
35998
35963
35861
35920
35927
35960
35935
35881
35966
35977
35904
35966
35856
35852
35828
35942
35934
35903
35911
35837
35877
35974
35887
35939
35923
35906
35916
35992
35933
35893
35901
35979
35816
35909
35882
35938
35872
35979
35904
35905
35982
35979
35946
35934
35855
35942
35927
35851
35946
35854
35859
35955
35915
35951
35858
35886
35935
35879
35829
35928
35973
35964
35930
35945
35934
35911
35889
35960
35969
35913
35893
35952
35903
35967
35919
35908
35914
35962
35953
35905
35943
35983
35979
35966
35971
35889
35938
35986
35938
35984
35936
35985
35893
35894
35976
35901
35921
36022
35901
35884
35938
35886
35861
35911
35941
35909
35892
35863
35938
35964
35942
35918
35927
35898
35959
35980
35904
35916
35954
35993
35960
35925
35893
35979
35933
35948
35837
35873
35888
35889
35945
36000
35866
35883
35930
35846
35821
35975
35855
35970
35958
35953
35987
35862
35907
35981
32669
32669
32669
32669
32669
32669
32669
32669
32669
32669
32669
32669
32669
32669
32669
32669
32669
32669
32669
32669
32669
32669
32669
32669
32669
