9910
37313
37263
37412
38137
37648
37733
37345
37143
38273
37375
38265
37222
38408
37428
37598
37026
37673
37319
37375
37325
37559
38315
38059
37528
38266
37851
37624
37292
37366
38130
37819
38425
37633
38252
38123
38414
37793
37747
37217
37352
37723
37908
37210
38138
37846
37542
37600
37338
38495
38302
37545
38633
37369
37409
37578
38445
37330
37288
38199
38104
37142
38437
37265
38336
38221
37467
37381
37412
38075
37261
37386
38000
38342
37859
38378
37747
38448
38245
37450
38430
37449
37913
38431
38029
37952
37357
37283
37671
38477
37535
37889
37377
38323
37326
38214
37556
38226
37499
38558
37758
37348
37750
37862
37291
38161
37596
38394
38268
37563
38462
37533
37464
38066
37258
37443
38004
37437
38145
37375
37844
38043
37725
38433
38320
37553
37365
37314
37546
37862
38316
38185
37642
37266
37296
37405
38414
38114
37602
37264
37229
38382
38131
38022
37253
37725
37662
37996
37469
38478
37646
37895
38516
38167
37213
37422
37532
38479
37302
38343
38471
37362
37467
37371
37514
37928
38339
38451
37271
37805
37641
37525
38040
37260
37963
37648
38384
37329
37861
37300
37256
38288
37224
38388
38145
37623
38123
37202
38024
37446
38372
37362
37544
37691
38040
38478
38144
37775
37372
38490
37708
37590
37549
38510
37434
38355
38169
38150
37585
37436
38540
38308
37307
38383
38626
37831
38678
38404
37509
38204
37355
37306
37251
37983
37691
37514
37262
37341
37444
37594
38277
37744
38169
38320
37538
37990
38329
38370
37860
38514
37385
38465
38246
37350
38287
37613
38170
38530
37325
38457
37405
38249
37988
38131
37751
37662
37442
37506
38469
37330
37771
37309
38373
37826
37606
37296
37484
37434
37261
37377
38319
37278
37386
38404
38317
37475
37370
38118
38216
38376
37850
38336
37839
37173
37229
38031
37703
37607
38443
37812
37879
38368
38361
37852
37601
38093
37417
37418
38389
37313
38485
37999
37733
37453
37603
37421
38384
38188
37502
38124
38279
38348
38329
37751
38464
37506
38237
37938
37779
38311
37522
37550
37934
38366
38428
37775
37656
38547
38249
38146
38339
37357
38323
38271
38155
37529
38332
38103
37601
37804
38341
37279
38468
37262
37821
37571
37499
38371
38555
38370
38364
38364
37285
37239
37281
37995
37625
38347
37697
38401
37431
38237
37688
37645
37602
38359
37911
38351
37587
38516
37482
38550
38421
37646
38328
37480
38312
37321
38364
37464
38290
37500
37400
38285
38286
38375
38356
37854
38351
37913
38149
38324
37402
37896
38374
37958
37285
38225
37577
37481
37430
37727
38123
38387
38038
37319
37864
37642
38259
37990
37879
37517
38341
38428
37864
38222
38495
37455
37214
38257
38515
38017
38503
37844
38360
37509
38235
37796
38462
37691
37350
37390
37355
38307
38352
38295
37999
37611
38071
38251
37678
37347
37224
38198
38221
38236
37554
37309
37295
37335
38503
37793
38355
37546
37468
37445
37473
37214
37502
37913
38411
37591
37537
37436
37194
37514
37278
37482
37692
38279
37452
38330
38362
37454
37867
38496
38350
37595
37346
38411
38612
38184
38334
37798
37243
37530
37405
37359
37402
38340
38270
37729
38564
37818
37495
37378
37864
38000
37571
37827
38427
37467
37140
37795
38464
37837
37446
37776
37911
38165
37487
37451
37359
37265
37208
37807
37833
37351
38177
38490
37926
37517
37338
37433
37531
38399
38176
37607
37560
38149
38114
38115
38019
38505
37797
37419
37477
37377
37345
37443
37820
37358
37334
38072
37250
37422
37716
38083
38570
37423
37345
37679
37245
38125
37383
37645
38147
38733
37927
37433
37594
38191
38388
38612
37573
37665
38438
38464
38028
37316
38056
37502
37341
38313
37904
37578
38314
38297
38563
37830
37390
37786
38334
38355
38516
38118
37589
38524
37293
38311
38546
37627
37355
37609
37534
38235
38256
37304
37324
38463
38064
37749
38068
38485
37734
37815
38411
38490
37885
37642
38374
37377
36950
37290
37654
37465
38364
37636
37499
38446
38676
37696
37296
38352
38359
38060
37488
37914
37191
37357
37273
37591
37441
38450
37525
37620
38136
37398
37798
37336
37587
37493
37418
37557
37942
37475
37383
37299
37565
38201
38331
37814
38182
38037
38188
38326
38017
37232
37622
38384
38581
38026
38515
37692
37393
38250
38221
37600
37511
37562
37447
37741
37876
37411
38435
38173
38430
38055
37838
37705
37545
37334
37761
37841
37780
37523
37521
37532
37409
37541
37392
37506
38309
37328
38519
38099
38183
38458
37514
37670
37289
37464
37644
37685
38372
38322
37375
38487
38498
37527
37326
37491
37345
38372
37569
37209
37398
38421
38580
37460
37348
37530
37735
37614
38137
38320
37421
37794
37867
37825
37665
37691
37306
37547
37701
37638
37476
37302
37974
37316
37759
37927
37357
37876
38382
37637
37423
37458
37811
37178
38456
38305
38382
38342
37314
38147
38368
38042
38238
38274
37806
37474
37587
38485
37933
37649
37431
38203
37388
37355
37433
37601
38470
37261
37924
38006
37846
37946
37333
37372
37964
38512
37530
37398
37312
37378
37529
37740
37537
37664
38002
38186
37380
37339
37278
37443
37385
38341
37649
37380
37441
37254
37512
38299
38171
37246
37555
38031
37594
37220
37488
38311
37301
37804
37694
38310
38308
38454
37371
38314
37261
37690
37616
38401
37592
37628
37505
38517
38157
37948
37480
37168
37599
37561
37640
37410
38335
38310
38377
38383
37359
37283
37291
37458
37488
37294
38342
37685
37378
38209
38620
38199
38527
38374
38376
37707
38186
37278
37421
37419
38062
38390
37606
38338
38388
38441
37678
38251
37728
37347
37651
37392
37314
37413
37584
38023
38348
37319
38202
37337
38505
37315
37381
37492
37358
38170
37483
38189
38487
38270
37630
38029
37659
38441
37723
38145
37662
37956
38090
38035
38061
38215
37887
38329
38073
38588
37389
37568
37638
38135
37217
37421
38327
37366
37476
38105
38664
37430
37439
38342
37347
38343
37547
37943
37306
37412
38357
38433
38318
37676
37548
37387
37612
37928
38343
37540
37446
38342
38347
37707
38310
38593
37839
37483
37703
37415
38348
37999
38322
37795
38411
37387
37207
37478
37168
38099
37823
38272
37408
37845
38019
37789
37237
37598
37239
38248
37273
38061
38480
37495
37655
38106
38342
38645
37510
38002
38086
38030
37382
37288
37570
37446
37449
37855
38360
38320
38344
37605
37891
37745
38084
38494
38295
37438
37277
37565
37575
37378
37761
38196
37804
37993
37532
38706
37344
37287
37591
37745
37781
37875
38210
37437
37944
37494
37563
37511
37889
37302
38559
37482
37430
37628
37389
37494
37773
37468
37482
37929
38430
38374
37620
38326
37770
38071
38539
38301
37440
38491
37362
37872
37330
37637
37756
37360
37180
37113
37226
38114
37563
38251
37403
37480
37612
37328
37321
38263
37329
37350
38359
37266
37320
38027
38117
38586
37799
37990
38310
38380
37300
37479
37397
37351
37958
38324
37755
37417
37429
38367
38437
38502
37253
37472
38266
37277
37466
37442
38159
37859
37558
38194
37348
37615
37361
37441
37460
37337
37307
37898
38532
38007
37386
37315
38211
38523
38481
38463
38568
38427
38544
38439
37807
37480
37404
37180
37378
37271
38263
37739
37599
37770
37513
37743
38039
37417
37292
38041
37613
37331
37284
38233
37796
37582
38498
38392
38464
38259
37265
37361
38456
37287
37851
37997
37430
37927
37903
37418
37503
37953
38533
37293
37879
37715
37357
38001
38128
37648
37975
37525
37585
37405
37558
37611
37327
37270
38259
38121
37946
38211
38293
37476
37505
37541
37868
38320
37542
37664
37596
37950
37959
38221
38509
37970
37684
37456
38333
37443
38210
37250
37967
37585
37277
38239
37436
38307
38560
38085
37630
37645
38386
37210
38242
37521
38339
37898
37359
37503
38632
38456
38388
37307
38258
38467
38293
37276
38251
38077
37828
37343
37565
38706
38351
38447
38373
37556
37611
37933
37365
37749
37875
37433
38022
37341
37624
37434
38189
37477
38549
37404
37319
37237
37542
37704
37386
37317
37831
37340
37452
38382
37856
38347
38379
38405
38236
38625
37429
37311
37575
37428
37933
37468
37323
37483
38083
37457
37590
38582
38400
38520
38466
37613
38185
37296
37665
38506
38098
37370
37623
37061
37364
37807
37385
38336
37724
38147
38201
38466
38618
37473
38016
37397
38133
37781
38427
37421
37933
37759
37421
38305
38579
38409
37494
37766
37814
37945
37161
37306
37577
37541
37458
37625
38159
38295
37778
37939
37249
38286
37478
37263
38141
38452
37435
38312
37516
38057
37499
37291
37782
38660
37704
38649
38347
38346
37307
38410
38215
38250
37427
37526
38379
38607
37462
38279
37626
37463
37606
37319
37262
38175
37933
37858
37301
37476
38305
38396
38365
38083
38042
38113
38156
37543
38020
38164
38639
38570
38541
37392
38453
38267
37991
38528
38111
38576
37376
37393
37961
38016
37455
37434
38356
38374
38205
38173
37371
37556
38059
37352
37904
37294
37533
38295
38217
38421
37591
38584
37518
37566
37801
37438
37796
38291
38466
38340
37602
37374
37398
38420
37402
37835
37324
37321
37484
37608
38598
37409
37554
38274
37478
37518
38237
37475
37861
38309
38331
38318
37985
38361
37430
38420
37458
37550
38272
37903
38568
37716
37501
37873
37714
38379
38379
37664
38246
37662
37354
38362
38324
37817
38123
38283
38016
38086
38019
37789
37376
37916
37401
37426
38455
37455
37887
38235
37464
37667
37503
37491
38183
37320
37226
37683
38377
38446
38660
38366
38375
38252
37833
38219
38651
37406
37312
37741
37712
37811
38418
38118
37431
37404
37663
37729
37704
38027
37594
38243
37260
37449
37703
38180
38379
37529
37778
37377
37471
38193
38604
37646
37373
37364
37367
37690
38058
37794
38238
37446
37560
37727
37503
38249
38406
38660
37697
38055
37416
37323
37310
37729
37533
38048
37491
38044
38156
37736
37804
37718
37282
37677
37329
37296
37389
37198
37327
37873
37529
37098
37958
38195
37276
37490
37527
38316
37942
37742
38305
37529
37344
38488
38326
37995
38498
37803
37269
38519
37628
38426
38265
38207
37947
38317
38395
37902
37887
38117
37930
37665
38446
38140
38219
38311
38402
37524
37810
37340
38302
38312
37282
38572
37363
37452
37251
37491
38257
38030
38280
38407
37493
37475
37311
38205
38307
37394
38492
37218
37126
37618
37398
37387
37452
37427
38035
38319
37900
37936
38476
37555
38498
37854
37358
37682
37907
38213
37767
37889
37239
37663
37314
38256
37683
38380
38289
37542
38338
38208
38083
37475
37397
38072
38444
37551
38405
37627
38037
38014
38300
37433
38147
37368
37473
38434
37676
37994
38225
37317
37964
37607
38342
37630
37553
37509
37932
37984
38465
37338
37730
37873
37621
37549
38346
38483
38394
37450
38474
38406
37487
37587
38276
38358
38393
37479
37970
37237
37474
37326
37960
37509
37587
38507
38537
37829
37508
38184
37177
37525
37868
38060
38300
38592
37591
38002
37471
37406
38422
38525
38091
37394
37267
37420
37304
37601
38413
37616
37293
37232
37167
37258
38080
38304
37745
37818
37344
38246
38426
37444
37255
38099
37385
37452
38159
37412
37505
37338
37338
38407
38368
38582
38195
37371
37856
37448
37344
37983
37431
37613
38250
37514
38270
37995
37608
38179
37577
37438
38341
38201
38486
38363
38280
38292
37690
38547
37277
38001
37433
37364
37425
37771
37664
37471
38083
37343
37196
37441
38368
37525
38303
38288
37664
38260
38402
38398
38512
38510
38285
38522
38460
38551
37989
37877
38146
38511
38032
37375
37639
38111
37775
37365
37259
37712
37378
37594
38405
37429
38360
37442
37877
37714
37457
38630
37461
37699
37368
38459
38449
38259
37265
37741
37478
38436
38178
37305
38073
37759
37533
37318
38223
37187
37397
38126
38545
37440
37947
37967
37567
37477
37322
37390
38206
37796
37568
38320
38484
38325
37383
37461
37509
38207
37747
37665
38371
37289
37618
38029
37915
38124
38418
38401
37548
38268
38450
38571
38412
38508
38460
38514
38435
38060
38256
37570
38224
37449
38549
38262
38513
37904
37473
37944
37450
37376
37879
37655
37637
37925
38442
38398
38433
37445
37722
38144
37449
37807
37413
37705
37834
37897
37432
38204
37437
38036
37447
37370
37227
37575
37511
38299
37735
37707
37718
38408
37440
38091
38350
37484
38357
38114
37782
38020
37551
37314
37992
38474
37346
37792
37872
37347
38116
37768
37950
38268
37688
38090
38429
37433
38483
38478
38608
37352
37531
37597
37559
37730
38472
38403
37233
37197
37539
37431
37380
37355
37273
38277
38055
37228
37469
37933
37921
38359
38431
37452
38137
38412
37447
38071
37256
37450
38059
38239
37734
37503
38012
38372
38449
37390
37504
38480
38366
38377
38511
38129
37375
37537
37379
37309
38570
38185
37382
37744
37405
37355
38075
37316
37306
38309
37627
38006
38014
37377
37146
37859
37413
37237
38332
38300
37571
38347
37690
37252
37394
37776
38409
37278
37298
37402
37853
37985
38162
37915
38513
38318
37475
38029
38291
37714
38254
37299
37851
37663
37911
37397
37426
37686
38173
37533
38116
37783
38466
37202
37809
37857
37720
38113
38101
37326
38038
37359
37265
38149
38286
38531
38527
37977
38340
37500
38372
38077
38181
37417
37395
37821
37300
37355
38003
37490
37505
38117
37675
37303
38173
37457
37555
37856
37386
38160
38464
37539
37431
38404
37766
37509
37444
37745
38126
38449
37328
37269
38515
37727
37522
38210
37766
37139
37235
37376
37904
38508
37284
38154
37428
37325
37612
37206
38304
38426
38216
38503
38590
38456
38352
37630
37182
38241
37500
37168
38404
37485
37445
37717
37673
37360
37229
38234
38477
37572
37896
37403
37548
38553
37784
38414
38390
37549
38292
38401
37291
38329
38427
37134
37563
37301
37724
37769
38193
38192
38213
37429
37427
37282
37414
37515
37614
37438
38407
38410
37681
38161
37611
37338
38378
38449
38484
38556
38481
37745
38371
38541
37728
37624
37645
37344
37608
37578
37451
37267
38408
38363
37742
38004
37454
38261
37657
37868
37335
38407
37550
37823
38341
38151
37751
37432
37371
37360
37983
37380
37507
37286
38551
37324
37444
38165
38211
37517
37806
38497
38484
38760
38462
38387
38295
38527
37989
37459
37449
37179
38470
38448
37513
38284
37273
37746
38073
38003
37571
37990
37290
37312
38506
37849
37322
37411
38093
37467
38261
37453
38478
37672
37278
37336
38262
37487
37426
38420
37316
37783
38232
37335
38225
37991
37474
37234
38509
37567
37955
38595
38189
37300
38177
38497
38239
38117
38695
38400
38376
37105
38110
38480
37886
37526
38343
38074
37617
38380
38561
37292
37386
37616
37399
37475
37997
38384
37366
37560
37351
38355
38280
38324
38491
37937
37457
37933
37153
38355
37822
37346
38470
38488
37446
37577
37401
37966
37398
37267
37725
37341
37487
38131
37597
37439
37539
37376
37313
37537
38316
38354
38042
38321
38165
38323
37272
37583
37787
37285
37743
37440
37192
37337
37494
37426
38411
38383
38556
37655
37989
37871
38160
38275
37735
38493
37607
38109
38074
37709
38157
37564
37519
38015
37742
37909
38340
37755
38298
37217
37277
37477
37421
37775
38372
38370
38551
37542
38421
37412
37814
37370
38181
37548
37297
38378
38468
38542
37733
37515
37560
37820
37440
38296
37718
38073
38004
38431
38515
37807
38350
37344
37275
37425
38494
37339
37384
37497
38403
38141
37253
37343
38234
37352
38515
38041
38260
37738
38138
37535
37776
37458
37451
37170
37454
37654
38308
38199
37408
37773
37637
37432
38253
37457
38554
37590
37461
37839
37392
38330
37446
37707
37265
37645
37910
38103
37557
37286
38251
37417
37746
38501
38366
38271
37991
38466
37469
38343
37640
37771
37998
37460
37757
37867
37829
37115
38316
37270
37491
37262
37749
37485
38244
38057
37991
38513
37430
38411
38151
38360
38718
38285
38004
38427
38619
37341
37577
38370
37572
37634
37935
38157
38200
37432
37460
38474
38424
38577
37415
38469
38109
38388
38207
37537
37964
37422
37279
37352
38051
38417
37637
37265
37512
38167
37413
38431
38399
38562
37766
37888
38131
37237
38512
37274
37474
38257
37614
38455
38372
37354
38398
38392
38400
38166
37415
37433
37547
37646
37813
38176
38258
37365
37407
37644
37313
37836
37505
37444
37430
37867
37401
37592
38379
38452
37688
37431
37579
37436
37791
38500
37658
37755
37478
37826
38497
37785
37506
37571
37496
37603
37747
37902
38518
37322
37431
38456
38446
38319
37996
38098
38205
38223
38318
38215
37288
37852
37353
37437
38154
38204
37414
38417
37553
37546
38026
38290
37942
37383
37811
37399
38305
38556
38044
37215
37612
37939
38398
37865
38043
38268
37645
38516
38285
37408
38423
37577
37702
38504
38441
38252
38183
37662
37302
38295
38281
37382
37932
37150
37620
38483
37318
38288
38017
38256
38016
37961
38054
37620
38565
38078
37302
38279
37598
38283
38411
37157
37514
38348
38059
38547
38329
38493
37147
38298
37278
38382
37435
38317
37295
37858
37583
37611
37855
37280
37451
38573
37982
37371
38435
37803
37819
38307
37302
37822
37842
37847
38452
37410
37491
38219
38396
38486
38002
38181
37407
38469
38463
37390
38215
37902
38012
38243
37913
38022
37511
37438
37451
37552
37655
37829
37727
37691
37256
38279
37409
38524
37270
37624
37615
37939
38203
37727
37446
37125
38509
37434
37963
38410
38312
38402
38316
38285
38093
38369
38366
37514
37482
37533
38528
38239
37360
37562
37377
38593
38007
38350
37964
37361
38494
38426
37967
38207
37663
38424
37485
37985
38283
37767
37573
37362
38286
38270
38362
38312
38444
38494
38124
38036
38507
37631
37890
37690
38572
38000
38022
38497
38483
37447
37578
37504
37492
38396
38387
37415
37421
37433
37248
37290
38144
37899
37860
38382
37981
38046
38343
38356
38422
38582
38437
38211
37491
38347
37313
38419
37362
37639
38564
37380
37417
37508
38413
37263
37476
38420
38249
38353
38145
37702
37367
37680
37329
37970
37958
37907
37322
38074
37376
38389
37511
38151
37703
37865
38390
37426
38615
37515
37724
37570
37446
37653
37361
38255
37377
37460
37827
37535
37631
37462
37298
37766
37506
37616
37527
37526
37409
38631
38481
38327
37256
38322
37312
37851
37882
37492
37511
37974
37527
37203
37458
37279
37642
37496
37986
37452
37698
37660
37414
37356
38153
37914
38461
37817
37445
38193
38443
37972
37413
37780
37511
37334
38015
38536
37409
37450
37999
37321
37250
37347
37304
37768
37726
38132
38232
38773
37399
37370
37224
37330
37305
37499
38250
37806
37369
37566
37282
38194
38311
38229
38124
37609
37195
37986
37500
38463
37832
38032
37566
37360
37494
37984
37641
37557
37738
37986
38103
38505
37450
37656
37591
37790
38338
37331
37387
37514
37823
37739
38267
37628
37406
38428
38396
37685
37536
37810
37559
37476
37599
37479
38537
37303
38449
37501
37402
37843
37522
38519
38531
37582
37491
38486
37528
37556
37360
37531
37808
38170
37480
38095
37365
37442
38419
38098
37258
37829
38380
38417
38535
37876
38408
37393
37541
38006
37295
38445
38402
37366
38495
37250
37794
37836
38361
37521
38179
38108
37815
37769
38328
38538
38403
38366
38443
37638
37481
38116
37637
38487
37999
38297
37783
38311
38230
37843
38119
37437
38337
38293
38424
38271
38288
37860
38385
38151
37631
37663
37650
37446
37369
37345
37568
37329
37548
37782
38281
37294
37391
38004
37743
37973
37438
37395
37480
38334
38466
38496
37241
37422
38257
37560
37413
37712
37388
37961
37725
37328
37586
37418
37176
38253
38548
38467
38367
37518
38142
37719
38098
37215
38418
38395
37544
38233
37939
37967
38354
37594
38215
37720
38004
38033
38074
37668
38113
38352
37862
37832
37390
38102
37282
38086
38125
37538
38405
38270
37614
37309
37422
37850
37475
37446
37929
37901
37380
37327
37631
37359
37612
37577
37963
38236
37783
37428
37318
37621
38394
38156
38580
37343
37358
37799
37347
37425
37743
37343
37347
37437
38270
37306
37460
38479
38346
38562
37472
37273
38174
38072
37351
38069
37740
37351
37873
37389
37567
37832
37441
37716
37346
37303
38073
37841
37727
37621
38211
38191
37532
37508
37338
37506
37321
38262
37429
38136
38398
38177
38242
37948
37624
38520
37820
37437
37266
38078
37758
37472
37273
37475
38124
38163
37516
38497
38164
38156
38423
38343
38317
37765
37978
37454
38379
37549
37489
38479
38065
37194
38046
37665
38419
37539
37762
38085
37426
37923
38164
37531
37410
37294
38492
38480
37576
37607
38402
38028
38133
37640
37575
37332
38415
38457
38459
37262
38122
37746
38315
37649
37392
37368
37340
37457
38201
37270
37856
37915
37583
38393
38526
38662
38462
37857
37672
38176
38004
37542
38369
38562
37539
38362
38220
38528
38201
37453
37650
37969
38318
37925
37630
38440
37447
38220
37402
38164
37454
37442
37477
37691
37402
38265
37644
37663
38201
38380
38474
37813
37471
37949
38158
38524
38481
37197
37663
37178
37263
38418
38122
38191
38245
37834
37145
38278
37868
38378
37424
38298
38425
38151
37833
38379
37430
37479
37465
38007
38277
37398
38446
38368
38263
37928
37619
38678
37253
38104
37687
38087
37789
37437
38147
37400
38232
37741
37536
38081
37188
38495
37398
37432
37867
37224
37132
38401
38448
38262
37742
38249
37448
37895
38387
37366
37352
37327
37573
38544
37765
37821
37197
38263
38543
37879
38216
37739
38525
38316
37921
37438
37395
38510
37601
38029
38259
38377
37519
38303
38489
37284
38319
37438
37505
38171
37755
37599
37333
37360
37286
38208
37723
37987
37500
38051
37999
37211
37943
37997
37482
37478
38445
38363
37358
38247
38227
37932
38355
38152
38304
38372
37440
38606
37991
37553
37471
38271
38257
38141
38447
38457
37950
37594
38003
37374
37474
38169
37387
38413
37793
37436
37804
38189
37525
37788
37478
38481
37273
37981
38360
38023
37259
38456
37802
37983
37630
38047
38198
37511
37806
38134
37974
37303
37158
38382
38393
37505
37508
38266
37874
37504
37319
37664
37268
37479
38167
37868
37380
37409
38107
37554
38298
38256
37537
37441
37399
37721
38141
37951
37150
37920
38046
38143
38234
38153
37459
38171
37367
37518
37479
37416
37941
38144
38388
38069
38036
37434
38500
38327
37897
38301
37378
37346
37370
37552
38439
37255
38312
37971
37867
37988
38071
37631
37312
38350
38285
37411
37158
37494
38326
38418
38316
37291
38579
37759
37660
38255
37717
37645
38116
37278
37323
37455
37543
37834
37850
38504
37913
37428
37722
37281
38449
37732
37301
37788
38136
38476
38376
38404
37637
37544
37612
37479
37846
37847
38323
37334
37418
37541
37210
38366
38029
37420
37733
37306
38167
38327
37541
37402
37278
38186
37593
38387
38073
37274
38681
37482
38386
37420
37487
37465
38465
38158
37709
37776
37283
38253
37249
38266
38430
38355
37537
37564
37360
37618
38180
38489
38406
37328
38243
38206
38513
38418
37345
37349
37714
37835
37702
37590
38231
37611
38417
38439
37645
37612
38274
37904
38478
37140
38371
37522
37630
37827
37272
37608
38152
38264
38593
37437
37945
37238
38263
38327
38101
37316
37778
38199
37461
38111
37654
37361
38213
37787
38098
38425
37865
38567
37531
38260
38002
37578
37368
37480
37433
38257
37277
37617
38179
38449
37982
37351
38367
38256
37757
37503
37624
37657
37544
37375
37443
37611
37494
38531
38450
37952
38489
38269
37347
37545
37338
37389
37841
37293
37703
37375
38035
37666
37551
38525
37399
38109
37677
38318
37852
37411
38289
37235
37415
37393
37448
38470
37501
37457
37585
37789
37677
38480
37155
37386
38351
37779
37330
38051
38312
38122
38392
38333
37490
37996
38171
37348
38387
38603
37583
37520
38271
38104
38221
38554
38274
37471
37906
37278
37298
38526
37545
37481
37522
37839
38187
37436
37454
37550
37531
37381
38250
37407
38127
38104
37439
37899
37614
38327
38418
38470
37262
38565
37338
37627
38400
38175
37702
38210
38290
38030
37344
38299
38178
38474
38564
37478
37269
38006
37450
37242
38111
37254
37883
38532
37947
38350
38372
37414
37649
37862
38031
38489
38288
37338
38563
37976
37863
38596
38488
38331
38264
38167
38264
38581
38239
37904
37918
38346
38395
38332
38609
38540
37987
38284
38066
37885
37584
38040
37387
38195
37569
37307
37376
37993
37548
37294
37078
37721
37437
38443
37565
37939
37665
38468
38172
38418
38393
37947
37849
38451
38269
38451
38176
38328
37666
37398
38214
38439
38081
38431
37733
37439
37433
38029
37809
37361
38253
38362
37768
37429
37282
37183
37270
37438
37783
37308
37366
37604
38032
37539
37631
38103
37309
37266
38000
37619
37400
38410
38559
38595
37528
38183
37529
38208
38122
38534
38301
37784
37373
38258
37422
37347
38320
37537
38209
37867
37450
37528
38155
37383
37636
38274
38275
37422
38328
38285
38131
38485
38188
37566
37510
37582
37417
37520
38194
37765
37459
38044
37734
37973
38337
37747
37571
37311
38452
38449
37625
38512
38058
38593
37513
38435
37941
38020
38494
38197
37872
37305
37779
37550
38211
38583
37460
38383
38203
38516
38220
38712
37810
37825
37474
37471
37400
37307
38225
37692
38368
38356
38076
37564
37384
37571
38514
38422
38183
37892
38430
37656
37410
37636
37542
38313
37863
37713
38061
37853
37435
38200
38069
37575
37468
38001
37665
37264
37307
38513
37390
37726
37584
37384
38154
38209
38338
38303
38447
38552
38342
38463
37282
37514
37488
37618
37306
37915
37371
38581
37450
37373
37510
38362
38360
37808
37766
37971
37979
37346
37331
37477
37835
37941
37628
37880
37325
38438
38159
37391
37791
38331
37624
37378
38462
37244
37955
38301
38192
37325
38041
37722
38267
37349
37338
37514
38401
38408
38167
38499
38588
37673
37434
37602
37510
37818
38277
38493
38399
37613
37685
38042
38397
38020
37884
37878
37201
37338
37731
38273
37893
37431
37556
37282
37186
37580
37464
37398
37383
38388
37932
37795
37464
38145
37422
37317
37815
38490
37806
38338
37778
37635
38250
38274
37897
37854
38289
37908
37216
38426
38439
37665
37682
37371
37356
37672
38176
38191
38414
38558
38069
38287
38360
37363
37133
38392
37777
38372
37460
38018
37353
37350
37581
38376
37605
38257
37478
38203
37759
37254
38143
38202
37745
37600
37579
37806
37949
37463
38120
37422
37545
37261
37547
37355
37299
38283
37194
37609
37281
38439
37444
38200
38145
37517
38315
38294
37719
38359
37418
37422
37179
37547
37692
37553
38318
38045
37265
37418
38264
37154
37797
38165
38368
38702
38404
38493
37197
38421
38134
37355
38255
38281
37349
38413
37804
38367
37905
37456
38181
37429
37803
38496
37369
37885
38245
37333
38345
37398
37569
37599
37436
38011
38306
37657
37462
37422
38392
38429
38423
37447
37411
37391
38057
37344
38063
37566
38214
38606
38556
38140
37497
37434
37448
38312
38386
38331
37280
37492
38310
38183
37647
38414
37474
37490
37383
37453
37850
37192
37565
38178
38167
38112
37670
37486
38648
37478
38432
37842
37519
37608
37383
37729
37744
38083
37300
37655
37551
38223
37608
38180
38273
37803
38260
38419
38559
37384
38418
38546
38524
38620
37562
37394
37446
38329
37224
38203
38103
38056
37807
38315
38304
37261
38499
38179
37184
37992
38315
38050
38331
38327
37423
37922
37477
37367
37335
37730
37414
37673
37517
37740
37434
37450
37712
38332
37323
38270
38256
37467
38304
37535
37826
38123
38301
37429
38322
38093
38499
37202
38463
37728
37324
38299
37688
38186
38184
37539
37532
38003
37689
37650
37400
37348
38367
37277
37585
37570
38437
38328
37918
38131
38254
38406
38297
37238
37426
38092
38258
38394
38668
37234
38293
37824
38524
38421
37302
37341
37167
37326
38398
37899
37406
38328
38428
37516
38404
37188
38221
37254
37326
38106
38421
37294
37510
37711
37567
37814
38041
37839
37826
38356
38500
37405
37435
38387
37329
37778
37322
38195
38430
38637
37653
38469
38432
38190
38520
38502
37681
37144
37549
38491
38325
37537
38143
37370
37414
37448
38341
37344
38430
37459
38516
37765
37494
38294
37657
37706
37482
38336
37012
37893
37690
37815
37479
37689
38274
37295
37348
37305
38247
37838
38357
38343
37288
37897
38401
38524
37719
37519
37527
37537
37472
38097
38296
37278
37875
38187
37556
37602
38261
37352
37823
38572
37733
37628
37422
37516
38291
38419
38019
37346
37496
37484
38644
37595
37944
38353
38341
38610
38560
38454
37402
37305
38108
38316
38355
37204
38415
38036
37647
37448
37542
38544
38013
37586
37757
38240
37847
37461
37585
37828
38118
37611
37517
37668
37709
37834
38640
37443
38336
38091
37586
37510
38046
37444
37910
37553
37552
37702
38269
38146
37947
38181
37587
37217
37322
37558
38100
37581
38177
37495
38010
37549
38638
38102
37429
37896
37472
37423
38439
37402
37668
38480
37542
37473
37406
37544
37593
38339
38485
38493
37387
38393
37838
38404
37182
38108
38161
37621
37905
37736
38166
38412
37418
37661
37433
37337
37995
38270
37223
37568
37515
37372
38177
37276
37323
38241
37197
37633
38340
37514
37337
38277
37431
37433
37809
38422
38344
38546
38455
38376
37553
37393
38125
38206
37402
37447
37742
37286
38379
37337
38558
37925
37304
37510
37539
37513
37956
37489
37520
38228
37913
38084
37730
37877
38236
38221
37447
38192
37505
37954
38101
38041
37224
37403
37484
38222
37510
37353
37394
38418
38454
38130
38247
38127
37567
37304
37330
38630
38187
37391
38376
38452
38327
38083
37497
37699
37839
38398
38341
37416
38520
38399
37297
37398
38394
38395
37782
38381
38396
38315
37473
37713
38145
37470
37504
38525
38077
37487
38371
38189
38098
38138
38509
37567
37752
37759
37362
38382
37447
38104
38406
37796
38161
37631
38173
38292
38145
38333
38433
37348
37732
37635
38404
38508
38384
38100
37652
37877
37426
37327
38309
37536
37387
37770
37190
37290
37811
37709
37503
37790
37395
38068
37503
38195
37438
37547
38283
37549
37981
37813
37306
38018
38157
37911
38218
37787
37540
37550
37712
37417
38219
37924
38268
37949
37408
38441
37171
37583
37356
37422
37879
37437
37267
38185
37239
37571
37690
37326
37412
37707
38320
37868
37417
37715
38191
37538
37710
38607
38376
37953
37635
37369
38117
37358
37642
37363
37513
37380
37546
38026
38221
37622
38274
38177
38342
37463
37984
37424
37908
38571
37396
37587
38427
37871
37637
38060
37371
38010
38583
37392
37535
38093
37880
37440
38178
37287
38234
38184
37898
37536
37291
37384
37903
37987
37338
37323
38471
38551
37298
37589
37806
38173
37335
37815
37433
37534
38383
38406
38632
38517
37471
38187
37911
37855
38148
37333
37947
38100
38125
37393
37441
38202
38115
37843
38488
37381
37286
37814
37326
37564
38225
38180
37480
38345
38277
37422
37582
38081
37633
37767
37542
37214
38311
37597
37429
37405
37462
37306
38039
38132
38604
38520
38303
38344
37609
38473
38466
38442
37504
37310
37591
37312
37935
37494
37990
37866
37523
38527
38482
37250
38491
37365
37729
37662
37630
37628
37485
38457
38405
38415
37445
37311
37414
37996
37539
37383
37644
38460
37569
37505
37563
37894
38370
37266
37467
37479
38359
38059
38041
38302
38241
37683
37789
37872
38052
37634
37415
38309
37982
37763
37852
38484
37296
38180
38192
37281
38524
37259
37294
37227
38404
38148
38346
38058
37833
38474
38406
38443
37459
37625
38517
38612
37804
37383
37815
37991
37582
37350
37189
37239
38397
38257
38539
37613
38250
37504
37445
37264
37619
38235
37489
37447
37422
37307
37784
37670
38036
38176
37901
38483
38552
37955
37827
38169
38491
37314
37744
37377
37393
38614
38572
38426
37350
38001
37499
37326
37171
37462
37566
37512
38127
37557
37571
37405
38349
37670
38316
37531
37933
37300
37773
38165
38488
37349
38425
37976
37377
37750
38052
37490
37389
38380
38166
38114
38379
38250
37675
37259
37438
37663
37351
37364
37835
38340
38411
38506
38485
37427
37806
37371
37473
38023
38294
37566
37495
38085
37644
37327
37378
37856
38202
37596
38350
37682
37530
38360
37699
38141
38461
37759
37712
37833
37404
37395
38244
37600
38209
37920
38126
37373
37369
37784
37446
37643
37847
38385
37323
37315
37663
38202
37437
38354
37699
37595
38454
37832
37713
37972
38044
37423
37706
38211
37903
37421
38210
37158
38116
37431
37545
37375
38391
37717
37260
37850
37936
38290
38295
38470
38063
37745
38226
37524
37468
38419
38487
37765
37791
37483
38301
37938
38158
37458
37318
37372
37542
37375
37986
37721
37299
38469
37736
38591
37823
38272
37362
37460
38143
37538
37810
38359
37297
37363
37427
37476
37365
37378
38345
38208
37531
38373
37655
38363
37486
37925
37384
38311
38236
38331
37506
37527
37616
37561
38608
38361
38358
37706
37746
37919
37291
37800
37878
37736
37699
37803
38530
38388
38194
37586
37382
38573
37342
37574
37922
37250
37950
37350
37519
37420
37319
37384
38406
38127
37501
37327
37290
37775
37597
38217
37685
37995
38495
38053
38326
37410
37223
38598
38308
38327
37607
37609
38178
38364
37884
38002
37439
38201
37580
37440
38059
37469
37441
37421
38356
38353
37993
37578
38193
37495
37930
37639
37228
37738
37437
37410
38552
37450
38081
37383
37296
37716
38024
38437
38600
38512
38402
38296
38126
38038
38542
37287
37577
37945
38454
37981
37756
38262
37379
38288
37343
37795
37601
37186
37432
37342
37453
37442
38207
37557
37396
38200
38063
38118
38286
37805
37436
37333
37467
38540
37983
37479
37415
37503
38131
38194
37546
37497
37462
37808
37798
37456
38520
38225
37435
37435
37475
37417
37281
38483
37473
38339
37367
38355
37842
38449
37209
37322
38178
37273
38566
38398
38129
38560
37759
37409
38034
38411
37508
37412
37425
38386
38288
37937
38542
38160
38277
37765
38083
38455
37332
37488
37446
38292
38383
37578
37860
38435
38478
38657
37446
37263
37972
38343
38429
38569
38640
37591
38563
38147
37548
37515
38204
38191
37675
37991
37294
37371
37359
37331
38299
37956
37445
37839
37315
37408
38268
37323
38573
38301
38147
38222
38433
37482
38324
37395
37969
38328
38122
38354
37813
37603
37876
37361
37516
37423
37786
38333
38585
38644
37975
37550
37627
37660
37656
37555
38440
38595
38215
37409
38105
37349
38381
37870
38211
37772
37626
37384
38428
38456
38314
38187
37727
38482
37340
37398
37440
37374
37993
37967
37197
38520
37454
37555
37361
38280
37233
37395
38200
37920
37930
37583
38096
37735
37469
38128
38144
37619
37282
37428
38373
38471
37925
37650
37256
37465
37381
37321
37435
38231
38509
37715
38103
37793
37703
38169
38560
38022
38448
37869
37482
37424
37679
38281
37431
38184
38486
37621
37823
38272
37265
38466
37432
38413
38231
37369
37824
37647
38102
37661
37789
38607
37427
38108
37746
37247
37829
37581
37489
37238
37322
37510
37364
38369
38516
37524
37453
37414
38354
37591
38231
37076
38287
38345
37505
38391
37608
37386
38216
38266
37440
38060
37315
37425
37396
38263
37608
38085
38060
37864
37410
38376
37324
37283
38282
38412
37404
37559
37880
38310
37991
37180
37750
38035
38313
37943
37972
38351
38374
37399
37274
37372
38417
38296
37824
37440
37773
37402
37814
38496
38511
37285
37362
37388
38229
38509
37236
38323
37474
38125
37497
38097
38290
37543
37906
37617
38503
38058
37899
38353
38451
38490
37356
38041
37639
37753
37783
37534
38439
38446
37579
38191
37563
38292
37684
38267
38369
37615
37374
37334
38259
38281
37623
37652
38406
38280
38630
37803
37483
37572
37203
37631
38546
37461
38438
37355
38132
37429
37223
37394
38151
37429
37390
37145
38287
37455
37662
38179
37921
37517
37767
38177
38403
38283
37331
38373
37213
38502
38360
38457
38224
37599
37410
38026
38352
38128
38262
38209
38474
38207
37621
37893
38085
37936
37828
37995
38109
37513
37461
37513
37995
38102
38204
38506
38271
37755
38269
37349
37822
37606
37503
37667
38148
37789
37373
38259
37698
37437
37669
37414
37602
37888
38264
37693
38475
37417
37448
38410
37607
38134
38279
37677
38399
38070
38330
37253
37372
38294
38497
37397
37495
38416
38365
37726
37724
37627
37635
37685
38077
37499
37475
38286
38180
37748
38294
38493
38631
38558
37440
38323
38368
37315
37660
37394
37486
38053
37351
37614
37777
38343
38279
38667
38378
38018
37623
38447
37631
37364
37431
37330
37312
38169
37451
37404
38422
38388
38309
37727
37990
37800
38300
37567
37550
38213
37533
38461
37250
38256
37444
37549
38456
38304
37650
37410
37695
37857
38319
38269
37793
38201
37324
37847
38284
38288
37688
37537
37427
37531
37621
37638
37811
37219
37892
38168
38555
37295
38584
37651
38244
38207
37810
37424
37484
38064
37651
37135
37236
37708
37593
38324
38448
38476
38338
38052
37300
37501
38370
37701
37880
37326
37654
37240
37254
37352
38073
37431
38324
38109
37351
37232
37306
37456
38046
38271
37750
37514
37724
37842
37433
37464
38263
37349
37522
38158
37609
37768
37853
37278
38096
38421
38519
37684
38199
38361
38240
37295
37405
38215
38317
37533
38113
38241
38498
38391
37805
37618
37272
38277
38408
37408
38209
38485
38439
37322
37623
38311
37689
38403
38286
37478
38190
37497
38124
37230
38228
37760
37417
37436
37921
38298
37687
38469
38359
37311
37436
38145
37919
38197
37220
37273
38350
38426
37534
37583
38307
38641
38634
37767
38261
38011
37819
38387
38066
38415
38331
37358
37404
37981
37509
37392
37241
37537
38457
38505
38425
37612
37517
37553
37233
37314
38399
38356
38384
38115
38176
38342
38380
38383
37032
38290
37924
38398
37431
37982
38398
37485
37250
38443
37797
37717
37465
37216
38093
37996
37779
37991
37652
37256
38440
38127
37607
37386
37829
37915
37470
37797
38364
37430
37894
38351
37438
37741
37618
38292
38192
37497
38523
38370
37267
38140
37614
38192
37970
37763
37558
37761
37606
38462
38059
38377
38415
37309
37397
37945
38294
38094
37432
37698
37515
38387
37282
38342
37189
37807
37219
38326
38232
38409
37735
38419
38106
37925
37759
37405
37440
37208
37342
37496
38295
37558
37630
37271
38310
38001
38200
37281
37686
38261
38421
38230
38013
37554
37672
37387
37805
37330
38145
37541
37369
37947
37708
37325
37897
38061
38055
37669
37433
37941
37970
37605
37383
38434
37637
38133
37389
37451
37307
38350
38546
37598
37541
37320
37297
37945
37417
37452
37932
37401
38292
38312
37791
38265
37663
37903
38185
37517
38211
38360
38297
37418
38257
37372
38017
38057
37597
37943
37525
37513
38442
38334
38319
38182
38474
37773
37698
37689
37573
37389
38573
37852
37622
37448
37937
38143
38185
38326
38153
37399
37953
37271
37778
38486
38147
38363
38138
37479
37381
37611
37809
37891
38225
37665
38167
37323
37310
37854
37428
37488
38251
38534
37438
37433
37641
38335
38567
37482
38284
37344
37979
38501
37354
37295
37317
37858
38284
37718
37396
38184
38023
37384
38312
37390
37698
38250
38265
38002
37351
38259
38256
38106
38313
38523
38237
37690
38070
37704
37530
37827
38181
37548
38218
37307
37502
37383
38013
37522
38046
37707
37491
37267
38300
37480
37766
37505
37314
37480
37851
37426
37455
37416
38404
37479
37760
37742
38483
38339
38527
38500
37389
38409
38410
37467
37409
37370
38045
37562
37571
38289
37476
37816
38086
37670
37821
38068
37406
38479
38389
37823
37578
37959
37551
37672
37272
37356
37955
37341
38254
38431
37386
37866
37296
37314
37280
37457
38173
37114
37555
38017
37372
37203
37264
37254
38379
38395
38219
37635
38087
38163
38099
37551
37351
38422
37322
37300
37846
38254
38562
37844
37399
38407
38490
37792
37460
38320
37142
38001
38082
37689
37506
38074
37947
37578
37996
37937
38665
37304
37591
38328
37429
38271
38448
38579
37324
37251
37387
38503
37568
37550
38450
37710
37444
37320
37810
37665
38396
38415
38619
37606
37429
37361
38041
37320
37320
37776
37580
37938
38182
38004
38123
37525
38285
38354
38442
37746
37441
37291
38164
38399
37910
38282
37392
38064
37935
37581
38131
38209
37607
37882
37668
38320
38396
37569
38211
37596
37852
37330
37845
37775
38390
37388
37560
38208
37861
38177
37819
38111
38213
37332
37296
38422
38395
38637
37843
38444
38324
37446
38363
38095
37273
37863
37851
37826
37835
37230
37558
38484
38426
37863
38048
38133
37656
37695
37631
37695
38019
37295
38035
38486
37815
38045
37303
37342
38331
37858
38365
37946
37682
37818
37957
37689
37451
38084
38389
37477
37442
37270
37357
37831
38191
37320
37394
37666
37486
37363
38091
37953
38448
37395
38460
38480
37317
38353
37437
37443
38032
37487
37643
38492
38215
37854
37352
37837
37601
37573
38605
37506
37579
37509
37448
38421
37667
37740
37790
37565
38323
37442
38395
37182
37315
37538
37527
37824
38147
37310
37622
37438
37512
38328
37636
37110
38301
38397
38457
37961
38311
38548
38442
37610
37657
37953
38200
37411
37508
37304
37809
37132
37246
38404
38421
37905
38509
37620
37711
38402
37625
38472
37498
37831
37903
37581
37504
38280
37335
38461
38120
38446
37622
37430
37317
38110
38279
38249
37676
37517
38397
37399
38309
38412
38675
37379
37309
37978
37389
37560
38342
38292
37775
37402
37543
38435
37465
37930
38398
38323
38433
38257
38608
37652
38225
38479
37375
38519
38113
38444
38267
37757
38366
38428
38420
37422
37619
38272
38435
37422
38470
37329
37571
38528
37689
38175
38452
37475
37426
37983
37458
38415
37569
37680
37891
37383
38065
37570
38207
38320
37470
38214
38515
37411
37464
38403
38407
38387
38309
37373
38099
37879
38274
38562
37777
37257
37184
37907
37672
38369
38134
38489
37426
37398
37416
38328
38453
38091
37139
37796
37537
38415
37412
38257
38463
38334
38226
37370
38244
37463
37432
37459
37447
37281
37562
37402
37990
37462
38427
37537
37781
37284
37312
38294
38357
38390
37321
37998
38095
37646
38104
38326
37293
37991
37537
37292
38076
37462
37639
38683
37397
38391
38394
38528
37713
37973
38419
37358
38452
38220
38390
38099
37444
37941
38412
37478
38466
37380
37794
38395
38580
38602
37458
37913
38196
37748
37787
37957
37454
38277
37819
37451
37669
37506
38377
38379
38281
37904
38374
38401
37292
37662
37627
38287
38109
37799
38352
37415
37960
37468
38508
38148
37533
37819
37400
37549
38300
37394
38414
38396
38342
38160
38231
37318
38373
38181
37437
37669
37839
38212
37730
37180
37814
38059
37402
37201
37868
38324
37727
38505
38013
37584
37538
38300
38361
37493
37861
37200
38167
37777
38185
38187
37743
38381
37956
38244
37570
38021
37718
38461
37485
38590
38294
37248
38534
38397
37234
37693
37364
37700
38237
38388
37354
38118
37521
38363
37527
37592
37515
37980
37438
38497
38063
37800
37487
37374
38247
37532
37535
37602
38440
37860
38504
38374
38145
37353
37519
37379
37401
38455
37341
37938
38509
37936
38103
37687
38039
37782
38354
37433
37666
37710
37231
37794
37436
38129
37851
37916
38430
37331
37767
38286
37469
38078
38244
38561
37294
37661
37711
38175
37542
37351
37863
37681
37976
37901
37553
38459
38499
38529
38367
37524
37867
37261
38282
37423
37391
37292
37270
38017
37597
37779
38227
37919
37595
37566
38238
37569
38321
38109
38073
37378
37349
37438
38489
37498
37472
38356
38398
38158
37902
37316
37474
37418
37589
38138
38309
37701
37807
37693
37531
37480
37371
38341
38544
37391
38180
38442
37958
37621
38348
37575
38424
38292
37420
37990
37664
37622
37280
37697
37983
37368
37320
37759
38249
38219
37460
38289
38528
38589
37959
37468
38320
38323
38151
37498
37476
37453
38419
37327
38035
37575
37376
37499
37788
38036
38379
37454
37546
37427
37419
37916
37475
37435
38257
37629
37950
38272
37531
37476
38403
38515
37518
38577
37216
37302
37299
38376
38169
38008
37370
37451
38245
38268
38496
38097
37371
38032
38087
37928
37430
38372
38513
37451
37468
37460
38370
38278
37880
38187
38104
37968
38325
37534
37396
37464
37342
37585
37364
37516
38273
38098
37278
37750
38273
38357
37725
38090
37293
38052
37418
37773
38119
37614
37284
38379
37919
38459
38413
38592
38347
38506
37482
37468
37681
37827
38436
37398
38442
37907
37383
37404
38498
38342
37793
37800
37390
38350
38360
37709
38391
38307
37788
38281
37444
37775
37298
37207
38229
37371
37757
38571
37469
37224
37367
37804
37369
37533
38512
38478
38359
37710
38419
37424
38213
37253
38078
37395
37783
37409
38081
37390
37409
37334
37273
37849
38263
38311
38056
38566
38241
37853
37201
37648
38390
38078
37987
37370
38510
38388
37527
37453
37399
37825
37747
37290
37303
37656
38420
38201
38237
38375
38283
38255
37809
37856
38033
37692
37746
37859
37656
38220
37760
38434
37592
38478
37955
37356
38436
38439
37125
38059
37561
37226
38263
37814
38240
38276
38459
38240
38303
38307
37238
37457
37401
37564
37445
38497
37440
38510
38440
37186
37870
38388
37827
38295
38066
38270
38366
37392
38122
37784
37777
37310
37306
38367
37665
37378
38340
37502
37314
37399
38341
37967
37481
37807
37483
37358
37292
38455
38184
38042
37324
37533
37485
38395
37584
37367
38482
37436
38046
37494
37430
37603
38405
37476
38278
37690
37486
38249
37848
37308
38058
37908
37397
38581
37714
38348
38018
38156
38627
37809
37463
37404
37281
38478
37350
38282
38531
38613
38380
38225
38222
38411
37419
37316
37461
38512
38358
37117
38384
37507
37360
38374
38343
37695
38122
38214
37741
37398
38446
38357
37481
38006
37400
38288
38359
38309
38400
38390
37584
37381
37240
37469
38094
37585
37622
37793
38434
37463
37301
37345
38292
37397
37518
37906
37933
38418
37896
37461
37534
38443
38509
38521
37388
37834
38445
38403
38199
37505
37715
38370
38181
37587
37476
37469
37450
37663
37806
37823
38292
38499
37815
37853
38290
38128
38397
37325
38096
38527
37283
37691
37679
38466
37718
37483
37322
38163
37374
37856
38296
37564
38203
37336
38465
38578
38353
37835
37988
37661
37434
38190
37662
38521
37960
38181
37155
37199
37404
38417
37441
37939
37566
37351
38256
38485
37318
38125
37238
38493
37751
37287
38010
37434
38421
38103
37420
38404
38061
38048
38376
37944
37278
37274
37495
37777
38241
37473
38525
37235
38105
38121
37734
37486
38019
38395
37671
37638
37313
37409
37641
37748
38460
37398
38350
38338
37678
37518
38056
37349
37956
37374
38197
37290
37884
37275
37570
38195
38362
38132
37892
37645
38375
37498
37588
37644
37217
38082
37470
38384
37360
38100
37358
37667
38426
38303
37541
37754
37907
37747
37437
37287
38180
38183
37425
38379
38248
38465
38457
38556
37614
37755
37316
37535
37456
37753
37545
38217
37686
37418
37551
37585
37663
38522
38452
38461
37483
37488
37271
37441
38432
37306
37308
37621
38368
37618
38260
37906
38115
38049
37242
37499
37562
37804
38276
38406
38189
38454
37599
38424
37365
37245
38207
37506
37308
37731
37290
37732
38306
38032
38143
38512
37357
38259
37886
37524
37315
38419
38337
38013
38205
38416
37444
38468
37314
37279
38065
37678
38226
38307
37426
38369
38263
38272
38250
38063
38611
38511
37268
38556
38434
38542
37847
37609
37786
37709
37585
38011
37750
37770
37697
37895
37270
37709
38234
37640
38501
37387
37745
37473
37492
37332
38011
37787
37764
37822
37244
37429
37522
37349
37677
38468
37620
38245
37297
37433
38059
38222
38284
38063
38437
37271
37271
37360
37803
38038
37907
37493
37404
37400
38040
37794
37670
38251
37558
37760
38321
38236
37676
37508
38447
37763
38264
38197
38291
37369
37287
37338
37737
38446
38010
37998
37317
37458
37395
37614
37357
37624
37431
37981
37360
37217
38311
37502
37263
38383
38300
38482
38397
37794
38174
38443
38314
37805
37564
37585
37621
37796
37430
37461
37389
37690
38249
37509
37394
37513
38048
38306
38323
38478
37384
38416
38348
37386
37483
38293
37326
38405
38615
37697
37674
37419
38195
38218
37429
38035
37216
37628
37375
37714
37326
37478
38110
38013
38187
38281
37745
38385
38543
37351
37436
38560
37750
37880
38372
37479
38134
38310
37183
38326
38502
37473
38431
37935
37496
38439
37391
38056
37425
38471
38332
37280
37314
37525
38388
37722
37387
37839
38411
38291
37491
37505
37437
37337
37793
38065
37466
37318
37731
38174
38383
37720
37314
38358
38446
37261
37328
37807
37559
38276
38379
37556
38196
38380
37362
37365
38320
37358
37348
38267
37433
37683
37870
37768
37895
37740
38161
37865
38333
37455
37570
38046
38118
37447
37488
38379
38216
38452
37646
37349
38366
38050
37438
37456
37201
38302
37343
38512
37726
37381
37411
37718
37844
37471
38365
37880
38100
38311
38646
37983
37506
38117
37370
38047
37763
38255
37407
37241
37744
37518
38094
37289
37319
37408
37203
38183
38314
37487
37359
37259
37357
37611
37258
38191
37936
37895
38207
37583
38344
38587
38486
38201
37548
38303
37918
38326
37466
37947
37593
37316
37756
38400
38504
38346
38430
37238
38450
37789
37466
37329
38425
37568
37776
38038
38285
38231
38543
38331
38176
37309
37992
37340
38158
37580
37255
37733
37721
37453
38471
38097
37624
37406
37782
38086
38039
37212
37872
37318
37772
37855
37096
38249
37496
37267
38418
38307
38255
38501
38187
38363
38734
38470
38027
37600
37890
38309
37171
37894
37410
37435
38073
38286
37359
37529
37531
37274
37951
38488
37135
37328
38345
38526
37420
37729
37621
37349
37417
38325
37282
37257
37451
38470
37387
37276
38501
38478
38236
37300
37984
37865
38130
37866
38118
37683
37506
37979
37498
37938
38399
38241
37558
37603
37716
38460
38420
38567
38392
38058
37469
38389
38517
37792
37949
38371
37559
38431
37578
38350
38315
38366
38263
37641
37264
37370
38384
38359
37380
37528
38304
38214
37608
37713
37428
37364
37451
37487
37529
37435
38097
37351
37869
38363
38695
37341
37568
38181
37220
38006
37562
38544
38200
37725
38155
37693
37334
37352
37437
38314
37370
37323
37393
37517
38575
38450
38342
37823
37579
37377
37975
37406
37411
37696
37310
37848
37274
38357
37553
37902
37412
37518
37558
38477
38481
37996
37592
37505
37405
37407
38073
37740
37381
37690
37692
38199
37263
37296
37533
37817
38232
37319
37468
38009
38003
38425
37314
37794
38297
37450
37704
37536
37412
37786
37295
37308
38353
38330
38595
38535
38304
37158
37489
37742
37379
37380
37330
37332
37452
38300
38196
37900
37396
37560
38038
37383
37372
38405
38270
37302
38543
38245
37766
37960
37757
37500
37652
38030
38139
37533
37542
37941
38453
38262
38120
37870
37991
38420
37977
37877
37543
37409
38306
37930
37601
37368
37625
38351
37326
38282
37541
38272
38440
37315
37832
37510
37474
37313
37746
38061
37369
37919
38559
38496
37317
38013
37467
37686
38405
37355
37472
38351
37830
38143
37563
38278
38370
37236
37297
37217
38525
37356
37783
38471
38462
38549
37309
38290
37669
37389
37831
38394
38270
37341
37937
37316
37556
38082
37685
37398
37344
38360
38249
37261
38367
38361
37369
38561
38370
37878
37821
37622
37417
37435
37595
37882
37942
37588
37749
38463
38437
38463
37482
38422
37407
38452
37398
38237
37969
37699
38072
38386
37711
37339
37294
37319
38136
37226
38372
37672
37639
38123
38417
38461
37443
37636
37634
37418
37868
38202
37421
38311
38403
37930
37697
38300
38412
37506
38201
37503
37727
37309
38376
38210
37222
38501
38166
38303
37157
38072
38394
37729
37842
37526
38189
38386
37999
38241
38239
37680
37923
38674
37410
37373
38012
38534
37310
37800
38423
37930
38184
38146
37429
38454
38371
37454
37409
37520
38680
38320
38392
37297
37847
37874
37526
37432
38430
37386
37447
37884
37711
38491
38347
37694
37540
37472
38005
37596
37212
38073
37660
38099
38414
37331
37976
38518
37622
37406
38250
37316
38337
37205
37591
37868
38439
37948
38423
37558
37422
38375
38426
37419
37321
37358
38324
37835
38015
37586
37758
37619
38461
37235
38126
38123
37775
38564
38340
37651
37452
37539
37554
38525
38375
37759
38558
38634
38138
38416
37991
37340
38025
37485
37337
37496
37703
38378
38421
38008
38255
37531
37796
37928
37609
38294
37387
37575
37590
37694
38331
38331
38525
38168
38064
37563
37211
37556
38143
38439
38465
38526
38403
38302
37344
38525
37322
38469
38188
37376
37260
37471
37640
38151
37481
38524
38355
38203
37507
38179
38233
38575
37398
37937
37819
38362
37325
37766
38248
38120
37880
37542
37493
37984
37974
37914
37995
37846
37550
37898
37400
37430
37423
37372
37517
37245
37292
38520
37349
37920
38021
37647
38496
37286
38387
38060
37608
37759
38025
37657
37886
38389
38556
37609
37530
38259
38460
37384
37285
37818
37313
38504
38313
37428
37665
37361
38138
38324
37403
37879
37408
37356
38480
37685
37988
37941
38287
37475
38101
37673
37450
37869
37483
38038
38064
37538
38385
37301
38031
37303
38334
37365
37339
37564
37604
37915
37476
37590
37883
38343
37718
37329
38275
37353
38162
38223
37628
37694
37293
38108
37553
37309
37368
38544
37625
37229
38172
38348
37557
38324
37374
38408
38023
37427
37562
37692
37600
37438
37331
37471
38123
37553
37956
37292
37420
37721
37556
37516
38347
38216
38502
37980
37646
38485
38174
37330
37273
38220
38051
37950
38374
38362
38054
38510
37481
37886
37749
37424
38495
37398
37229
37445
38474
37327
37495
37624
37306
38275
37314
37352
37434
37437
37725
37326
37561
37296
37435
37872
37461
37447
37555
37769
37523
38481
37212
38443
38284
37215
38034
37462
37298
37858
37261
37229
37308
38152
38530
37337
37559
38316
37344
37554
38458
37963
37550
38096
38004
37499
38355
38506
37354
37447
38020
37937
37392
37432
37401
37614
37470
37144
38304
37360
37446
37334
37744
37621
38081
37885
37765
37850
38322
38227
38322
38506
37994
37420
38244
38492
38478
37948
37604
37281
38158
38321
37403
38355
38477
38405
38300
38175
37847
37363
37566
37369
37872
37351
38269
37385
37377
38089
37656
37250
38267
38392
37593
37361
37989
37615
37856
37672
37523
37250
38433
38458
38448
37270
37352
38491
38068
38147
38233
37275
38143
37297
37608
38256
37899
37446
37440
37159
38205
37401
37244
37450
37421
38373
38299
37512
37824
38402
37533
37411
37719
38107
37514
37441
38389
38510
38342
38193
37315
37291
38447
38336
37637
37332
38511
37937
37431
38060
37720
37825
37227
37840
38087
38463
38198
37805
37767
37317
38537
37602
37867
37915
37406
37190
37581
37715
38467
37520
37341
37692
38420
38452
38613
38492
38401
37326
37599
38429
37633
37805
38210
37725
37855
38187
37537
38402
37928
38242
37591
38298
37534
38294
37907
38334
37699
38433
38309
37635
38482
37476
37990
37868
37698
37316
37765
37571
37544
37999
37578
38318
38252
38240
38270
37653
37867
37392
37954
38405
37417
37925
38659
37924
38619
38242
38177
38099
37632
38378
37370
37334
37356
38299
37957
38401
38099
38148
38496
38260
37941
37722
38165
38590
37487
37971
38257
37418
37749
37362
37440
37191
37278
38351
38370
37494
38207
38378
38479
38120
38349
37597
37665
38294
37395
37450
37724
38331
38310
37469
37421
38225
38378
38368
37591
37603
37688
38303
37451
37916
37790
37879
37699
38294
38486
38344
37979
37650
38377
37394
38135
38117
38139
37349
37423
37542
37731
37655
37361
37468
37173
37803
37470
38110
38476
37640
37380
37346
38150
37261
37470
37625
37835
38160
37750
37337
38387
38323
38589
37793
37451
37454
37890
38202
38262
37292
37694
38219
38085
37858
37752
38075
38115
37996
37941
38291
37884
37278
37389
37499
37621
37523
38069
37311
38277
38442
38426
37333
37486
37366
38410
37585
37301
37321
37368
37408
37809
38395
37764
37570
37424
38326
37694
37322
38409
37777
38357
38371
37268
38346
37424
38546
37322
38197
37274
37864
37636
37464
37284
37364
38417
38266
38477
38261
38112
38371
38358
37278
37608
38006
37410
37398
37951
37192
37761
37166
37724
38528
37580
38200
38021
38435
38153
38566
38066
37503
38295
37419
37451
37457
37243
38334
37454
37661
37456
37422
37364
38015
37269
37449
38260
38507
37942
37324
37928
38244
38450
38396
37792
37802
38068
38432
37570
38333
37329
37477
38615
38407
37392
37512
38371
38346
37687
37226
37324
38360
38269
38347
38618
38172
37373
37361
37608
38399
37276
37445
38098
38381
38054
37708
37681
37814
38571
37445
37996
37456
37349
37236
37464
37605
37509
37481
37837
38493
38602
37371
37386
38369
37430
37526
37434
37254
38359
37966
37739
38395
37379
37500
38366
38380
37783
38001
37818
37834
37256
38506
38455
38291
38509
37861
37471
38052
37993
37701
38404
38254
38260
37758
37576
37850
38237
38252
37515
37404
37829
38646
38565
37362
37514
37512
37345
38568
38330
38350
38582
37398
38407
38327
37412
37469
38580
38085
37386
38534
37527
38403
38169
38580
38036
37754
38384
37351
37732
38348
37401
38074
37408
37598
37818
37626
37291
37533
37357
38540
37309
37681
37872
37572
38275
38062
37443
37390
38178
37932
37788
37468
37801
37525
37371
37341
38308
37552
37567
38395
37472
37340
38129
37393
37346
38411
38311
37992
37465
37337
37336
37850
37329
37360
38292
37962
38554
38536
37969
38323
37383
37502
37346
38119
37499
37604
38292
38376
37935
38203
38464
37904
37317
37597
37740
37481
37302
38208
37914
38532
37092
37901
38034
37566
38002
37787
37392
37438
38269
37881
37509
38354
38386
38297
37260
37394
38249
37606
37851
38170
37386
38357
37254
37324
37833
38385
37668
38319
38342
37423
37295
38192
38278
37436
37449
37323
38255
37454
38349
38014
38519
37427
37579
37335
38063
38504
38297
37467
38440
37569
38106
37873
38560
38484
38560
37390
37505
37595
38325
38221
38419
38224
38388
37607
38048
37587
37460
37449
37370
38282
37335
38002
37389
38138
38346
37190
37308
37931
37372
38200
38337
37792
37472
38270
37402
37786
38452
38179
37334
37637
37791
38369
37432
37929
38594
37474
37511
37454
38284
37543
38483
38606
38356
37488
37896
38433
37703
37317
37958
38256
37641
38109
37330
37596
38493
37310
37308
38093
37426
37597
38570
37577
37627
38133
37395
37349
37338
38265
38369
37717
37547
37573
37294
37901
37311
37698
37237
37802
37351
37388
37673
38125
38268
38083
37345
38122
38018
37534
37543
38330
38516
38454
37252
37957
38047
38114
37500
38423
38283
37350
37856
38313
37967
37414
38041
38077
37807
38110
38130
37847
37425
37423
38570
37967
37295
37719
38397
37636
37413
37928
38592
38499
37398
37292
38411
38401
37857
37595
38364
38413
38303
37503
37437
38646
38513
38555
37568
37451
37870
37679
37387
38249
37531
38470
37511
38295
37631
37975
38385
38233
37435
37644
37508
37799
38374
38354
38347
37293
37708
37548
38192
38306
37675
38075
38346
37638
38302
38539
38263
38384
38373
37286
38104
37632
37322
37833
37667
37291
37416
38453
37369
38090
37934
37479
37544
37735
37497
37407
38432
37304
37343
37513
37536
38346
38007
38485
37302
38231
37411
37598
37825
37306
38184
38393
37918
37512
37877
38590
37402
38391
38359
38628
38173
38116
38487
38146
37634
38460
38261
37447
37869
37635
37562
37453
37908
37892
38470
37540
38368
37525
38406
37224
37769
37963
38247
38422
38376
38384
38499
37196
37292
37260
37531
38096
37806
37370
37554
38384
37861
37790
37785
38343
38283
37542
37295
37521
37966
38306
37081
37922
38504
38334
37629
38133
37382
38255
38472
38374
37376
38382
38284
37997
37812
38536
37930
37851
37286
38333
37382
37365
37274
37342
38359
37339
38285
37919
38339
38479
38381
37672
38419
38408
37840
37490
38243
38147
38523
37426
37697
37202
37401
37848
38586
37422
37456
38130
38307
37786
38161
38502
37485
37907
37907
38255
37400
38250
38153
37786
38322
37515
38035
38584
38570
38354
38293
38470
37857
37831
37480
37664
37447
37855
38548
37336
37705
37448
37709
38469
38427
37318
37869
37494
38411
37902
38454
38342
37683
37588
37421
37493
38015
38339
37518
38463
37567
37955
38215
38401
37948
37759
37511
38073
38238
37602
38053
37874
38165
37557
38376
37960
37359
38264
37868
38637
38298
38183
37766
38196
37519
38305
37616
37777
37973
37821
37691
37890
37842
37766
37614
37902
37701
37621
37672
37350
37560
37452
38350
38463
37477
37459
37562
37335
38399
37217
37842
38437
37860
37475
37327
38215
37764
37299
37475
38584
38220
38461
37346
38409
38440
37654
37852
37433
38377
38603
38475
38374
38048
37518
37410
37838
38343
37427
38444
38444
37096
37458
38522
37649
38352
38335
37690
37381
37546
38316
38146
38498
37690
38295
37912
37328
37442
37359
38213
37947
37361
37379
38131
37582
38491
37500
37741
37975
38081
37438
37370
37816
37703
37641
38007
37696
38427
38403
37239
38458
37577
37987
37396
37497
37246
37409
38111
37851
37910
38055
37452
37323
37443
38501
37439
37330
37417
38554
37616
38414
37532
38388
38539
37622
37497
37370
37464
38422
38047
37363
37467
38026
37332
38073
37339
37423
37856
38190
38389
38404
38432
37853
37736
37662
37747
37592
37248
37717
37927
37251
37320
38344
37454
37280
37355
37390
38363
37966
38166
38302
37479
37459
38240
38499
38220
37973
37699
37277
37584
38265
37540
37784
37615
38404
37936
38357
38376
37316
37428
38303
38062
38204
38471
38422
37168
37338
37275
37958
37288
37352
37998
37912
37603
37475
37421
38121
38209
37197
37685
37303
37804
38329
38020
37304
38520
38472
38520
37517
38381
38371
38485
38295
38490
38640
38426
38269
37520
37768
38340
38151
37485
37872
37302
38085
38055
37656
37341
37603
38359
37973
38290
37430
37564
37840
38378
37309
37714
38340
37220
37692
37194
38052
38356
37908
37641
37195
37641
37503
38022
38548
38029
38133
38280
37535
37437
37687
37744
37721
37356
37315
37423
37439
37327
38374
37892
37800
37608
37985
38522
37409
38450
38414
38376
38652
38574
37960
37352
37968
37396
37391
37760
38394
37784
38191
37591
37435
37377
37345
37192
37231
37731
38104
37299
38172
37602
38110
37965
38312
37722
38424
37933
37341
37217
38450
38279
37851
38308
37551
38102
37454
38231
37519
38361
38302
37965
38532
37565
37632
38030
37848
37373
38270
37798
37985
38227
38431
38390
38349
37675
37608
37252
37764
37391
37195
38399
38197
37428
38488
37534
38275
38363
37242
37268
37573
37431
37772
37412
38251
37333
37350
38291
37309
37963
37289
37303
37395
38168
37250
38082
38346
37414
38532
37873
37688
37406
37775
37592
37691
38308
37931
37703
37312
37505
38422
38509
37767
37313
38061
37715
38100
37558
37321
38181
37385
37537
37396
38366
38331
37366
37415
37477
38346
38211
38055
38178
38066
37376
37679
37649
38313
37370
38245
37333
37970
37647
37691
38378
38478
38653
38556
38094
37580
37575
37627
37549
37381
37491
38335
37902
37941
37985
38014
37367
37359
38436
37912
37539
37154
37346
37824
37948
37470
38312
37661
38163
37493
38037
37315
38071
38490
37986
37503
38374
38456
38410
38003
37620
37826
38500
37361
37440
37920
38360
37497
38524
37896
38110
38104
38427
38525
37262
38277
37504
38041
37724
37527
38420
38430
38536
37988
37425
37793
38323
37666
37796
38035
37365
38368
38420
37243
37173
38560
37429
38270
38034
37912
37628
38128
37786
38009
37380
37413
37450
38292
37675
38523
37260
37417
37532
38322
38286
38442
38279
38303
37939
37342
38116
38252
37990
38000
37571
38438
37876
38519
37587
38207
38310
37729
37390
37603
38380
38393
38520
37947
32625
32625
32625
32625
32625
32625
32625
32625
32625
32625
32625
32625
32625
32625
32625
32625
32625
32625
32625
32625
32625
32625
32625
32625
32625
