9910
39411
38907
39332
39251
39246
39170
39237
39298
38818
38472
39357
38586
39254
37670
38099
38113
39000
38138
37644
38991
39422
38756
37974
39305
39408
38632
39365
39029
39466
38452
38384
38054
38176
38972
37776
38010
39008
39100
37881
38154
37873
38594
39283
37937
37873
38440
39160
39315
39245
38655
38348
38761
38568
38343
37835
38652
39167
38494
38560
39115
39352
39443
39269
38440
38863
38986
39113
38755
37940
38524
38027
38312
38117
39289
38619
38293
39048
37896
39235
38365
38257
37892
37825
39234
37821
38473
38504
39383
39397
38086
39124
38875
39156
39032
37910
39251
39233
38335
38316
38431
39414
39487
38318
37907
38608
37904
37885
38036
39073
37922
37874
37925
38448
39379
37978
37992
38481
37834
38213
38016
37897
38953
38915
38891
37898
38746
37958
39362
37939
38524
37863
39285
38393
37941
39048
38586
37917
38800
38576
37960
39230
38208
37964
38823
38938
38709
38737
37889
38917
38250
37958
38167
37827
37748
37763
37755
39156
38378
38642
39144
38485
37686
39061
39284
39219
37831
39354
38911
39142
39061
39459
39062
39006
38033
38640
39180
38816
38812
38112
39216
39033
37951
38247
38123
38229
38185
39401
39271
39183
37970
38546
38221
37912
39325
38571
38003
38879
39058
38491
37937
38359
38013
38428
38393
38392
39228
39251
38164
38988
38338
37909
37912
38051
37834
38737
39041
39396
39241
38396
39435
37940
38834
39334
37901
39108
38709
38311
38623
38334
38896
38963
38307
38906
39106
37914
39286
39551
38567
39313
38161
38833
37918
38312
39108
39359
38225
38777
38050
38480
38173
39298
37884
39662
38739
38450
38585
38689
37952
38761
38364
37969
38620
39461
37963
38900
38474
38656
38431
39282
37975
37887
39180
37984
39119
38230
39117
39107
38875
38659
39314
39121
38993
38091
38752
39475
39022
38979
39098
39362
38628
38051
38040
38762
39079
38017
37973
37798
38294
38042
38049
38715
38201
38928
37977
38661
38082
38927
38762
39174
38739
38742
37907
38696
38270
39292
38278
37960
39275
38175
38069
39221
39253
37945
38325
38227
39188
38282
39245
39522
38090
38425
39249
38358
39299
37995
39317
38121
39004
37872
39139
39150
39351
37861
39048
38038
39295
37848
38434
38485
39190
38563
38831
38736
38149
38142
37932
39204
37914
39368
38425
39340
37834
39018
38155
38018
38160
39094
39131
38119
38676
38892
38167
38489
39338
38533
39054
38355
39263
38126
39366
38956
38149
38244
39390
38598
37905
39041
39081
39317
38871
38184
38606
39187
38819
38633
38957
37952
37952
39217
37731
39275
39274
38903
38292
37971
39289
38793
37830
38939
37781
39323
39447
39299
39410
39389
38585
39051
38072
37881
39246
38275
38229
39264
38223
37959
38334
39390
38305
39359
39362
39313
38000
38900
38350
39035
39250
38706
38445
38727
38487
38918
38819
38010
39357
37975
39225
38238
39272
38636
39169
38705
39303
37948
39192
39349
37944
39356
37939
38002
38983
38916
39338
38224
38688
39048
39341
38040
38555
39297
39154
38783
37967
37849
38784
39214
39405
37991
38369
38955
38487
39237
39403
37977
39232
39362
39306
38072
38125
38909
38845
38332
39269
38793
38920
37902
38003
38409
38221
38996
38627
38932
37916
38319
38144
38450
37968
37853
38460
39125
37946
37988
38033
38485
39427
39273
38778
38764
38903
39334
39122
37999
38054
37958
39202
37883
37957
38269
39054
39245
39661
38009
37992
37895
38854
39391
38195
39247
39043
39251
38503
39355
39438
38173
37891
38111
39236
39206
37752
38187
39343
38678
38676
39096
38558
39002
39195
39313
38894
38531
38468
39197
39340
39311
37930
39165
38992
38785
39221
37935
39273
37943
37996
39479
39467
38160
37935
39100
39209
38053
37860
38615
39438
38062
39364
38418
38201
39142
39332
39237
37804
38399
37896
37855
38798
37950
37889
39150
37973
38980
38010
39201
38005
38356
38144
38009
38234
39345
39359
37939
38643
38201
38620
37995
38264
39322
38306
37893
38764
39388
37933
38144
37827
37960
38263
39289
38022
39280
38260
38242
38106
39395
39431
38450
39248
38768
39013
38574
38735
39128
39250
38416
38447
39257
38867
38683
39042
38704
38554
38381
39447
39544
37977
39173
37886
38900
38462
38640
38290
39382
39352
38508
38169
39293
39589
38028
39511
38279
37959
37845
38564
38416
38106
38518
39241
39161
38390
39414
38100
38168
38848
37886
38977
38791
38870
39274
38181
37921
39230
39165
38125
38707
39360
38174
38205
39268
39308
39381
39464
38620
38049
38616
38892
38371
38850
38480
38688
37904
38154
39005
39345
38080
38867
39094
39173
38114
38369
38388
39468
37903
39071
39358
38917
38281
39231
38307
38037
38671
38804
38183
39207
39028
38305
37948
39337
39016
38473
38254
38732
39422
38096
39059
39375
39124
38846
39250
38011
38695
37819
38370
39095
38049
37997
38004
38336
39073
38250
38599
37862
38834
39384
39223
37886
39211
39357
38006
39364
38720
39179
39213
38539
38978
38292
37710
38608
38586
39084
38869
39516
38613
38644
38022
38141
37862
39123
38960
38986
39379
39311
37851
38645
38642
38972
38726
38513
37965
37671
38423
39276
38277
38059
38768
39335
38324
38257
38922
38800
39205
39510
38658
38105
37942
39351
38360
37887
39126
38035
38403
37859
38772
38682
38147
38167
38416
37877
38810
38654
39435
39239
39208
38213
38015
37910
37972
39035
39324
38017
39549
39285
38489
38244
38110
37964
37809
39516
37837
38248
39286
37797
38387
38158
39098
39487
38077
38636
39267
37901
39081
38268
38272
37794
37952
37851
38333
37902
39145
38795
38859
39148
38931
37995
38191
37948
38726
39440
38828
39041
37774
38117
37872
37905
37886
38872
38826
37910
38015
38525
39103
38729
37823
39355
38555
37986
38189
38635
38874
38999
37946
39544
37995
39102
38718
39228
38029
38979
38988
39280
38587
38649
38470
38029
37762
39070
37901
37908
37902
37897
38085
38530
38760
38477
38868
39142
37882
37919
37793
38358
37917
37935
38705
39256
38655
39234
39177
38884
38226
38421
39474
39391
39223
39114
39385
39181
38204
38035
38533
39356
38618
37920
38063
38003
38306
38892
38949
38365
39310
39007
38760
39389
38286
39366
39152
38118
38306
38568
39352
38039
38967
37917
37779
38450
39000
38350
39244
38695
39376
39286
38007
37881
38004
38000
38704
38412
38768
39151
39536
38750
39508
37841
38368
39143
38324
38180
38671
38240
38203
37832
37886
39452
38504
39195
38783
39229
39051
38933
39203
39240
38314
38940
38365
38042
39501
38808
39359
39336
39244
38016
37950
37997
37973
38416
38552
38914
38633
38974
39564
37926
38012
39282
37870
38088
38872
39213
39413
38557
39146
38925
39064
39361
39054
38908
39536
38364
38495
38592
39212
38793
39385
38406
38833
37955
38451
38939
38315
39407
38191
38586
39295
38150
39362
38025
37862
38334
38102
38982
39127
39437
38377
39328
38918
38859
39033
38363
39350
38548
37957
38100
38563
39087
38903
37978
38231
38332
38016
37863
38872
38301
37996
37916
38424
38833
38667
39186
37969
38588
39341
37929
38126
38918
38211
39010
37947
37868
39157
39253
39210
39075
38483
37806
39472
39158
38972
38160
37996
39397
38918
38581
38720
37912
39407
37990
38435
39331
39384
38831
38121
38012
39395
38464
38550
39225
39041
38143
39257
37979
38531
38295
38059
38160
38439
39208
38332
38092
38658
38333
38014
38365
39357
38254
39152
39519
38361
38274
37994
37828
37823
38707
39237
39057
39456
39533
39311
38286
38671
39449
39178
39350
39372
38372
39466
38803
39405
38248
39085
38718
38904
37872
39433
38904
39344
39100
39316
39158
37945
37862
39309
38840
38204
38861
39498
38024
38183
38826
39582
38019
38151
37889
38346
38520
37852
39201
37922
38289
39324
38821
38402
38811
39384
38553
37920
39273
39409
39025
39277
38996
39167
38250
39003
39219
38042
37778
37936
39338
38065
37881
38947
39256
39465
37958
39046
38718
38281
39051
38587
39118
38844
38131
37995
38327
39100
38752
38868
38277
38000
38210
38858
38198
38279
38472
38012
38881
39599
38881
38816
39293
37939
37988
38439
37932
38192
39193
37948
37932
39195
39330
38864
38234
38635
37935
37828
39561
37918
38064
38780
39423
39046
38562
39469
39129
39206
37987
38059
37911
39124
39538
38429
38623
38106
38493
38670
38362
38872
38400
37886
38039
38249
38307
38500
38424
38694
39461
39187
38451
38488
38021
38997
38023
37890
38776
39444
39426
38164
38554
37864
38430
39071
38826
39277
39248
38658
38109
37942
38133
38613
39426
38575
39284
39174
38448
38179
38840
39469
37978
37940
37955
38434
38179
39239
39299
38358
38363
38616
39325
39098
39477
39400
39286
38382
38696
39273
39304
38419
38570
38890
38899
37978
39083
38500
38665
39063
38262
38144
38628
38052
38159
39226
38693
38697
38415
37993
38299
37890
37948
38646
39480
38097
38914
38576
38769
38021
38781
38227
38784
38043
38013
37887
39472
38646
38188
37819
38184
38773
38552
38288
38813
39400
38651
38254
38217
38319
37872
37891
37929
37954
38785
39343
39269
39421
38410
39533
37961
38655
38743
39141
38193
37947
39461
37947
39316
38405
38022
39123
38267
38233
38619
39566
38117
38006
37822
37878
38085
38843
39600
39089
38661
38514
37989
37934
38836
38654
38385
38742
38409
39250
38597
38387
37927
38564
39251
39137
39344
38853
38185
38179
39200
39326
38620
37870
38297
37827
38246
38552
37864
37875
37970
39136
39460
39052
39125
39306
38162
37911
38145
39356
39299
38444
38132
38832
38442
38518
37971
38835
38323
38872
38950
39121
39506
38105
37824
38511
38386
38149
39211
39160
37874
38094
39349
39192
38810
39097
39132
39072
39339
39408
39134
37992
39233
38015
38042
38801
39264
39309
38206
38172
38384
38578
38482
39121
38917
39344
38504
38086
38337
38949
38794
39343
38400
38979
39269
39525
39299
39378
39275
39547
37957
37974
38878
38868
39222
39464
38069
37929
39025
39322
39062
37982
38017
39250
38244
39013
38965
38746
39306
39202
39401
38612
37915
38687
38833
38442
38978
38638
37833
38518
39459
39339
39507
38429
38656
38548
39184
38712
38697
39003
38184
37980
39439
38971
38966
39043
37922
37796
38735
38013
38670
39287
38911
38210
37876
38010
38909
39065
39097
39243
39178
38791
38840
39296
37895
38008
38548
39262
38482
37890
39022
39137
38565
39247
38241
38428
38126
38531
39299
39302
38003
38545
38806
39178
39540
38159
38470
38854
39364
38470
39556
39198
38047
38024
39370
37858
39229
38253
37995
39114
39221
37811
38766
38933
38434
38714
39371
39256
38955
39192
39123
38266
38086
38105
38901
38043
38245
38304
39246
39398
39401
38653
38572
38737
39132
38808
39260
39331
38696
38283
37907
38088
38289
39449
38045
39132
38469
38307
38961
39239
38215
37877
37903
38205
38286
38505
39112
39259
38343
38286
38618
37938
38125
39011
38657
38159
38534
38439
39075
38854
39040
38425
39445
39133
39245
38953
39486
39234
39633
38299
37877
38158
38866
38123
38312
39112
38063
38867
38852
38051
38951
38505
38526
39230
39352
38059
39077
38071
38642
38375
38789
39084
39247
39321
39408
38426
38963
38509
38518
38125
38130
38966
39529
38127
38342
39162
37884
38714
39369
39067
38980
39238
38207
39504
38279
39413
38709
38187
38127
38572
39046
38651
38724
38682
38565
38295
38883
38687
37819
39169
38771
37998
37855
38502
38675
39296
39333
39222
38884
38006
37834
38637
38171
39294
39546
37988
37859
39387
39260
38130
38490
39073
39333
37909
38862
39282
38621
37982
38059
38091
38951
38392
38031
38416
38197
38490
37829
38364
38212
38514
38501
38410
38301
38964
39365
38461
37857
38006
39046
39485
38238
37855
39028
37951
38012
38013
39033
38696
39013
37964
38827
39104
39433
38273
38587
37898
37981
37909
38006
37978
38091
38981
39361
39202
38099
38897
38259
37845
39311
39398
38171
39416
38900
38832
38610
39176
39348
39270
39186
39348
38444
39290
38009
38042
37979
39435
38231
38941
37949
38221
39073
37940
37908
37939
38079
38811
38213
38443
39379
39007
38335
37901
39339
39344
38234
39198
39285
38956
38291
38674
38963
38792
38072
38084
39101
39412
37919
39415
39141
38969
38574
38168
38095
38090
38069
38677
37848
39180
39315
38215
38768
38222
37988
37995
38295
38409
38393
39255
39522
38128
39436
39058
38040
37963
37897
37863
38458
39379
39202
38452
39336
39043
38818
38280
39353
38029
38211
38370
38259
38155
37845
38310
38845
38675
38506
38547
38081
38422
39097
39161
39343
37910
39366
37868
39415
38132
38006
37966
38105
39096
39323
38906
39107
39316
39074
38002
38523
38980
39129
38109
38354
38039
38837
38962
39083
39301
37920
38903
38696
38176
38111
39095
39263
39413
39191
38330
38101
39378
39094
38733
38018
37953
38825
38993
39383
38050
38071
37987
39054
39239
39406
38421
37931
38458
39245
39329
37915
38078
38187
37943
38389
38318
37929
38599
39022
38054
37887
39207
39313
38867
38184
38934
38106
38050
38228
37975
37967
37798
37991
38704
37946
39482
39406
38018
39430
38523
38006
37910
37773
37835
37942
37838
38986
38617
38201
39255
37963
38724
39287
38564
38279
38391
39522
38571
39249
38880
38595
39178
39128
39108
39595
39050
39265
39415
39501
38952
38563
38204
38334
38162
39186
39375
39060
38974
39163
38327
38869
38109
38715
38455
38362
39230
38759
38941
38600
39372
39407
37972
39095
37939
38512
37967
37904
37891
38175
37952
38584
38764
38641
38529
38712
39197
38106
39309
39387
38768
38958
39152
38083
39233
38081
38834
38647
37901
38391
38173
37968
38629
38711
39227
39398
39118
38191
38558
37900
37986
38708
39627
38147
38702
38185
38213
37876
38908
37952
39289
39330
38995
39100
37970
38611
38200
38205
39188
38522
37890
37949
37998
38803
38786
39178
37929
37957
38361
38850
38381
39392
39126
38615
39321
39285
38618
38046
38579
37824
37831
38439
38914
38642
38958
38979
39300
38283
38671
39024
39188
39432
38527
38562
39227
39305
39591
38152
38947
38774
38227
38079
38102
37959
39311
39206
38912
38923
39471
39299
39011
38702
39495
38622
38049
39359
38127
37946
38861
39236
38832
38862
38668
39237
38799
38550
37981
39075
38109
38630
38524
38010
38950
39390
38097
39219
39504
38498
38084
38587
38429
37903
38497
38492
38567
39045
38583
39491
39065
38096
37929
39162
38182
39341
38108
39325
39364
38751
38669
38787
38855
39315
39193
38343
38488
37916
38486
37741
37897
39043
38799
39329
37890
37967
38816
39327
39195
38991
37999
38906
39573
38285
37975
39045
38880
39633
38240
38035
39296
39005
39256
39363
39089
38321
38012
38129
37838
38545
38045
38875
38175
38164
39373
38196
38274
38266
39179
38643
37871
38131
39137
39475
38306
38349
39343
38702
39210
37979
38212
37943
38354
39428
38205
38932
38840
39538
38729
38014
37973
39106
39113
38819
39516
39296
37912
39325
38264
38352
38554
38259
39175
39155
39123
38875
37823
37861
38940
38847
38565
39475
39080
38142
38031
39198
39405
38850
38293
38276
37862
39104
38056
38123
37925
38010
38681
38212
38632
38391
39461
38310
38293
38583
39022
39379
39111
39525
39356
39150
39099
38562
38343
37901
39410
37852
39073
38582
38823
39205
39193
39033
38105
39363
38021
37917
38147
39349
39318
39065
38064
38956
39568
38214
39003
39022
38023
38078
38542
39086
39433
38252
38968
39502
38502
39184
39447
39168
38303
38761
37899
38226
37933
38697
39013
38074
37977
37986
39214
39327
39311
38230
39197
39326
37980
38939
39099
39360
39122
39622
37867
39196
38563
38129
38804
39443
39195
39284
38036
38287
39530
38670
37869
38603
39426
39313
39108
38045
38200
38562
38195
37982
39092
37905
39133
39390
39068
39446
39377
38050
38588
37892
38956
39245
39227
38235
37838
39068
39085
39584
37989
38072
39024
38582
37957
38909
38032
37997
37960
38640
39478
38270
37882
37987
38575
37792
39277
39185
38867
38319
39199
39156
39303
38791
37858
37861
37957
38788
38122
38295
38845
38119
38010
39016
38061
39335
39459
39406
39349
38925
39162
38557
38446
38485
37855
38036
38024
38536
38124
37944
37961
39350
39182
39429
38734
37869
37914
38101
37922
37978
38852
38243
39176
39600
38298
38599
39172
38826
38952
37983
38792
38551
37973
38120
38758
37901
37997
38980
39197
39211
39522
38453
38368
37915
39215
39443
38505
37989
39088
38594
38460
39141
38756
37985
37954
38449
39385
39379
38270
37984
37881
38764
39443
39386
39087
39271
39289
38823
38415
38467
39279
39309
38205
38687
39110
38793
39515
38435
38264
38977
38495
38325
39416
39329
38465
38337
38582
38756
37884
38544
39440
38240
38016
39146
39326
37887
38143
38099
39200
39068
38726
37979
38420
38111
39471
37922
39161
38561
38690
39150
37978
38008
39279
38530
39230
38284
39258
39055
38800
38592
39464
39298
38690
38964
39137
37835
39191
38250
38047
38957
39233
39087
38294
39333
38219
38118
39521
39056
38448
39321
38360
39327
39031
38342
39324
39230
39270
38183
38294
39293
39173
38884
38970
38489
38001
38433
38810
39177
39226
38768
38214
38400
38219
38049
38975
38191
38022
38300
38489
39390
38497
37949
38396
37927
37828
38788
39219
38402
38468
38090
37812
38035
38917
38500
38511
39441
38892
38147
38572
38340
39015
39182
38784
37952
39074
38771
39197
38223
38544
38329
38781
39139
38848
38574
37895
39181
39369
39124
37891
37877
38100
38090
39181
38409
38176
38081
38393
38141
37992
38373
38026
39385
39321
39166
39497
38359
37931
38355
38010
37919
39204
38353
38218
39053
39561
38242
38097
38614
38052
38543
38993
38791
38720
39238
37922
38005
38155
38120
37757
39234
39110
38773
39395
38021
39428
37921
37873
38992
38069
38354
39487
38588
37861
38285
39126
39486
39119
39336
38877
39414
38031
39515
39223
39481
38718
37882
38539
37810
38766
39004
38148
39538
38231
39143
38027
38408
38071
38179
38317
39166
38396
39183
38040
38873
39327
39091
38715
38817
39190
37950
39477
39002
38566
38608
39299
38658
39127
38411
37907
38004
38940
39374
38831
37870
38140
37872
39214
39206
38159
37923
37973
37979
38876
38865
39076
39308
39236
38737
38445
38451
38409
38211
39218
37986
37919
38818
39329
38769
39331
37830
38963
39394
38408
38103
38835
38811
38015
38788
38726
38199
38569
39329
38355
37946
39303
38366
38433
39415
37943
37880
39294
39319
38753
39241
38204
38054
37979
38984
39227
39384
37800
38550
37971
39346
38230
39392
37802
39308
39164
39313
39337
38012
39240
39321
38330
38582
39313
38522
39061
38593
38058
38835
38036
38915
39295
39019
39234
39475
38646
37930
38628
38770
39290
38541
38130
39028
38116
38019
38927
38783
37847
38936
39113
38381
39244
38401
38896
39389
39314
38019
38535
38487
39443
39017
38518
38548
38278
39357
39348
39686
39258
39644
39422
38205
39045
38310
39015
38608
39047
38754
38280
38002
38958
39264
37913
38535
38651
38489
38368
39029
38994
38195
39355
37961
38379
38654
38622
39018
37859
38264
39160
39211
38311
37767
38187
38912
39473
37833
38575
38518
38074
38723
38474
39447
39291
39198
38054
38935
38840
39315
38477
38902
38104
38067
38986
38527
39331
39298
38585
38217
39347
39627
38816
38973
38528
38930
38458
38180
38148
38053
38781
37986
38655
37774
39069
38367
37846
39039
38115
38798
38357
38666
39454
39419
38402
38977
39074
38566
39487
38466
38073
38568
38115
38877
38274
39399
39396
39597
38181
39359
39093
39448
38062
38493
38108
38253
38079
38889
39386
38509
39432
38806
38384
39365
37934
39205
39405
39442
39136
39365
38708
39121
37927
38616
39294
38830
38970
39216
37909
39181
39312
38524
38148
38718
38527
38012
39312
38505
38282
37936
39072
39321
39290
38939
38368
39361
39264
38398
39352
37797
38775
39088
39468
39584
38041
38680
37916
38785
38698
38182
39332
38272
39363
38859
39068
38937
39440
39409
39002
39212
39514
38396
39242
39277
38287
38292
37992
38144
38288
37979
39309
39226
38624
38658
39013
38379
38623
39411
39055
38898
39289
38443
38138
38724
38593
38099
38887
37835
38984
38726
38270
38839
38626
39059
38044
39132
39201
38814
38262
38067
38927
37930
38036
38012
37895
37894
38031
38136
38985
38133
38040
38511
38072
38024
38986
39070
38126
39466
39260
39570
37855
38072
38657
39323
38340
39232
38320
39496
38783
38730
37842
39186
39040
38513
38334
37907
37874
39117
38205
39299
38525
38076
37990
39248
38322
38230
39101
38315
38109
39348
38268
38091
37835
38434
39277
37887
38827
39182
38009
38580
38310
37914
38053
38047
38942
39068
39001
39248
38272
38354
39148
39383
39169
38966
38180
37857
39187
39259
39188
39648
38000
38394
39296
39254
39268
37974
38260
38077
39253
38434
38016
38196
37892
38586
38915
38479
38020
37878
39293
38756
38785
38199
39133
38130
37975
38009
38044
39205
37816
38659
39295
39315
38910
38183
37865
38647
38031
38671
38283
39320
39445
39053
39717
39446
39069
38876
38560
37783
38278
38230
38374
39157
38268
37821
38924
38286
39560
38161
38014
39377
39248
38357
37992
37883
38042
38157
38303
38863
39462
38500
38753
37934
38935
38240
39311
39316
38129
38014
38448
38917
38721
38299
39297
38004
38155
38027
38544
39336
39251
39386
38226
38871
38316
38133
39171
37912
38413
38245
38219
39246
38306
38890
39528
38288
38613
37961
39389
38457
38289
38276
38196
38299
39324
38918
38957
38881
38039
38846
38661
39320
38443
37859
38599
38733
39373
38970
38135
37915
39511
37966
39134
39514
39496
38712
38764
37756
38073
38558
38076
38108
39390
39566
38105
39283
38555
39471
37984
39366
37988
39529
39606
39055
38086
38481
38339
38880
38364
38595
38632
39432
39229
39240
39611
37972
39368
38560
39355
38684
38386
39363
39022
38047
38292
39039
37891
37996
38120
38560
38656
37914
38587
38995
39384
38740
38813
39078
39375
37895
37987
39127
38261
39479
38252
37952
38661
39001
39428
38308
39175
38682
38585
37810
38476
39347
39227
39575
39437
38853
39429
39147
39328
38337
38226
38151
39015
39174
38634
38353
39137
39546
37934
38032
38364
37918
38627
38436
39262
38354
39409
39228
38299
38434
38874
38565
39330
39395
39521
37898
37900
39181
39323
38445
38498
38784
39204
38730
39563
38013
39476
39166
39346
39321
38523
39075
39139
38043
38109
39209
38614
39205
39077
39245
38667
38050
38212
39451
37924
38341
38919
37857
37889
37927
37882
39224
38477
39103
38227
38670
38375
39257
39376
39232
39091
37985
37871
38403
39159
38738
38834
39135
38528
38656
38299
37941
39009
39368
38232
38525
39039
39003
38157
39390
38513
38904
37969
39148
37917
37821
37951
38112
38922
38514
39341
39314
39380
38781
38338
38088
37862
38092
39307
39210
38896
39209
38170
38424
38591
39628
37859
37771
38332
38190
39229
37932
39410
39215
38076
37982
38088
39310
38518
38592
38608
37920
38950
38018
38833
38375
37963
39385
39262
39380
38080
38065
39263
39292
39029
38673
39198
39183
39258
38784
38012
37893
39256
39460
37953
38940
37994
39171
38787
39011
38733
37929
39274
37920
37863
38471
39133
38993
39078
38716
39115
38246
38831
38768
39280
39094
38571
39064
39564
38197
37935
39145
38670
38903
38837
38913
38978
37959
38182
39200
38723
38300
37927
39396
38390
38754
38423
38207
38155
39012
38439
38015
38867
39327
37921
38680
39169
38003
38958
38866
39044
38848
38786
37839
38910
39121
38905
39461
39370
37927
39263
38210
38099
38675
38477
38836
39208
38211
37786
39047
37957
38114
38951
39159
37870
39306
39278
38509
38487
39001
37886
38176
38804
38470
38017
37827
38396
38591
39060
37879
38355
37938
38828
38061
38279
38716
38056
37823
37834
39074
38812
39022
38174
39208
39743
37892
37865
38483
38694
39326
39615
39188
39404
38112
38468
39330
38636
38622
39287
38099
38749
39327
39572
37981
37834
37923
39460
38572
38221
39028
38255
39164
39539
37889
38579
39102
37983
38195
38475
38593
38020
38843
37918
39112
38371
38719
39080
37969
38698
37815
38586
38829
39185
38065
38916
39217
38668
38347
37957
38703
39432
38082
38952
37810
38420
38937
39384
37927
39388
39519
38414
39439
37993
38838
38827
39567
38256
38909
38509
38690
38444
38113
38291
39490
38043
38108
37781
38801
37719
38359
37866
38057
38143
39126
39270
38083
38314
39187
38184
37932
38450
39445
38013
37876
39326
38914
39301
38688
38774
38366
37917
38687
39313
39253
39329
38530
38081
37892
37950
39190
38781
39020
38793
38266
38833
39419
38420
38606
38057
38227
38777
38854
38172
38246
38650
38180
39181
39445
39557
37982
37868
37769
37942
38960
37926
37975
38713
38131
39344
38435
38716
39226
39313
39323
39600
38029
37895
38235
39235
39162
39511
38619
38061
38785
39540
39266
39091
39389
38366
38389
39119
38937
39066
38273
38360
38701
39376
38208
37989
38954
39408
39519
39029
37826
38453
38015
39081
38704
38012
38585
39201
39218
39108
38353
38142
38015
38132
39410
39220
39288
38007
39078
39393
39302
38567
37926
38427
38776
37815
38615
39068
39451
39102
38157
37781
39299
37933
38980
39354
39127
38746
39614
38829
39449
37972
38168
38911
39406
38349
38073
39468
37981
38720
39361
39589
38382
38148
38433
38034
38807
38228
38242
38226
38200
38830
39120
39384
38686
39142
37946
37938
39349
39325
38091
39274
38776
38330
38483
38487
38770
39449
38415
38170
39338
39337
38985
37770
38465
38076
38362
38408
38869
38994
39141
38237
38886
38232
37928
38657
38299
38671
38327
39108
38820
39286
38505
39549
38738
39316
38878
39144
39248
38295
37927
38330
38418
37933
38820
39068
38209
38147
39224
38001
37951
38484
37892
38530
38421
39444
39051
39707
38098
39188
38400
38028
38055
37952
37913
39419
39475
38992
39078
39425
39035
39366
38411
39459
38898
39266
39456
39629
38270
39250
39220
39256
39133
39521
38816
39282
39451
38256
39050
38252
38029
38591
38232
38267
38697
38127
37960
37889
38014
38200
38904
39410
39290
37978
37913
37891
38385
38261
38931
39099
38162
39327
37949
39096
38278
38907
38322
39398
38106
38108
38928
39381
39298
38289
37872
37890
38463
39322
38527
38387
38724
38079
38477
37988
38890
39358
39373
38395
38010
39027
38406
39326
38853
38172
38830
39369
38046
38021
38597
38259
38573
38623
39427
38679
38114
37996
38992
39070
38156
38691
39306
38548
38529
38054
38761
39451
39229
39298
39232
38576
38137
38091
38142
39046
39177
38980
38804
38288
39034
37914
38638
38115
38666
39319
38173
37964
38151
38755
38811
38074
38405
38198
38483
38010
38591
38539
38211
38676
39344
38807
39131
39020
39117
38456
39292
39457
38138
38126
38885
37868
39148
37951
38597
39133
39144
38233
37785
38435
38918
39357
39484
38115
38151
38813
38944
37964
39404
39310
39300
39413
39439
38370
38094
39039
38776
38207
39283
38334
38755
39436
39263
39397
37934
38266
39492
37969
38667
37974
38270
37852
38210
38078
38500
38226
39321
39328
38133
38915
39367
38697
38048
38395
37885
39523
39617
39109
39254
39332
37964
39311
39316
39372
38932
37912
37875
39274
38012
39125
38769
39055
39517
37917
38928
37985
39277
38025
39149
38657
38424
37855
37956
39311
39325
38898
38322
38097
38122
38813
37979
38804
39417
39267
39003
38995
39187
39328
39033
38760
38100
39192
39392
39141
38280
38578
39346
38166
38457
38345
38648
37920
39295
39099
38885
39011
38823
38242
38579
38412
38596
39469
38666
37988
37888
39313
38375
38099
39037
38000
38106
39363
39015
39259
39413
39025
38732
38497
39376
39093
39599
38903
38238
39087
38195
38023
39301
39044
38042
38108
37972
37864
38028
38705
39142
39297
38610
38099
38114
38270
39494
39388
38804
39637
37920
39227
38087
38009
38714
37973
38124
37927
39008
37940
39380
38726
39449
39477
38295
39264
39085
39397
38302
39160
39466
38204
38805
37852
38059
38965
39345
38082
37831
37890
38803
38009
38423
39354
38905
39068
38324
38394
38658
39020
38574
38217
38948
39511
39122
38362
38141
37911
38199
38967
39282
39485
39403
39049
38684
38356
39105
39265
39459
38709
39350
39185
38718
38073
37848
39493
38886
39552
37913
38086
39370
39186
38450
38064
38119
38775
38625
39250
38533
38779
39431
37860
38638
39310
39240
39045
39514
38819
38728
37938
38070
39133
38083
39019
39086
38399
37928
38834
39288
38193
37930
39095
38750
39095
39345
38856
37983
39451
39377
38149
38176
38330
38916
38148
37999
38751
38832
38586
37934
38324
38962
38484
39399
39033
38930
39164
38071
38973
38380
38722
37957
38344
38559
37925
37821
38048
37914
37998
39254
38252
38034
38774
38854
38797
38103
39481
38732
38277
37869
38194
38644
38048
37886
39307
39153
39408
38498
39051
38053
39338
38953
39005
37885
38470
39053
38120
38412
39076
38280
39038
38946
37910
38003
38178
39206
38715
38263
38485
39540
38308
37911
38628
38692
39315
38480
37894
37944
38154
38368
37980
38798
38790
37888
38392
39402
39189
38178
37975
38012
38479
39314
39352
39576
37984
37972
38823
39441
39058
37844
38110
38714
37845
38293
37876
38120
37939
38122
39120
39232
39433
39378
38320
37922
38023
37968
38103
37981
39096
38807
38345
39046
38000
39522
38310
38000
38112
38235
38927
37945
39109
38788
39307
38404
38643
38761
38524
39038
38068
38273
38102
39258
39603
38012
38878
39228
38309
37997
39275
39339
38389
38048
37883
38885
39291
39000
38804
39441
38022
38055
38600
37902
38244
38739
37825
38555
39180
38070
37938
38135
38832
37991
38458
38125
38153
37986
38664
39003
37795
38770
38147
38676
38965
38027
38686
38666
39048
38405
39423
38546
38619
39178
39367
39354
37976
38991
39209
38795
38295
39452
39303
39517
39312
39158
38605
38384
38065
38273
39195
39482
38596
38998
38047
39433
38331
38799
37999
39468
38783
38408
38438
38050
38223
38191
38887
38565
37903
38203
38097
37818
39429
38132
38784
39361
39383
38452
38016
38295
38077
39256
39380
37875
38522
39293
38050
38159
38122
38019
37947
39326
39311
39545
38646
38110
38503
38548
37940
37974
39369
37890
38346
38395
38536
38005
38672
39364
38719
39331
39354
39551
38114
38283
37991
38790
38995
38408
39390
38967
37895
37847
38008
38225
38314
39113
39386
38011
39330
39207
38828
39376
39240
38033
39249
38346
38472
39186
38673
39488
39128
39360
39363
38026
38570
38664
38727
38547
39429
38728
39307
38481
38472
38726
38347
39367
38604
38282
38037
39406
38655
39468
37946
38680
38749
39290
39003
38966
39118
38021
38242
38050
38007
39290
37927
39369
38820
38412
38658
38433
38240
39610
38711
38074
38515
37989
37986
37929
39321
38843
38988
39305
38161
38079
39078
38791
37956
39347
38913
39127
38338
39066
38695
37937
38891
37956
38466
37978
39219
39308
38287
38819
38394
37987
38440
39129
39178
39138
38948
38713
38177
38339
39301
39195
38285
39026
39361
39479
38381
38610
38449
37880
39426
38696
39170
39387
39230
39279
38393
37945
38017
39010
39454
38804
38404
37992
38554
37990
37981
38175
39113
38371
38423
39312
37951
37944
37914
38195
38744
38422
39498
38896
38478
38130
38020
38394
38027
38269
38663
38309
38549
39232
39007
38720
38317
37998
38183
38664
38092
38908
37990
39319
38168
38523
38541
38298
37864
38102
38879
38311
39198
38521
39232
39328
39158
37926
39134
39009
39009
38046
39248
38586
37981
38181
38012
37989
39233
38219
38051
38463
38910
38037
39428
39077
39440
37974
38400
37816
38046
38907
37941
39288
38891
39280
37957
38238
38980
38898
38250
38733
39097
38517
38387
38119
39242
39166
39263
38984
37909
39296
38342
38832
37877
37992
39004
39149
39280
38331
38661
38856
38116
38291
37936
37930
38160
37940
38286
38660
38615
38922
38148
38433
38556
38131
38904
39132
39446
38609
37994
38966
38696
39017
39306
39420
38511
39387
38045
37982
38619
39349
37746
38644
38702
39166
38297
38207
38063
38694
38845
38571
37874
37833
38859
37872
38104
38836
39204
37950
38696
39355
39284
39656
37873
38777
39621
38084
38478
37925
37834
38286
38393
38625
39573
37860
38593
39164
39205
39244
38821
39070
38639
38624
39094
39594
38278
38109
39373
39294
38765
39362
39079
39254
38281
38700
39310
38949
39251
39278
39131
39439
38226
38051
37979
39134
39234
39650
37982
39194
39087
37991
37850
39038
39321
39149
39315
38015
38806
37826
38348
38268
38904
39532
38198
39186
38907
39351
38861
38485
37958
37873
39275
38433
38610
37949
38452
39273
38513
39454
39097
38387
38031
38121
39271
38419
38036
38352
39102
38053
38088
38722
38743
39414
39153
39100
37926
38712
38580
38031
38233
38942
38905
39046
37865
38055
38670
37794
39137
37900
38721
37874
38961
39481
39140
39141
37979
38838
38998
38762
38839
38287
38636
37872
38151
39487
39376
39061
38751
38564
38729
38153
38492
38507
39193
38555
38758
39121
39171
38358
38646
37919
38092
38549
38472
39203
39518
38200
38915
38207
38931
38227
38527
38557
38120
38829
39317
39334
38598
37969
38009
38549
39483
38309
38312
38659
39270
38730
39529
38595
38820
39271
39377
38268
38554
38260
39470
39128
37923
38092
38072
39341
39148
39446
38951
38151
37771
38296
39189
39271
38102
38007
38207
38923
38098
38114
38830
39238
39456
38122
38344
38975
39315
39216
38487
38556
38703
38333
38123
39231
38694
39092
38032
37846
39244
39416
39611
39099
37963
38423
39552
37941
38996
39209
38464
37978
39061
38590
38006
39301
39209
38918
38564
38143
39299
38261
37837
38379
39452
38047
38477
38081
38884
39208
38179
38513
39421
38085
38384
38424
38740
39327
39178
39714
37841
38095
37947
38740
39387
39191
38324
38046
39102
38749
38006
38722
38676
39169
38686
37990
38540
39485
39161
39073
38510
39292
39036
38681
38635
38106
37998
38477
37894
39197
38980
39329
39328
37856
38853
38068
38491
38720
39015
37815
38354
38499
39260
39423
39519
39442
38520
38337
38607
38607
38468
38493
39048
38415
37943
39516
38445
39125
38512
39451
38831
39305
38118
39302
39050
37902
38987
38557
38636
38192
38129
38435
39315
38022
38824
39026
38750
39267
39402
37968
38298
38154
38021
38856
39418
37966
38135
39045
37926
38300
37873
38144
39250
38655
39209
38738
39138
37902
37999
38222
39288
39579
39391
39277
38073
37773
38117
37928
38632
38521
37864
39376
38960
38282
38236
39199
37988
39125
39363
39797
38048
38049
39379
39015
39322
39426
39340
39061
39376
39154
37989
38107
38259
39452
38134
39348
39260
38826
39417
39320
39000
39204
38620
38092
39236
39214
37849
38229
37957
37867
37838
39115
38712
37851
38714
38915
37864
38273
39231
38875
37856
37883
38264
37726
39015
37968
38322
38524
38738
38399
38850
39428
38048
38115
39152
38091
39423
37952
38308
37869
39101
39556
38093
37933
38502
39400
39381
38104
38264
38152
38718
39434
39554
37848
38220
38795
39099
39172
39309
38145
38032
38405
38571
38090
38354
38827
37818
37931
38423
38047
39242
38111
38192
38482
38374
37863
39029
37901
37851
38206
37923
39022
38031
39433
39354
38268
38820
39283
38313
37939
39229
38543
38961
38943
37869
39191
39424
38700
37887
38815
38926
38439
39128
38786
39290
38543
38791
38057
39318
38396
38505
39263
37900
38092
37992
39273
39043
38152
38694
38961
38368
38314
37902
38302
38806
39386
38621
39381
38161
37925
39046
39255
38541
38676
37874
38741
38907
39304
39357
37865
37977
37870
38126
37887
37816
38969
38539
38031
38278
39072
38420
38266
38053
38296
38574
38097
38078
38428
38966
38727
37926
38029
37977
38336
37901
38195
39275
37911
37968
38054
39137
37983
37949
38009
38914
39287
38953
37977
39059
38184
39088
38519
38141
37936
39254
38172
39293
39386
38741
38132
39270
39202
38807
37995
38829
37997
38509
37877
39121
37911
38949
37892
39149
39378
38884
38225
39323
39528
38184
38316
38288
37798
38094
38581
39000
39127
38478
38260
38434
39002
37898
39344
38725
39204
39089
39550
39090
39361
38474
38212
39042
38390
38599
38323
38539
37929
38363
38366
39025
38029
38458
39108
38216
38555
39633
38414
38116
38113
38886
39437
39197
38578
39164
38922
39239
38078
39057
39016
38205
38223
38388
39452
37934
38898
38477
38002
38398
38025
38860
38684
39356
39241
38728
38226
37966
37785
38629
38943
38859
39421
38655
37856
38508
38641
38834
38931
38084
38240
38710
37994
38141
39267
39155
39165
39522
39368
39394
38747
38254
38768
38728
38309
39444
39064
39159
39431
39683
38037
38561
39243
38602
39167
38400
38093
38031
39421
39317
39264
37962
38940
38628
38877
38433
39187
38203
38960
39044
38166
38966
38678
39242
38569
38127
39215
38411
38493
38316
38877
39413
39202
38387
38097
38131
38903
38442
39116
38398
37965
39424
38186
38832
39181
39368
38611
38424
38639
38998
38311
39497
37925
38694
38581
38465
39245
37973
39382
39028
38643
38256
38699
39041
37897
38519
37944
39288
37936
39213
39361
39158
39479
39335
38187
38428
38704
39094
38059
38460
37974
38028
39271
37949
38439
39334
38724
38643
38469
37876
39382
39288
39240
38642
38037
39327
38148
37930
37940
37907
38683
37781
38195
38437
37806
38835
38817
39066
39247
38082
38944
39167
38030
37860
39242
38488
38275
38582
38018
37862
37770
39385
37876
38951
39133
39511
39402
37890
39007
38123
38804
38431
38669
38606
37988
38887
38826
38836
38596
37872
38977
38730
37936
38088
37880
39210
38723
39252
37804
38023
39184
38938
38106
38197
39053
38412
39184
39512
38785
39320
39038
38326
38155
38403
39097
39401
38115
38652
38358
39358
39265
38503
38023
38038
38364
39198
39188
38530
39242
37977
39245
39079
39158
38150
38164
37755
38733
37906
38130
38874
37865
38604
38792
39284
39109
38053
38666
38884
38547
39274
38284
38146
38966
38187
38919
38064
39248
39402
38783
38264
38280
37863
39154
39349
39441
38699
38897
39308
37951
38776
38990
38894
38240
39105
37859
39562
39021
38889
39567
38884
39334
39348
39176
38658
39332
39337
38311
39130
39381
38917
39091
39354
38162
38395
39329
38670
39280
39479
37950
37943
39118
39429
39487
38132
39150
39190
39378
39393
38343
38018
37923
38794
38706
38618
39292
38077
38309
38733
39411
37898
39180
38980
37987
38822
39470
39026
37943
39266
38986
39333
38619
39035
39444
39054
39052
38940
39143
38925
38020
39062
37984
38856
38052
37791
38122
38800
38009
38053
38884
39431
38292
37948
38482
38029
38480
39261
38712
39003
39256
38885
39133
39059
39148
38540
37954
38020
38174
37933
39078
38804
39232
39063
38993
38056
38106
37954
38927
38930
38145
38169
39110
38784
37927
39069
39169
38246
39094
38159
38004
37860
39064
38447
38253
38814
38106
37836
38448
38878
38127
37811
38748
37961
38320
37889
38104
37967
38945
37909
37913
38177
38785
38155
38363
39086
38876
39419
38185
37947
38032
37899
38168
37980
37873
38004
38018
37975
38444
37976
38062
38341
38120
37967
38919
37988
38056
38385
39377
38862
39487
37915
38451
38360
38591
39105
39510
38053
39364
38084
38574
39099
39131
38488
38312
39329
39395
39232
38343
38737
39355
39079
38914
37948
38348
38604
37912
39356
37862
37915
39309
38965
37964
37943
38041
38834
39342
39295
39580
38598
38466
39340
39607
39178
39512
38915
39320
38655
38750
39161
38631
38886
38327
39319
39178
39397
39447
38758
38415
38003
39501
38334
39444
38687
39069
38020
39441
39093
38385
38465
39000
39596
38128
38244
38852
39029
38979
39508
39561
37974
39064
39375
38962
38104
38319
37931
38392
39099
38526
39001
38215
38626
37917
37839
38897
38616
37896
38592
39566
39005
38310
39166
38994
39189
37988
39285
37931
38337
37904
38368
38670
38849
38017
37942
39201
37651
37991
38906
37817
38187
39384
39361
37741
38796
38576
37992
38858
38989
39126
38813
39124
37638
38282
39024
38704
38191
39157
39496
38049
38530
37908
39305
38095
37959
39394
38095
37967
39178
39451
38072
37982
38444
38239
38084
39316
39364
39446
39068
39119
39520
38108
37871
38792
39484
39288
38672
39255
39417
39070
39304
39349
38478
37899
38858
37858
38219
38295
38288
38156
38010
38040
38508
38774
39299
39640
39558
38090
39554
38312
39389
38952
38003
37936
38015
39405
38890
39089
38838
39326
39553
38040
38052
37888
38219
38760
38725
37811
38627
38895
38126
39177
39509
37998
38522
38029
38047
38848
37992
37890
38195
39345
38190
39047
38349
37846
38879
38877
39290
38629
38417
39123
39359
38425
37985
38372
39296
39313
39230
38423
38993
38230
38718
39360
39270
39521
37945
37857
37783
38614
37974
37888
38018
37946
39042
38975
38615
39032
38451
39353
39131
38340
39139
38617
37828
39010
38090
39251
38614
38606
37939
39197
38524
38949
39059
37830
37949
39339
38037
38443
39125
38557
38716
38286
38160
37897
38764
37810
39205
37894
39263
38043
38653
39235
37841
38996
39013
39318
39524
38307
38481
39025
38223
38141
37858
37878
38049
38073
39335
39610
38150
39087
38275
39240
39058
38127
39230
39065
39442
39316
38034
38249
39008
38904
39145
38301
39085
38851
38833
38062
39256
38559
38531
38808
38493
38545
38171
39322
39327
39601
37947
38404
37803
38083
37948
39123
38305
37962
37943
38326
39291
38047
39467
39281
39295
38207
38240
39405
39159
39194
37971
38435
38046
39098
39378
39559
38319
38187
38202
39488
38642
38754
37863
37946
37874
38085
38120
39388
38218
39139
39338
39118
38627
38729
38352
39290
39554
37895
38494
38396
38931
37819
38059
38435
39285
38894
37855
37845
39152
39215
37956
38140
38723
38554
38042
38617
38375
37899
38192
39431
38171
38098
37692
37775
37853
37902
38075
39642
38226
39031
38923
39050
39367
39202
38567
38278
39116
39335
38174
39432
38147
39236
39074
39237
38773
38902
38399
38037
38332
38274
39024
37940
38089
38900
39403
37922
38413
39234
37949
38018
39214
39373
39630
38199
38102
38652
38819
39559
39017
38569
38998
39340
39055
39406
38188
37919
38785
39341
39313
39519
38011
38289
38681
38832
38772
39059
38469
37987
37875
39271
39276
38183
37932
39176
37908
37962
39262
38230
38127
39159
39042
38429
38604
38288
37959
38209
38016
38228
39002
39099
37856
39058
39063
39082
39572
38897
38657
38902
39219
37822
39218
39409
38217
38343
38198
38521
39123
38236
37871
38337
39323
38779
38346
38211
39054
39341
38827
39296
38691
38624
38076
38211
39312
38900
39391
38117
38916
39280
38254
38649
39485
38971
39469
38818
38447
38148
38517
39191
37862
38286
39254
39070
38408
38700
39319
39330
38920
38584
38451
38524
38049
38482
38037
39071
38020
38885
37853
39180
38944
38736
37955
37930
39312
38030
37873
38897
38974
38320
37959
38434
39173
38370
38014
37913
39157
38169
38655
38175
39067
39399
38834
38259
38947
38681
38881
38035
39377
39382
39104
38879
39530
38487
38824
38050
38180
37916
38113
38486
38019
38031
38448
38169
39353
38964
37905
37825
39278
38634
38259
37990
38210
38757
39420
38238
38900
39249
39167
38396
38283
38083
38719
38879
38289
39217
39139
39266
37815
37948
39035
39356
39269
37978
38009
38906
38154
39450
38127
38642
39148
38482
38619
39434
38234
38341
39259
38872
38302
39433
39238
38458
38610
38290
39184
38170
37993
39154
39253
39227
39393
38374
38743
38314
37810
38002
37912
39216
39023
37860
38780
37978
39173
39526
38051
39051
39493
38359
39087
39296
37806
38293
39050
38901
38028
37949
38071
38295
39193
39360
39553
37822
39167
39281
38643
38977
37913
39035
39003
38441
37831
38326
38671
39317
38665
39267
37973
38458
39416
38981
37887
39419
37976
38311
39092
39489
39486
38129
38356
39030
39078
39473
39274
38579
38041
38102
38212
38130
38719
38995
37976
39246
39349
39282
39604
37957
38284
38199
37930
38492
37877
38122
39377
39312
37959
38645
37914
39292
38135
38634
38876
39176
39243
38087
38062
39121
37866
38187
39260
38288
38764
38087
37943
39191
37932
38322
37970
37909
38073
38958
39351
39172
39230
39316
39527
38709
38447
38654
37888
37747
38022
39382
39474
38500
38537
38752
38097
39102
38796
38061
38800
38135
39257
38339
39119
39327
38974
37938
37958
39379
39643
38167
37812
38132
39092
38063
39315
39283
39304
38804
39234
38062
37904
38765
38473
38806
37918
39055
38714
39190
39409
39269
38439
38938
38226
38159
39049
37913
39144
38893
37847
38693
39056
38877
38177
38584
38767
38564
39533
37945
38604
39020
39510
37985
38061
38234
38648
38395
38013
38753
38976
37931
39277
38135
38933
38407
38310
39356
38802
38447
38777
39148
38047
39260
38311
37850
37961
38597
39277
39091
38132
37846
37799
39371
38873
39158
37920
38391
38947
39530
37907
39315
37877
37855
37864
38048
37905
38316
37938
38128
38277
39364
37841
38945
38416
39389
39297
38239
38169
39004
39559
38244
38141
39496
37921
39009
39161
37931
38672
39466
39250
38150
38613
38768
38350
37892
39222
37979
38772
38538
39272
38293
39141
39277
38085
38879
38423
39425
38354
37970
37835
39047
38000
38187
39384
39156
39411
37845
38048
38196
38051
39388
39230
39384
37893
37943
39351
39162
38796
39183
38829
39359
39062
38971
37917
38362
39363
39494
38732
39123
38747
38123
38773
38842
39112
38759
39341
38455
38433
37873
39212
38131
38855
38644
39164
39392
39146
39414
38065
38095
38116
38510
39258
38580
39534
38758
39431
38604
38289
38990
39433
39366
38822
38169
38136
39362
38759
38838
37991
38132
39540
38382
37979
38173
38313
38355
38013
37999
38963
39371
38161
39267
39305
38934
39215
38354
38337
39131
39410
39477
38068
38411
39302
39207
39715
37963
38698
37891
39195
38014
37912
37957
38208
38810
39303
38711
39045
39106
39027
39034
39485
37892
38608
39134
39323
38994
38908
37837
38895
37977
38953
38640
39358
38676
38681
39492
39370
38450
39301
39499
38865
39671
37868
38755
39504
38253
38055
37935
39323
39454
38771
38222
39267
39243
39310
37889
38031
38103
38903
38894
38758
38444
38359
38058
37890
38181
39364
38818
38293
38811
37959
38284
39204
38093
37920
38751
38856
38080
39269
39397
39390
39001
38477
39316
39247
38518
39315
39330
39402
38782
38878
39152
38052
39276
39104
37812
38370
37976
38654
38903
38726
37906
37812
39097
38932
38696
39050
38994
39431
39200
38750
39413
38578
38388
38850
38118
37971
38199
39258
39070
38992
39673
37695
38535
38613
38335
38685
38768
39283
38483
38207
38241
38543
38145
38788
38528
38052
38535
39433
38573
38485
38427
37913
37938
38625
39532
38275
38269
38368
38914
39011
39024
38843
39556
38426
39542
37879
39336
39259
38271
39066
39003
38509
39069
38421
37932
38338
39346
38665
38693
38941
38555
39396
39186
39501
37860
38135
39032
39321
39020
38551
39261
38589
39060
37855
38039
38169
39312
38085
38397
39581
38588
38963
39295
39072
39381
39067
38390
38997
38155
39003
38334
37998
39507
38876
38061
39295
39268
38937
37997
39440
39246
38155
37881
38173
38455
39167
38699
37914
38045
38075
38723
37937
38491
39375
38171
39158
39416
39474
38336
39271
38512
38690
39288
39465
39081
38803
39648
37945
38569
39054
38897
39346
39177
38249
39401
39180
39294
38069
37781
37858
39360
37986
38199
38629
37872
39315
37988
38530
37892
39155
39261
39332
38778
39247
37902
39582
37864
39144
37809
39093
38530
38886
38298
39257
38886
38301
38003
38829
38022
39374
39310
39107
39167
39466
38063
38218
38481
37930
38044
38510
38266
38143
39214
39323
38076
38969
39043
39104
37831
38210
39085
38384
38031
38141
38670
38558
39146
38160
38775
38725
38656
37968
38753
38175
38051
38895
39288
38063
38015
39216
38825
39138
38919
38735
39191
37957
38948
39673
37985
38126
38831
39372
38572
38263
38974
38112
38674
37942
37913
39107
39455
38356
37827
38042
38753
37905
38099
38922
39297
37971
37962
38017
38153
38554
38456
38753
38105
39295
39173
38699
39031
39199
38441
38121
39175
39368
39389
38893
39352
38798
38058
39263
39163
39032
39141
38595
38687
39393
38078
38113
37920
39170
37930
38515
38946
38886
37939
38385
38778
38786
38526
38611
38792
38999
38124
39362
39110
37885
38212
38230
37999
38517
39101
39342
39446
38407
38119
39060
38628
38716
37856
37882
37935
38097
38868
37861
38234
37891
38962
37941
39092
38166
38220
38270
37969
38572
39219
39175
39454
39519
39025
38416
38232
38158
38285
38349
37916
38249
38287
38786
39128
38432
38345
38626
38011
38356
39413
39667
38099
38083
39165
39304
38838
38846
38097
38794
38974
38501
37930
39148
38259
39325
39470
38754
38065
38172
37983
38705
38108
39274
38964
39185
39339
38191
38437
38020
38362
37775
38465
38055
38931
39108
37809
38088
39449
38360
38082
38086
39133
39285
39362
37994
39069
38861
38576
39210
39370
39054
39458
37999
39085
38835
38138
38892
39060
39049
39413
39401
39470
38499
39231
37976
38780
38145
38954
39430
37833
38105
38911
39203
37960
39400
38042
39341
38629
38766
37958
38713
39438
38011
39298
39221
38354
38139
38032
39308
38890
38291
39284
39362
39126
39047
38000
38001
38769
39400
38523
37904
38526
38809
38738
39145
39341
39052
39520
38575
37914
38507
38788
38542
39228
38013
38853
38084
38647
38125
38714
38865
38218
38119
39070
37975
39256
39445
38129
38968
39394
37960
37879
38958
38449
38377
38480
38980
38017
38123
38285
38437
38452
39561
38485
38153
38023
39101
39423
38899
38754
39044
38788
38953
38931
38733
38352
38654
39281
38402
39051
39071
38703
39072
38995
39259
38602
39166
38443
37868
38314
38381
38870
38290
39246
37946
38085
39191
38139
38774
38745
39215
38162
39332
39060
38039
39092
38263
37934
39084
38499
37877
37841
38236
37835
39078
39332
38915
38782
37951
37917
38177
37888
37892
38697
38951
38628
38278
38683
39453
38010
39136
39272
38544
38995
39084
38146
37964
37953
38196
39402
38059
38312
38783
37989
38597
38106
37955
38911
38112
39344
38324
38905
38162
37965
39357
39310
38974
39301
38156
38240
38784
38900
39509
38913
38093
38020
38644
38445
38188
38243
38133
38481
38256
38780
38197
39288
38506
38018
38432
39146
39228
38454
38917
39404
38071
37976
37827
39325
39153
38324
38197
39416
38902
38825
38383
38839
38539
39113
39440
37834
38762
38014
38359
37944
38371
39557
38535
37983
39477
39033
38711
38690
39345
39276
38162
37785
37935
37971
38083
37993
39334
39163
39386
38178
38410
38721
38652
38834
38976
38020
38459
37941
38493
38924
39311
38031
37909
38124
38998
39365
39178
39159
38642
38073
38320
39031
38992
39281
38712
39345
39403
38832
39156
38926
38333
39318
39175
39294
39279
38797
38717
37997
39431
39111
38541
39146
38067
38125
39256
39599
38228
38178
39317
39390
39552
39017
38265
39222
39094
39429
38002
38654
39559
38482
38614
39416
39326
39153
38068
39175
38525
38373
37977
38926
39583
38774
39114
38490
38038
38061
39331
39477
38625
39204
39182
39162
39728
38953
39030
38999
39533
38451
38283
38642
37895
38893
39310
39480
39043
38580
38362
37955
38955
37844
39301
39338
38311
37862
38871
39434
39248
37988
39322
38518
39021
38962
38745
38660
38314
38853
37896
38512
39513
37935
39340
38821
38988
39222
38857
39340
38749
37897
38106
39382
39341
39312
38688
39243
38927
39452
38892
38057
38317
39079
39284
38855
38270
38544
38384
39388
39283
38740
38661
37762
38018
38910
39326
38068
39162
38915
39184
37807
38024
39077
38561
38196
38018
38558
38148
39108
38260
38142
38014
38006
38656
39204
39151
37977
39251
38844
37995
39133
38574
38642
39532
38979
39490
39311
39310
39363
38840
38142
38323
38459
39128
38102
38544
38158
37849
37873
37999
38473
38543
39110
38578
38071
39185
39227
38849
39163
39364
38698
38266
39366
39146
39438
38605
39239
38610
38212
38976
39083
37836
37876
39264
37988
38137
39178
38466
38421
38167
38933
38588
38001
38911
38100
38143
38291
38511
37822
38198
37907
38849
39119
38769
39136
38362
39409
39070
38895
37944
38675
38886
37886
38048
38907
38330
38565
38391
39127
39253
38597
38086
37858
39171
38722
38280
39221
39660
38025
39009
39482
38537
39196
39071
39228
39444
37961
39056
38571
39261
38341
38598
38985
39429
39367
39283
39543
38087
39484
38031
38275
38853
38684
38858
38318
38015
39228
39467
39426
39262
39367
38260
38706
39002
38552
39196
39004
37842
38893
38523
38587
38472
37882
38289
38002
39108
38791
39279
38605
37914
38148
37998
39208
38771
37917
38290
38060
39271
39387
38861
39529
39162
39325
39233
39160
38487
37989
38385
38002
37823
37941
37895
39247
38059
39156
38299
38293
37849
39373
38624
38444
37996
37984
39348
39043
38924
37985
39192
38013
38065
37894
38279
38561
38761
38847
38410
39258
39307
39433
39141
39391
39407
38557
38282
38675
39470
38241
37915
38497
38096
39447
37995
39306
39141
38600
39172
38447
37967
38963
39075
39220
39118
38483
38159
39509
38869
39449
39473
39294
39103
39143
38995
38899
37951
38288
38585
39047
37914
38810
39242
38633
37974
39245
39120
38626
38111
38755
38894
37983
38678
38659
39234
38169
38420
37915
38555
39694
39238
39158
38200
37950
38517
38187
39165
39340
39227
38188
37942
37995
38279
38085
39446
37998
38850
39470
38132
37980
37905
37981
38073
38983
37960
39166
39258
38620
39451
38734
38786
38669
38145
38027
38081
38700
39047
37961
39172
38865
38454
38020
39154
38922
37987
37988
38619
38071
39288
39478
39574
38120
37981
39008
38025
38227
39356
38380
37955
38112
38365
39346
38028
39260
38143
38234
38925
38065
37955
37872
39423
39188
38808
38421
38934
39075
37942
39094
38030
37886
38285
39184
38756
38397
38172
37960
38897
38507
39276
39272
38530
38408
38221
38278
38416
39143
38491
38804
39341
39397
37939
38574
38372
37923
37944
39222
37816
37923
38205
38184
39420
38383
38724
37922
39309
38363
37886
39021
38356
38484
39300
38267
39466
37987
38665
38791
38986
38328
38965
38800
39256
39443
39352
38021
38676
38533
38022
38788
39282
39675
38014
38228
38360
39214
38357
38153
38228
37893
37929
38607
38130
37965
37900
39184
37897
39323
39294
39393
38500
38350
38058
38564
38116
38877
39352
38857
38544
38933
38861
38013
38397
38952
38601
38969
39276
39295
39231
38417
38553
38073
38081
38552
38240
38284
38367
38841
37985
37799
38081
38394
38589
38451
39247
39288
38553
37889
38067
37815
38476
38413
38940
38787
37838
39224
38838
39025
37950
38195
38966
38368
38955
39181
37917
38235
38573
37849
39227
38472
39314
39388
38245
38019
38375
39126
39264
38250
37996
37985
39056
37970
39241
39199
38553
38113
37802
37919
38533
37991
38269
37960
39042
38115
37947
39182
38951
38206
37966
37842
38175
38694
39247
37866
37789
37989
37889
39038
39425
39552
39078
38950
38997
39161
38581
38578
38146
37961
39037
37929
38073
38706
38891
37992
38104
38977
37988
38093
37823
38503
39067
37873
38010
38245
38878
38714
39265
39398
38949
39561
38078
38351
38407
37628
39320
38940
38326
38562
38226
38221
37904
39180
38318
38785
37961
38263
38181
37953
37843
38765
39360
38830
38284
38843
38384
38601
39264
37987
38603
38197
39332
38163
37979
39259
37862
38224
38458
38119
38229
38363
38423
38456
37969
38016
38349
38369
37971
37973
37993
38394
37912
37913
39597
38084
39495
37891
38569
38711
39315
38392
38067
38714
39390
38667
38023
37885
37946
38250
39093
39049
39343
38935
39454
38572
38544
38325
39473
38839
38469
39384
39216
38621
39151
39257
39681
38243
38099
39293
37842
38807
38967
39178
38483
38944
38867
39287
38424
38271
38645
39177
38565
37965
37918
37956
37917
38452
38176
38681
38639
38291
39329
38009
39226
39283
39560
37962
38456
38504
38233
37937
38157
37942
38744
39385
39151
39493
37930
39179
39148
38897
38909
38851
38800
38905
38078
39085
39158
38402
38097
39357
39050
39338
39501
39044
38620
38630
38123
38199
38050
38187
39306
38924
37940
37767
38930
39531
37885
38433
38102
38626
38701
39203
38372
39064
38664
38300
38563
37859
38813
38460
38819
38878
38872
37865
37833
38303
37844
38155
38904
37999
38218
38962
39388
38641
39028
39025
38445
38299
38065
38000
39371
38992
39498
39347
38028
39269
38617
37929
38054
38646
38882
39250
38455
38163
39166
37806
38002
38032
38332
38148
39092
39423
39232
39223
37877
37857
37927
39070
38962
39359
38248
37955
38762
38677
39112
37913
39188
39151
38359
39179
38450
37811
38410
38208
38534
37775
38247
38496
38360
38177
38384
38192
38960
38419
39130
38677
38925
37950
38905
38874
38770
38167
38528
38027
37829
39095
39570
39089
39252
38206
38702
38243
38432
39017
38163
39350
39290
38497
37867
38261
37857
38826
39316
39343
38055
39033
38399
39297
38727
39286
39206
38834
38815
38345
37958
38619
38093
38673
38361
38331
39464
39037
39136
39341
39164
38475
38385
38598
38492
38402
38067
39061
38038
39203
39332
38912
38567
38760
39506
39347
39605
39290
38024
38295
38863
39092
38128
39217
37996
38490
38316
37936
38925
38659
38027
37936
38664
38347
38441
37852
37820
37986
38817
39420
38399
37804
38404
38007
39356
38419
38427
39162
38369
38005
37987
39226
39436
38228
37955
39146
38113
38913
38170
38111
37932
38909
38888
38715
39045
38066
38054
39186
38104
38394
37899
39299
39021
39197
39340
39362
38668
38058
38352
38496
38193
38006
38151
39034
38007
38314
38137
39192
38964
38720
39121
38163
37911
37926
38201
38437
39299
38344
38814
38208
38290
38649
39478
37838
37952
38065
39406
38244
37923
39050
38969
38126
38255
38061
38673
38748
38005
37987
37998
38745
38760
38498
38499
38123
39253
39572
37992
38814
39022
39109
38313
38286
38694
39413
39466
38889
38162
37968
39455
38885
37803
38113
38374
38906
39228
39239
37991
38303
38476
39229
37938
37936
38944
39243
39453
38499
38869
39497
37892
39121
39464
38625
37979
39090
38798
38104
38140
38139
38708
37854
38564
38233
38916
38517
38837
39327
38126
38468
38889
38264
38273
38532
39100
39093
38490
39077
38390
39323
39346
38507
39141
39040
38011
37951
38203
38937
39073
39073
39361
38413
38816
39511
38994
38134
37766
39146
38702
38295
38600
38296
37999
39132
39364
38209
38003
39439
39288
39383
38069
38022
39182
37850
38108
39497
39380
38621
37890
39044
38465
38414
38930
39182
39243
39147
39255
38607
38197
38659
38550
39209
38166
37767
37863
38899
39437
39304
38113
39095
38951
39116
39513
39501
37978
37966
39072
38084
38113
38464
39336
39637
38669
39287
39462
39164
38375
39355
39427
39259
38069
38469
39351
38800
39227
38367
39138
38660
39275
38819
38149
39055
38598
38371
38098
38363
38195
39325
38504
38012
38860
39295
38584
37825
38248
38954
37799
37980
38781
39412
37966
38247
39050
38609
39122
38193
39116
39415
38698
39239
38135
38449
38436
38064
38938
38822
39423
39358
38982
38597
39012
39388
39208
38995
39350
39544
39186
38039
39360
38498
39318
37940
39412
39609
38170
38464
38199
38200
38002
38224
38856
39181
37986
39354
39415
39076
38468
37979
38104
38067
38269
37984
38521
38691
39326
39407
39339
38137
39216
38160
39361
39078
39322
39419
38562
37929
37995
38159
39364
39375
38018
39114
38443
38089
39345
38697
38063
39168
39400
38119
38092
37960
39394
39105
38427
39072
37919
37947
37817
39441
39203
37965
39160
39037
38888
39275
39287
38280
38102
38646
38059
38675
38009
38438
38580
38648
37859
37883
39156
38850
39377
38656
39287
39319
37994
38357
38636
39142
39482
38406
38215
39175
39371
38424
38093
38693
37880
38012
38926
38502
38567
39501
39280
39116
39282
39555
38628
39119
38278
39216
37841
37807
39019
38953
38912
38178
38256
38116
39143
38274
37815
39124
38239
37952
37978
39218
39368
38993
38015
38073
39130
38266
39346
39597
38741
37832
39170
39058
38143
39141
38355
39079
38475
39137
39168
39444
38239
38439
39549
38347
39294
38467
38523
38980
38556
38772
38142
38023
38156
39193
39128
39374
39258
37918
37928
38284
39288
38376
37947
38911
38984
38530
37849
37934
37993
37889
37954
38030
38991
39178
38033
39242
37886
39380
39071
38756
38481
39087
37935
38592
38398
38732
39426
37950
39159
38334
39391
38971
38302
37967
37903
38946
37820
38629
38585
37919
37940
38514
39465
38895
39280
39398
39292
38989
38194
37804
37864
38361
38664
38086
38674
38792
37930
39242
39012
38613
39186
39307
39010
38252
37821
37823
39115
39406
39098
39507
38888
38419
38548
38271
37756
37795
38871
37978
38407
39311
38640
37887
38083
38528
39293
38896
38496
38965
38313
38513
38540
39033
38471
38723
38298
38948
37852
38136
38000
38599
39171
38526
38127
37915
37981
39376
39280
39383
39217
39282
39117
39160
38472
38199
38019
39315
39226
38086
38159
38574
39105
39386
39085
38022
38230
39390
39472
38178
37989
39378
37805
39255
38769
38464
38398
39278
38114
39439
37840
37780
37970
37929
38188
39200
37770
39521
37923
38296
38244
38996
38411
38468
38980
38868
39541
38058
38378
38044
38560
37907
37894
38054
38075
39369
39053
37857
38121
38007
37983
37964
39190
39030
38173
37825
39276
39096
39453
39379
38928
37966
38216
39515
38313
39118
38710
38379
39188
39417
39293
38911
37914
37919
37968
39184
38757
37839
37893
39536
38474
39317
38458
37838
37889
38023
37927
38010
38573
38411
39192
38019
38061
38991
38633
38456
39522
39238
38367
38032
38063
37918
38111
38658
37961
37942
38071
38068
38296
38414
38177
38266
39122
39335
38967
37869
39144
38353
38378
39237
39207
39453
39044
39189
39345
39138
39544
39221
39389
38854
39289
39456
39509
39312
39299
38785
38896
39317
39489
38556
38023
38025
37883
37917
37913
37816
38283
39451
39167
39533
39341
38862
38103
37791
39191
38783
39310
39143
39055
39185
38145
38958
39235
39198
38791
39499
38133
38446
38532
39252
38185
37990
38011
38389
39261
37921
37942
38318
38885
39613
38310
38418
38864
38830
37984
38867
38506
38243
39276
37997
39405
39060
37946
38495
39318
37990
39323
38955
37904
39081
39357
39417
38417
38546
37814
38750
38109
39189
37946
37867
38068
38099
39022
38280
39148
38626
38221
38063
38176
37954
38008
38010
38099
38895
39112
39002
39163
38395
38514
38971
38048
37852
38121
38771
38120
38821
39378
38895
39598
38188
39113
38183
38493
38220
39371
39121
38715
38993
38532
37736
38029
39189
39322
39517
38496
39101
37858
38184
38272
37910
39331
38404
39153
39453
39468
38041
39423
37916
37839
38599
39220
38278
37897
37842
39178
39404
39285
38471
38808
39034
38884
38272
38570
38091
38004
37893
38992
39301
39426
38993
38976
38814
39443
38182
38347
37917
38307
38011
38824
39392
38104
38037
38147
38607
38493
38143
38008
38472
37752
38860
38065
38249
39019
37927
38021
38342
37929
37856
37826
38359
37970
38892
39037
38934
38019
38316
38114
37860
38451
38771
39161
38016
38687
39400
38393
38143
37809
39151
39454
39371
38908
37932
37875
37968
37960
37875
38173
39052
39298
39264
39115
39267
38008
38571
38851
39255
37935
38064
37925
38850
38866
38477
39356
39451
39366
39483
38447
39289
38029
38828
39181
37970
37839
39358
38962
37881
38671
38136
39272
38028
38881
38824
38054
38323
37963
38021
38121
38588
38282
39078
39235
38283
39484
39080
39387
38579
38084
37812
38655
38496
37926
38391
38049
38422
38798
39359
39141
37915
37833
39221
39404
38981
38293
38921
38198
38110
39331
39177
38475
37966
38759
32689
32689
32689
32689
32689
32689
32689
32689
32689
32689
32689
32689
32689
32689
32689
32689
32689
32689
32689
32689
32689
32689
32689
32689
32689
