9948
94996
94947
94983
95177
95178
94917
95130
95236
95389
95137
94994
95468
94924
94954
94846
95023
95280
95066
94921
95076
95184
94862
94810
94886
95334
95279
94794
94890
94834
94730
95009
95217
95057
94915
94898
95416
95004
94957
95314
95108
94818
94876
95058
95091
94861
95308
95416
95182
95292
95337
94873
95079
95367
95408
94928
95421
95055
95095
95410
95065
95466
95441
95025
95004
95405
95033
95112
95046
95174
95134
94879
95531
94903
95269
94996
94821
95064
94932
94906
95243
94903
95547
95293
94848
94948
95053
94843
94924
95256
95299
95217
95189
94918
95248
95235
94865
95039
95226
95106
94826
95168
95417
95400
95289
94759
94922
95210
95214
95255
94769
95165
95149
94823
94892
94864
95277
95252
95289
95314
95309
95285
94837
95051
94972
94896
95371
94803
94771
94949
95240
95125
95154
95089
95297
95261
94964
94927
94805
95031
95081
95056
94814
95340
95374
95131
95203
95169
94893
95380
95271
94923
95445
95506
95475
95408
94891
95315
95186
95451
94873
95511
95397
94926
95037
95100
95324
95159
95390
95131
95283
95554
95241
95296
94962
95428
95316
95399
95365
94916
95169
94863
94881
94927
95406
95132
94813
95145
95047
94901
95394
95159
95488
94990
94980
95096
95510
95379
94806
94846
95322
94948
95217
94891
95212
95173
95081
95364
95361
95104
95023
95370
94838
95137
94772
94927
94859
94980
94917
95326
94888
94882
94863
94998
95361
94955
95473
95176
95295
95205
95322
94927
95102
94892
95343
94913
95328
95093
95141
94885
94822
95314
94859
94917
94999
95083
94925
95119
94879
94864
95364
95093
95266
94857
94811
95243
94809
94878
95467
95323
95229
95049
95144
95476
94841
94996
95312
95477
94869
95113
95101
95233
95299
95217
95113
94805
94957
95263
95420
95229
95038
95245
94911
94839
95146
94939
95183
95009
95293
95201
95061
94816
95387
95336
94861
95179
94943
94867
95262
94974
95277
95250
94971
94827
94812
95085
95248
95342
95235
94817
94906
94793
95330
95419
94934
94827
95272
94886
94938
94881
95337
95235
95161
95290
94790
95171
95020
94902
95275
94888
95298
95312
94902
94947
95314
95413
94911
94792
95176
95182
94980
94977
95003
95423
94948
95109
94933
94924
95444
94808
94869
95252
95398
95391
94840
95374
95318
95282
95399
95090
94776
94999
95238
94872
94920
94830
95020
94883
94846
94976
95393
94927
94940
94863
94782
95269
94811
94816
95100
94839
95010
95137
94864
94879
95019
95014
95455
95050
94842
95168
94940
94947
95008
94859
94860
94858
95181
95105
94801
95364
95057
95405
95370
95108
94816
95319
95239
94902
94927
94898
95288
94833
95300
94843
95422
95034
94940
95261
95335
94901
95219
94817
95179
94889
94775
95091
94926
95287
94832
95250
94833
95374
94816
95308
95429
94863
94821
95346
95171
95413
95038
94842
95345
94997
94843
95303
95315
94945
95007
95308
95584
95328
95011
95365
95078
95352
94955
94834
95151
94847
95357
95063
94994
95443
95150
95125
95333
94798
95278
95321
95285
94935
94884
94852
95071
95015
95048
95312
94938
94797
95119
95377
94953
95314
94792
95153
94798
95310
95261
95139
95178
95483
94869
95087
95102
95333
95429
95216
95451
94786
94849
95365
94852
95055
94774
95046
94960
95061
95213
94877
95357
95274
94847
94929
94799
95059
94877
95297
95093
95494
94834
95183
95104
95166
95286
95233
94937
95029
95114
95466
94866
95312
95044
94873
95019
94930
95444
95317
94857
94810
95516
95187
95264
95170
94773
94909
95382
95171
95498
95318
95134
95375
95241
94937
95163
94987
94877
94815
95148
95158
95006
95038
94811
95341
95125
94837
95389
94875
95115
95003
95357
95444
95295
94869
95096
94989
94902
94791
95235
94821
95288
95101
94993
95154
95173
95384
95039
94880
95371
94811
95217
94843
94956
95362
95325
95414
95406
95250
95343
95218
94903
94921
95107
95290
94869
94886
95363
94777
94773
95521
95166
94979
94851
95519
95488
95474
95317
94845
94982
94754
94831
94816
94847
95299
94856
94801
95458
94875
95406
95371
94923
95288
95301
94961
95067
94772
95457
95080
95341
94955
95036
95086
94988
95299
94968
94852
95191
95188
95343
94970
95038
95211
95009
95337
95056
95050
94947
95482
95195
95377
94931
94791
94778
94943
95114
95421
94822
94821
94905
94826
95155
95293
95460
94832
94862
94816
95021
95356
95005
95105
95158
94972
94977
95384
94925
94972
95199
95171
94856
95289
95504
94942
94873
94766
95174
95013
95070
94975
94905
95032
95355
95159
94841
95028
95085
94816
95187
94838
95246
95077
95067
94876
95145
95283
95231
95356
94803
95179
95076
94908
94862
94836
94867
95061
94909
94792
95267
95213
95015
94933
95096
94816
95007
95105
95392
95344
94810
95298
94977
95252
94758
94927
95128
94807
95259
95357
95322
94843
95284
95065
95280
95399
94989
94820
94817
95053
94886
95219
95259
94943
95255
95328
94901
94837
95026
94811
94981
94969
94942
94806
95248
95122
94890
94930
94820
94968
94980
94884
95213
95336
95207
95356
94952
95458
95332
94809
95060
94915
95369
95310
94835
94919
95421
95331
94989
95305
95152
95072
94830
94802
95251
95272
95110
94865
95311
95035
95046
94775
94869
95292
94802
94768
94869
94774
94937
94806
94827
95071
95316
94793
94796
95357
95134
95021
95033
94838
94816
95165
95441
95016
94791
94859
94782
94861
95378
95124
94915
94807
94853
95356
95243
95388
95205
95051
94753
95025
95310
94902
95349
95335
95176
95293
95215
94827
95445
94891
95237
95004
95095
94742
94753
94850
94941
95417
95165
94988
95137
95440
95161
95323
94958
94868
95095
95193
95473
95286
94770
95177
94770
95079
95042
94799
94789
94780
95413
94917
95034
94767
95247
95391
94813
94849
94862
95156
95263
94822
94942
95025
95326
95219
94979
95318
94844
95213
95137
94850
94787
94902
94858
95299
94805
94965
95433
94936
95160
94792
94875
95287
95030
95191
95392
94836
95061
94841
94967
95204
94914
94971
95131
94839
94961
95035
94769
94791
95417
95168
95250
94979
95372
95477
94935
95367
94919
95264
94919
95355
95001
94802
94779
94889
95192
94810
95231
94865
95000
94768
94971
94858
95293
95112
94794
94846
95147
94799
95250
94802
94899
95181
95278
94828
94732
94978
95142
94837
95097
94727
94860
94837
95245
94921
94784
95266
94947
95249
95114
94868
94889
94796
95144
95028
95026
95052
95309
95320
94896
94768
95030
95010
94747
95220
94931
95262
95170
95214
95313
95390
95135
94932
95513
95015
95161
94738
95272
95071
95558
95178
95433
95065
95331
94817
94795
94881
95416
95284
95329
95014
94857
95248
95055
94962
95361
94923
94959
95224
95368
94977
95252
95540
94773
94774
95228
94744
95000
95347
94877
95188
95174
94893
94801
94860
95215
95016
94902
95420
94899
95332
95291
95306
95415
95225
95392
94826
95174
95500
95051
95257
95217
95093
94805
95053
94754
94823
94947
95273
95396
95305
94996
94857
95371
94747
95154
95062
95119
95285
95222
95227
95226
95046
94807
95079
95497
95258
95314
94772
94979
95047
95047
95164
94784
95314
94851
94795
95463
95032
94994
95212
95455
95092
95285
94807
94742
94902
95264
95245
94939
94723
95126
94870
95086
95362
94988
95167
95232
94984
94746
94829
95425
94824
94882
94850
94838
95085
95352
95373
95040
94819
95332
95412
95028
95133
94769
94823
94819
95264
94864
94760
94853
95231
95144
94874
95473
94811
95280
94960
94789
94969
94926
95105
95010
94830
95138
95049
95114
94830
95340
95201
95124
95203
95203
95310
94970
95267
95054
95231
95329
94832
94951
95364
94983
94778
95003
95426
94773
94942
95327
95244
95223
95354
94795
95122
94919
94765
95065
95318
95189
94831
94926
95201
94877
94794
95110
95118
95191
94796
95276
94733
95270
95037
94793
94998
95086
94999
94909
94769
95079
94791
95285
94760
95047
95165
95160
95291
94759
94971
95201
94882
95561
95010
94862
94767
95363
94907
94866
94962
94841
94904
94855
94847
95277
95029
95374
95119
95014
95289
95286
94892
94974
94811
95256
95356
95362
94817
94775
95268
95259
95050
95209
95012
94844
94772
95125
94976
95157
95216
95069
95413
95182
95125
94783
95133
95062
94916
95078
95300
95128
95464
95300
95056
94966
95154
94973
94880
95033
94967
95207
95289
95335
94858
94873
95174
95092
95445
95107
94845
94779
95412
95349
95479
95079
94792
94862
95210
95313
95418
94895
95087
94932
95299
95168
94886
95237
95253
94865
94844
94769
95167
95327
94937
94820
95228
95379
95082
95147
95352
95203
94943
94939
94924
95088
94843
95230
94837
94911
94781
95219
95393
94917
94781
94787
94857
95135
95030
94928
95163
94803
95168
95087
95104
95518
94802
95023
94979
94785
94751
95149
94825
95279
95063
95311
95168
95149
95249
94875
95319
95237
95197
94884
94816
95293
95511
95192
94883
95004
95176
94786
95077
95335
94933
94999
94764
95336
95123
95124
95027
94926
95304
95404
95038
95064
94927
95098
95295
95006
95130
94802
95412
94869
95182
95378
94952
95137
95013
94812
95391
95059
95169
94927
95112
94888
94869
95273
94838
94999
95391
94853
95078
95420
95181
94905
95510
95415
95364
94809
95028
94928
94983
94867
94781
94896
95292
95001
95263
95171
95091
95217
95350
94909
94976
94931
95004
95289
95473
95130
95312
94777
94825
94956
95351
95208
95262
95289
95241
94803
95067
95250
94802
95471
94780
94935
94979
95298
95072
95227
95234
94805
95463
95298
94854
95374
95406
95424
94841
95270
95092
94807
94804
95258
94766
94932
94812
95287
94783
95201
95245
94940
95241
94789
95189
95468
94946
95199
95440
94944
94830
95200
95112
95353
95496
95065
95093
95157
95319
94834
95172
95171
95104
95266
95342
95459
95020
95269
95096
94820
94777
95318
94781
95043
95005
94889
95272
94905
95053
94784
94869
95172
94894
94835
94855
95369
95329
94721
94991
95301
94809
95361
94814
94769
94784
94939
95033
95094
95200
95148
94851
95117
95398
94967
95230
94921
94994
94809
94746
95170
95072
95332
95504
94998
95152
95014
94812
94763
94780
95299
94786
94785
94802
95202
95356
95272
95326
94790
95459
95279
95327
94792
94843
95411
94823
94762
95399
94990
94948
95180
95253
95252
95201
94903
95348
95477
94818
95341
95298
94787
94973
94741
95339
95154
94790
95281
95189
95073
94885
95199
95185
94809
95445
95201
95265
95312
94816
94803
95079
95313
94886
94805
94958
95188
95246
95179
95118
95235
94755
94787
94934
94972
95284
94814
95212
94849
95113
94781
95139
95453
94995
95093
94759
94912
95352
94874
94764
95062
94753
94789
94961
95160
95246
95316
94880
94866
94812
95300
94919
95188
94996
94883
94767
95433
94937
95235
95357
94964
95361
95065
94748
95004
95021
94997
94732
95404
95322
94750
95112
94841
95060
95189
94810
94959
95323
94856
94752
95371
95312
94833
94827
94932
94884
94752
95274
95242
95173
94856
94796
95059
95186
94804
95239
95032
94821
94999
95170
95343
95125
95048
95182
95300
95225
94939
94836
95178
95351
94965
95480
95268
94794
95055
94747
94792
95509
95241
95006
95338
95138
95129
95250
95135
94861
95120
94800
95429
94842
94930
95092
95300
95211
95437
95280
95394
95193
95261
95249
95219
95417
94766
95055
95323
95128
95162
95042
95325
95180
95334
94885
95393
94841
94896
95032
95279
95340
94824
94998
95231
94813
94875
95449
95219
95065
95283
94871
94802
95094
94902
95052
94817
94922
95404
94909
94986
94973
95374
94940
94912
95053
94774
94999
95124
95518
95307
95215
94886
95332
95047
94864
95227
95225
95421
95412
95016
95360
95308
95371
94758
94962
95296
94910
94734
95067
95385
95415
94891
95003
95095
94931
95109
94811
94833
95253
95258
94786
94981
94819
94729
95189
95099
94962
95292
94857
95300
95189
95003
94807
94778
94969
94945
94778
95004
94822
95258
94901
95024
95051
95391
95078
94779
95347
95263
94959
94931
94881
94820
95026
94864
95277
95456
95321
94919
94786
94913
95423
95031
95340
95327
94997
95384
95151
95340
95400
95132
95330
94792
95100
95212
95209
94906
94798
95114
94775
95076
95000
95318
95376
95450
94941
95338
95285
94842
94863
95211
94850
94808
95365
95456
94988
94949
95242
95116
95315
94935
95228
95199
94754
94773
95047
95203
94762
94851
95203
94792
94829
95273
94939
95409
94934
94925
94695
95151
94872
95028
95233
95377
95102
95411
94946
95073
94975
95140
95115
94867
95048
95356
94866
95196
94754
95325
95208
94807
94971
95173
94790
95316
94942
94970
95215
94871
95372
95193
95225
94913
95257
94774
95201
95209
95034
94687
94820
95108
94788
94807
95224
94845
95307
94781
95002
94807
95010
94820
94876
95254
94859
95300
94957
94835
94738
94862
95161
95095
94803
94884
94842
94801
95393
95053
94841
95191
94804
94926
95410
94963
94917
95313
95028
94978
95005
94773
94746
95062
94934
95082
95137
95295
94888
95012
94914
95213
94797
94856
94979
95022
95042
95319
95216
95115
95233
95052
94752
95088
95107
94811
95344
95027
94877
94937
94786
94891
94817
94912
95382
95197
95087
95175
94739
94902
94787
95366
94846
95213
95316
95391
94974
95474
95018
94949
94872
95030
95235
95009
95061
94911
95086
95096
95430
95050
95037
94826
94789
95233
95171
94783
94993
95001
95032
94865
94835
95031
95221
94824
95290
94993
95339
94812
95486
95250
94997
95417
94825
95212
95338
94815
94838
94804
95153
94975
95223
94911
95045
94795
94798
94953
95309
95082
95138
94909
95064
95316
94933
95370
94913
95142
95201
95278
94966
95401
95319
95134
95093
95417
94960
95505
95296
95230
94815
94831
95331
94950
95060
95140
94770
95221
94989
95138
94944
95006
95309
95343
95447
94814
95275
94756
94904
94992
94826
95278
94747
95445
95014
95206
94767
95201
95257
95015
94872
95086
95370
94840
95367
95423
95267
94756
95066
94882
95182
95369
94811
94936
94865
95138
94962
94734
95160
94971
94967
95085
94951
94941
95273
95214
95149
94854
94780
95534
94839
95133
95144
95136
94839
95298
94820
95287
95131
95288
94845
95356
94819
94951
94795
95272
95315
94882
94771
94992
95072
95085
94797
95299
95150
95098
95183
95233
94867
94784
95100
95247
95350
94767
95173
95307
95081
95372
95166
95231
94843
94844
95041
95062
95353
95095
95209
94874
95293
95373
95232
95312
94769
94943
95265
95347
95249
95425
95280
94862
95269
94976
94748
95266
95087
94800
94826
94873
95341
95283
95320
94884
95320
94799
94860
94748
95295
95226
94822
95081
95176
94784
95486
94954
94824
95136
95261
94779
95176
95418
95222
94789
95054
94977
94864
94959
94994
94790
95237
95096
94893
94940
95060
95180
95266
95119
95146
95201
94967
95213
94772
95186
94756
95297
95158
94777
95230
95333
94830
95324
95143
94938
95269
95387
95147
95304
94897
94995
95047
95217
95192
94724
94824
95003
95304
95468
94820
94835
94990
94809
94796
94806
95359
94718
94855
95265
95009
95301
94961
94879
95134
95132
95325
95215
95220
95277
95271
94751
95328
95140
95223
95151
95326
95232
95347
94846
95209
94776
94937
95242
95064
94764
95247
95270
95119
95180
95394
95017
95141
95231
95186
95277
94917
94850
94803
95299
94798
95213
95267
95053
95139
95340
94796
94803
94916
94808
94949
94872
95121
95045
95038
94988
94842
94985
95470
94812
95150
95266
94879
94856
94994
95060
95005
94700
95297
95086
95333
95259
94794
94823
94884
94860
94817
95314
94919
94862
94917
95209
95072
94993
95035
94870
95270
94833
94791
94789
95482
94814
95442
94798
94766
95001
95109
94944
95215
95177
95306
94802
95051
95104
95196
95323
94911
95301
94737
95233
94761
94927
95198
94783
95065
95287
94975
95314
94788
95341
95370
94748
95329
95277
95049
94987
95041
95465
94906
94817
95066
94967
95196
94835
94788
95083
95269
95359
94969
95385
95334
95357
95070
95039
95191
95371
94812
94857
95523
94996
95040
94815
94801
95177
95250
95429
95006
95567
94862
94795
95225
95167
95360
94783
94963
95186
94797
94986
95261
95330
95062
94783
95450
95482
95025
94943
94818
95349
94800
95242
95360
94848
94879
95307
95361
95222
95325
95272
94775
95198
94797
95077
94956
95239
94843
94878
95220
95171
94792
95147
95507
94790
94891
95424
95475
94998
95147
94779
95282
94792
95392
94854
95380
95177
94880
95319
94954
95117
95123
95308
94903
95038
95027
95159
95345
95145
95187
95332
94754
95247
95147
94817
95436
94764
94841
95024
95235
95323
95105
95381
95315
95014
95025
94833
95068
94768
94798
94849
95270
94938
95374
95368
95232
95119
94730
94753
95117
95002
95324
94798
94753
94959
95333
94752
94771
94825
95331
94940
95479
95362
94811
94880
94793
95333
95299
94851
95309
95315
95155
95407
95040
95245
94837
94788
95384
94772
95409
94731
95082
94905
95062
95091
95282
94911
95187
94992
95259
94935
95240
95211
95153
95188
95447
94804
94899
95369
95305
94933
95483
94844
95216
95294
94851
95082
94991
94825
95136
95067
95379
95297
95453
95160
95144
94833
95298
94847
94777
95285
94871
95312
94744
95012
94760
95068
94868
94788
95288
95067
95373
95274
94924
94964
94810
95233
95301
95342
95133
94812
94764
94843
94961
94997
95275
94782
95113
94861
95322
94876
95148
95160
95216
95080
95123
94859
94851
94820
94964
94769
95273
95212
95239
95265
95268
95202
94829
95341
95471
95030
95192
94935
95017
94858
95362
94888
94820
94887
95436
95345
95224
94780
95087
95194
95062
95263
95401
95198
95068
95089
95173
95303
95167
95074
95349
94872
95078
94948
95053
95359
95110
95264
95317
94987
95277
94842
95079
95440
94893
95403
95451
94844
95248
94915
95124
95062
95153
95385
94791
95160
94815
94775
94810
95139
95503
95346
95078
95063
95208
95268
95243
95102
94782
95387
95267
95206
95142
95264
94833
95203
95277
95131
94808
94789
95046
95227
94789
94843
95346
95233
95118
94899
94781
94780
95206
95327
95097
94976
95238
95317
95499
95023
94787
95390
94946
95349
95037
94852
95021
95262
94820
95180
94766
95300
94737
95083
94832
95267
94838
95230
95440
94882
94974
95039
94938
94867
95071
94912
94883
95015
95047
94793
95305
94992
95183
95037
94890
95279
95392
94883
95222
94761
95277
95183
95004
94845
94789
95006
95451
95471
94812
95340
95117
94806
94898
95190
95520
94765
94907
95202
95423
94906
94751
94798
94816
95173
95470
95256
94834
95012
95313
95082
94899
95166
95282
95239
95409
94903
94783
95347
95523
95420
95240
94910
95307
95326
94942
94969
95402
95121
95297
94918
95014
95383
94897
95111
95323
94751
94928
94777
95250
94977
94850
95216
94760
95405
95243
95107
95315
95020
95147
94895
95315
95394
94939
94838
95329
95239
94969
94919
94843
94816
95296
95276
95233
95297
95218
94859
95343
94857
94993
94915
95142
94903
95562
95197
94965
94910
94904
94850
95263
94828
94868
95244
94898
95405
95061
95321
94971
94797
95218
95290
95226
94810
94974
94809
95267
95340
95305
95365
94941
95252
94803
94870
95100
94810
94817
94826
94787
94791
95147
95181
94991
95251
94899
94956
95152
94971
95039
95252
94752
94924
95265
95322
95359
94770
95319
95143
95195
94844
94889
95394
95513
94770
94919
95369
94793
95099
95063
94863
95153
95093
95285
95250
95347
94776
95242
95317
95288
94877
95266
94855
95067
94960
95007
94721
94908
95294
95171
94846
94899
94861
94767
94839
95204
95355
94811
95164
95200
95026
95169
95387
95219
95391
95315
95192
94845
94758
94805
94729
95195
94832
94816
95069
94975
95234
94752
94939
94867
95127
95029
94914
94789
95116
95468
94780
94911
95006
94797
95281
95175
94814
94916
95369
95286
95417
95293
95260
94941
94837
94830
94889
95289
94995
94949
95337
94873
95299
95039
95282
94790
95340
95189
95433
95178
95161
95036
94779
95525
95285
95410
94930
95454
95300
94908
94916
95189
95166
95319
95337
95440
95045
95487
94916
95237
94813
94883
95235
94787
94867
95105
94928
95205
95219
94972
95194
95217
95395
94880
95154
94813
95425
95165
94965
95314
95300
94877
94811
95460
95141
95359
95175
95035
95059
94789
95434
94812
94935
95442
95287
94919
95217
95208
94842
95449
95102
95131
95032
95316
95248
95161
94866
95189
95055
95159
94916
95020
95290
94805
95321
95259
95270
95324
94896
95008
95383
95097
95021
95061
94852
94856
95441
95348
95231
95130
95140
95341
95034
94834
94992
94787
95357
94813
95378
95551
95109
95292
95349
95054
95124
95191
95321
94844
94965
95214
95339
94859
95250
95293
95147
94961
95409
94871
95336
94817
95119
95111
94961
95266
95153
95174
95352
95266
95062
95216
95481
95391
95277
95238
95079
95128
94784
94954
95344
95407
95024
94872
95365
95007
94898
94841
95383
95478
95176
95069
95426
95232
95277
94848
95275
95072
95036
94903
94842
95473
94932
95005
95038
94992
94937
95123
94935
94959
94817
95191
95075
95277
95171
95187
95162
95255
94894
95259
95251
95106
94969
94900
94847
94894
95525
94988
95425
95273
95225
95423
95231
95233
95527
95093
95286
95334
94924
95191
95379
95106
95388
95217
95304
95451
95187
95189
95372
95201
95273
94931
94778
94848
94984
95034
95135
94885
95513
95202
95218
94792
95112
94888
95187
95044
95256
94795
95366
95369
94959
95006
95226
94986
95238
94836
95289
94870
95125
94907
95302
95321
95382
94877
95201
95438
95086
95269
94867
94828
95348
95385
95332
94966
94930
94945
95180
95293
95409
95097
95301
95053
95228
94953
94894
94865
94803
95132
95379
95042
95194
94822
95253
94814
94897
95406
94822
95508
95098
95377
95213
94824
94881
95162
95328
94842
95127
94861
94881
95177
94913
95481
95382
95065
95498
95293
95509
94919
95145
95523
95021
94837
94878
94792
94982
95117
94978
95433
95433
95172
95445
94894
95272
94843
95233
95197
94808
94809
94871
94813
95040
94821
95274
95415
94790
95273
95108
94877
95382
94917
95367
95002
95289
94879
94996
94802
94806
95396
94916
95312
95217
95021
95498
95359
95294
95381
94996
95240
94829
95336
94878
95573
95396
95211
94781
94914
94830
95243
94847
94972
95263
95236
94998
95074
95384
95447
94797
95329
94878
95434
95233
94840
94802
94814
94837
95003
95261
94911
95305
94833
95476
94884
95027
94969
95070
95142
94907
95175
94863
94991
95044
94815
95388
94950
94876
95228
94813
94980
94767
95219
95194
95184
95183
95055
95240
95060
94831
94879
94766
95263
95445
95257
95405
95375
95152
94920
95268
95157
95097
95146
94866
94839
94875
95045
94941
94932
94796
95031
95196
95223
95063
94766
95240
95012
94859
95471
95146
94976
94807
94908
95237
94854
95180
95426
94987
95208
94926
95007
95041
94795
94957
94867
95287
95179
95222
94936
95319
94992
95149
94755
95410
94881
95077
94776
94904
95126
95091
95279
95444
94797
94889
94972
95342
95137
95382
95026
95048
94879
94875
94851
95273
94907
94995
95413
94864
95259
95203
94825
95336
94848
94968
94929
95031
94961
94799
94866
94766
94914
95299
94997
95184
95409
95258
94962
94805
95276
95133
95024
94802
95049
94971
95041
95291
95187
94797
95166
95064
94733
95142
94847
95326
94959
94721
94768
95032
95234
94811
94918
95211
95063
94915
94941
95502
94961
94800
94975
95011
94984
94926
95131
94905
94863
95083
95248
95477
94827
94902
94882
95078
94755
94783
94746
94931
95429
95187
95399
95499
94904
95139
95338
94768
94713
94743
94866
94862
95304
95349
95043
94841
95275
94802
95192
94812
95254
94997
95231
95206
95311
94800
94815
94961
94997
94834
95277
95221
95083
95307
95371
95052
94824
95094
94828
95267
95173
95305
95316
95252
94836
94879
95116
94946
95466
95238
95331
95384
95034
94761
95260
94903
95413
95504
95235
95251
95187
94767
94992
95060
94866
95283
95313
94969
95466
95099
94908
94945
95200
95384
94997
94750
94993
95448
94992
94979
94987
94860
95183
95266
95180
94951
95215
95181
94811
95024
94792
95177
94913
95306
95361
95118
95016
95022
95390
95114
95173
95204
94941
95114
95383
95279
95237
94813
94770
94883
94930
94822
95140
95317
95145
95139
95141
94772
94976
94792
95434
95097
95265
95000
94977
95057
95420
95188
94912
95025
95078
94801
95080
95103
95327
95205
94851
95151
94861
94815
94815
94957
95128
95025
95205
95188
94745
95286
95217
95029
95231
95221
95301
95003
94919
95037
95373
95277
95037
94853
95276
95283
94904
95206
95078
95325
95179
95330
95196
94861
95204
95070
94950
94767
94926
94995
95350
95318
95255
94768
95074
94839
95211
94923
94844
94879
94777
95240
95035
95309
95234
95355
94961
94738
95090
95010
95060
94794
95127
95123
95389
94891
94759
95097
95265
94765
94753
95239
95359
94813
94922
94798
95249
95411
95390
95295
95056
94999
94895
94784
94728
95390
95385
95472
94859
95129
95369
95216
95025
95254
94782
95095
95088
94945
95343
95340
94792
94868
95247
94794
95207
95296
95185
95263
94766
95315
95153
94843
94974
94859
95344
94855
95154
94873
95111
95268
94793
95177
95245
95191
95196
94814
95256
95404
94869
95234
95057
95089
94796
94908
95000
94977
94918
94816
94797
95338
95019
94876
94858
95255
94911
95017
94851
95058
94978
95236
95151
94769
94826
95310
95351
94822
95238
94833
95212
94795
95208
94902
94876
95010
95303
94898
94748
95076
95136
94851
95239
95260
95239
95182
95100
95146
94804
95113
95229
94961
95251
94880
95285
94951
94961
94830
95198
94793
95330
94827
95305
94983
95357
95103
94828
94882
95123
94826
95282
95050
94882
94855
95231
95299
94839
95563
94859
94985
94837
95093
95282
95357
95178
95302
94975
95267
94778
95010
95444
95299
95015
94946
95402
95343
95042
95366
95176
94777
95224
94885
94897
94835
94895
94850
95121
94978
95319
95356
95265
94783
95084
94799
94944
95167
94892
94694
95255
94837
95279
95099
95068
95374
95246
94742
94899
95019
94756
95407
94842
95024
94801
94892
95141
94792
94964
95286
95302
94825
94792
95453
95268
95227
95298
94884
95301
95333
94859
94939
95214
94827
95002
95463
94841
95583
95139
95157
94949
94893
95349
95257
94813
95370
95222
95081
94862
94944
95286
94795
94764
94808
95189
95093
95281
94809
95128
95251
95385
95429
95032
95189
95243
95027
94801
94771
94996
95009
94891
95203
95189
95411
95042
94799
94871
95285
95268
94923
94752
94955
94889
95272
95240
95259
95255
95104
94888
95352
95377
95158
94765
95175
94886
95034
94975
95093
95187
95094
94770
95298
95044
95281
95371
95335
94810
95005
95316
94769
95234
94829
94867
95064
94753
94703
94821
95105
95317
94970
95337
95144
94829
95310
94889
94832
95075
95006
94907
95074
95298
94999
95405
95298
95008
94908
94892
94774
94893
95309
94806
95047
94813
94978
95103
94881
95318
95269
94812
94993
95285
95269
95294
95116
94961
94864
95345
95116
94895
95043
95185
95299
95366
94845
95003
95372
94936
95254
94804
94791
95011
95064
95293
95179
95298
95052
94828
94939
95350
95248
94943
94882
95096
95028
95257
94855
95321
95115
94724
95298
95221
95048
94769
95177
94889
95123
95133
95105
95302
95279
95174
95264
94790
95076
95002
95270
95013
95311
95336
94848
94932
94801
95058
94938
94973
94785
95066
94909
95293
95245
94902
94780
95039
94947
94837
95276
95190
95393
95054
95160
95238
94766
94726
94882
95261
95447
95231
95186
94792
94968
94916
95164
95335
95441
95183
95330
95112
94792
94807
95415
95372
94865
94854
95380
95342
95019
94803
95472
94807
95195
94821
94950
94964
95314
95290
95115
95166
94755
95071
95157
95358
95394
95298
94946
95475
95002
94756
95515
94938
94759
95120
94839
95076
95145
95078
95478
94890
95084
95076
95024
95227
94816
94774
95106
95211
95377
95030
95371
95393
94973
95268
94897
94745
95257
95254
95270
95002
95336
95419
95150
94758
95289
95198
95113
94763
95152
95139
94793
95162
95432
94877
94956
95368
94817
95055
95051
95292
94897
94932
95043
94897
95199
95165
95463
95340
94824
95159
94834
95178
94808
95191
94972
94858
94888
95234
94804
95007
94786
95327
94876
95350
95059
95249
95139
95267
95338
95272
94970
94885
94922
95289
94948
95265
94813
94861
94775
95313
95354
95035
94841
95099
95331
95347
94786
95301
95356
95230
94829
95038
95235
94842
95326
95161
94800
95015
95306
95114
95107
94892
94782
94838
95314
94830
94858
95165
95190
94842
95129
94816
94783
94897
95239
95172
95245
95284
94961
94902
95184
95202
95132
95128
94734
94811
94940
95126
94835
95422
95138
95265
94949
95070
94820
94993
95508
94742
95206
94891
95078
95142
95221
95305
95048
95260
94858
94813
95191
94734
94779
94951
94869
95035
95295
95050
94814
95008
94773
95153
94738
95035
95228
94726
95012
95053
95022
95265
95117
95405
95214
95484
94862
94949
95246
94903
95164
95277
94810
95013
94819
94974
95004
94827
95294
94801
95472
94830
94796
94778
95104
95040
95235
95311
94798
95031
95409
94844
94810
95238
95353
95201
94799
95003
94958
94804
95162
94885
94979
95166
95152
94876
95226
95358
95338
95369
95418
95266
94938
95389
95362
95255
95297
95336
95145
95003
95475
95389
95148
94774
95412
95295
94893
95399
94812
95121
95345
94819
94796
94810
95242
94925
94910
95544
95074
95323
94780
95352
95100
95084
94808
94808
95269
94785
95180
94920
95313
95337
95290
94942
94851
95317
95234
95395
95253
94810
95181
95279
95088
95324
95175
94924
94963
95017
95286
95329
95309
95419
94952
95121
94831
95056
95173
95273
94925
95289
95071
95271
94830
95287
94795
94783
95115
94896
95209
95250
95245
95355
95326
95231
95366
94899
94763
95288
95039
94869
95295
94798
95426
94802
94855
95347
95233
94811
95408
94970
94912
95331
95443
95322
95185
95015
95238
95180
94991
95285
95181
95039
95107
95337
95354
95359
95178
95391
94855
95449
95293
94840
94809
94851
95459
95094
95337
94834
95292
94921
94793
94890
95455
95142
94878
94939
94802
95094
95197
95337
95075
95079
95074
95203
95019
94851
95279
95090
95369
95362
94831
95381
94886
95443
95184
95128
95312
95010
95383
95372
94919
94855
95395
94910
94840
94830
95335
95158
95488
95077
95223
95284
94915
95061
94953
95342
95328
95146
94923
94775
94851
94948
95053
94952
95366
95132
95209
95326
94843
95248
95063
94945
95144
94951
94912
95317
95356
94895
94853
95186
94859
95376
95289
95248
95032
95426
95289
95202
94845
95270
95533
95313
95086
95219
95021
94897
94882
94857
95099
94809
94775
95015
94762
94777
95046
95144
95159
95036
94880
95054
95243
95263
94926
94886
94841
94893
95234
94828
94791
95476
95206
94799
94891
94874
95320
94980
95149
95258
95047
95257
95220
95427
95202
95191
95119
95027
95433
94927
94847
94887
94802
94908
95101
94847
95383
95483
94811
95245
95318
94807
94834
95253
94780
95111
94809
95114
94985
95493
95286
94852
95078
95265
95291
95418
95299
94937
94973
94937
95331
95178
95135
95015
94928
95209
94799
94843
95261
94918
94913
95254
95257
95284
94854
94853
94873
94850
94817
94788
94807
95194
95286
95315
95023
94894
94787
95297
95164
95300
95104
95124
94830
94860
95314
94827
95005
94842
95056
94782
95324
95382
95318
95366
95293
95077
95420
95215
95325
94867
94892
95141
94901
95312
95162
95063
94977
94828
94814
94892
95288
95297
95039
94909
95262
94867
94835
95272
95040
95346
95186
95279
94848
95358
95281
95064
94946
94821
94916
94899
95051
95130
95134
94897
95420
94894
95099
95259
95208
95235
95273
94836
95077
95157
95369
95331
95101
95272
94951
95365
95306
94904
95101
94807
94876
95325
94877
94997
94847
95406
95297
95144
94768
95312
94905
94823
94897
95109
95241
95447
95069
95277
95054
95429
95444
94784
94804
95511
95254
95043
95461
95463
94841
95244
95343
95428
94958
94950
94985
95351
95032
95301
95262
95312
95048
95175
94772
95093
95466
95093
94875
95358
94824
94821
95061
95289
94889
95069
95005
94930
95475
95183
94978
95080
94821
95327
95177
95335
95294
95013
95297
95328
95155
95226
95379
95062
94932
94855
95016
95033
94843
95082
94828
94831
95116
95272
95411
94940
94798
94935
94865
95188
95005
94833
95502
95353
95261
95373
95015
94843
95259
95367
94978
95135
94953
94940
94942
95171
95244
94810
95285
95041
95314
94828
95394
94832
95351
95227
94946
95456
94886
95007
94901
95147
95393
95198
95267
95199
94957
95189
94809
95524
94795
95456
95233
94869
95331
95334
95257
94811
94983
94972
95393
95527
94946
95404
95149
94864
94872
95181
94767
94971
95326
94879
94890
94799
94803
94839
95126
95010
95080
95233
95389
95106
94885
94858
95017
95237
95242
95313
95229
94823
94974
95423
95175
95004
95125
95298
95274
95404
94892
95147
95165
95275
94806
95070
95383
94974
94887
95163
95271
94816
95228
95109
94778
95294
95314
95157
95379
94897
95144
94792
94952
94995
95182
94927
95026
94993
95026
95452
95360
95165
94933
94825
94998
94822
94777
94815
94834
95013
95213
95115
94811
94851
94985
94844
95252
95217
95404
94889
95282
95165
94855
94777
94813
95277
94850
94854
94906
94837
95314
94913
95049
95311
94765
94822
95171
95031
94767
95330
94937
94883
95508
94836
95070
95007
95235
95064
94953
95518
94909
95364
95283
94841
95504
94953
94885
95245
95179
95292
95398
95427
94911
95124
94955
94836
95008
95420
95329
95132
94994
95168
94873
95291
94857
94801
95316
94921
94883
95386
94792
95237
94802
95219
94851
95304
95102
94775
94849
94869
95211
95159
95247
94954
94980
94759
94832
94812
95005
95411
94905
95234
95272
95523
94843
94760
95008
95108
95347
95449
95452
95355
95116
95534
94937
94948
95386
95040
95209
95253
94933
95402
95477
94835
95230
95079
95036
95280
95274
94866
94863
95207
94857
94952
94795
95289
95369
95125
95143
95227
94972
94774
95171
95324
95074
94922
95302
95454
95187
95280
94850
95235
95289
95106
95442
95037
94923
95100
94898
95091
95124
95568
94992
95321
94871
95169
95434
95093
95455
95085
94818
94768
94961
95232
95015
94833
95006
95286
95013
95131
94882
94905
95321
94957
94943
95163
94870
95050
94801
95267
95023
95344
95164
95043
94893
95080
95262
95353
95080
95340
94859
94845
95369
95273
94833
94794
95368
94972
95089
95304
95291
95379
94830
95510
95329
94811
95140
95003
95228
94805
94937
95316
95360
95296
95377
95250
95328
95442
95252
95228
95121
95283
95383
94853
95521
94928
95348
94794
94819
95302
95297
94973
94944
95415
94883
95019
94892
95023
95289
95085
95198
95203
94911
94965
95402
95234
94822
95100
94787
94828
95088
95265
95405
95267
95027
95446
95349
94917
95238
94853
94921
94971
95203
95173
95437
94821
94793
95213
95053
94802
95350
95240
94879
94896
95269
95328
95393
95107
95112
95289
95173
95448
94817
94826
94897
94806
95196
94822
95373
95027
95311
94734
95099
95139
95290
94850
95550
95285
95101
94990
94906
95324
94834
94852
95294
95251
95160
94889
95048
94886
94972
95107
94942
94807
94875
94854
94857
95406
94801
94808
94911
94792
94789
95075
94891
95355
95163
95375
95115
95439
94848
94983
94991
94956
95003
95311
94884
95168
95012
95213
95305
95174
95139
94738
95426
94786
94762
95103
94815
94932
95474
94836
95289
94798
94915
94845
94852
94748
95503
94869
94932
94809
95210
95022
94829
95275
94794
94794
94778
95256
95217
94888
94816
94875
95027
95014
95457
95385
94817
95315
95201
95282
95263
95254
95303
95360
95020
95194
95215
95011
95373
94824
94911
94815
95102
94991
95000
95252
94837
94800
94883
94861
94908
94792
94741
94809
94809
94784
94876
94741
94836
95211
95161
95263
94790
95112
95175
95039
95249
94912
94790
95209
95220
95246
94982
94832
95130
95302
94914
95392
94773
95211
95350
95025
94780
94991
94908
95123
94851
95363
94868
95212
95383
95296
95435
95332
95064
94842
94818
95322
95363
95154
95167
94836
94825
94831
94856
94796
95053
95148
95112
95307
94951
95106
95131
95085
95365
95315
95206
95119
94966
95233
94985
94927
94824
94846
95152
95278
95286
94798
95321
95163
95219
94853
95432
95171
95298
94858
95130
95370
95123
94769
94935
94798
95377
94963
94960
94898
95269
95186
95465
94774
95121
95158
94883
95243
95020
95425
94838
94851
94780
94804
94715
94954
94819
95200
94776
95258
94865
94931
95038
94871
94750
95349
94807
95412
95261
94792
94795
95381
94803
94873
95460
95289
94886
94939
94791
95093
95304
95281
95200
94796
94736
95140
94771
95190
94838
94750
94845
95382
95149
95230
94817
95282
95061
94934
94820
94981
95250
94969
95407
94973
94783
95249
94874
94780
95415
94988
95416
94998
95091
95223
94993
94803
95017
94903
94913
95358
95400
95122
94823
95160
94846
94993
94863
95392
95032
95307
94836
95278
94875
94893
95436
95464
95168
95009
95280
94993
95038
95297
95395
94833
95329
95088
95323
95237
95195
95330
94790
95179
95193
94752
95276
95141
95378
95176
94883
94740
94997
95064
95319
95232
94782
95124
95128
95130
94962
94868
94832
95315
94811
95321
95287
95257
95016
95195
94899
95054
95067
95273
94893
95091
95014
95259
95273
95027
95359
94815
95396
95067
95101
95441
95345
94924
95247
94845
95082
95330
95086
95342
95247
95017
95347
95125
94966
95112
95359
94911
94799
95222
95290
95020
95397
95225
95146
95325
95005
95004
95269
95014
95075
94942
95162
95127
95222
95230
94911
95087
95050
95139
95276
95297
95257
94901
95194
94871
94843
95320
94824
94995
94859
95161
94914
95213
94883
94916
95110
95332
95315
95429
94966
95350
95224
95117
94828
95324
94875
94804
95033
95230
95187
94756
94942
95293
95108
94776
94833
95048
95023
95113
95257
95302
95130
95361
95445
94792
95090
95248
95320
94813
94785
95342
94947
95062
95149
95169
94990
95093
95253
95362
95126
94766
95347
95228
94826
94861
94753
94778
95025
94859
94773
94994
95310
95008
95094
95506
94897
94986
94946
95162
94928
94790
94814
94815
94855
95051
95191
95167
94960
95165
95467
94831
94886
95103
95246
95281
95058
95142
95429
94752
94863
95528
95210
94863
94739
94817
94823
95257
95081
94840
94934
95311
95052
95203
95302
95123
94891
95209
95017
94811
94964
94863
95378
95289
95132
95403
95159
95002
95283
95168
95201
94909
94905
94976
94812
95326
95025
95341
94868
95264
95382
95193
95470
95273
95285
94783
95424
95151
94761
94881
94914
95264
94908
95395
95025
95230
95253
94809
94852
94961
95308
94941
94937
94746
95314
95354
94938
95320
94996
94764
95106
94778
95239
95147
95471
94889
95410
95144
94856
95407
95007
95145
95190
95063
95103
94905
94804
94845
95028
94926
95290
95506
94748
95129
94806
94783
95263
95284
94877
95423
95309
94967
94874
95255
95318
94880
95181
94957
94866
94789
95042
95207
94896
95266
95036
95428
95187
95014
95378
95288
95350
95160
95239
95220
95086
95164
95139
94818
95180
95258
95077
94815
95401
94999
95171
94953
95403
95286
94904
95239
95019
95254
94786
95302
95132
94971
95213
94774
94959
94805
95161
95025
94854
95079
95322
94814
95133
95070
95349
94877
94868
95134
95345
95187
95340
95011
95055
95217
95039
95342
94979
95400
94852
95238
95309
94869
95319
95152
94801
94790
94751
94995
95181
95364
94829
95154
95393
94997
94778
95326
95389
94980
95343
94928
94866
94929
94840
94850
95096
95082
94853
94956
94956
95247
95401
94971
95266
95234
94835
94860
95160
95242
95225
95329
95252
95013
94940
94883
95262
95110
94874
94944
94781
94868
95078
95260
94802
95009
95163
95329
95061
95076
94950
95068
94767
94943
94841
94811
94864
95409
95374
95383
94702
94757
95229
94978
94873
94875
95288
95332
95090
95236
95434
94998
94878
94859
94793
94916
94857
94970
95173
94995
94757
94747
94784
94767
94764
94987
95178
95240
95125
94738
95313
95321
94893
94847
94801
95462
95070
94913
94794
94978
95291
94760
94819
94842
94946
95400
94755
94952
95020
94885
94979
95146
94982
95275
94942
95384
94785
95114
94784
95281
94869
95063
95074
94973
95295
95015
94764
95123
94890
95304
94829
94942
94757
94797
94933
95321
95316
95064
94790
95053
94821
94909
95270
94799
95253
95369
94907
95275
94789
95427
95028
95110
95159
94866
95319
95095
94937
95189
95366
95325
95042
95202
95095
94897
95021
95385
95128
95170
95135
95402
95038
94895
94863
95327
95088
94982
95009
94901
94944
95281
95350
95213
95236
95351
95152
94835
94902
95357
95139
94777
94717
94801
94791
94809
95014
94878
95194
94835
94858
95061
95227
95014
95284
94901
94863
95004
95271
95328
95401
94806
94871
95491
95024
95232
95268
95479
94782
94874
95308
94972
95437
95075
95136
95179
95062
95090
95288
95359
94758
94994
95126
94744
95218
95361
95141
95214
94770
94965
95053
95021
94948
95160
95355
94742
94814
94986
95342
94743
95387
94850
95039
95051
95230
95170
95136
95413
94802
94745
95156
94978
95361
94825
94993
95275
95229
94810
95275
94970
95034
95157
94793
94796
94791
94802
94908
95417
95025
95069
94896
95244
95201
95477
95378
95382
95257
94775
95261
95028
94797
95060
95143
94817
95334
94801
94839
95296
95122
94770
94775
94801
95183
94745
95264
94906
95206
95019
95365
95138
94770
95054
94807
95219
94992
95027
94816
94950
94742
95247
94799
95053
94730
95225
94883
94826
94953
94894
95283
95275
95361
94798
94824
94747
95065
94753
94975
95122
94771
94909
95227
95319
95358
94816
95237
94802
94805
95123
94837
95284
95320
95375
94756
95207
94858
95341
95255
95159
94960
94905
94811
94939
94954
94866
95085
95080
95152
95047
94786
94840
95058
95089
95080
94933
95305
94991
95066
94813
95009
95110
95105
95060
95354
95467
95152
94925
95183
95209
94856
94815
94929
94873
95083
94806
94953
94810
95144
94965
95085
95204
95046
94868
95224
94832
94907
94781
94817
95061
94818
94892
94806
95089
95305
95497
94836
95350
94857
94892
95424
95127
95016
94874
95313
95286
94842
94886
95020
94802
95392
95138
94782
94818
94780
95244
94955
95443
95114
94833
95435
94926
95547
94761
95474
94813
95368
95036
95411
95507
95306
94837
95233
95249
94748
95234
94802
94777
94851
95326
95240
94859
94859
95017
94885
94733
95017
94980
95068
95226
95291
95444
95262
95279
94830
95507
95227
95304
95343
94844
94897
95170
94803
95330
95187
95089
95436
95059
95305
94945
94783
94988
94743
94923
94825
95058
94871
95024
95020
95274
95172
95266
94943
95221
94812
94835
95032
95320
95412
94788
94950
95058
95317
94810
94812
94995
95203
95061
95300
95124
95030
94818
95097
95038
94937
95355
95250
95078
95443
95314
95274
94866
94934
95233
94789
94959
95311
95274
94896
95476
94952
95378
95363
95253
95034
95098
95059
95242
95210
94847
95045
95305
95184
95156
94850
95009
94807
94795
95135
95314
95089
95200
94800
95047
94853
95263
95172
95046
94758
95350
95208
94815
95340
94983
95239
94981
95000
94867
95225
95027
95041
95167
95314
94785
95168
94931
95337
95443
95410
94853
95341
95089
95369
94822
95055
94941
95316
94860
95036
95278
94950
95258
95179
95328
95083
95066
95007
94798
95224
95096
95267
95069
94791
94981
95065
95167
95208
95081
94923
95351
95309
94884
95219
95379
94838
95448
94772
94809
95112
95154
95369
95134
95134
94886
95115
94828
94931
95252
95386
95223
95169
94889
95302
95348
95045
94809
94871
94989
94715
95426
94892
95171
95066
94953
94863
95214
95261
94859
94827
95147
94788
95045
95365
94871
95482
95161
95308
94791
95020
94943
94970
95189
95179
94965
94950
95237
94884
95396
95387
94872
95219
94941
94801
94790
95141
95090
94943
94908
95105
95229
94948
95118
95348
94753
94852
94771
94757
95190
95267
94796
94843
94942
95092
95237
94892
94977
94912
95307
95417
94863
95090
95072
94906
95157
95282
95022
95116
94807
94918
95240
95516
94923
94885
95388
95299
94959
94945
95065
95144
94790
95064
94779
95217
95064
95369
95243
95065
95475
95258
94988
95394
95170
95035
95089
94867
95118
95155
95188
95193
95308
95206
95403
94890
94886
94855
95363
94858
95165
94992
95023
95028
95250
95136
95081
95282
95236
95246
95248
95244
95180
95346
94856
95072
95153
95228
95359
95394
95351
94996
94866
94851
95120
94979
95338
94922
94833
95427
95003
94828
94963
94795
94760
94880
95064
95113
95234
94829
94897
95528
95445
94843
95383
94994
95312
95349
94985
94888
94842
94889
95241
95295
95514
95228
95328
94958
94993
94867
95346
95510
95390
95213
95372
94993
95035
95439
95454
95362
95427
95025
95566
94785
95269
95460
95247
95238
95275
95283
95147
95151
95044
95323
95350
94797
95475
94895
94989
95115
94885
95400
95143
94767
95347
94833
94978
94789
95221
94878
95137
95353
94894
95350
95273
94924
95031
95083
94819
95102
95248
94835
95075
95036
95423
94776
95095
95110
95134
95452
95455
95394
95023
95262
95375
94863
95240
95176
94861
95215
95067
95036
94991
95395
95015
95297
95266
94932
95103
95411
94829
95328
95264
94917
95211
95002
95375
94839
95202
95016
94717
95093
94830
94821
95482
95193
95217
95135
95277
95201
94931
94825
95307
95102
94967
95369
94802
94945
94805
95254
94828
94817
94782
95170
95404
95383
94807
94789
94801
95269
94948
94872
95076
95363
95348
95199
95047
94819
95380
94911
94987
94974
95147
95177
94828
94772
95264
94880
94957
95394
95130
95319
94899
94825
94835
95040
95192
95236
95042
94948
95329
95053
95216
95179
94810
94861
95224
95399
95462
95380
94969
95320
94829
94872
95512
95048
95099
95173
95188
94965
95354
94944
95355
94790
95009
95453
95336
95299
95309
94807
94834
95411
95182
95013
95049
95201
95122
95041
95334
94921
95386
95344
95214
95246
94838
95237
94947
94809
95098
94835
95126
94841
95053
94856
95119
95168
95249
94807
94896
94976
95306
94978
95507
95123
94812
95022
95009
95344
94836
95332
94845
95139
95161
94920
94910
94759
94749
94803
95005
94951
94839
95291
94998
95011
94814
94946
94993
94938
95425
94808
94845
95017
95518
94801
95261
95165
94766
95048
95056
95026
95015
95281
94855
94878
95375
95069
95129
95237
94845
94925
94945
94867
94848
95233
94945
95460
95370
95369
94823
95094
95443
94841
94820
94941
95163
94882
95181
95035
95347
95055
94924
94836
95472
94957
94842
95048
95201
94786
94867
94820
94806
95554
94803
94840
94991
94950
94734
94800
95247
94946
94857
94836
95055
95192
95239
95201
95233
95260
94816
94788
95272
95430
95134
95255
95028
94869
94864
94869
95526
95248
94999
94840
94925
94978
95325
94968
94976
95213
94789
95105
94818
95490
94835
94804
94819
94909
95241
94926
94948
95365
95286
95212
95144
94818
95348
95217
94844
95395
94819
94963
94873
94852
94850
95093
95163
95126
95285
94847
95135
94855
94801
94813
94866
94804
94964
95245
94945
94824
94813
95274
95338
94840
94803
95391
94811
95308
95184
94950
94839
94906
95353
95238
94810
95055
94764
94834
95092
95357
95389
94843
95126
95120
94847
95115
94967
94959
94733
95195
94866
94818
94937
94904
95155
95290
95233
95307
94932
94860
94924
94865
94996
94963
94809
95091
94952
94979
95260
94758
95259
94722
94894
95300
95277
95422
95297
95314
94778
94972
94976
95255
95383
95363
95275
94813
94863
95380
95360
95240
94857
95214
95277
95313
94827
95033
95499
94891
95026
95282
95099
94897
95320
94826
95460
95272
95280
95033
94983
95312
95472
94938
95307
95348
95473
95070
94874
94771
95318
95600
95328
95376
95254
95039
95233
94971
94851
95379
95439
95148
94820
95290
95276
95028
95236
95272
94913
94864
95342
95089
94983
94823
95108
95173
95281
94856
95452
95019
95291
94811
95110
95080
95088
95016
95368
95489
94811
95039
95006
94817
95021
95289
94844
95151
94936
94817
94801
94732
95332
95237
94970
94913
95251
95081
95076
94949
95047
94953
95444
95329
94850
94856
94830
94998
95299
94981
94806
94976
94863
94883
94769
95427
94924
95092
95498
94769
94969
94829
95136
94809
94798
95323
95102
94893
94881
95265
94827
95131
94820
95364
95024
94998
95005
95059
94825
95002
95087
95310
95268
95356
95191
95445
94761
95191
95015
94964
95404
94857
95431
95434
94851
94890
95148
94925
95272
95087
95305
95279
94803
95133
95219
95353
94839
94843
95002
95124
95281
94978
95413
95281
95222
94989
94854
94952
94797
95044
94796
95167
95410
94881
94871
95033
94838
94855
94763
95442
94817
95146
95269
94981
94796
95113
95324
95343
95050
95162
94991
94873
94981
94975
95226
94807
95105
94905
95259
95332
95299
95252
94791
94823
94834
95278
95365
95062
95327
95038
94945
95081
94933
94826
95313
95248
95311
95133
94851
95256
94836
94956
95344
95077
95041
95152
94991
94959
95064
94775
94945
94996
95449
95095
94776
95330
94832
95021
94763
95413
95264
94843
94876
95320
94866
95152
95226
94831
95181
95075
94890
95087
95025
94768
95486
95408
95322
95315
94788
95284
95326
95295
95465
95423
95312
95011
95281
94731
94822
95106
95278
95336
95333
95069
94888
95032
95057
95129
94900
95103
95008
95110
95140
95478
95055
95049
94868
94915
94974
94783
95333
95365
95060
94845
95377
95356
95395
95104
95251
95229
95444
95088
94961
95020
95269
95284
95166
94929
94854
95376
95318
95135
95199
94844
95130
95162
94853
94930
94837
95549
95091
94868
94817
95186
94859
95331
95222
94817
95030
94849
94831
94917
95086
94811
95002
94882
94786
94740
94945
94870
95134
94995
94931
95260
95286
95462
94793
95375
95321
95282
94833
95035
94919
94826
95149
94762
95000
95270
95168
95199
94980
94877
95003
94859
94935
95027
95152
95226
95261
95296
94835
95347
94913
95002
94832
94913
94811
94904
94806
95209
95287
95125
95291
95280
95368
94742
95034
94927
95026
94798
94881
94897
95283
95432
95249
94855
95282
95139
95356
95222
95362
94830
94795
94785
95020
95246
95291
94896
95026
94915
94763
94935
95271
95376
94812
94839
95313
95055
95128
95136
94788
94758
95250
95075
95328
94843
95268
94793
95128
95252
95165
95261
95203
94859
95251
94908
95073
94828
95362
95004
95099
94997
94794
95128
95498
94915
94792
95254
94967
95396
95207
94876
94985
94933
94783
94883
94953
94886
95354
95312
94894
95100
95227
95207
95134
94746
95246
94818
95373
95394
95042
95250
94927
95406
95027
95007
95213
95146
94915
95138
95195
95389
95272
95234
95171
95264
95157
94813
95095
94834
95451
94898
95108
94781
95024
94806
95215
94917
94969
94921
94813
95469
95315
95078
94694
95309
95318
95201
95107
94885
95321
95261
95206
94903
95092
94851
94867
95158
95389
94943
95280
95007
95321
94950
95236
95461
94788
94844
95431
94784
95212
94906
95295
94880
95182
94911
95165
94845
95116
94940
95327
94922
95029
95233
95029
95200
95304
95114
94852
94822
94990
95144
95213
95185
95362
94824
95192
94768
95259
94849
95377
94963
95388
95003
95356
95247
95280
95305
94868
94794
94829
94886
95321
95192
95223
94820
94974
95504
95203
95305
94904
95192
94786
95261
95215
95365
94986
95179
95382
95181
94937
95192
95101
94998
94954
95375
94926
94919
95173
94912
94830
95307
95429
95110
95405
94745
95256
94984
94803
94838
95181
94769
95068
94958
94960
95149
94927
95497
94964
95139
95166
94965
94802
95074
94821
95026
95066
95433
94846
95069
95151
94829
95341
95101
94891
95118
95011
94871
95365
94896
95144
95047
95381
94863
95159
95320
95382
94860
94827
95144
95364
94882
95089
94844
95292
95503
94895
95369
94744
95457
95277
95069
95316
95023
94854
95439
95098
95391
95088
95059
95149
95141
95284
95015
95520
95445
95312
94862
94848
95585
95111
94845
94846
95269
95116
95240
95023
94839
94794
94847
95095
94818
95291
94787
95175
94953
95064
94810
94909
94983
95421
94828
94926
94834
95079
95251
95280
95201
94926
95229
94882
95154
94856
94923
95305
95165
95283
95073
95070
94939
95002
95447
95357
95121
94778
95232
95011
95146
95317
94915
95191
94941
95142
94957
95009
95078
94851
94839
94824
95338
95115
94852
94816
95188
94867
95145
94843
95427
95413
95398
95267
95213
95314
94818
94995
94900
94849
95036
95293
95395
95124
94855
95306
95420
95044
95161
95187
94919
94985
94895
94865
95257
95280
95157
95258
94853
95162
95339
95158
94978
94975
94841
94875
94860
95189
95358
95065
94885
94875
95264
95165
95323
94881
95370
94774
94739
94877
94827
94924
95122
94915
95090
95222
95361
94949
95157
95339
95050
95142
95337
94819
94935
95201
95210
95190
95163
94889
95036
95136
94918
95315
94799
94891
94849
95169
95437
94915
94951
95242
95019
95318
95316
94858
94829
95062
94901
95477
95259
95189
94760
95173
95028
95368
94786
95318
94945
95297
94920
95228
95355
94798
95145
94935
95020
95353
95104
95354
95118
95398
95426
95287
94935
95054
95258
94830
95170
94735
95049
95324
95329
95355
94839
95072
94890
95243
95141
94944
95174
94801
95147
95413
95345
94820
95144
95226
94807
95062
95413
94767
95080
95036
95233
94935
95275
95077
94902
95151
94775
94793
94901
95347
95269
95214
94832
94981
94895
95217
95196
94834
95030
95313
95372
94951
95113
95349
94882
94856
94948
94969
95290
95086
94903
95282
95231
95365
94781
95092
94943
94811
94893
94826
95200
95415
94896
94774
95314
95284
95424
95042
94910
94880
95099
95573
94920
95257
94988
95294
95374
95355
94833
94901
94998
94783
94878
95377
95314
95226
95353
95249
95089
94865
95568
94879
95199
95013
95142
94798
95033
94804
95088
95217
94958
94977
94895
94863
95216
95099
94978
95237
95138
94831
95238
95025
94936
95158
95073
95144
95381
94812
94984
95399
95246
95097
95395
94897
95434
94929
95106
94873
94808
95308
94811
95089
94957
95098
95047
95328
95331
95400
94889
95227
95331
95222
94813
95368
95335
94924
95048
94998
94853
95020
94854
95148
94934
94789
95337
94880
95372
94862
94926
94877
94897
94824
95030
94982
95002
95072
95233
94866
95433
95009
95106
94882
95258
95408
94913
94925
95202
94803
95248
95222
94976
94844
95079
94975
95307
95259
94956
94877
95370
95192
94894
95328
94896
95236
95255
95421
95218
94909
94928
94819
94862
94934
95006
95283
95196
95220
95144
94760
94858
95036
95339
95056
95118
95289
95038
94803
94823
95412
95102
94953
95071
94911
95154
94914
94800
95290
95190
95137
95028
94883
95419
95600
95441
94975
95477
95085
95022
95409
94944
94852
95335
94840
95187
95242
94885
94993
95014
95315
94867
94988
94955
95481
94839
94849
94911
94886
95014
95063
94840
94952
95207
95183
94882
95272
94895
95274
94921
95168
95299
95172
94818
94801
94933
94975
95000
95377
95344
94903
94812
95350
95119
95568
94823
95392
95039
95230
94815
94823
95254
95225
95366
94930
95217
94846
95020
94911
94906
95167
95150
94875
94774
95301
94845
95136
95273
94944
94875
95252
94980
95366
95344
95360
95373
95220
94890
95356
94962
94771
94853
95461
95284
95318
95103
94856
94773
95258
94773
95169
95369
94838
95283
95090
95296
94826
94944
94788
94986
94950
94874
94781
95051
95329
95298
95418
94900
94813
94952
95028
95340
95072
95040
95095
95304
95279
95106
95207
94815
94967
94953
95103
95258
95267
95097
95460
95325
94944
94841
95277
95351
94986
95145
95300
95393
95046
94890
95127
95415
95118
94987
94830
94783
95216
95404
95242
94927
94873
94848
95195
94785
95208
94963
95345
94951
95259
94878
95253
94733
95514
95112
94927
95293
95304
94855
94947
95169
95318
95069
94853
95418
95245
94720
94955
94851
95332
94922
95213
94855
95157
94957
94964
94997
95283
94792
94822
95104
95289
94897
94806
95137
95403
95334
94819
94834
94862
94813
95016
95188
94859
95393
94740
95335
94792
94972
94800
95418
95354
95264
95317
95102
94829
94941
94970
95529
95208
94774
94867
95351
95265
95224
94982
94842
95216
94965
95130
94851
95307
94870
95218
94801
95168
95374
95215
95307
94980
94948
94828
94944
94809
94784
95317
94942
95215
95190
94760
94823
95376
94953
94863
95386
95045
95302
94978
94770
95100
95083
95581
94955
94905
94929
94964
95094
95057
95397
94817
95424
95040
94753
95251
95011
95152
95330
94885
94957
94833
95335
95022
95350
94873
94763
95216
95419
95107
95467
94929
95043
95192
95220
95360
95421
94876
94909
95228
95403
95318
94969
95342
95266
94907
94806
95112
94775
94896
95127
94835
94824
94980
95106
95032
95009
95261
94819
95039
94804
95343
95219
95065
94728
94822
95303
94804
94780
94796
94899
94944
95324
95297
95295
95342
95366
94895
95128
95387
95176
94797
95024
95235
95323
94882
95133
95251
95053
95421
95460
95123
95512
95513
95283
95401
95378
95591
95146
94862
95409
95045
94788
94759
95282
94937
95175
95165
95006
95099
95189
94774
94817
95069
94911
95208
95112
95176
95233
95438
94808
95451
95253
95141
95162
95121
94802
94867
95365
94827
95106
95382
95476
95122
95323
94820
95103
95296
94815
95339
95123
95397
95101
95298
95275
95411
95110
94859
95031
95115
94762
95254
94795
95309
94885
95356
94813
94967
95131
94964
94961
94972
95306
95154
94770
95297
95356
95009
94889
95257
95498
94964
95300
95190
95000
95221
95133
95219
94796
95428
94780
94879
94966
95332
94961
95135
95278
95405
94899
95248
94772
94889
95317
95066
95303
95222
95162
94968
95208
95287
94832
95075
94772
95261
95240
94957
95056
95137
94917
95346
95175
95277
94836
95416
95115
95300
95082
95338
94859
95112
95512
95377
95291
94999
95219
95274
95008
95366
94751
94832
94954
94806
94955
95295
94849
94843
94723
94753
94870
94988
95246
94826
95064
95284
95068
95019
95409
95114
94799
95263
94883
95246
94870
94812
95277
95228
95046
95227
95220
95248
95175
95300
95273
95068
95094
94995
95282
94832
95474
94938
95281
95082
95045
95192
95328
95257
95020
95232
95363
95457
95165
94908
95085
95061
94912
95151
94939
94808
95324
94996
95313
95001
94970
95362
95346
94994
95015
94991
94771
94850
95085
95455
94909
94792
95256
95269
95006
94998
95275
95208
95205
95190
95224
95295
95008
95259
95110
95199
95249
95247
95077
95206
94782
95122
95003
94929
95040
94775
94944
95236
94808
95533
95326
94797
95048
94866
95023
94833
94886
94851
94827
95059
95022
95427
95023
95397
95133
94844
95357
95003
94851
95360
95099
95097
94932
95324
95152
95285
94895
95158
95270
95201
95288
95277
95383
94809
95034
95260
95317
94870
94767
94897
95119
94968
94891
95122
94887
95166
94875
94731
94932
95366
94884
95092
95205
95263
95066
94736
95306
94904
94982
94896
94915
94976
94819
95305
95479
95142
94802
95253
95042
95087
94992
94808
94975
94833
95282
94795
95285
94926
95356
95493
94928
94898
95086
95477
95422
94789
95251
95328
95125
95463
95356
95009
94815
95397
95154
95181
94820
94803
95362
94871
94829
95525
94867
95047
95102
95314
94920
95457
95376
94901
95493
95017
95125
94840
95153
95123
95326
95033
94845
95339
95141
94985
94887
95049
94822
95024
95447
94771
94842
94869
95172
95338
94823
95328
94984
94978
94889
95218
95014
95311
95387
95087
95083
94860
95216
95439
95569
94823
95257
94976
95492
95194
95059
94921
94805
95339
94889
95249
95172
94986
95233
95334
94822
94881
95123
94843
95087
94871
95466
94995
95015
95227
95063
94870
94947
95322
94980
94924
95163
94932
94953
94846
94804
95121
94810
94746
94823
95078
95125
95109
94903
95444
95345
95308
94841
95300
95374
95121
94859
94785
94845
95020
95269
94946
95394
95249
94830
95038
95248
95324
95044
95277
94859
95360
95237
95231
95087
95009
94990
94987
95492
94868
94777
95036
95050
95291
94809
94979
94840
94831
95110
94908
94998
95013
95280
94783
95498
95379
95087
95169
95253
94852
94842
94826
95442
95329
95222
95217
94964
95116
94972
95313
95368
94944
95262
95036
94877
95446
95292
94763
94829
95293
95024
94914
94811
95283
95011
94944
94860
95471
94797
94782
95024
95023
95322
94777
95031
94853
95026
95416
95105
94791
95152
94743
95263
95438
95051
94854
94992
95342
95183
95317
95170
94806
95272
94932
95366
94894
94879
95242
95137
95415
94851
95319
94794
95282
95279
94866
95065
95465
94811
94816
95053
95239
94788
95260
94927
95304
95191
95290
95232
94956
95246
95117
95005
95278
95261
95131
95293
95260
94995
95105
95238
94859
95124
95062
95044
94919
95079
95097
95317
94831
94978
95441
94759
95203
95173
94884
95223
94906
95151
95309
95357
95221
95447
94834
94932
95093
95105
94956
94941
95378
95323
95369
94801
95069
95237
95050
94995
95339
94842
95275
94786
95501
94796
95319
95275
94887
95172
95018
95371
94848
95135
95016
95011
95399
94957
95033
94928
95512
94829
94839
94792
94898
94859
95290
95317
95333
95087
94878
95276
94902
95033
94807
95278
94839
94816
94971
95369
95270
95075
95184
95072
95285
94925
94818
94787
95478
94801
95155
95427
95341
95335
94845
95153
95386
95270
95278
95382
94964
95256
95246
94786
95157
95241
95268
94999
94917
95297
95045
95147
95456
95066
95160
95093
94787
94937
95011
95337
95306
94983
95394
95393
95469
95050
95357
94883
95012
95327
94842
94853
94925
95067
95321
95129
95364
95253
95375
94915
94753
95287
95051
95067
94777
94933
94846
95379
95142
95059
95001
95522
94851
94811
95043
95107
95384
95376
95357
94981
94799
95220
95265
95293
95198
94822
95136
94825
95204
94930
94846
95376
95423
95272
95296
95256
94881
95321
94848
95344
95146
95267
95367
95512
95307
94833
95114
95015
95464
94759
95318
95106
95314
94789
95218
95104
95214
94834
95019
95101
95368
95259
94803
95019
94808
95014
94847
95051
95062
94931
94846
94997
95241
95277
94941
95148
94919
94846
95009
95102
94827
94896
94919
94752
95056
94807
95341
95104
94828
95161
95088
94880
94806
95009
95210
94840
95181
95365
95415
94816
95370
94991
95032
94754
94967
94812
95049
95056
95064
95435
95440
94864
95339
94948
95229
94814
95502
95224
95296
95062
95246
95031
95441
95276
95351
94845
94889
95204
95180
94853
95094
94848
95501
95252
95026
94869
95214
95477
94867
95375
94980
94801
95329
95137
95499
95258
94867
94810
95002
94825
94927
95343
95116
95369
95253
94809
95021
95377
95218
95024
95022
95324
95268
95220
94908
95145
95131
95192
95446
95443
95094
94865
95328
95291
94885
94775
95282
94804
94884
95140
94969
94797
95503
94877
94825
95415
94839
94995
95323
94851
95396
94992
95373
95377
95263
95210
95182
95027
95016
94806
95100
94825
95259
95256
95287
95445
95118
95160
95334
94868
95201
94945
94925
94894
94807
95078
94856
95055
95083
94897
94925
95047
95394
94878
95142
94905
94883
95317
94900
95197
95229
95351
95374
95049
94816
95198
94861
95454
94854
95382
95329
95041
94819
94846
95207
94895
94813
94841
95408
95325
94931
94872
94794
95329
95082
94836
94895
95458
95023
94723
95144
95196
94879
95138
95459
95054
94802
94798
95023
94926
94957
95328
95089
95165
95306
94851
94812
95385
95453
94841
94930
95253
94899
95260
95242
95092
94943
94820
95180
95261
95393
95151
94961
95145
94809
94966
95265
94881
95425
95290
94964
95050
95261
95162
95123
95427
94941
95136
95430
95393
95227
95268
95440
94806
95372
94861
95469
95023
95038
95170
95195
94899
95020
95309
95168
95112
95335
95419
95344
95359
94843
95166
95177
94849
95115
95292
95055
95180
94867
94896
95109
94778
95277
94789
95146
95486
95247
94996
94770
94972
95093
94788
95439
94890
94826
94911
95351
95139
95298
94860
95232
95388
94822
95349
94807
94791
94804
94797
94816
94962
94892
94975
95081
95087
95191
94957
94902
95557
94773
94853
94859
95368
94880
95158
94938
94894
94887
94969
95061
95003
94879
95002
95222
94968
94932
94837
94886
94847
95575
95280
95206
95440
95422
95339
94881
94871
94976
94851
95408
94998
95364
94861
95201
94776
94796
95130
94853
95003
95160
95279
95325
95065
94868
94951
95352
95493
94934
95209
95342
32451
32451
32451
32451
32451
32451
32451
32451
32451
32451
32451
32451
32451
32451
32451
32451
32451
32451
32451
32451
32451
32451
32451
32451
32451
