9884
95015
95714
95013
95046
95457
95655
95211
95317
95162
95188
95555
95447
95042
95328
95363
95457
95060
95446
95215
95373
95512
95207
95443
95730
95054
95414
95432
94968
95013
94970
95408
95084
95508
95566
95317
95022
95380
95387
95305
95033
95225
95549
95265
95459
94879
95291
95477
95475
95589
94907
95384
94960
95340
95465
95037
95142
95032
95321
95488
95146
95088
95085
95018
95055
94970
95582
95119
94966
95478
95062
95019
95082
94935
95245
95244
95191
95003
95046
95026
95369
95342
95190
95622
95090
95022
95202
95030
94980
95455
95593
95044
95539
95341
95197
95292
95335
95472
95483
95398
95044
95420
95295
95327
95063
95220
94986
94977
95125
95127
95451
95696
95079
95471
95355
95100
95555
95280
95440
95389
95052
95477
95360
95361
95115
95004
95520
95254
95345
95215
95313
95224
94984
95391
95076
95221
95072
94912
95446
94890
94947
95065
94980
95200
95080
95373
94909
95375
95374
95268
95119
95244
94927
95446
95390
95015
95228
95535
95305
95392
95418
95512
95087
94961
95442
95041
95169
95430
95195
94985
95124
95544
95210
95537
95097
95083
95268
95381
95045
95269
95409
95493
95458
95281
95507
95070
95546
95213
95367
94951
95071
95257
95244
95327
95152
95509
94964
95063
95552
95473
95518
95340
95240
95529
95412
95054
95300
95094
95235
95019
95195
95344
95428
95360
95490
95004
95328
95327
95347
94931
94920
95216
94876
95097
95388
94909
95148
94955
94879
95297
95104
95196
95412
94911
95501
94954
94890
94930
95354
95247
95062
95048
95302
95521
94958
95490
95563
95708
95569
95047
95319
95300
95266
95261
95367
95030
95276
95153
95626
95415
95417
95616
95080
94996
95099
95078
95600
95267
95392
95563
95476
95211
95368
95326
95504
95187
95531
95276
94956
95124
95512
95118
95139
94974
95413
95003
95447
95228
94985
95167
95441
95695
95019
94998
95130
95449
95053
95437
95513
95355
95291
95341
95011
95419
95084
95068
95452
95191
95321
95089
95228
95027
95185
95416
95213
95045
95410
95440
95371
95472
95274
95686
95229
95172
95538
95347
95687
95421
95251
94997
95397
95078
95420
95281
95569
95001
95009
95495
95510
95332
95196
95317
95078
94897
95294
95458
94954
95266
95234
95222
95181
95145
95481
94957
95653
95307
95354
94995
95008
95084
95432
95207
95574
95543
95383
94904
95073
95528
95495
94965
95151
95064
95037
95153
95513
94975
95737
95258
95428
95071
95519
94935
95032
95590
95468
95467
95421
95392
95465
95535
95487
94949
95337
95584
95411
95040
94995
95326
94889
95226
95235
95095
95360
95460
94990
94954
95498
95313
95020
95347
95231
95715
95594
94966
95246
95432
95457
94950
94939
95002
94888
95143
95516
95411
94924
95129
95278
95509
95293
94946
95241
95333
95417
95380
95131
95401
95023
95512
95498
95127
95102
95376
95329
94941
95221
95472
95081
95242
95394
95266
95009
94950
95486
95145
94945
95474
94943
95455
95007
94884
95011
94925
95088
95387
95478
95437
94997
95249
95289
95627
95525
95142
95188
95456
95290
94938
95152
94984
95274
94997
95168
95441
95129
95125
95085
95489
95492
95506
95205
95094
94981
95451
95350
95242
95109
95729
95000
95482
95485
95105
95007
95447
94933
95396
95509
95129
95421
94904
95004
95139
95368
95130
95329
94928
95186
94957
95427
95054
95625
95401
95257
94973
94967
95020
95199
95378
95568
95514
95521
95103
95208
95691
95170
95503
95063
95018
95307
95574
95041
95006
95328
95296
94941
95453
94972
95353
95498
94999
94979
95138
95070
95671
95058
95115
94973
95367
95525
95141
95285
95494
95223
95143
95477
94973
95376
95346
94899
95206
95445
95082
95032
95384
95268
95534
95294
95699
95475
95060
94969
95635
95414
95353
95523
94908
95554
95663
95438
95437
95165
95359
95073
95272
95099
94947
95552
95095
95186
94991
95376
94955
95559
95087
95230
95049
95556
95151
95253
95393
95015
94992
95439
95531
94954
94999
95214
95119
95001
95524
95192
95509
95048
95212
95467
95622
95035
95350
94957
95371
95035
95398
94997
95128
94981
95469
95095
95313
95300
95358
95098
95033
95615
95222
95026
95180
95354
95557
94953
95493
95204
95441
95091
95312
95571
95682
95173
95162
95253
95063
95680
95481
95656
95058
95491
95451
95219
95332
95379
95377
95283
95264
95816
95069
95495
95372
95614
95604
95067
95032
95081
94997
95644
95300
95403
95507
95693
95397
94981
95585
95223
95497
95113
95602
95010
95569
95292
95073
95159
95368
95419
94915
95216
95255
95223
95764
95342
95383
94983
95348
95056
95633
95103
95062
95305
95678
95495
94971
95584
95298
95390
95064
95018
95169
95163
95494
95340
95134
95035
95261
95531
95476
95416
95553
95621
95266
95546
95209
94996
94975
95108
95410
95146
95081
95558
95518
95014
95028
95042
95558
95138
95102
95316
95587
95253
94957
95034
95078
95363
95500
95049
95502
95569
95318
95161
95324
95241
95363
95004
95105
94947
95374
95631
95358
95313
95274
95235
95229
95598
95467
94941
95341
95479
95109
95048
95026
95532
95165
95291
95343
95301
94983
95334
95392
95028
95235
95295
95421
94942
95423
95496
95350
95217
95102
95009
95522
95666
95352
95507
95500
94940
95428
94928
95453
95065
95549
95051
95163
95332
94981
95001
95015
95058
95122
95525
94990
95327
95503
94944
95528
95144
95040
95045
95318
95411
95080
95183
95444
95049
95601
95022
95008
95004
95569
95599
95001
95100
95627
95583
95253
95438
95082
95211
95061
95022
95321
95151
95324
94963
95284
95461
95501
94974
95012
95008
95104
95332
95110
95400
95469
95288
94993
95259
94993
95295
95362
95533
95253
95405
95525
95132
95334
95038
95560
95529
95353
95085
95249
95580
95100
95485
95709
94938
95494
95473
94951
95003
94959
95194
95006
95004
95444
94989
95268
95542
95438
95394
95385
95455
95096
95022
95026
95437
95092
95543
95065
95058
95733
95302
95012
95534
95027
94957
95026
94885
94997
94987
95505
95406
95046
95611
95332
94989
95555
94928
95373
94921
94975
94924
95035
95683
95097
94991
95057
94967
95376
95327
95540
95303
95272
95676
95250
95401
95210
95340
95429
95311
94870
94966
95598
95077
94800
95382
95310
94932
95506
95236
95263
94929
94891
95468
95407
95018
95077
95458
95118
95561
94919
95422
94879
94968
94869
95619
95575
95514
94957
95060
95348
95016
95380
94926
95102
95490
95395
95037
95441
95405
94928
95174
95141
95516
95558
95337
95408
95123
94982
94899
94923
95364
95299
95316
94877
95031
95401
94992
95029
95575
95104
95025
95169
95388
95341
95103
94965
94958
95111
94939
95093
95049
95496
95194
95023
95539
95356
95197
94907
94957
95215
95667
94999
95008
95248
95245
94961
95482
95137
95289
95671
94979
95104
95319
95467
95307
95130
95225
95143
95442
95111
94904
95315
95575
95387
95408
95391
95442
95181
95482
94964
95123
95059
95159
95264
95414
95067
95102
95035
95068
95299
95009
95132
94958
95026
95544
95010
95392
95155
95317
95489
94942
95236
95409
95523
94965
95561
95573
95209
95294
94922
95149
95561
95315
95502
95223
95388
95271
95472
95343
94983
95255
95421
95059
94972
95402
95300
95439
95465
95480
95006
95598
95005
94971
94885
95018
95404
95023
94876
95033
94852
95446
95217
95531
95385
94955
94970
95029
95302
95467
95612
95091
95318
95443
94961
95338
95485
95370
95217
95135
94977
95585
94942
95463
95489
95345
95007
95247
94937
95166
95035
95077
94967
94924
95352
95492
95321
95469
94922
94918
94971
94990
95343
95377
95543
95187
95346
95276
95391
95440
95383
94961
95421
95338
95411
94890
95129
95201
95402
95429
94939
95437
95385
95186
94953
95422
95283
94930
94894
95285
95345
95695
95586
95153
95533
95195
94998
95125
94957
95541
95612
95082
94950
94972
95293
95502
95252
95110
95417
95089
94931
95511
94969
95080
95011
95311
95449
95106
95030
94929
95531
94929
95186
95456
95465
95085
95128
95379
94960
95011
94957
95004
95304
95360
95109
95149
95238
95120
95352
95381
95260
95506
95093
95100
95430
95245
94889
95336
95373
95137
94981
95150
94981
95045
94927
95042
95311
95354
95525
95035
95003
95304
95082
95199
95108
94950
95498
95208
95135
95347
95288
95321
95539
95200
95300
95268
95052
95421
94949
95068
95222
95124
94944
94974
95295
95396
94915
94975
95507
95411
95448
95256
95459
94983
94975
95166
95388
95185
94973
94933
95006
95506
95305
95095
95182
95152
95236
95161
95302
95292
95718
95353
95444
95289
95570
95355
95410
94974
95503
95000
95012
95231
95345
94963
95371
95676
94942
95003
95316
95329
95186
95444
95112
95578
94954
94915
95203
95111
95131
95363
95416
95458
95299
95021
95089
95161
95393
95428
95320
95133
94916
95191
95260
94909
95233
95512
94930
95540
95644
94937
94874
95594
95519
94940
95125
95262
94855
95384
95059
95498
94985
95376
95493
95455
94958
95476
95429
95458
95426
95044
94960
95180
94910
94979
95110
95294
95230
95160
95278
95480
95405
95272
94871
95412
95479
94998
95025
95029
95114
95451
95113
94917
94914
95333
95023
95232
95366
95075
95055
95245
95432
95059
95331
95009
95439
94983
95592
95529
95153
94972
95473
94955
95115
94938
94933
95453
95475
95332
95424
95471
95256
94964
95250
95464
94998
95235
95472
95108
94983
95131
95441
95328
95205
95223
95462
95059
94967
95187
95415
95421
95456
95173
95478
95092
95146
95090
95035
95199
95530
95342
95550
95481
95498
95239
95079
95539
95474
95179
95210
95249
95467
95157
94932
95097
94958
94942
94919
94900
95390
95210
95421
95009
95203
95329
94940
95049
95529
95308
95003
95385
95272
94948
95008
94947
95318
95605
95321
95490
95504
95182
94967
95006
95226
95072
95185
94943
95362
95559
95413
95463
95431
95211
94968
95145
95139
94971
94956
94983
94988
95311
94964
95117
95145
95555
95224
95436
95028
94980
95267
95538
95223
95077
95034
95398
95577
95322
95440
95341
94958
95552
95399
95549
95463
95395
95184
94925
95472
94978
95426
94975
95447
95477
95005
95509
95452
95339
95015
95369
95535
95511
94999
95128
95435
95403
95069
95082
95259
95366
95318
95043
95521
95129
95341
95182
95520
95281
95291
95020
95562
95182
95067
94964
95129
95015
95575
95579
94981
95055
95355
95086
95519
95276
95033
95243
95455
95359
94971
95385
95397
95272
94873
95354
95486
95160
95401
94985
95368
94922
95248
95236
95254
95115
95235
95001
95010
95605
94914
95334
95038
95467
95401
95607
95344
95152
94935
95111
95024
95475
95365
95071
95070
94928
95073
94973
95464
95081
95430
95471
95418
95023
95116
95112
95322
94995
94921
95137
95144
94985
94889
95332
95148
95443
95034
94994
95199
95352
95437
95179
95423
95346
94910
95011
95459
94996
95065
95187
95176
95499
95635
95329
94999
95073
95055
95029
95308
94981
94941
95521
95233
95489
95029
95075
95329
95499
94984
95393
95330
95262
95418
95514
94905
95426
95437
95643
95013
94938
95047
95258
95583
94925
95232
95072
95109
95210
95252
95159
95589
95158
95236
95428
95217
95000
95293
95107
95108
95212
95184
95030
94954
95331
94879
95088
94967
94958
94929
95407
95203
94911
95081
95009
95222
95306
95177
95054
94959
95219
95372
95696
95209
95305
95063
95259
95615
95397
95203
95555
95479
94941
95420
95126
95494
95289
95259
95544
95138
94938
95033
94921
95007
95505
94940
95357
95329
95122
95305
95011
95558
95099
94947
95551
95233
94960
95139
95670
95309
94929
95378
95423
95032
95239
95256
95166
94966
95383
95339
95064
95003
95162
94974
94981
95240
94912
94902
95106
95571
95098
95341
95428
95233
94952
94930
95186
95494
95122
95359
95596
95248
95132
94995
95344
95357
95284
94959
95233
95235
94983
95340
95221
95500
95087
95605
94926
94947
95548
95447
95052
95347
95093
95329
95009
95270
95186
95029
95575
95476
95595
95390
95033
95247
94945
95360
95253
94930
95088
95158
95460
94920
95552
95212
95327
95084
95519
94936
95229
94910
95006
95025
95411
95417
95179
95386
95075
95095
95606
95073
95077
95013
95161
95356
95379
95145
95450
95011
94924
94966
95259
94987
94931
94910
95377
95073
94913
95084
95081
95135
95332
95533
95445
95449
95015
94901
95266
95471
94961
95468
94913
95166
95443
95113
95645
95003
95488
95348
95484
95191
95143
95441
95253
95377
94958
95329
95117
95349
94985
95223
95595
94986
94947
95531
95510
95118
95326
95474
95166
95030
95336
94956
95147
95719
95549
95193
95161
95150
95000
95004
95047
94969
95018
95148
94913
95048
95590
95184
95652
95450
95394
95453
95403
95276
95434
95036
95517
95338
94952
95698
94961
95160
95201
95174
95461
94954
95035
94941
95471
95014
95110
95004
95222
95241
95345
95569
95012
95010
95194
95093
95018
95085
95498
95378
95419
95117
95346
95350
95608
95160
95055
95051
95512
95245
95000
95192
95208
95508
94958
95513
95419
95123
95501
94993
94965
95275
94984
95355
95408
95446
95492
95120
95485
95026
95120
94959
95090
94917
94999
94925
95225
95390
95269
95191
95016
95476
95145
95265
94953
95152
95618
95460
95082
95410
95194
95350
95373
95454
95354
94964
94923
95444
95141
95051
95334
95010
95388
95221
95243
94985
95206
95649
95287
95423
95310
94999
95133
94935
95155
94958
94969
95198
95271
95113
95481
95019
94934
94973
95312
95384
95335
95043
94999
95394
95012
95449
95417
95495
95144
95508
95401
94934
95522
94892
95496
94931
94919
95579
94974
95418
95038
95281
95122
95080
94915
94857
95640
95210
94923
95509
95176
94992
95581
94918
94966
94917
95215
94931
95107
95542
95456
95263
95211
95092
95428
95307
94948
95386
95143
95160
95262
95383
95398
95420
94906
95548
95294
95285
95344
95391
95068
95240
95405
95258
94974
94959
95466
95048
95000
95396
95046
95430
95513
95383
95380
94944
95513
95142
95425
95604
95452
95061
95403
95536
95418
95308
95439
95067
95481
95006
95176
95362
95506
94958
94917
95186
94991
95376
95547
95356
95626
95351
95320
95228
94977
95045
95031
95435
95324
95403
95098
94939
95291
95562
95120
94986
94958
95570
94971
95116
95286
95163
95367
95371
95087
95055
95237
94835
95096
95299
95515
94957
94953
94908
94984
95180
94987
95226
95260
95622
95581
95364
95185
94943
95595
95057
95093
95409
95609
95037
94997
94927
95374
95579
95021
95436
94956
95580
95127
95414
95262
95382
95003
95145
95059
95332
95055
94970
95344
95655
95014
95065
94888
95516
95342
95035
95415
94991
95359
95472
95517
95481
95338
95216
95244
95457
95015
95629
94935
94906
95422
95384
94995
95038
95107
94953
94891
94892
95224
95603
95293
95490
95189
95003
95308
95101
95431
95398
95260
94928
95515
95358
95644
95315
95412
95024
95494
95507
95509
95039
94965
95069
94986
95028
95283
95029
94963
95089
94922
95234
95542
95345
95242
95162
94866
95459
95363
95529
94980
95446
94959
95069
95458
95453
95006
94929
95005
95000
94972
95028
95113
95009
94892
95272
95232
95448
95055
94874
95257
95441
95232
95319
95356
95313
95427
95014
95420
95220
95342
95389
95450
94970
95020
95062
94949
95050
95260
95426
95355
95123
95526
95425
95346
95024
95004
95123
95478
94862
95158
94845
95014
95145
94936
95593
95531
95235
95039
94901
94912
95447
95359
95215
95097
95390
94896
95553
95507
95086
94914
95311
95513
95409
95273
95402
95487
95322
95292
95455
95326
95429
95389
94891
95323
94984
95009
95455
94892
95291
95415
95478
95286
94963
95463
95031
95151
95199
95358
95367
95392
94978
95436
95198
95361
95511
95420
94908
94908
94915
95170
95399
95511
95283
94929
95010
94986
94997
94952
95505
95473
95075
95606
94952
95008
95531
94932
95258
95526
95476
94983
95359
95226
95228
95476
95509
95084
94896
95523
95666
95292
95206
95011
94947
94917
95279
95497
94910
94930
95324
95091
94996
95296
95073
95207
95389
95054
95543
95657
95026
95219
95310
95379
95333
95295
95056
95367
95001
94901
94936
94940
95421
95512
95114
95526
95169
94965
95216
95439
95140
95387
94960
95247
95636
95665
95484
95381
95503
95545
95380
95313
95070
95162
95450
95329
95447
94933
95633
95058
95462
95249
95439
95106
95330
94987
95343
95026
94999
95363
95155
95402
95322
95356
95030
95044
95347
95297
95037
95153
95482
95158
94994
95109
94903
95035
94900
95273
95086
95001
94995
95305
95315
95169
95183
95261
94999
95232
95066
95414
94915
94954
95129
95005
95499
94925
95427
95235
95413
95247
95309
95303
95619
95430
95435
95003
95363
95381
95470
95390
95574
95122
95076
95268
94963
94992
95176
95045
95441
94950
94903
94937
95011
95601
94924
95432
95341
94931
95235
95320
95671
95368
95146
95321
95290
95518
95068
94949
95489
95569
95442
94890
95252
95477
95523
95308
95129
95310
95396
95190
95196
95422
95327
95403
95376
95053
95431
95283
95243
95463
95367
95302
95420
95453
94870
95386
94994
95392
95382
95402
95350
94990
94955
95504
95027
95070
95378
95342
94991
95164
95216
95579
95306
95059
95020
95538
95331
95419
95116
95588
94952
95571
95466
94984
95579
95484
94955
94977
95283
95240
95018
95426
95243
95010
95462
95199
94946
95356
95185
95637
95269
95010
94988
95635
94894
94865
95324
95430
95285
95352
94924
95238
95113
95110
94934
95536
95203
95111
95071
94919
95403
95451
95425
95340
95245
95567
95121
94994
95504
95563
94970
95125
95534
95366
95036
95265
95701
94980
95257
94953
95210
95475
95541
95234
95163
94946
95093
94878
95357
95005
95229
94922
95017
94942
95454
95122
94998
95207
95095
95520
95295
94939
95258
95585
95310
94957
95003
95052
95164
95455
95079
95072
95449
94968
94984
95344
95500
95435
95432
95274
95032
95310
95553
95328
95090
94970
95279
95477
95593
95503
95363
95134
94967
94982
95407
95260
95137
95127
95355
95509
95420
95127
95234
94997
95346
94943
95162
95058
94983
95436
95331
94893
95435
94941
94983
94955
95423
95153
95020
95381
95528
95531
95658
95467
95059
95368
95197
95339
95593
95444
95305
95506
95332
95215
95361
95050
95458
95365
95041
95470
94958
94973
95281
95159
95046
94902
95389
95494
95296
95283
95115
95554
95548
94935
95274
95024
95132
95183
95452
95444
95107
95442
94939
95243
94867
95378
94885
94987
95364
95082
95502
94858
95297
94940
95347
95446
95157
95504
95312
95306
95226
95042
95209
95021
95407
95254
95211
94906
95021
94983
94903
95440
95161
95244
95417
94902
95396
94879
95604
95236
95546
95167
95031
95443
95113
94904
94955
95261
95026
95423
95375
95401
94911
95053
95230
95311
94833
95262
95266
95378
94870
95038
94953
95525
95187
95144
94980
94898
95449
94884
94981
95055
95278
94987
95164
94947
95328
95453
95503
95587
95076
95192
94888
95270
95285
95324
94972
94966
95446
95336
95436
94841
95132
95344
95622
94969
95349
94895
94995
94860
95310
95236
95087
95288
95313
95225
95254
95520
95381
95413
94946
95253
95140
95423
95424
95276
95321
95361
95019
95338
95337
95112
94919
94968
95294
95156
95005
95314
95515
95055
95570
94969
95012
94941
95312
94928
95268
95082
95482
94931
94936
94935
95038
95047
95500
95262
95143
94934
95022
94904
95132
95491
95612
95460
95415
95291
94956
95149
95214
95456
95036
95380
95370
95386
95505
95456
95054
95269
95043
95492
95150
95200
95083
95230
95021
95455
95392
95270
95009
95562
95411
94927
94925
94862
94964
95373
95031
94901
94972
95237
95167
95291
95453
95366
95417
94892
95018
95300
95502
94936
95381
95193
95538
94945
95321
95137
94937
95014
94996
95520
95386
95498
95371
95317
95224
95595
95102
95301
95476
95159
95054
95211
95124
95019
95541
95088
95351
95396
94969
95099
94935
95440
95012
95572
94907
95477
95486
95663
95473
95379
95487
95013
94922
95440
95468
95097
95275
95020
95654
94949
95178
95455
95440
94963
95196
95251
95378
95535
95002
95458
94968
95061
95190
95450
94979
95555
95103
95350
95475
95194
95290
95273
95128
95323
95058
95016
95183
95340
95471
95304
94869
95009
95537
95451
94994
95095
95368
95406
95014
95064
95134
95135
95568
95006
94890
95401
95255
95475
95245
95076
95031
95309
95325
95341
95546
95450
95314
95492
95062
95077
95008
95220
95013
95390
95020
94948
95578
95208
95227
94939
95191
95060
95312
95436
95372
95117
95186
95580
95350
95230
95296
95452
95500
95532
95493
94884
95293
95627
95572
95104
94989
95556
95310
94946
95200
95391
95014
95110
95299
95294
95604
95058
95227
95308
95315
95105
95079
95449
95023
94971
95583
95466
95607
95315
95082
95048
95221
95222
94968
95030
94987
95014
95241
95433
95064
95226
95373
95397
95460
95348
95465
94975
95423
95313
95626
95191
95438
95057
94994
95326
95414
95406
95355
94911
95004
95240
95600
94993
95163
95312
94923
94926
95522
95262
95001
95589
95563
95241
95558
94964
95213
94971
95186
95219
95478
94963
95254
95286
95046
94965
95056
95359
95321
95206
95362
95176
95283
95344
95295
95286
95160
94912
95172
95435
95036
94946
95493
95227
94884
95171
95501
95375
95361
94971
95258
95454
95479
95508
95421
95488
94954
95479
95153
95535
95261
95368
95162
95460
95481
95027
94914
95574
95476
94986
95438
94941
95500
94975
95019
95521
95401
95511
95259
94947
95306
94904
94953
95096
95207
95216
95151
95066
95450
95469
95438
95313
95104
95029
94994
95331
95031
95620
95176
95467
95553
95011
95067
95422
94970
95394
95454
95317
95359
95520
94946
94936
95049
95420
94972
94891
95451
95016
94962
95384
95481
95513
95454
95418
95506
94864
95026
95497
95432
95331
95529
94972
95517
94969
95059
95414
94961
95376
95419
95563
95035
95187
95448
95362
94936
95311
94887
95684
95196
95400
95368
95306
94938
95382
95310
95084
95181
95516
95431
94948
95498
95546
94914
95044
95605
95442
94945
95439
95012
95531
95490
95511
95334
95422
94960
95511
95008
95617
95473
95069
95477
95045
94941
95074
95425
94868
94971
95320
95353
94948
95164
95013
95108
95198
95253
95032
95442
95547
94954
95231
94968
95572
94912
94937
95089
94969
95035
95407
94965
94903
95712
95206
95115
95273
94939
95042
95005
95051
95265
95052
95366
94993
95577
94957
95481
95129
95071
95350
94955
95520
95517
94949
95515
95417
95312
95191
95480
95369
95329
94972
95078
95144
95149
95096
95364
95029
94996
95451
95732
95439
95507
95039
95195
95052
95453
94998
95416
95393
95691
95145
94956
95647
95409
95271
95483
95574
95339
95336
95138
95381
95019
95593
95741
95442
95212
95161
95458
95014
95152
95181
95136
94975
95458
95354
94955
95049
95015
94885
95415
95079
95223
95435
95193
94995
95498
95198
95334
94968
94927
95360
94828
95056
95527
95149
95156
95389
95128
95449
95175
95316
95100
95120
95129
95005
95408
95403
94977
95207
95077
95071
95495
94948
95249
95412
95072
95249
95203
95291
95505
95272
95340
95428
95144
95165
95503
94963
95146
95539
95087
95661
95206
95223
95198
95659
95413
95213
95292
95120
95209
95568
95546
95371
95137
95104
95013
94963
95504
95534
95472
95105
95399
95104
94920
94974
95069
95459
95462
95450
95055
95088
94968
95040
95678
95470
95303
94942
95538
94998
95313
95198
95409
95491
95432
95573
94943
95067
95505
95445
95124
95485
95239
95457
95231
95663
95092
95114
95435
95293
95452
95217
95226
95536
95106
95235
95524
95000
95005
95046
95149
95313
95635
94923
95047
94972
94925
95295
95072
95116
95460
95155
95057
95231
95229
95475
95031
95405
95124
95187
95033
94993
95359
95215
95009
95257
95340
94936
95385
95166
95440
95431
95377
95533
95337
95349
95292
95022
95521
95383
95341
95212
95507
95410
95277
94935
95629
95009
95031
95295
95537
95022
95365
94991
94960
95082
94960
95438
95079
95075
95606
95089
95365
95187
95385
95128
95430
95081
95005
95203
94968
95595
94969
95393
94928
94944
95441
95102
95614
95000
95019
94931
95120
95373
95330
95476
95455
95408
94918
95242
95347
95297
95555
95605
95628
95072
94943
94969
95278
95308
94911
95591
95379
95418
95382
95066
95671
95326
95381
94920
95516
95482
94994
95357
95368
95563
94907
95014
95415
95315
95274
95268
95388
95659
94990
94962
94958
95639
95008
95032
95503
95237
94988
95086
95004
95274
95496
95398
95394
95227
95391
95055
95521
95046
95212
95687
95390
95118
95573
95346
95636
95000
95561
94940
95111
95238
95100
95375
95184
95059
95251
94854
95091
95397
94980
95029
95452
95303
95521
95098
95091
95087
94923
95467
95531
95413
94951
95352
94975
95501
95674
95028
95435
94957
95617
95019
95210
94960
95604
94938
95513
94945
95148
95051
95442
95006
94950
95093
94988
95607
95515
95120
95408
94969
95283
94951
94945
95593
95262
95189
95237
95026
94944
95020
95048
95285
95213
95456
95084
95659
94955
94999
95120
95575
95316
94899
95078
95408
94881
95402
95178
95291
95329
95474
95370
95273
95509
95209
95345
95406
94887
95082
95263
95227
95016
94961
95437
94928
95154
95209
95263
95419
94952
95082
95524
95115
95609
94985
94953
95342
95134
94922
95545
95335
94973
95507
95202
95001
95328
95450
95498
95531
95000
95428
95017
95408
95099
95597
95428
95065
95041
94952
95683
95218
95103
95149
95276
95042
95017
95464
95110
95135
95497
95350
95273
94965
95262
95314
95022
95519
95017
95465
95191
95035
95082
95515
95092
95262
95120
95108
95110
95485
95628
95475
95015
95370
95277
94981
95477
95195
95451
95519
95591
94959
95341
95254
95562
95274
95407
95162
95387
95413
95002
95343
94929
95527
95051
95169
94936
94976
95337
94946
95456
94991
94947
95021
94937
95394
95074
95244
95082
94970
95431
95233
95239
95367
95084
95319
95339
95168
94931
95432
95501
95552
95437
95213
95553
95046
95371
95007
95151
94971
95652
95277
95491
95214
94912
95609
95470
95401
95005
95455
95202
95448
95432
95500
95489
95188
94963
95413
95659
95314
95373
95579
94945
95210
94938
95511
95128
95400
95108
95088
95194
95409
94991
95558
95006
94937
94968
95145
95493
95348
95430
94994
95119
95186
95455
95293
95732
95525
95453
95148
95025
95472
95349
95234
95571
95330
94917
95368
95620
95115
95035
95063
95025
95365
95163
94901
95430
95467
95507
95368
95267
95465
95614
94967
95094
94970
94921
95724
95018
95013
94906
94975
95560
95506
95707
95430
94970
94964
95418
94904
95293
95424
95135
95322
95190
95658
95429
95385
95091
94922
95549
94996
95463
95351
95285
94886
94989
95421
95149
95397
95394
95078
95207
95359
95441
95206
95502
94964
95470
95119
94915
95509
95301
94909
95232
94919
95345
95201
94932
95107
95498
95650
94951
95054
95092
95476
95510
95561
95098
95387
95387
95329
95592
95422
95174
95053
95004
95045
94934
95188
95017
95625
95259
95193
95522
95180
95471
95669
95263
95534
95078
95446
95170
95426
95591
95078
95490
95077
95195
95337
95547
95034
95357
95069
95312
95253
95028
95635
95441
95617
95513
95247
95069
95429
95166
95114
95547
95080
95289
95565
94948
95661
95196
95423
95357
95543
95126
94967
95238
95463
95335
95412
94934
95444
94936
95065
95113
95190
95462
95066
95130
95097
95281
95337
95640
95271
95487
95276
95013
95584
95071
95363
95078
94993
95714
95032
95191
94989
95587
95335
95443
95199
95480
95281
95054
95510
95180
95035
95340
95272
95440
95200
95073
95459
94967
95408
94926
95134
94917
95432
95079
95419
95353
95189
95211
95011
94881
95415
95298
94905
95132
94977
95682
94953
95361
95329
94864
95456
95059
95293
95130
95234
95193
95399
95013
95449
95370
95552
95137
95152
95089
95517
95430
95206
95557
95382
95492
95044
95658
95584
95353
95245
95153
95337
95782
95452
95387
94984
94944
95242
94961
94972
95186
95080
95644
95403
95310
95590
95492
94935
95408
95653
95067
95446
94952
95351
95527
95305
95420
94955
95005
95648
95399
95146
95503
95345
95429
95352
95075
95020
95263
95416
95073
95416
95493
95446
95541
95286
95160
95037
95532
95041
94919
94952
95025
95024
95279
94996
95561
95438
95229
95441
95141
95209
95113
95562
95548
95563
95445
95038
95019
95154
95165
95071
95610
95003
95273
95242
94958
95364
95434
95223
95578
95387
95622
95404
95109
94903
95423
95110
95457
95248
95459
94971
95631
95487
95263
95035
94926
95139
95421
94910
95180
95451
95346
95163
95226
95574
95527
95258
94968
95011
95142
94922
95090
95145
95490
94944
95394
94992
95304
95447
94922
95296
95581
95365
95036
94946
95133
95436
95330
94953
95363
95542
95725
95471
95015
95371
95045
95185
95572
95129
95180
95311
94984
95125
95462
95077
95273
94924
95673
94961
94950
94961
95058
95162
95578
95283
95254
95429
95288
95117
95090
95258
95371
95593
94947
95074
95505
95436
95319
94930
95328
94987
95446
95465
95094
94973
95404
94957
95054
94856
95549
95315
95380
95264
95398
95105
95013
94966
95264
95273
95611
95343
95241
95124
95465
95232
95230
95157
95507
95300
95218
95081
95041
94905
95166
95329
95490
95060
95608
95570
95159
95448
94986
95564
95049
94974
95051
95285
95314
94990
95394
95327
95424
95707
94996
95281
95386
94878
95261
95171
95402
95007
94902
94981
95501
94955
95280
95205
95456
95655
95324
95132
95347
95607
95041
95486
95024
95275
95107
95396
95441
95268
95281
95193
95532
95359
95527
95672
95509
94941
94909
95252
95462
94969
94901
95042
95017
95367
94973
95523
95082
94919
95367
95191
95475
95243
95024
95282
95333
95006
95254
95483
95173
95403
94878
94905
94973
95387
95002
95210
95160
95238
95102
95273
95391
94971
95386
94919
95537
95432
95540
95561
95116
95090
95451
95517
95067
95544
95339
95173
95547
95273
95074
94940
94967
95251
95517
95626
94913
95122
94966
95538
94979
95175
95470
95352
95239
95086
95125
94986
94981
95414
95229
94919
95636
95044
95504
95254
95678
95126
95251
95211
95441
95243
95621
95517
95445
94980
95456
95323
95149
95017
95630
95499
95212
95404
95192
95070
95145
95347
95400
94971
95018
95339
94976
95612
94953
95040
95482
95414
95706
95437
95025
95188
95686
95470
95560
95489
95170
95061
95250
95577
95265
95080
95420
95382
95427
94963
95496
95218
95426
95101
95214
95246
95222
95355
95127
95421
95462
95630
95254
95571
95501
95413
94941
95401
95066
95337
94979
95127
95023
95011
95562
95096
95053
95031
95553
95531
95499
95206
94945
95441
95366
95607
95283
95349
95540
94988
94947
95358
95637
95543
95156
95213
94921
95486
95466
95389
95426
95522
95037
95404
95355
94966
94985
94978
95120
95128
95455
94974
95175
95450
95165
95092
95171
95043
95049
95129
94961
95144
95597
95075
95544
95347
95302
94992
95128
95365
95539
95062
95238
95000
95556
95420
95114
95354
95068
95008
95009
95463
95118
95365
95146
95130
94963
94949
95171
95032
95333
95160
95374
95522
95509
95345
95134
95129
95107
95235
94990
95250
94940
94908
95323
95062
95343
95135
95462
94944
95106
95114
95266
95252
95182
95098
95152
95360
95394
95035
95626
95536
95568
94959
95015
95413
95246
95391
94935
94967
94863
95468
94997
95420
94910
95509
95443
94938
94950
95093
95260
95090
95494
94994
95387
95183
95416
94906
95286
95212
95034
95644
95445
95167
95509
95440
95509
95276
95441
95586
95488
95123
95088
95552
94954
95024
95465
94948
95011
94937
95009
94891
95288
95504
95438
94928
95509
95458
95022
94903
95662
95422
95010
95159
95045
95174
94929
95393
95150
95412
95525
95237
95005
95440
95121
95183
94982
95389
95703
95646
95266
95478
95168
95166
95014
95342
94873
95054
95142
95215
95457
95035
95463
94907
95344
95321
95178
94975
95400
95101
95462
95200
95126
95011
95083
95508
95730
95154
95534
95346
95242
95023
95404
95235
95002
95479
95392
95555
95555
95023
95422
95113
95020
95002
95033
95239
95474
95027
95330
95405
95088
95082
95260
95421
95216
95339
95421
94993
94947
94854
94992
95303
95393
95524
94928
95298
95472
95428
95161
95337
95360
95201
94927
95622
95072
95409
95521
95165
95324
95433
95418
95238
95005
95250
95425
95087
95599
95244
95129
94968
95141
94853
95167
95081
95074
94968
95211
95010
95589
95263
95346
95261
95370
95417
95198
94969
95116
94934
95076
95055
95401
94995
95255
95195
95201
95411
95413
94893
95171
95261
95600
95024
95018
95181
94952
94992
94965
95526
95229
95259
95323
94933
94996
95396
95300
94910
94989
95109
94972
95207
95040
94995
95212
94993
95040
94969
95341
95010
95128
95529
95494
95132
95512
95609
95295
95347
95426
95606
95503
95555
95370
95269
95032
95029
95602
95541
95246
95285
95731
95443
95497
94911
95214
95506
94996
94948
95552
95311
95152
95309
95054
95466
95623
95451
95457
95367
95017
95498
95040
95148
95613
95040
95006
95519
95483
95199
95079
95613
95501
95691
94991
94947
95623
95263
95026
95227
95025
95006
95742
95595
95484
95378
94978
95318
95170
95256
95284
95495
95502
95331
95345
95291
95092
94934
95305
95011
95491
94959
95348
94946
95471
95011
95210
95028
95456
95372
95414
94913
95355
95017
95410
95429
95015
95584
95316
95157
95419
94976
95250
95113
95134
94926
94900
94965
94922
95394
95430
95382
94970
95583
95457
95494
95677
95324
94967
95628
95245
95502
95118
94958
95484
95528
95396
95016
95427
94989
95541
94983
95494
95369
95520
95269
94990
95348
95361
95117
94930
95067
95090
95082
95454
95368
95063
95231
95406
95069
95628
94906
95602
94935
95040
95725
95403
95250
95068
95678
95122
95423
95511
95038
95148
95084
95593
95323
94910
94950
95244
95474
95609
94932
95269
95412
95180
94983
95448
95032
95485
95555
95078
94989
95380
95564
94911
95653
94952
95433
94978
95547
95067
95510
95214
95263
95357
95237
95140
95147
95431
95159
95249
95140
95523
95394
95511
95655
95031
95481
95279
95552
94932
95163
95256
94973
94941
95092
95487
95003
95454
95259
95331
95396
95034
95080
94862
95451
95436
95239
95155
95351
95152
95407
95238
94995
95035
95219
95102
95415
95496
95053
95515
95186
94932
95431
94883
94978
95162
95074
95317
94939
94994
95512
95289
95594
95634
95454
95503
95021
95025
94947
95372
95330
95494
94960
94900
94994
95339
95005
95205
95295
95117
95243
95162
95356
95191
95654
95434
95127
94940
95427
95550
95201
94930
94991
95059
94952
94990
95061
94953
95584
95429
95173
95172
95470
94952
95130
94887
95237
95150
95027
95096
94936
94999
94959
95290
94982
95033
95554
95005
94973
95213
95232
95025
95416
95231
95739
94959
95521
95162
95559
95393
95612
95238
95423
95515
95346
95100
95342
95107
95282
95256
95361
95083
95574
95195
95058
95436
95435
94929
95310
95621
95459
94951
95322
95010
95720
95295
95071
95299
95092
95028
94976
95568
95426
94941
95020
95430
95119
95519
94988
95118
95013
95027
95388
95568
95268
95352
95648
95587
95575
95571
95177
95054
95320
95749
94999
95642
95316
95179
95196
95383
95654
95551
95491
95417
95163
95126
95462
94927
95528
95235
95529
95559
95527
95173
95491
95472
95114
95479
95462
95149
95440
94972
95509
95294
95274
95465
95565
94977
95283
95004
95596
95426
95232
95001
95423
95585
95248
95511
95152
95006
95389
94971
95477
95360
95497
95696
95012
95432
95529
94943
94899
94966
95348
95391
95241
95013
95343
95033
95283
94994
95329
95278
95243
95278
95307
95113
95408
95240
95001
94976
95380
95721
95423
95358
95346
95177
95257
94999
95018
95381
95233
94978
95152
95446
95605
95001
95132
95454
95032
95087
95472
95671
95478
95462
95268
95102
95341
95327
95053
94932
95506
95360
95282
94933
95619
95165
95018
95464
95405
95231
95433
94896
95691
95449
95630
95014
95107
95524
95039
95159
95559
95384
94937
95382
95100
94941
95574
95361
95023
94993
94963
95393
95042
95512
95409
95306
94957
94891
94994
95463
94936
95444
94961
95650
95317
95307
95060
95706
95433
95445
95489
95343
94980
95208
95211
94988
95464
95525
95280
95298
95162
95732
95504
95297
95002
95353
95649
95097
95250
95001
95077
94972
95581
95175
95267
95652
94944
94990
95306
95346
95203
95005
95424
95433
95044
95608
95287
95164
95476
94979
94978
95177
95466
95355
95012
95156
95289
95044
95357
95185
95223
95225
95033
95056
95509
95208
95143
95058
94993
95060
95542
95199
95516
95176
94953
95099
95132
95483
94954
95410
95145
95054
95039
95305
95104
95641
95364
95455
95614
95346
95170
95439
94952
95574
94999
95097
95026
95187
95073
95353
95199
95444
95671
95511
95451
95267
94927
95355
94970
94925
95174
94952
95026
94949
94967
95692
94966
95267
95418
94987
95626
95202
95413
95176
95080
95100
95474
95179
95255
95611
95624
95442
95312
95130
95291
95176
95496
94985
95524
95419
95196
94994
95048
95744
95389
95352
95678
94965
95373
95339
94972
95065
95333
95476
94919
95457
95002
95109
95530
95012
95442
95415
95427
95000
94922
94973
95544
95089
95211
95467
95446
94966
95675
95416
95338
95020
95022
95173
95405
94916
95248
95588
94997
95122
95009
95431
95403
95007
95172
94965
95502
94896
95239
95118
95006
95501
95453
95461
95560
95268
95554
95307
95020
95014
95267
95421
95222
95196
95125
95528
95539
95347
95494
95214
95398
94986
95149
95660
95025
94979
94930
95007
94977
95355
95192
95402
95256
94949
95468
94949
95123
95555
95577
95185
95048
95040
95455
94978
95487
95118
95201
94971
95060
95431
95115
95214
95148
95413
95531
95182
95198
95455
95309
94968
95350
95111
95239
95397
95228
95040
95511
95575
94987
95049
95516
95300
95503
95484
95392
95599
95233
95046
95054
94974
95510
95097
95445
95027
95534
94979
95101
95437
95439
95696
95359
95520
95022
95753
95264
95186
95341
95111
95597
95121
95316
95519
95460
95017
95100
95042
95027
94875
95013
95246
95075
95265
95364
95067
95536
94948
95552
95067
95197
95015
95165
95111
95400
95199
95522
95356
94949
95096
95204
95257
95098
95324
95215
95148
95277
95109
95236
95034
95191
95532
95536
95504
95266
95549
95079
95057
94937
94963
95443
95337
95161
95393
95493
95035
95497
94926
95209
95038
94973
94974
95394
95296
95480
95012
95327
95605
95459
95458
95532
95073
94960
94981
95199
95526
95000
95519
94973
95090
94950
95481
95334
95091
95387
95053
94967
94961
95329
95197
94965
95355
95117
95142
95518
95024
95348
95423
95552
95043
94989
95427
94931
95019
95608
95332
95413
94986
94912
95309
95163
95336
95037
94894
95009
95569
95095
95478
95464
95440
95283
95278
95043
95391
95331
95084
94962
94949
94891
95498
95464
95385
95003
95546
95081
95448
95478
94864
94970
95363
95242
95540
95374
95287
95244
95436
95108
95341
95411
95020
95028
95202
94960
95434
95371
95082
95467
95299
95171
95491
95585
95392
95476
95269
95361
95353
95313
95063
95345
95631
95190
95460
95590
94981
95008
95191
95096
94987
95346
95471
95515
95454
94946
95230
95565
95612
95200
95561
95093
95422
95160
95032
95524
94894
95189
95315
95576
95250
95370
94902
95438
94942
94930
95539
95367
95180
95600
94909
95179
94938
95048
95395
95502
95102
95019
95434
95009
95443
95128
95453
95230
95395
95396
95448
94997
95226
95162
95232
95092
95269
95332
95410
95432
95434
95374
95551
95588
95038
95460
95411
95238
95200
95518
95047
95129
94954
95044
95175
95212
94960
94998
95282
95080
94887
94995
95069
95307
95374
94993
95007
95438
94966
95033
94914
95409
95204
94988
95643
95335
95394
94950
95458
95652
95512
95011
95092
95002
95104
95545
94999
95280
94997
95439
95132
95303
95474
94880
95333
95175
95573
95492
95021
95328
95325
95349
95268
95097
95146
95441
95350
95218
95506
95001
95531
95298
95343
95379
95201
95680
95187
95026
94991
94998
95046
95327
94984
95475
94964
95279
95022
95280
95047
94970
95089
94994
95568
95542
94932
94967
95424
95402
95585
95265
95034
95011
95601
95126
94983
94961
95201
94995
95016
95534
95082
95440
94897
95306
95428
94962
95397
94988
95061
94957
95451
95584
95480
95403
95372
95385
95365
95397
95373
95197
94936
94889
95070
95461
95565
95538
94992
95140
95655
94958
95388
94935
95428
95495
95233
95256
95506
95072
95148
95125
95360
95292
95060
95172
95313
95096
95312
95257
95549
95392
95368
95314
95433
95572
95061
95216
95334
95195
95189
95489
95419
94969
95513
95367
95274
95159
95250
95391
95008
95002
95482
94994
95285
95025
94999
95503
95449
95424
95015
95405
95137
95020
94964
95375
95117
95402
95603
95422
95424
95321
95247
95173
94965
95607
95095
95037
94992
95643
94904
95419
95317
95320
95299
95707
95422
95401
95476
95261
95547
95446
95090
95556
95049
94963
95434
95517
95387
95427
95434
95165
95288
94897
95007
94933
95012
95101
94984
95405
94959
95416
95201
95469
95681
95398
95280
95543
95260
95383
95375
95246
95506
95011
94944
95157
95128
95155
95210
95547
95139
95532
95502
95100
95171
95477
94986
95258
95068
95261
94909
95445
94948
95492
95448
95070
94956
95553
95414
94896
94921
94959
95342
95521
95061
95043
95316
95440
95488
95408
95665
95624
95191
95394
95341
95534
94936
95211
95043
95500
95449
94973
95155
95475
95489
94965
95013
95563
94974
95685
94972
95225
95187
95391
95269
95261
94978
95455
94988
94924
95043
95332
94945
95005
95204
95421
95596
95474
95330
95573
95422
95154
95012
95024
94933
95393
95474
95545
95550
94937
95006
95512
95267
95526
95297
95156
95500
95127
95280
95368
95462
95348
95336
95033
95060
94941
94971
95484
95020
95006
95014
95212
95405
95427
94894
95052
95171
95032
95197
95308
94912
94930
95597
95659
95372
95193
95343
94908
94993
95554
95111
95430
95056
95449
95036
95042
95069
94903
95218
95131
95081
95386
95164
94961
95114
95140
95006
94931
94994
95644
95108
95377
95055
95203
95249
95092
95568
95081
95511
95461
95411
95414
95337
95253
95529
95395
95371
95530
95712
95472
95435
95391
95537
95674
95272
95273
95135
95085
95432
95779
95091
95351
94991
95325
95170
95585
95195
95327
95543
95130
95602
95083
95319
95389
95076
94942
95453
95494
94987
94965
95027
95573
94990
95570
95206
95712
95053
95678
95516
95217
95187
95038
95322
95520
95448
95130
95236
95102
95411
95322
95504
95712
95490
95057
95313
95587
94958
95124
95418
94936
95050
94967
95386
95092
95358
95063
95094
94896
94941
95025
95181
95358
95056
94977
95157
95091
95326
95561
95526
95166
94997
95193
95396
95398
95108
95426
95360
95328
95505
94952
95125
95276
95180
95514
95534
95292
95543
95316
94942
95083
95219
95416
95008
95146
95073
95337
95334
95423
95153
95250
95344
95553
95123
94921
95134
95362
95356
95519
95276
95036
95390
95393
95086
95430
94967
95554
95624
95523
95459
94939
95372
95479
95539
95121
95409
95050
95353
95199
95540
95240
95173
95455
94976
95604
95034
95542
95327
95362
94989
94935
95379
95029
94987
95542
95306
94993
95044
95008
95558
95444
95427
95061
95074
95103
95022
95686
95439
95492
95054
95634
95475
95170
95077
95055
95482
94986
95088
95167
95250
95230
95406
95007
95182
94958
95646
95429
94898
95192
95183
95403
95338
94946
95203
95003
95316
95098
95054
95001
95044
94986
95058
95485
95366
95278
95165
95410
95185
95489
95400
95324
95379
95074
95427
95589
95251
95503
95553
95150
95473
95471
95096
95164
95061
95366
95143
95388
94952
95389
94931
95199
95190
95237
95503
95136
94975
94871
95110
95297
95329
95473
95446
95329
95452
95413
94988
94959
95477
95595
95234
95287
95115
95233
95449
94984
94879
95634
95061
95254
94969
94987
94950
95472
95093
95398
95261
95410
94953
95118
95522
95521
95038
95252
95105
95094
95357
95169
95442
95737
95762
95507
95688
95176
95193
94924
95422
95459
94993
95105
94887
95279
95246
95554
95281
95696
95528
94973
95265
95462
94993
94955
95342
95345
94998
94954
95376
95460
95520
95586
95453
95503
95302
95189
95041
95087
95002
95404
95445
94975
95695
95353
95279
95349
95487
95485
95022
95458
95309
95197
95507
95380
95480
95080
95087
95057
95022
95178
95037
94936
95548
95195
94987
95705
95080
95380
94935
95148
95538
95418
95435
95157
95022
95595
94969
95724
95366
95187
94978
94933
95546
95312
95098
95427
94945
95357
95759
95171
95218
95507
95098
94911
94967
94954
94960
95191
95444
95237
95607
95581
95444
95082
95048
95527
95031
95127
95236
95051
95306
95508
95093
95120
95182
94950
94944
95326
95661
94987
95099
95185
95401
95311
95552
95242
95469
95327
94996
95198
95502
95494
95427
95526
95164
95006
95188
95005
95417
95341
95513
95429
95476
95487
95262
95423
95471
94988
95128
95214
94985
95013
95372
95176
95032
94972
95291
95021
95019
95253
95131
94999
95394
95471
94889
95193
95446
94997
95366
95619
94975
95016
95096
95461
95647
95413
95009
95323
95437
95414
94958
95574
95204
95058
95455
94971
95454
95311
95249
95364
95390
95521
95260
94948
95511
94952
95543
95274
95506
95539
95118
95549
94964
95372
94975
95009
95476
95532
95315
95393
95747
95467
95460
95418
95002
95406
94998
95444
95220
95195
95233
95104
95310
95193
95394
95211
95307
95190
95396
95516
95242
95059
95563
95585
95404
95497
95261
95485
95466
95305
95309
95379
95583
95437
95107
95416
95662
95391
95127
95177
95093
95560
95524
95531
95575
95265
95589
95470
95326
95528
95025
95574
95045
95591
95643
95045
95585
95504
95434
94959
95142
95546
95104
95353
95209
95331
95037
95471
95115
95689
95041
95089
95393
95318
95366
95545
95453
95286
95199
95259
95014
95499
95467
95358
95152
95561
95064
95156
95056
95045
95064
95385
95625
95210
95143
95014
95335
94983
95175
94970
95028
95450
95004
95010
95010
95514
95291
95091
95476
95029
95026
95176
95273
95297
95412
95120
95324
95518
95193
95035
95399
95687
95319
95467
94942
95492
95467
95102
95393
95368
95376
95323
95352
95310
94995
95524
95683
95030
94990
95460
95421
95486
95716
95261
95395
95449
95172
95580
95685
95468
95394
95552
94932
95386
95396
95664
95715
95574
95607
95475
95539
94933
95363
95048
95474
95256
95364
95594
95511
95208
94990
95090
95578
95085
94993
95206
95633
95346
95245
95376
95027
95069
95101
95379
95235
94990
95590
95544
94986
95416
95158
95416
95637
95170
95472
95724
95190
95434
95081
95102
95419
95372
95275
94996
95638
95652
95171
95342
95656
95426
95227
95083
95443
95372
95072
95058
95275
95636
95127
95093
95019
95059
95006
95248
95373
95317
95572
95306
95052
95161
94906
95092
95063
95421
95448
95448
95514
95534
94990
95401
94984
94942
95207
95522
94985
95426
95098
95386
95069
95455
95526
95043
95236
94991
95253
95370
95157
95053
95133
95649
95152
95468
95384
95118
95069
94987
95019
95310
95024
95605
95155
95544
95067
95563
95458
95282
95369
95079
95198
95588
95652
95581
95481
95437
95181
95641
95134
95406
95175
95076
95004
95347
95413
95726
95600
95636
95576
95694
95267
95579
95003
95708
95539
95102
95464
95430
95373
95358
95447
95089
95255
95053
95042
95412
95097
95030
95399
95388
95048
94956
95355
95131
95555
95542
95444
95065
95249
95544
94978
95451
95489
95599
95078
95172
95287
95191
95042
94980
95151
95096
95716
95460
95510
95060
95045
95491
95414
94977
95043
95571
95481
95339
95458
95413
95113
95034
95374
95171
95351
95004
95093
95572
95436
94961
95564
95534
95388
95049
95513
95138
95107
95272
95458
95513
95542
95003
95588
95036
95114
94994
95155
95058
94973
95450
95365
94946
95120
95302
95198
95632
95506
95137
95287
95199
94990
95051
95233
95090
95026
95451
95417
95043
94903
95448
95124
94938
95359
94982
95126
95084
95227
95043
95620
95509
95394
95213
95419
95566
95057
95122
95625
95359
95603
95464
94959
95607
95326
95447
95477
95332
95562
95147
95023
95475
95483
94978
95354
95095
95446
95513
95586
95204
94973
95220
95243
95088
95314
95020
95336
94977
94994
95488
95019
95532
95431
95526
95307
94987
94999
95112
95388
95620
94985
95001
95579
95422
95195
94902
95222
95120
95107
95542
95079
95435
94957
95429
95518
95439
95448
95299
95147
95657
95362
95349
95439
95199
95311
95128
95394
94970
95670
95557
95523
94955
95568
95199
95319
95200
95044
95096
95354
95521
95432
95381
95157
95104
95463
95177
95503
95632
95481
95428
95449
95259
95217
95440
95359
95528
95291
95656
95495
95464
95371
94991
95265
95321
95159
94947
95055
95486
95199
95103
95679
95249
95328
95161
95447
95437
95446
95384
95080
94928
95031
94951
94976
95127
95376
95051
95227
95419
95416
95607
95588
94951
95010
95312
95363
95441
95041
95067
94974
95623
95061
95507
94956
94989
95198
95084
95476
95219
95569
95167
95208
95282
95410
95547
94958
95045
95720
94962
95415
95381
95140
94993
95027
94980
95018
95419
95357
95273
95388
95417
95385
95224
95323
95470
94994
95348
95534
95047
95452
95482
95033
94982
95754
95067
95376
95033
94971
95002
95392
95119
95264
95546
95444
95050
95232
95451
95020
94995
95581
94990
95037
95458
95158
95213
95490
95028
95227
95186
95352
95325
95033
95099
95498
95651
95439
95493
95038
95266
95133
95245
95190
94979
94923
95373
95212
95025
95271
95494
94996
95067
95376
95170
95566
95056
95017
95230
95468
95013
95365
95557
95427
95369
94916
94983
94997
95623
95163
95274
95035
95263
95343
95280
95452
95260
95353
94911
94996
95456
95198
94997
95059
95007
95271
95100
95253
95626
94985
95117
95064
95464
95045
95104
95499
95646
95231
95076
95435
95121
95444
95183
94992
95143
94911
95034
95114
95516
95291
95185
95202
95439
95202
95427
95426
95544
95498
95028
95381
95026
94971
95502
95073
95340
95386
95095
95528
95213
95425
95204
95462
95040
95440
95122
95437
95084
95056
95567
95258
95098
95512
95338
95450
95520
95227
95484
95564
95093
95235
95315
95230
95008
95592
95005
95095
95443
95421
95407
95038
95350
95579
95500
95448
94995
95014
95108
95120
95022
95592
95261
94986
95469
95194
95164
94948
95401
95201
95463
95028
95561
95130
95309
95541
94999
95173
94994
94958
95310
95136
95159
95030
95668
95489
94935
95198
94924
95579
95402
95383
95130
95098
95399
95191
95037
95327
95149
95051
95060
95435
95490
95333
95455
95068
95189
95407
95007
94961
95701
95265
95360
94939
95587
94946
95103
95118
95167
95138
94914
95448
95534
95106
95255
95041
95025
95062
94986
95069
94952
95229
95116
95105
94989
95388
95364
95176
95201
94895
95195
95322
95445
95159
95731
95239
95104
95019
94979
95495
95724
95493
95295
95414
95150
95151
95156
95339
95385
95440
94962
95371
95045
95369
95477
95266
95483
95315
95508
95310
95222
94962
94961
95089
95496
95515
94961
95153
95498
95447
95402
94953
95463
95459
95443
95376
95140
95231
95313
95194
95348
95487
95517
95187
95119
95407
95068
95003
94943
95660
95126
95037
95279
95162
95034
95596
95021
95203
95064
95323
95402
94993
95181
95292
95405
95072
95335
95014
95340
95363
95626
95132
94971
95146
95319
95365
95688
95086
95303
95562
95081
95007
95194
95329
95003
95093
95294
95557
94963
94976
95425
95595
95253
95164
95495
95160
94982
95517
95081
95647
95443
95451
94945
95716
95409
95010
95200
95363
95449
95239
95439
95345
95124
95464
95198
95418
94987
95532
95343
95226
95483
95417
95311
95529
95236
95584
94967
95389
95487
95157
94968
95199
95195
95091
95639
95012
95435
95406
95498
95199
95541
95005
94909
95032
94988
95396
95142
95485
95327
95219
95063
95385
95209
95644
95102
94941
95129
95433
95074
95221
95343
95069
95613
94974
95427
94950
95025
95576
94989
95648
94971
95380
95187
94978
95085
95144
95442
95468
94999
95599
95486
95262
95445
95456
95283
95230
95010
95402
95564
95110
95649
95136
95344
95596
95677
95523
94987
95020
95291
95252
95380
95179
95466
95304
95309
95109
95065
95341
95132
95289
95380
94941
94946
95010
95276
95183
94979
95270
95405
95676
94868
95569
94996
95459
94991
95145
95345
95430
95722
95658
95333
95081
95327
95414
95369
95417
95055
95128
94998
95344
95379
95484
95126
95073
95446
95083
95350
95716
95487
94938
95690
95218
95496
95333
95334
95381
95392
95409
95228
95622
94948
95413
94996
95524
95019
95491
95448
95416
95277
95388
95272
94952
95341
95028
95286
95076
95158
94950
95120
94968
95438
95281
95446
95079
94901
95097
95218
95162
95399
95097
95493
95123
94950
94981
95416
95244
94986
95594
95590
95285
95180
95585
94992
95510
95487
95565
95034
95398
95288
95089
95127
94922
95099
95454
95219
95099
95044
95005
95133
95143
95154
95130
95525
95415
94924
95398
94886
95000
95289
95455
95441
95209
95012
95530
95462
95000
95172
95443
95285
94966
95510
95537
95606
95201
95457
95210
95221
94965
95434
95316
95430
94986
95066
95406
95045
95350
95040
95399
95495
94989
95098
95416
95248
95305
95687
95434
95587
95332
95120
95229
95521
95051
94967
95032
95622
95578
95139
94939
94943
95116
95386
95637
95056
95230
95405
95469
95486
95525
95027
95014
95480
95148
95680
95425
95530
94979
95553
95076
94923
94983
95632
95263
95467
95333
95393
95589
95029
95532
95000
95486
95085
95276
95187
95312
95167
94947
95495
95036
95118
94992
95609
95332
95381
95466
95361
95728
95061
95527
95163
95054
95406
95082
94964
95506
95415
95468
94947
95369
95357
95549
94969
95565
95199
95518
95050
95214
95153
95067
95357
95152
95603
95385
95277
95391
95033
94943
95504
95375
95244
95234
95315
95528
95077
95481
94992
95240
95431
95459
95469
95041
95778
94991
95217
94993
95042
95248
95059
94936
94987
94961
94950
95432
95458
95260
95393
95642
95465
95510
95142
95100
95065
95416
95401
95053
94940
95071
95057
95033
95363
95289
95400
94994
95245
95329
95452
95029
95656
95353
95169
95007
95197
95046
95050
95419
95046
95534
95491
94984
95002
95273
95153
95381
95461
95082
95307
95427
95460
94957
95045
95701
95423
95374
94964
94995
95009
95499
94957
95382
95264
95068
95496
94959
95595
95242
95265
95426
95009
95460
95305
95005
95159
94977
95008
95564
95754
94939
95219
95538
95055
95570
95120
95327
95414
95114
95130
95026
95564
95322
95462
95299
95075
95431
95164
95499
95043
95299
95385
95637
94965
94941
95222
95301
95175
95081
95296
95020
95270
95566
95504
95153
95402
95130
95259
95096
95057
95212
95461
95422
95545
95013
95439
95558
95264
95158
95526
95050
95228
95055
95520
95375
95002
95468
95259
95473
95299
95529
95241
95023
94962
95075
94990
95634
95238
94943
95205
95455
95039
95086
95300
95111
95059
95223
95291
95454
94968
95319
95471
95588
95075
95254
95078
95052
95554
95531
95279
95451
95383
95306
95145
95192
95093
95052
95490
94950
95161
95508
95396
95006
95253
95003
95315
94915
95345
95516
95045
95049
95500
95543
94982
95725
95644
94925
95546
95495
95497
95083
95041
94971
95084
94945
95183
94923
95071
95454
95436
95283
95145
95540
94975
95006
95080
95011
95083
95401
95515
95121
95576
95498
95028
95505
95021
95458
95445
95437
95027
95503
95553
95214
95036
95284
95049
95575
95711
95472
95001
95119
95582
95103
95737
95496
95509
94950
94986
95037
95108
95171
95560
95037
94991
95129
95191
95082
95054
94981
95484
95684
95469
95033
95477
95447
95329
95477
95045
95105
95511
95440
95136
95569
95496
95231
95099
94987
95383
95347
95064
95343
95406
95392
95352
95262
95284
95259
95286
95453
94990
95104
95215
95451
95544
95172
95395
95187
95043
95182
95625
95459
95025
95469
95282
94945
95327
95008
95282
95132
95119
95598
95631
95285
95580
95093
95044
95580
95537
94994
95061
95441
95399
95064
95246
95467
95392
95042
95303
95464
95467
95094
95553
95394
95217
95389
95394
95297
95206
95196
95570
94899
94926
95094
95147
95627
95316
95373
95103
94985
95155
95582
94955
95451
95103
95064
95026
95177
95131
95022
94960
95431
95311
95516
94912
94956
95402
95191
95276
95493
95466
95486
95540
94997
95009
95286
95454
95257
95542
95144
95349
95067
95135
95535
95048
95119
95521
95204
95392
95007
95233
95317
95124
95299
95162
95571
95622
95500
95197
95042
95014
95500
95406
94954
94924
95356
95342
95019
95402
94880
95316
94972
95406
95126
95305
95295
95312
94884
95110
95076
94979
95397
94937
95210
95223
94941
95160
95474
95281
95199
95362
95300
95033
95468
95399
95453
95425
95034
94947
95524
95070
95010
95363
95509
95429
94984
95244
94928
95361
95209
95545
95468
95256
94996
95104
95125
95285
95016
95068
94917
95303
94994
95296
95336
95012
94897
95235
95438
95648
95362
95373
95074
95465
95501
95468
95367
95148
94927
95265
94981
95200
94970
95344
95749
95005
95448
95084
95025
95406
95574
95458
95026
95271
95041
95174
95122
95129
95519
95220
95027
95546
95517
94966
95419
95012
95475
94949
95073
95469
95075
94981
95533
95606
95271
95633
95498
95074
95327
95639
95697
95138
95206
95114
95563
95046
95164
95356
94981
95420
94977
95547
95024
95297
95502
95006
95575
94968
95365
94993
95378
95312
95445
95073
95481
95325
95307
95309
94970
95032
95460
94932
95314
95409
95615
95444
95559
95462
95501
95054
95344
95615
95194
95478
94965
94992
95106
94937
95013
94993
95168
95289
95205
95655
95385
94947
95047
95081
95545
95042
95381
95431
95421
95295
95357
95523
95083
95542
95421
95424
95417
95528
95212
94981
95483
95449
95485
95111
95419
95295
95339
95156
95553
95087
95192
95410
95688
95080
95065
94952
95234
95271
95517
95222
95351
95345
94988
95615
95627
95225
95633
95621
95156
95381
94943
95415
95285
95202
95413
95397
95030
95112
95562
95447
95446
95560
95197
95442
95282
95552
94997
95325
95467
95675
95333
94963
95618
94992
95043
95227
95468
95451
95449
94946
95371
95261
94955
94935
95268
94990
95079
95532
95578
95142
95105
95382
95362
95106
95049
95039
95079
95052
95104
94954
95230
95061
94962
95434
95120
95197
95136
95495
95288
95311
94902
95207
95198
95047
95147
95096
95282
95257
95410
95007
95221
95019
95428
95463
95165
95409
95020
95254
95423
94965
95408
94962
95348
95251
94931
95462
95241
95304
95060
95310
94989
95016
95367
95446
95139
94988
95344
95243
94957
95331
95551
95139
95572
95514
95184
95003
95276
95495
95651
95363
94955
95273
95295
95030
95370
95649
95303
95057
94965
95210
95555
95468
95331
95059
94991
95011
95015
95366
95353
95186
95308
95097
95502
95402
95006
95316
94955
94959
95608
94983
95618
95326
95534
95311
94968
95123
94986
95108
95088
95138
95218
95407
95311
95232
95228
95562
95220
95173
94986
95182
94979
95390
95267
95607
95461
95049
95066
95031
95681
95625
95468
94961
95602
95341
95585
95555
95394
95348
95106
94982
95141
95086
95226
95065
95137
95259
95128
95153
95576
95430
95158
95446
95654
94980
95025
95549
95031
95682
95138
95416
95404
95241
95041
95141
95186
95473
95266
95032
94950
95495
95055
95389
95162
95371
95214
95643
95036
95352
95096
95236
95633
95659
95465
95448
95543
95623
95491
95142
95124
95453
94963
94982
95420
95153
95037
95087
95499
95384
95174
95234
95091
95515
95520
95223
95383
95481
95565
95597
95533
95454
95152
95255
95439
95301
95469
95104
95129
95175
95257
95269
95001
95475
95328
95322
95737
95265
95043
95044
95070
95456
95565
95567
95091
95409
95511
95163
95271
95511
95081
95182
95006
95493
95158
94959
94939
95493
95579
95611
95211
94937
95343
95127
95323
95609
94980
94996
95060
95500
95277
95013
95606
95013
95122
95217
95347
94987
95405
95328
95179
95003
95057
95067
95173
95073
95374
95440
95131
95057
95437
95000
95371
95049
95484
95525
95428
95036
95022
95477
95159
95534
94976
95474
95444
95119
95064
94940
95163
95264
95355
94938
95360
95125
95406
95371
95530
95026
95017
95216
95012
95076
95132
95226
94949
95333
95431
95756
95163
95181
95487
94997
95117
95159
95534
95525
94942
95205
95595
95053
95208
95451
95300
95197
94984
95378
95079
95543
95369
95493
95461
95239
95446
94940
95543
95054
95010
95170
95455
94985
95477
95378
95125
95655
95080
95555
95561
95639
95420
95363
95053
95246
95518
95318
95021
95018
94965
94970
95133
95002
95656
95598
95476
95287
95487
95075
95027
95533
95046
95375
95013
95539
94974
95719
95082
95154
95455
95091
95549
95088
95173
95066
94979
94970
94925
95361
94912
95457
95409
95417
95026
95077
95098
95008
95225
95155
95313
94988
95499
95028
95006
95033
95408
94990
95084
95200
95113
95340
95513
94979
95219
95221
95104
94927
95337
95440
95050
95573
94969
95466
95273
95367
95401
95439
95291
95103
95146
95356
95029
95084
95476
94980
95493
95263
95538
95281
95187
95387
95320
95400
95168
95364
95604
95425
95228
94986
95584
95428
95045
95610
95625
94939
95220
95270
95323
95059
95029
95445
95365
94972
95124
95429
95017
94986
94969
95425
95308
95354
95469
95031
95425
95557
95645
95563
95215
95376
95593
95289
95135
95537
94939
95227
95304
94996
95510
95370
95092
95494
95306
95375
95455
95522
95010
95540
95484
95153
95008
95011
95387
95550
95440
95022
95393
95105
95041
95458
95330
95055
95421
95277
95199
95019
95161
95078
95205
95145
95140
95646
95447
95423
95442
95381
95036
95480
95484
95034
95127
95049
95576
95281
95403
95240
95019
94930
95360
95106
95142
95288
95439
95327
95656
94970
95350
95551
95374
95499
95443
95292
95017
95324
95556
95352
95588
95068
95251
95311
94937
95032
94965
95307
95049
95051
95454
95385
95442
95352
95438
95383
95032
95005
95531
94954
95014
94997
95263
95385
95181
95672
95466
95533
95032
95208
94979
94983
95503
95535
95099
95497
95541
95033
94955
95368
95607
95408
95078
94928
95398
94933
95534
95101
95414
94970
94958
95188
95387
95514
94922
95457
94947
95006
95127
95255
95111
95407
94987
94950
94999
95063
95227
95521
95372
95031
95114
95549
95362
95136
95626
95561
94879
95466
94959
94947
95197
95524
95299
95441
94997
95282
94960
95385
94944
94980
95031
94962
95284
95008
94925
95085
95386
95405
95073
95373
95114
94971
95157
95476
95379
94957
95398
95577
95481
95077
95471
95171
95101
95482
95320
95609
95333
95190
95285
95264
95009
95555
95458
94977
95485
95410
95584
95362
95200
95280
94989
95319
95071
95560
95662
95116
95079
95198
95168
95016
95484
95195
95357
95085
95392
95064
95728
95145
95005
95446
94944
95048
95427
95264
95291
95467
95161
95114
95373
95270
95330
95179
95421
95241
95528
95402
94941
95135
95352
95294
95657
95518
95130
95343
95521
94933
95247
94924
95433
95029
95448
95328
95188
95577
95013
95470
95259
95049
95036
95393
95229
95434
95409
95422
94949
95270
95074
95324
95137
95006
95315
95234
95367
95089
95378
95443
95314
95415
94966
95371
95503
95052
95218
95038
95310
95030
95586
95475
95468
94923
94965
95447
95477
95355
95184
95393
95571
95663
95001
95014
95153
95470
95251
95324
95248
95148
95336
95316
94931
95015
95145
94999
95450
95479
95244
95216
95152
95380
95679
95206
94988
95357
95433
95550
95062
94892
95498
95019
95390
95345
95456
95445
95309
95009
95667
95000
95410
95066
95119
95110
95294
95090
95285
95353
95510
95062
95046
95460
94977
95123
95417
95009
95247
95270
95251
95548
94979
95064
95432
95668
95143
95101
95338
95632
95221
94884
95731
95035
95477
95294
94960
95364
95124
95238
95453
95297
94932
95069
95010
95463
95657
95079
95628
95010
94921
95318
95570
32474
32474
32474
32474
32474
32474
32474
32474
32474
32474
32474
32474
32474
32474
32474
32474
32474
32474
32474
32474
32474
32474
32474
32474
32474
