9884
95822
95424
95326
95293
95474
95423
95614
95609
95887
95653
95844
95981
95255
95375
95281
95737
96020
95803
95341
95462
95405
95662
95723
95721
95451
95935
95563
95263
95580
95209
95294
95199
95496
95633
95531
95316
95604
95632
95741
95389
95444
95598
95757
95199
95827
95592
95343
95632
95679
95539
95835
95526
95648
95545
95258
95679
95627
95999
95259
95203
95558
95293
95998
95958
95398
95465
95209
95342
95551
95672
95743
95937
95650
95274
95660
95701
95760
95555
95206
95433
95661
95787
95823
95217
95478
95796
95372
95658
95145
95267
95267
95967
95229
95524
95361
95568
95654
95208
95412
95497
95756
95465
95703
95488
95263
95296
95356
95113
95521
95761
95213
95598
95527
95701
95502
95786
95661
95200
95159
95428
95214
95336
95401
95906
95385
95592
95174
95301
95410
95690
95243
95570
95591
95291
95580
95593
95235
95751
95523
95427
95242
96014
95759
95855
95551
95688
95417
95585
95434
95718
95211
95496
95735
95833
95801
95474
95846
95445
95879
95522
95425
95743
95472
95527
95548
95384
95915
95944
96010
95718
95537
95805
95840
95544
95390
95284
95720
95648
95233
95321
95730
95253
95728
95349
95314
95688
95307
95635
95604
95727
95587
95815
95457
95428
95226
95464
95218
95298
95636
95263
95647
95368
95335
95435
95273
95305
95407
95946
95557
95441
95797
95498
95714
95869
95222
95683
95747
95206
95412
95538
96001
95701
95364
95340
95791
95406
95364
95201
95206
95194
95450
95299
95811
95562
95824
95880
95483
95682
95648
95537
95815
95833
95689
95468
95618
95885
95691
95524
95343
95440
95820
95321
95588
95709
95480
95928
95680
95486
95281
95429
95696
95698
95872
95283
95874
95975
95273
95467
95672
95575
95510
95595
95426
95548
95327
95851
95360
95659
95830
95755
95337
95676
95655
95807
95363
95629
95837
95250
95690
95938
95405
95602
95656
95273
95611
95859
95624
95751
95543
95557
95700
95656
95475
95633
95581
96046
95469
95404
95465
95507
95968
95963
95312
95492
95346
95395
95612
95657
95236
95758
95592
95346
95572
95697
95402
95340
95913
95669
95274
95645
95647
95278
95244
95672
95302
95858
95374
95223
95842
95408
95846
95998
95476
95596
95676
95736
95431
95311
95728
95401
95288
95310
95656
95239
95223
95933
95324
95691
95822
95638
95259
95212
95457
95706
95623
95622
95625
95508
95997
95520
95563
95654
95309
95706
95793
95371
95805
95922
95304
95304
95285
95561
95785
95574
95657
95329
95768
95770
95564
95454
95807
95687
95748
95466
95605
95464
95794
95770
95258
95784
95291
95579
95373
95927
95345
95427
95390
95759
95610
95426
96004
95603
95728
95714
95291
95629
95588
95829
95274
95266
95728
95178
95314
95500
95778
95805
95671
95788
95720
95597
95517
95314
95410
95851
95511
95729
95711
95830
95310
95371
95845
95728
95741
95624
95692
95600
95482
95311
95445
95393
95648
95477
95528
95596
95515
95710
95610
95952
95237
95310
95253
95876
95661
95426
95263
95526
95356
95201
95386
95881
95617
95858
95406
95325
95416
95238
95193
95357
95578
95556
95220
95183
95939
95246
95826
95969
95273
95818
95780
95452
95312
95506
95392
95882
95509
95271
95751
95301
95814
95725
95402
95597
95919
95266
95313
95669
95665
95294
95861
95662
95354
95655
95742
95210
95321
95562
95289
95296
95899
95381
95501
95626
95623
95986
95263
95721
95207
95195
95900
95924
95784
95797
95252
95234
95682
95150
95330
95754
95184
95647
95635
95254
95579
95401
95763
95474
95707
95429
95293
95429
95482
95409
95702
95671
96009
96026
95757
95272
95256
95950
95278
95756
95643
95634
95588
95328
95217
95730
95875
95244
95276
95192
95214
95217
95186
95406
95359
95594
95414
95656
95354
95409
95414
95446
95612
95627
95722
95237
95499
95762
95499
95440
95354
95774
95628
95481
95792
95324
95734
95151
95233
95967
95151
95781
95438
95956
95786
95709
95443
95263
95596
95430
95487
95769
95894
95495
95552
95674
95326
95436
95832
95494
95843
95398
95337
95659
95426
95764
95359
95272
95212
95423
95585
95593
95318
95478
95553
95218
95515
95629
95932
95192
95663
95796
95691
95332
95768
95678
95954
95639
95522
95276
95255
95547
95195
95466
95376
95325
95366
95439
95705
95429
95849
95421
95250
95432
95228
95212
95310
95440
95670
95282
95412
95228
95640
95351
95478
95537
95649
95344
95205
95957
95421
95691
95468
95535
95306
95750
95836
95587
95795
95471
95474
95710
95653
95292
95334
95359
95389
95251
95675
95492
95546
95788
95488
95894
95217
95756
95641
95528
95843
95857
95438
95528
95192
95716
95663
95788
95393
95757
95619
95744
95184
95454
95523
95206
95777
95342
95915
95233
95899
95874
95243
95650
95230
95189
95175
95174
95322
95404
95505
95901
95374
95907
95203
95435
95634
95302
95667
95390
95417
95457
95285
95387
95204
95605
95970
95601
95181
95849
95215
95533
95272
95708
95898
95636
95924
95723
95417
95245
95718
95614
95825
95708
95415
95297
95148
95615
95913
95470
95291
95810
95666
95380
95442
95245
95336
95593
95799
95701
95853
95407
95344
95381
95392
95628
95421
95832
95771
95889
95530
95880
95532
95474
95529
95677
95341
95781
95777
95353
95232
95285
95413
95621
95769
95407
95671
95717
95821
95772
95578
95359
95716
95420
95716
95654
95773
95503
95454
95978
95364
95438
95381
95749
95270
95369
95534
95411
95193
95900
95780
95370
96009
95657
96041
95269
95438
95866
95314
95543
95451
95308
95964
95982
95651
95249
95654
95269
95188
95674
95692
95684
95281
95379
95530
95794
95274
95441
95950
95287
95248
95705
95467
95243
95460
95452
95936
95576
95298
95252
95536
95311
95305
95966
95328
95479
95520
95820
95280
95659
95347
95347
95474
95487
95989
95924
95776
95686
95944
95871
95805
95300
95431
95674
95625
95972
95430
95692
95665
95202
95337
95197
95642
95170
95357
95491
95696
95727
95499
95882
95835
95155
95961
95534
95355
95738
95262
95755
95851
95774
95240
95626
95215
95355
95599
95827
95636
95566
95466
95902
95486
95324
95502
95586
95602
95952
95671
95505
95581
95494
95681
95783
95301
95784
95556
95446
95334
95639
95348
95912
95301
95447
95693
95306
95200
95446
95675
95759
95368
95895
95260
95524
95687
95538
95720
95329
95870
95497
95264
95281
95384
95738
95335
95776
95197
95233
95696
95489
95582
95197
95464
95477
95419
95221
95711
95462
95640
95242
95289
95399
95407
95846
95471
95432
95399
95302
95344
95536
95596
95743
95552
95438
95625
95157
95458
95653
95325
95634
95866
95680
95470
95196
95816
95372
95767
95248
95562
95715
95408
95244
95498
95752
95651
95658
95790
95248
95680
95444
95674
95810
95230
95715
95265
95686
95197
95786
95666
95532
95548
95826
95757
95274
95924
95429
95902
95194
95134
95377
95785
95818
95792
95821
95526
95691
95730
95231
95511
95577
95622
95243
95207
95289
95682
95467
95252
95548
95646
95643
95635
95792
95902
95192
95499
95318
95589
95859
95504
95640
95336
95746
95306
95688
95566
95513
95647
95604
95548
95482
95612
95214
96006
95731
95800
95516
95854
95810
95312
95255
95365
95260
95718
95525
95700
95641
95225
95983
95666
95245
95653
95717
95506
95898
95491
95574
95412
95318
95507
95547
95297
95502
95720
95771
95562
95307
95233
95413
95450
95715
95649
95790
95686
95198
95237
95533
95866
95422
95564
95493
95804
95779
95627
96023
95411
95670
95694
95782
95438
95620
95825
95249
95486
95487
95990
95781
95840
95768
95578
95433
95847
95252
95322
95314
95249
95620
95490
95646
95588
95789
95707
95519
95554
95706
95568
95739
95468
95607
95528
95677
95269
95248
95497
95442
95819
95242
95590
95261
95697
95355
95770
95307
95300
95666
95342
95919
95651
95466
95934
95149
95358
95215
95931
95307
95339
95419
95555
95544
95311
95506
95141
95830
95566
95179
95242
95225
95537
95332
95977
95165
95261
95259
95841
95576
95281
95902
95787
95904
95644
95877
95784
95533
95625
95771
95247
95885
95658
95332
95405
95791
95375
95478
95453
95279
95206
95770
95581
96096
95497
95412
95913
95849
95423
95241
95605
95376
95621
95975
95663
95310
95349
95694
95516
95589
95402
95366
95482
95288
95887
95459
95712
95803
95210
95721
95659
95262
95438
95744
95681
95644
95338
95972
95355
95390
95685
95845
95364
95676
95216
95753
95787
95485
95518
95805
95800
95452
95325
95572
95494
95249
95760
95311
95363
95449
96010
95364
95386
95209
95418
95728
95456
95353
95759
95790
95742
95774
95740
95477
95306
95335
95312
95555
95550
95280
95389
95682
95583
95787
95711
95541
95324
95415
95227
95473
95664
95683
95737
95761
95950
95901
95593
95305
95723
95591
95906
95377
95779
95747
95758
95505
95606
95586
95321
95531
95789
95568
95557
95775
95430
95646
95855
95716
95357
95469
95887
95781
95579
95749
95808
95565
95311
95892
95442
95371
95634
95277
95763
95719
95859
95409
95543
95189
95328
95912
95817
95964
95844
95863
95838
95669
95999
95749
95366
95525
95722
95482
95683
95354
95346
95675
95646
95269
95160
95305
95979
95259
95674
95631
95837
95278
95708
95358
95333
95821
95913
95625
95535
95823
95361
95558
95790
95489
95417
95298
95294
95886
95872
95469
95609
95927
95298
95305
96042
95710
95242
95719
95501
95579
95767
95451
95996
95842
95803
95920
95277
95219
95528
95261
95890
95740
95439
95334
95410
95629
95974
95347
95310
95325
95574
95510
95637
95517
95587
95371
95469
95308
95356
95454
95728
95625
95670
95718
95230
95284
95362
95291
95625
95190
95250
95578
95271
95179
95797
95732
95547
95917
95491
95423
95310
95981
95424
95933
95624
95343
95521
95203
95489
95426
95661
95558
95261
95796
95374
95270
95772
95698
95797
95367
95264
95836
95450
95911
95207
95845
95883
96012
95937
95275
96063
95683
95391
95886
95138
95757
95794
95360
95616
95448
95820
95728
95290
95249
95418
95789
95403
95711
95772
95296
96035
95541
95216
95489
95923
95867
95406
95560
95642
95617
95201
95854
95447
95266
95369
95233
95752
95287
95781
95246
95661
95853
95238
95966
95333
95414
95786
95847
95233
95565
95342
95460
95360
95805
95505
95593
95519
95339
95215
95403
95324
95344
95519
95444
95387
95405
95521
95405
95754
95475
95767
95204
95739
95634
95511
95724
95442
95228
95221
95346
95250
95249
95905
95296
95484
95655
95397
95307
95399
95414
95971
95613
95447
95940
95237
95235
95472
95519
95533
95626
95996
95471
95471
95711
95798
95427
95451
95481
95837
95671
95701
95804
95632
95728
95607
95828
95478
95720
95381
95290
96023
95789
95293
95301
95776
95373
95527
95667
95270
95547
95957
95914
95343
95305
95330
95359
95777
95396
95245
95267
96023
95476
95431
95233
95312
95411
95769
95737
95224
95635
95571
95233
95255
95814
95692
95478
95370
95261
95753
95262
95476
95872
95827
95639
95478
95323
95487
95549
95286
95275
95329
95246
95606
95445
95783
95464
95474
95575
95271
95450
95681
95486
95245
95474
95845
95688
96006
95302
95408
95363
95456
95699
95476
95584
95691
95843
95702
95907
95284
95359
95775
95568
95476
95499
95694
95469
95860
95333
95818
95220
95791
95699
95228
95681
95814
95320
95227
95591
95803
95375
95626
95302
95785
95916
95318
95768
95672
95589
95885
95563
95855
95592
95762
95872
95734
95635
95684
95543
95306
95703
95657
95484
95283
95822
95592
95795
95807
95640
95732
95360
95548
95327
95358
96008
95567
95751
95762
95293
95438
95231
95320
95867
95713
95503
95873
95786
95877
95904
95675
95499
95252
95779
95312
95372
95544
95414
95280
95813
95785
95885
95454
95480
95351
95768
95250
95486
95312
95259
95650
95265
95474
95552
95271
95586
95796
95683
95978
95656
95343
95612
95681
95487
95192
95382
95568
95625
95259
95538
95881
95894
95457
95862
95303
95924
95334
95612
95345
96004
95931
95698
95333
95881
95385
95776
95785
95254
95601
95473
95420
95275
95811
95673
95817
95557
95694
95754
95711
95598
95913
95534
95731
95532
95969
95506
95369
95631
95857
95820
95393
95317
95807
95361
95656
95347
95721
95747
95650
95565
95736
95265
95374
95208
95716
95709
95480
95206
95448
95894
95246
95836
95761
95568
95825
95708
95885
95330
95882
95616
95772
95642
95662
95549
95699
95355
95562
95566
95965
95510
95412
95398
95863
95574
95391
95589
95922
95469
95987
95793
95775
95568
95624
95426
95307
95590
95906
95976
95748
95219
95586
95458
95839
96074
95571
95653
95606
95374
95309
95713
95868
95729
95818
95418
95715
95256
95596
95343
95711
95516
95306
95431
95526
95276
95947
95741
95848
95726
95748
95925
95519
95267
95416
95462
95817
95279
95176
95714
95418
95836
95420
95822
95404
95869
95735
95526
95491
95483
95579
95312
96037
95389
95958
95816
95683
96011
95809
95271
95489
95439
96032
95888
95678
95456
95401
95353
95538
95543
95683
95414
95862
95801
95833
95710
95805
95752
95830
95343
95398
95629
95678
95256
95665
95830
95766
95550
95999
95593
95594
95264
95745
95368
95328
95330
95771
95274
95262
95344
95746
95346
95553
95457
95367
95560
95248
95493
95467
95557
95789
95855
95901
95535
95279
95600
95256
95595
95359
95851
95737
95451
95266
95987
95665
95749
95910
95521
96057
95376
95503
96096
96006
95316
95297
95709
95254
96032
95351
95321
95382
95475
95561
95269
95368
95881
95729
95754
95612
95850
95448
95458
95997
95642
95694
95442
95567
95199
95571
95564
95505
95716
95703
95436
95850
95660
95366
95785
95815
95682
95851
95488
95295
95772
95566
95525
95973
95277
95831
95509
95790
95853
95375
95734
95790
95577
95309
95339
95723
95284
95303
95615
95355
95954
95470
95861
95994
95209
95878
95640
95320
95816
95771
95224
95276
95419
95488
95471
95634
95389
95283
95832
95299
95850
95254
95853
95327
96106
95569
95567
95319
95714
95713
95374
95414
95999
95506
95523
95558
95515
95793
95332
95663
96034
95710
95711
95464
95738
95263
95325
95382
95745
95257
95943
95393
95894
95593
95515
95933
95317
95215
95735
95864
95216
95311
95832
95265
95269
95379
95617
95811
95202
95299
95332
95447
95202
95718
95278
95399
95538
95662
95923
95588
95284
95331
95306
95256
95907
96020
95709
95363
95345
95308
95777
95922
95254
95689
95970
95675
95860
95729
95815
95548
95432
95842
95300
95573
95663
95922
95455
95612
95719
95255
95537
95260
95280
95634
95469
95672
95748
95641
95588
95314
95232
95300
95329
95219
95819
95917
95573
95825
95347
95666
95543
95716
95808
95543
95713
95354
95457
95710
95590
95544
95189
95636
95335
95785
95158
95456
95263
95588
95257
95838
95218
95702
95630
95250
95310
95495
95595
95622
95945
95616
95228
95373
95707
95879
95426
95682
95221
95321
95614
95711
95667
95363
95728
95890
95279
95669
95665
95738
95449
95390
95374
95592
95843
95338
95256
95479
95480
95253
95818
95298
95509
95687
95589
95587
95918
95338
95516
95599
95488
95464
95443
95234
95629
95306
95253
95682
95453
95887
95233
95642
95352
95585
95821
95176
95681
95978
96020
95409
95449
95177
95728
95356
95439
95526
95675
95486
95698
95418
96018
95369
95477
95267
95731
95917
95977
95341
95629
95427
95746
95784
95385
95990
95598
95989
95739
95929
95925
95257
95254
95258
95461
95238
95469
95727
95561
95546
95889
95815
95724
95625
96036
95760
95455
95351
95819
95617
95625
95632
95710
95713
95961
95206
95263
95657
95410
95811
95626
95964
95731
95616
95421
95931
95847
95576
95326
95339
95253
95804
95596
95364
95302
95643
95256
95348
95465
95674
95695
95435
95901
95429
95563
95787
95884
95796
95527
95334
95837
95927
95617
95272
95323
95535
95987
95317
95838
95412
95675
95361
95527
95753
95345
95400
95764
95968
95822
95802
95328
95439
95515
95733
95827
95272
95437
95642
95526
96081
95570
95354
95677
95307
95313
95686
95609
95923
95440
95263
95771
95309
95848
95791
95300
95435
95529
95357
95651
95661
95261
95711
95399
95606
95738
95459
95482
95841
95820
95301
95543
95896
95550
95386
95517
95472
95261
95288
95293
95611
95639
95734
95506
95806
95518
95660
95501
95597
95577
95502
95269
95743
95845
95251
95891
95305
95269
95374
95233
95659
95331
95294
95308
95750
95764
95774
95697
95418
95332
95815
95704
95596
95708
95450
95818
95540
95285
95432
95357
95506
95666
95660
95768
95235
95528
95711
95498
95277
95886
95819
95934
95317
95608
95867
95281
95861
95273
95295
95153
95876
95313
95445
95456
95908
95380
95702
95438
95771
95525
95728
95438
95232
95458
95376
95580
95652
95265
95397
95681
95827
95253
95287
95592
95242
95782
95796
95307
95783
95843
95875
96008
95269
95700
95413
95277
95272
95453
95726
95885
95455
95694
95547
95880
95296
95503
95804
95829
95435
95396
95504
95362
95334
95550
95581
95508
95609
95475
95614
95839
95322
95946
95702
95829
95494
95681
95635
95714
95932
95895
95916
95726
95386
95581
95215
95801
95766
95198
95639
95340
95194
95646
95357
95691
95455
95798
95856
95659
95702
95476
95276
95889
95658
95256
95177
95463
95670
95739
95597
95472
95341
95415
95560
95359
95477
95821
95569
95803
95773
95239
95437
95503
95249
95702
95277
95469
95611
95392
95560
95408
95443
95348
95375
95790
95640
95761
95717
95300
95269
95245
95248
95634
95605
95579
95451
95287
95576
95711
95815
95656
95282
95277
95216
95243
95368
95455
95504
95672
95605
95569
95755
95505
95615
95883
95231
95130
95443
95691
95354
95479
95609
95768
95485
95669
95635
95237
95372
95706
95310
95371
95625
95347
95465
95769
95244
95207
95704
95821
95333
95649
95579
95250
95333
95724
95469
95406
95568
95382
95895
95626
95484
95348
95602
95663
95765
95275
95638
95404
95422
95318
95876
95266
95263
95902
95269
95636
95864
95890
95512
95247
95423
95315
95431
96041
95499
95313
95648
95219
95445
95444
95344
95631
95685
95393
95673
95411
95419
96047
95253
95631
95931
95837
95508
95854
95300
95664
95688
95336
95807
96016
95296
95302
95294
95620
95287
95385
95321
95628
95652
95788
95760
95683
95253
95570
95920
95409
95362
95171
95948
95828
95792
95313
95710
95365
95213
95906
95218
95839
95454
95726
95254
95377
95684
95214
95217
95782
95617
95684
95560
95636
95776
95316
95823
95458
95711
95830
95557
95229
95199
95924
96019
95465
95715
95265
95631
95210
95771
95830
95358
95657
95547
95669
95349
95313
95183
95656
95492
95353
95445
95405
95403
95413
95808
95363
95720
95322
95661
95495
95809
95833
95353
96010
95558
95439
95364
95897
95882
95305
95524
95400
95574
95516
95425
95200
95599
95787
95728
95539
95525
95497
95961
95325
95269
95681
95860
95539
95183
95908
95820
95363
95383
95527
95850
95428
95441
95751
95483
95281
95642
95708
95375
95564
95862
95652
95609
95427
95807
95500
95992
95781
95601
95553
95310
95546
95933
95554
95660
95558
95865
95327
95274
95904
95264
95527
95613
95747
95804
95637
95697
95329
95298
95344
95382
95395
95825
95751
95510
95442
95720
95715
95324
95470
95315
95489
95332
95591
95435
95633
95588
95736
95984
95878
95367
95810
95302
95259
95643
95427
95308
95823
96002
95500
95311
95831
95301
95475
95276
95339
95913
95644
95211
95540
95495
95282
95859
95292
95894
95850
95671
95260
95668
95355
95314
95304
95705
95314
95716
95816
95702
95363
95318
95872
95792
95545
95474
95506
95963
95704
95624
95679
95467
95694
95646
95761
95477
95615
95562
95185
95360
95596
95724
95395
95231
95277
95282
95197
95784
95830
95325
95743
95722
95388
95383
95902
95313
95368
95426
95324
95246
95358
95677
95274
95878
95326
95527
95593
95347
95259
95892
95825
95539
95832
95301
95294
95559
95339
95676
95434
95266
95196
95416
95572
95321
95251
95477
95282
95406
95329
95549
95749
95677
95592
95443
95408
95272
95911
95826
95202
95485
95759
95787
95882
95383
95526
95341
95844
95328
95698
95297
95875
95304
95750
95558
95512
95248
95174
95630
95690
95312
95569
95172
95696
95420
95248
95343
95824
95635
95818
95888
95748
95872
95376
95628
95623
95290
95509
95506
95246
95266
95418
95424
95927
95699
95352
95638
95635
95338
95484
95534
95841
95456
95291
95716
95564
95864
95518
95383
95530
95704
95479
95926
95726
95485
95552
95417
95932
95362
95976
95608
95879
95366
95504
95206
95557
95411
95197
95432
95441
95853
95187
95243
95564
95551
95323
95809
95901
95515
95921
95431
95290
95205
95292
95505
95892
95486
95396
95220
95802
95321
95469
95436
95436
95373
95449
95305
95468
95798
95433
95693
95350
95594
95249
95802
95489
95346
95308
95258
95475
95257
95716
95590
95403
95312
95189
95691
95389
95189
95313
95328
95629
95214
95349
95747
95767
95686
95438
95351
95357
95772
95641
95791
95793
95382
95383
95552
95670
95364
95571
95396
95440
95261
95277
95714
95624
95864
95794
95535
95777
95257
95847
95445
95317
95888
95940
95321
95696
95972
95454
95243
95684
95175
95535
95831
95684
95369
95313
95191
95160
95455
95583
95526
95627
95588
95901
95395
95610
95540
95787
95277
95552
95330
95777
95924
95636
95270
95408
95376
95817
95410
95982
95811
95258
95664
95395
95280
95540
95910
95779
95719
95545
95250
95465
95382
95273
95427
95435
95523
95661
95890
95774
95522
95367
95903
95920
95344
95794
95501
95529
95762
95825
95513
95266
95936
95669
95504
95318
95494
95864
95694
95410
95761
95533
95579
95658
95251
95418
95738
95575
95675
95667
95241
95438
95459
95879
95567
95859
95795
95619
95572
95276
95403
95460
95647
95533
95704
95432
95843
95348
95954
95821
95299
95614
95643
95737
95829
95728
95334
95665
95352
95605
95512
95799
95706
95802
95393
95829
95691
95488
95824
95405
95215
95306
95789
95885
95667
95184
95772
95920
95297
95534
95895
95887
95386
95803
95693
95686
95544
95301
95671
95380
95869
95677
95323
95701
95282
95759
95208
95852
95615
95662
95845
95229
95294
95228
95817
95565
95332
95241
95564
95198
95495
95229
95277
95532
95218
95407
95639
95831
95652
95284
95303
95342
95334
95586
95918
95332
95348
95679
95449
95705
95295
95766
95393
95257
95813
95998
95951
95224
95644
95556
95356
95763
95824
95659
95251
95897
95237
95558
95315
95587
95528
95326
95305
95213
95780
95592
95688
95195
95601
95424
95912
95738
95598
95677
95663
95583
95234
95695
95565
95839
95888
95759
95884
95533
95570
95565
95297
95685
95569
95380
95867
95666
95414
95865
95384
95277
95866
95663
95430
95568
95781
95699
95383
95247
95732
95458
95333
95334
95492
95504
95621
95220
95664
95660
95549
95736
95612
95313
95324
95669
95796
95721
95324
95506
95226
95739
95586
95597
95366
95278
95588
95389
95464
95404
95889
95597
95480
95284
95339
95652
95918
95303
95348
95667
95709
95977
95666
95596
95541
95519
95388
95516
95472
95299
95372
95688
95801
95690
95889
95373
95568
95843
95717
95567
95721
95913
95536
95680
95298
95399
95792
95431
95380
95712
95430
95298
95633
95471
95791
95324
95565
95596
95299
95463
95483
95923
95393
95309
95344
95853
95737
95760
95727
95573
95390
95280
95468
95715
95482
95403
95637
95531
95899
95687
95368
95458
95318
95786
95869
95635
95579
95891
95548
95788
95541
95414
95341
95747
95724
95832
95884
95656
95786
95594
95376
95579
95276
95691
95638
95163
95797
95379
95402
95237
95492
95364
96018
95803
96011
95736
95422
95483
95215
95778
95907
95274
95197
95440
95599
95699
95601
95444
96034
95576
95857
95430
95515
95277
95551
95708
95277
95291
95494
95250
95891
95900
95905
95725
95343
95669
95623
95341
95816
95923
95576
95824
95689
95739
95426
95623
95323
95911
95275
95827
95980
95537
95339
95542
95805
95300
95626
95670
95573
95714
95809
95674
95730
95726
95262
95483
95919
95365
95355
95820
95739
95942
95740
95759
95734
95175
95890
95758
95365
95757
95497
95531
95455
95273
95747
95325
95794
95389
95921
95771
95436
95908
95432
95491
95895
95813
95383
95971
95299
95722
95303
95583
95341
95336
95332
95301
95559
95268
95741
95720
95385
95829
95710
95621
95289
95241
95654
95568
95447
95663
95836
95296
95350
95507
95817
95679
95500
95683
95484
95407
95341
95490
95395
95366
95507
95437
95331
95964
95758
95558
95596
95628
95173
95610
95230
95874
95274
95523
95261
95356
95738
95697
95791
95557
95624
95289
95448
95467
95619
95301
95297
95259
95510
95992
95585
95887
95861
95259
95463
95319
95850
95217
95566
95917
95772
95380
95600
95941
95352
95844
95548
95723
95305
95741
95628
95589
95607
95486
95764
96013
95777
95336
95913
95585
95529
95385
95666
95711
95438
95767
95314
95365
95232
95602
95768
95307
95622
95695
95784
95427
95391
95779
95554
95332
95175
95279
95211
95553
95817
95617
95072
95737
95565
95546
95344
95357
95242
95311
95794
95316
95642
95542
95647
95204
95526
95417
95847
95860
95717
95554
95423
95247
95493
95575
95931
95652
95394
95622
95176
95384
95771
95724
95526
95740
95498
95533
95284
95561
95568
95289
95484
95233
95813
95652
95697
95789
95525
95159
95377
95455
95754
95709
95733
95634
95784
95188
95552
95725
95598
95659
95795
95559
95593
95661
95686
95582
95251
95487
95708
95674
95437
95764
95273
95208
95595
95580
95649
95248
95771
95162
95212
95665
95543
95187
95555
95308
95530
95215
95667
95291
95631
95361
95410
95706
95335
95683
95581
95707
95757
95373
95391
95349
95742
95498
95659
95641
95177
95683
95605
95167
95280
95101
95194
95487
95515
95668
95482
95575
95823
95197
95294
95566
95396
95502
95718
95280
95463
95798
95531
95327
95854
95796
95436
95280
95929
95467
95629
95999
95929
95735
95322
95279
95240
95236
95373
95167
95687
95811
95295
95748
95918
95548
95300
95821
95801
95569
95416
95532
95764
95377
95466
95433
95258
95697
95262
95544
95469
95717
95263
95205
95352
95518
95802
95493
95278
95370
95762
95890
95468
95423
95589
95457
95471
95294
95891
95593
95210
95271
95235
95739
95987
95318
95833
95356
95277
95145
95333
95642
95500
95706
95297
95410
95484
95816
95748
95367
95679
95238
95708
95215
95282
95508
95497
95396
95385
95267
95483
95431
95722
95600
95201
95428
95889
95345
95283
95775
95263
95234
95924
95401
95815
95406
95535
95431
95563
95319
95271
95792
95448
95775
95517
95733
95573
95216
95171
95756
95635
95402
95670
95554
95456
95379
95470
95312
95409
95468
95169
95274
95555
95451
95203
95266
95621
95260
95740
95797
95654
95259
95495
95896
95545
95572
95416
95702
95140
95564
95709
95310
95605
95621
95206
95225
95193
95455
95583
95649
95266
95332
95432
95559
95916
95630
95637
95620
95636
95666
95602
95804
95677
95773
95149
95192
95667
96003
95750
95363
95522
95195
95973
95872
95272
95303
95750
95698
95664
95751
95997
95576
95755
95748
95352
95372
95440
95298
95812
95385
95765
95370
95740
95842
95298
95454
95749
95775
95845
95601
95793
95611
95454
95819
95660
95615
95625
95520
95306
95567
95846
95218
95685
95730
95847
95453
95562
95349
95777
95345
95657
95403
95798
95603
95660
95478
95336
95258
95642
95272
95479
95601
95296
95539
95424
95263
95399
95447
95259
95382
95756
95394
95960
95728
95581
95699
95158
95681
95739
95525
95521
95178
95421
95314
95526
95230
95256
95283
95555
95797
95191
95787
95900
95361
95390
95646
95759
95809
95648
95916
95253
95561
95336
95717
95498
95714
95724
95724
95416
95609
95903
95667
95403
95685
95589
95863
95271
95189
95804
95576
95647
95190
95437
95889
95675
95548
95716
95565
96172
95863
95449
95332
95251
95881
95719
95325
95817
95677
95185
95344
95173
95643
95708
95834
95777
95459
95826
95745
95934
95915
95177
95524
95293
95542
95490
95740
95824
95178
95160
95461
95614
95345
95513
95668
95848
95775
95462
95827
95638
95665
95257
95319
95334
95661
95553
95495
95244
95285
95593
95363
95590
95332
95245
95725
95392
95282
95579
95539
95524
95310
95531
95716
95202
95579
95456
95430
95579
95639
95279
95625
95461
95241
95437
95703
95520
96006
95735
95380
95585
95832
95625
95946
95615
95334
95732
95816
95474
96012
95843
95532
95646
95240
95636
95576
95511
95632
95596
95329
95872
95685
95323
95258
95194
95185
95550
95592
95361
95357
95205
95251
95317
95590
95258
95238
95586
95652
95281
95699
95763
95307
95199
95955
95351
95773
95444
95441
95311
95699
95222
95235
95721
95603
95276
95785
95280
95542
95441
95665
95437
95259
95191
95717
95737
95559
95311
95488
95862
95271
95369
95801
95758
95627
95347
95227
95184
95312
95840
95339
95509
95834
95606
95610
95374
96013
95185
95804
95371
95408
95374
95483
95259
95410
95741
95813
95473
95453
95642
95637
95703
95818
95840
95663
95493
95405
95540
95753
95760
95325
95235
95660
95616
95492
95719
95164
95453
95709
95132
95302
95773
95897
95879
95651
95592
95421
95190
95137
95697
95354
95303
95275
95340
95575
95742
95777
95950
95680
95622
95621
95456
95668
95569
95722
95581
95517
95398
95343
95940
95401
95151
95576
95901
95159
95145
95544
95924
95495
95390
95167
95285
95295
95201
95687
95226
95710
95501
95326
95206
95312
95442
95565
95239
95347
95160
95215
95858
95197
95727
95462
95144
95640
95221
95267
95457
95312
95369
95368
95187
95819
95554
95722
95350
95647
95522
95147
95784
95246
95326
95620
95801
95205
95246
95254
95751
95680
95843
95256
95155
95232
95749
95994
95752
95593
95542
95373
95918
95294
95299
95291
95754
95221
95735
95416
95569
95925
95340
95580
95682
95486
95782
95464
95411
95284
95587
95675
95609
95769
95684
95394
95180
95576
95330
95693
95227
95355
95251
95542
95672
95616
95487
95270
95436
95537
95416
95225
95642
95244
95383
95821
95832
95103
95764
95529
95981
95472
95648
95494
95702
95788
95756
95286
95394
95632
95878
95386
95236
95661
95274
95383
95651
95805
95388
95346
95251
95638
95863
95253
95913
95268
95955
95317
95239
95581
95767
95250
95659
95497
95273
95227
95562
95492
95541
95229
95697
95346
95264
95306
95393
95659
95642
95240
95794
95407
95343
95561
95683
95533
95839
95474
95494
95626
95728
95535
95311
95200
95430
95438
95450
95406
95735
95633
95373
95683
95162
95637
95216
95346
95643
95616
95924
95316
95423
95688
95769
95231
95907
95278
95474
95382
95902
95260
95638
95352
95278
95229
95752
95636
95906
95182
95425
95317
95450
95507
95721
95506
95866
95698
95678
95656
95179
95252
95364
95960
95238
95385
95761
95259
95175
95239
95818
95411
95330
95815
95544
95361
95740
95702
95651
95686
96045
95685
95768
95583
95761
95333
95366
95210
95724
95665
95712
95187
95493
95595
95650
95667
95327
95267
95720
95566
95457
95473
95839
95817
95700
95208
95265
95189
95432
95260
95755
95577
95741
95724
95485
95799
95668
95442
95348
95699
95763
95947
95742
95750
95660
95562
95832
95356
95359
95637
95332
96011
95988
95557
95279
95586
95914
95353
95666
95396
95172
95252
95265
95348
95803
95236
95672
95446
95546
95201
95523
95682
95789
95261
95325
95175
95417
95298
95160
95646
95821
95241
95547
95651
95906
95324
95885
95486
95678
95323
95407
95280
95340
95837
95255
95659
95514
95504
95484
95478
95367
95919
95412
95568
95526
95577
95861
95358
95864
95388
95321
95275
95839
95868
95336
95788
95290
95475
95668
95571
95594
95582
95499
95742
95478
95304
95425
95536
95377
95519
95268
95695
95369
95649
95642
95256
95391
95483
95661
95941
95666
95755
95739
95314
95786
95508
95590
95709
95791
95494
95450
95562
95331
95773
95679
95283
95259
95273
95231
95213
95689
95334
95173
95726
95618
95560
95314
95369
95817
95168
95569
95981
95235
95253
95112
95730
95220
95201
95875
95219
95661
95549
95346
95403
95246
95160
95385
95794
95257
95377
95289
95272
95242
95308
95525
95686
95738
95412
95237
95860
95636
95617
95962
95945
95815
95735
95704
95488
95763
95758
95537
95281
95611
95725
95925
95483
95409
95651
95296
95683
95708
95649
95234
95800
95601
95730
95204
95206
95392
95816
95547
95468
95411
95605
95238
95591
95204
95359
95282
95261
95745
95790
95915
95446
95790
95788
95367
95783
95704
95453
95225
95342
95860
95785
95776
95748
95708
95338
95581
95391
95638
95711
95484
95465
95469
95238
95739
95387
95791
95896
95260
95211
95441
95157
95725
95578
95548
95343
95548
95901
95609
95394
95214
95535
95820
95670
95838
95772
95972
95355
95564
95283
95165
95517
95189
95647
95574
95327
95627
95633
95345
95322
95173
95707
95355
95553
95616
95505
95747
95239
95238
95451
95328
95436
95284
95357
95247
95651
95265
95649
95924
95187
95304
95421
95657
95568
95256
95858
95581
95171
95586
95797
95214
95256
95257
95635
95767
95430
95467
95575
95598
95611
95451
95461
95514
95614
95628
95410
95253
95453
95594
95604
95570
95208
95567
95428
95717
95852
95556
95219
95308
95679
95911
95581
95482
95644
95658
95904
95693
95378
95247
95329
95528
95176
95481
95551
95613
95701
95170
95108
95714
95631
95788
95111
95270
95230
95805
95469
95485
95314
95704
95656
95654
95536
95385
95635
95723
95707
95250
95393
95572
95691
95760
95671
95178
95430
95303
95816
95635
95789
95497
95175
95641
95286
95318
95246
95711
95593
95684
95615
95280
95524
95689
95374
95525
95700
95742
95503
95669
95926
95648
95176
95210
95351
95647
95680
95533
95760
95927
95584
95680
95455
95745
95684
95257
95200
95782
95781
95772
95375
95976
95240
95394
95422
95644
95878
95333
95603
95499
95251
95216
95569
95346
95431
95478
95445
95452
95284
95566
95753
95670
95456
95648
95260
95579
96087
95594
95309
95958
95739
95639
95644
95318
95667
95576
95819
95945
95548
95730
95439
95346
95478
95561
95203
95679
95626
95277
95228
95912
95648
95478
95639
95317
95261
95165
95236
95713
95149
95237
95278
95230
95347
95741
95347
95273
95417
95661
95493
95870
95555
95645
95844
95254
95294
95169
95198
95295
95324
95546
95353
95764
95602
95600
95821
95269
95203
95395
95534
95415
95463
95120
95217
95343
95526
95818
95598
95493
95209
95224
95472
95172
95625
95294
95427
95453
95198
95700
95768
95524
95277
95295
95655
95367
95720
95348
95843
95278
95678
95249
95238
95736
95276
95240
95721
95249
95598
95528
95472
95604
95206
95177
95413
95988
95517
95858
95714
95914
95706
95226
95455
95365
95761
95603
95637
95217
95678
95177
95250
95420
95761
95721
95242
95705
95215
95830
95705
95248
95672
95290
95699
95527
95623
95297
95727
95646
95604
95823
95492
95762
95497
95255
95612
95522
95372
95757
95313
95740
95929
95643
95232
95839
95912
95664
95261
95232
95610
95196
95496
95812
95774
95647
95623
95352
95772
95271
96004
95431
95837
95886
95273
95475
95908
95932
95776
95459
95691
95254
95605
95215
95298
95809
95283
95776
95267
95613
95185
95366
95180
95178
95604
95690
95320
95189
95817
95507
95672
95638
95809
95482
95183
95285
95419
95303
95428
95624
95583
95659
95548
95785
95310
95274
95285
95888
95252
95805
95361
95325
95738
95220
95303
95385
95494
95344
95368
95410
95677
95213
95114
95155
95698
95428
95358
95257
95607
95285
95807
95812
95665
95616
95670
95773
95352
95756
95215
95690
95683
95440
95742
95450
95396
95309
95282
95825
95325
95703
95285
95510
95261
95950
95455
95617
95731
95695
95555
95203
95566
95672
95506
95816
95324
95400
95583
95546
95483
95376
95360
95382
95260
95671
95837
95526
95513
95586
95267
95461
95446
95482
95927
95654
95424
95206
95284
95520
95718
95759
95316
95655
95277
95287
95542
95807
95836
95119
95620
95462
95974
95495
95776
95428
95607
95680
95406
95696
95753
95315
95794
95956
95349
95478
95538
95390
95281
95731
95317
95352
95381
95504
95352
95332
95821
95985
95876
95542
95299
95798
95743
95940
95250
95589
95540
95187
95211
95442
95784
95648
95360
95570
95772
95176
95805
95208
95713
95760
95588
95626
95286
95262
95406
95327
95181
95505
95487
95444
95669
95179
95441
95692
95220
95614
95466
95607
95857
95628
95465
95575
95462
95387
95248
95938
95786
95579
95683
95702
95507
95712
95392
95211
95830
95217
95520
95248
95797
95739
95316
95721
95595
95476
95652
95799
95218
95423
95198
95579
95363
95626
95770
95834
95599
95363
95347
95532
95171
95339
95544
95652
95226
95414
95606
95322
95345
95961
95249
95360
95181
95667
95265
95781
95856
95413
95235
95421
95406
95187
95431
95724
95854
95643
95639
95862
95674
95528
95756
95714
95660
95847
95352
95313
95397
95667
95754
95686
95185
95491
95379
95598
95119
95704
95591
95827
95805
95254
95230
95481
95890
95998
95850
95311
95502
95457
95343
95499
95298
95258
95264
95268
95249
95337
95532
95734
95283
95757
95759
95525
95624
95775
95610
95381
95336
95346
95225
95854
95209
95329
95840
95612
95393
95454
95898
95177
95996
96018
95272
95498
95218
95587
95781
95641
95444
95452
95577
95371
95517
95743
95376
95841
95853
95498
95447
95338
95991
95185
95937
95339
95640
95884
95342
95265
95515
95229
95703
95772
95490
95666
95838
95797
95550
95820
95467
95236
95290
95312
95964
95648
95750
95384
95497
95753
95869
95777
95753
95511
95342
95357
95522
95755
95965
95859
95646
95486
95760
95453
95197
95535
95688
95289
95656
95604
95924
95252
95244
95255
95416
95487
95253
95343
95771
95817
95725
95336
95275
95255
95471
95625
95592
95612
95723
95509
95738
95746
95599
95752
95818
95229
95759
95226
95643
95632
95645
95699
95530
95757
95633
95319
95567
95969
95428
95258
95923
95479
95567
95430
95259
95656
95660
95501
95353
95818
96016
95516
95289
95386
95736
95558
95360
95404
95912
95911
95916
95665
95921
95777
95308
95448
95636
95517
95377
95504
95785
95407
95514
95819
95714
95259
95259
95727
95830
95281
95793
95542
95367
95825
95749
95757
95665
95469
95255
95865
95768
95795
95590
95601
95375
95111
95810
95195
95751
95745
95871
95332
95720
95124
95852
95553
95104
95595
95936
95455
95841
95638
95657
95726
95102
95358
95474
95770
95845
95538
95476
95339
95664
95632
95233
95784
95505
95971
95547
95335
95946
95525
95309
95813
95190
95770
95636
95548
95393
95960
95291
95327
95721
95735
95134
95901
95732
95516
95568
95470
95361
95622
95653
95165
95723
95282
95823
95733
95805
95689
95385
95517
95321
95257
95884
95230
95382
95897
95586
95697
95281
95475
95247
95743
95609
95415
95448
95757
95507
95818
95225
95290
95539
95280
95579
95216
95644
95268
95378
95416
95517
95379
95377
95733
95779
95801
95792
95315
96035
95457
95360
95520
95936
95368
95232
95760
95513
95818
95965
95673
95328
96044
95427
95715
95609
95445
95699
95572
95413
95377
95384
95906
95586
95707
95802
95724
95265
95193
95874
95610
95235
95440
95465
95445
95193
95316
95864
95608
95748
95312
95393
95715
95196
95629
95615
95530
95617
95349
95680
95220
95493
95791
95623
95482
95450
95753
95498
95731
95235
95579
95292
95296
95645
95224
95946
95551
95531
95558
95922
95906
95624
95453
95483
95511
95830
95706
95670
95296
95895
95471
95654
95824
95393
95429
95275
95396
95305
95745
95307
95684
95598
95953
95150
95833
95356
95672
95488
95884
95598
95299
95674
95467
95341
95438
95895
95368
95808
95752
95245
95835
95446
95767
95275
95405
95745
95740
95798
95831
95288
95767
95503
95303
95425
95359
95252
95466
95616
95666
95226
95496
95604
95150
95366
95622
95803
95749
95288
95711
95186
95192
95217
95522
95444
95312
95236
95506
95658
95812
95194
95565
95699
95333
95234
95626
95319
95271
95567
95704
95670
95250
95565
95845
95180
95773
95385
95761
95582
95928
95661
95734
95770
95379
95652
95290
95331
95573
95501
95786
95222
95321
95962
95595
95592
95801
95675
95630
95975
95711
95259
95785
95425
95592
95455
95417
95362
95593
95613
95286
95219
95863
95341
95597
95234
95617
95637
95259
95983
95963
95915
95715
95348
95956
95661
95808
95259
95462
95598
95465
95662
95705
95265
95811
95792
96001
95402
95580
95213
95592
95341
95776
95434
95263
95268
95599
95400
95313
95453
95671
95278
95342
95752
95817
95483
95474
95534
95332
95705
95327
95341
95270
95259
95361
95377
95639
95519
95551
95870
95481
95475
95763
95198
95196
95512
95684
95305
95923
95684
95651
95802
95408
95791
95402
95365
95360
95644
95637
95902
95729
95446
95749
95829
95218
95189
95185
95855
95682
95566
95691
95869
95666
95246
95693
95468
95666
95613
95602
95418
95673
95653
95340
95460
95851
95847
95689
95916
95251
95686
95451
95349
95695
95654
95281
95359
95853
95549
95631
95805
95888
95299
96045
95882
95525
95871
95811
95323
95282
95645
95876
95858
95448
95744
95398
95673
95463
95376
95599
95432
95323
95686
95746
95841
95646
95402
95659
95534
95424
95340
95266
95768
95554
95406
95562
95667
95257
95304
95432
95297
95293
95745
95901
95766
95726
95713
95294
95306
95212
95805
95264
95748
95287
95353
95751
95466
95467
95785
95408
95582
95554
95335
95918
95743
95303
95776
95771
95782
95664
95252
95726
95359
95350
95622
95219
95196
95249
95777
95627
95765
95526
95223
95767
95433
95395
95509
95423
95655
95740
95566
95258
95640
95451
95245
95798
95829
95415
95484
95749
95577
95779
95333
95667
95502
95262
95567
95718
95546
95675
95640
95376
95306
95746
95664
95215
95240
95783
95583
95437
95711
95733
95255
95606
95921
95296
95296
95729
95809
95390
95820
95359
95704
95832
95269
95194
95633
95259
95649
95222
95840
95704
95385
95695
95991
95489
95685
95866
95401
95780
95669
95293
95790
95784
95425
95733
95728
95558
95773
95558
96016
95288
95725
95647
95748
95528
95210
95217
95453
95146
95789
95454
95556
95595
95311
95304
95607
95552
95288
95378
95729
95432
95630
95728
95584
95626
95586
95903
95743
95543
95735
95380
95198
95700
95801
95790
95318
95517
95890
95442
95240
95181
95689
95456
95290
95248
95815
95273
95970
95784
95782
95300
95173
95216
95214
95380
95239
95674
95879
95174
95328
95849
95184
95661
95384
95394
95283
95476
95788
95759
95725
95554
95600
95615
95510
95398
95301
96078
95601
95275
95514
95655
95674
95345
95515
95930
95650
95618
95646
95462
95260
95660
95930
95785
95573
95701
95458
95693
95253
95421
95625
95418
95404
95594
95691
95649
95664
95694
95363
95375
95229
95730
95153
95358
95701
95667
95198
95720
95639
95437
95400
95699
95233
95698
95756
95529
95858
95355
95421
95944
95602
95744
95618
95935
95326
95704
95540
95367
95251
95777
95843
95724
95452
95380
95356
95743
95187
95329
95697
95283
95666
95943
95404
95503
95287
95233
95313
95329
95455
95261
95466
95921
95322
95928
95419
95250
95624
95559
95384
95922
95515
95732
95521
95634
95815
95362
95885
95327
95387
95946
95277
95301
95470
95839
95587
95689
95809
95815
95887
95779
95268
95771
95515
95290
95179
95277
95810
95660
95341
95263
95627
95665
95428
95713
95435
95942
95933
95334
95391
95197
95743
95820
95774
95722
95305
95747
95531
95266
95811
95527
95905
95892
95471
95489
95505
95555
95233
95444
95595
95662
95453
95735
95605
95241
95259
95751
95426
95438
95691
95476
95475
95305
95534
95462
95322
95512
95252
95727
95381
95673
95745
95833
95759
95224
95224
95222
95742
95278
95707
95252
95734
95183
95416
95269
95398
95735
95365
95274
95633
95721
95383
95883
95745
95379
95195
95550
95611
95597
95279
95681
95516
95659
95561
95719
95277
95683
95341
95888
95256
95447
95780
95253
95600
95165
95444
95402
95797
95563
95445
95358
95861
95199
95609
95173
95182
95358
95715
95371
95682
95232
95481
95313
95471
95660
95250
95498
95443
95472
95182
95886
95315
95449
95183
95205
95775
95767
95692
95291
95957
95304
95814
95236
95244
95523
95589
95220
95212
95842
95795
95621
95545
95258
95396
95545
95769
95635
95608
95284
95226
95792
95703
95853
95213
95360
95197
95569
95397
95511
95571
95821
95305
95608
95642
95301
95226
95683
95830
95848
95811
95627
95315
95581
95450
95384
95455
95765
95234
95748
95122
95746
95388
95529
95464
95633
95234
95525
95661
95458
95828
95683
95628
95737
95753
95848
95747
95310
95310
95520
95132
95755
95630
95777
95721
95451
95781
95757
95315
95714
95850
95387
95811
95591
95257
96004
95396
95598
95392
95206
95523
95756
95208
95503
95530
95235
95752
95638
95751
95729
95637
95669
95445
95563
95831
95881
95602
95406
95238
95664
95382
95194
95547
95249
95705
95655
96009
95685
95372
95609
95122
95709
95792
95693
95331
95176
95654
95318
95574
95402
95224
95244
95328
95282
95369
95823
95911
95513
95205
95464
95712
95202
95743
95536
95932
95618
95815
95546
95141
95587
95185
95448
95349
95758
95698
95761
95403
95145
95178
95790
95789
95737
95547
95615
95221
95586
95221
95386
95706
95759
95269
95957
95675
95605
95185
95282
95538
95675
95218
95707
95672
95769
95250
95253
95342
95803
95259
95401
95628
95110
95267
95704
95321
95599
95379
95376
95228
95938
95510
95507
95174
95344
95632
95286
95171
95269
95154
95563
95216
95842
95278
95384
95755
95204
95509
95613
95794
95208
95771
95179
95714
95323
95391
95488
95586
95125
95476
95656
95585
95769
95297
95826
95574
95619
95204
95574
95261
95527
95174
95739
95221
95510
95263
95684
95778
95512
95408
95572
95602
95656
95631
95630
95154
95212
95170
95658
95463
95420
95340
95667
95589
95387
95693
95470
95332
95177
95185
95247
95245
95631
95476
95600
95323
95183
95663
95429
95664
95907
95677
95341
95499
95433
95716
95538
95366
95170
95710
95532
95245
95353
95491
95507
95450
95250
95775
95159
95094
95940
95383
95758
95391
95594
95292
95467
95358
95248
95169
95682
95612
95617
95570
95866
95889
95496
95728
95373
95342
95682
95448
95139
95794
95332
95621
95285
95344
95306
95173
95602
95662
95617
95782
95810
95331
95188
95619
95413
95658
95579
95238
95422
95754
95439
95864
95524
95779
95280
95510
95408
95275
95621
95596
95196
95795
95194
95592
95236
95736
95382
95533
95546
95356
95701
95242
95204
95635
95277
95806
95217
95363
95703
95184
95239
95340
95198
95256
95225
95350
95597
95437
95298
95705
95708
95826
95702
95539
95122
95613
95178
95152
95756
95105
95375
95706
95476
95170
95592
95806
95242
95261
95261
95608
95303
95823
95774
95614
95383
95171
95744
95249
95639
95201
95464
95440
95643
95671
95410
95645
95465
95744
95417
95135
95690
95194
95326
95575
95376
96008
95734
95745
95929
95461
95357
95653
95263
95755
95853
95231
95806
95440
95360
95440
95589
95208
95256
95480
95422
95272
95261
95436
95798
95868
95386
95565
95338
95489
95125
95521
95788
95551
95404
95280
95475
95228
95474
95359
95206
95604
95686
95189
95156
95670
95812
95313
95187
95682
95260
95647
95299
95168
95299
95541
95328
95239
95555
95523
95509
95176
95266
95799
95486
95143
95811
95189
95719
95527
95205
95514
95213
95435
95615
95721
95491
95747
95346
95372
95776
95584
95239
95615
95551
95142
95554
95589
95321
95699
95164
95701
95568
95666
95738
95836
95654
95352
95431
95203
95370
95675
95437
95221
95772
95778
95645
95530
95663
95324
95519
95481
95598
95625
95734
95515
95402
95210
95411
95443
95382
95246
95288
95378
95476
95397
95504
95880
95273
95251
95381
95227
95493
95269
95895
95388
95770
95404
95354
95769
95525
95291
95566
95454
95302
95471
95679
95200
95727
95291
95460
95249
95412
95317
95532
95241
95233
95819
95477
95369
95396
95654
95532
95916
95211
95247
95734
95359
95759
95891
95966
95681
95521
95822
95573
95758
95562
95811
95155
95763
95581
95289
95639
95167
95141
95467
95625
95648
95670
95564
95202
95899
95664
95293
95258
95564
95886
95407
95726
95729
95194
95747
95323
95182
95367
95595
95633
95654
95318
95145
95273
95274
95447
95481
95529
95578
95611
95771
95860
95199
95657
95418
95584
95441
95695
95353
95335
95423
95631
95215
95624
95271
95758
95916
95442
95212
95263
95406
95702
95648
95251
95499
95245
95216
95329
95218
95598
95669
95158
95693
95860
95538
95303
95270
95252
95703
95289
95723
95504
95503
95411
95561
95848
95471
95560
95655
95191
95740
95632
95399
95137
95127
95370
95214
95304
95632
95727
95319
95151
95281
95212
95471
95268
95664
95768
95646
95208
95849
95193
95286
95738
95862
95438
95778
95437
95327
95650
95277
95471
95300
95183
95102
95288
95795
95720
95743
95808
95658
95687
95234
95204
95567
95665
95860
95800
95275
95325
95161
95238
95721
95214
95522
95761
95770
95217
95140
95722
95679
95200
95597
95831
95764
95587
95731
95646
95656
95331
95396
95741
95676
95700
95743
95290
95511
95244
95809
95382
95685
95279
95678
95704
95554
95880
95717
95256
95124
95237
95205
95228
95461
95381
95420
95255
95192
95609
95212
95703
95570
95719
95682
95505
95330
95149
95074
95169
95251
95444
95406
95256
95863
95846
95709
95674
95661
95292
95609
95196
95406
95760
95496
95540
95343
95678
95784
95476
95344
95922
95701
95391
95459
95815
95797
95394
95549
95809
95600
95790
95267
95453
95249
95276
95681
95469
95289
95389
95598
95665
95679
95368
95665
95136
95344
95658
95582
95259
95621
95438
95642
95884
95757
95671
95569
95443
95694
95317
95956
95730
95313
95245
95274
95806
95402
95222
95868
95284
95751
95329
95864
95440
95524
95211
95890
95929
95787
95488
95759
95877
95414
95859
95494
95461
95183
95206
95238
95641
95253
95580
95335
95700
95412
95597
95770
95829
95284
95720
95177
95194
95150
95202
95505
95599
95198
95686
95491
95280
95162
95218
95504
95994
95519
95659
95233
95671
95211
95155
95499
95536
95285
95945
95271
95914
95457
95719
95587
95429
95767
95576
95510
95624
95527
95781
95226
95292
95284
95237
95607
95247
95792
95440
95944
95374
95790
95840
95500
95199
95588
95545
95220
95606
95275
95494
95242
95578
95233
95312
95532
95653
95208
95786
95480
95212
95332
95612
95212
95434
95764
95277
95853
95464
95576
95457
95288
95835
95877
95805
95963
95437
95474
95664
95716
95567
95330
95377
95629
95755
95593
95483
95483
95247
95710
95704
95652
95285
95745
95615
95542
95383
95495
95213
95344
95407
95195
95320
95268
95193
95691
95956
95131
95415
95482
95720
95250
95248
95362
95684
95764
95851
95562
95717
95826
96011
95200
95215
95465
95915
95242
95702
95259
95139
95635
95179
95931
95766
95771
95334
95301
95830
95764
95659
95447
95980
95558
95778
96044
95745
95985
95587
95299
95504
95902
95150
95254
95843
95203
95133
95450
95681
95419
95242
95281
95260
95789
95520
95647
95433
95554
95227
95764
95757
95305
95225
95222
95573
95568
95509
95481
95666
95624
95552
95329
95314
95212
95404
95233
95466
95284
95372
95729
95403
95828
95383
95680
95306
95229
95744
95301
95735
95285
95391
95338
95379
95245
95227
95677
95524
95424
95403
95568
95682
95401
95239
95470
95424
95618
95227
95467
95792
95692
95783
95210
95243
95201
95556
95341
95300
95671
95543
95677
95754
95334
95269
95341
95917
95651
95405
95713
95711
95733
95708
95602
95625
95388
95205
95683
95627
95898
95310
95884
95100
95676
95433
95262
95319
95463
95538
95684
95253
95202
95895
95811
95401
95703
95896
95584
95607
95744
95934
95516
95458
95858
95676
95475
95744
95185
95412
95251
95352
95627
95379
95215
95909
95778
95251
95265
95316
95160
95902
95643
95232
95179
95185
95630
95234
95769
95320
95548
95713
95346
95135
95825
95369
95624
95310
95426
95827
95980
95627
95239
95654
95602
95276
95332
95289
95531
95491
95598
95784
95399
95750
95179
95232
95780
95790
95709
95605
95448
95643
95572
95523
95773
95551
95710
95634
95751
95273
95551
95735
95276
95789
95410
95354
95721
95506
95220
95915
95637
95528
95889
95645
95473
95585
95201
95472
95660
95282
95652
95261
95272
95202
95428
95782
95687
95360
95790
95716
95242
95187
96008
95791
95430
95377
95594
95496
95501
95428
95223
95705
95641
95447
95599
95732
95486
95397
95288
95864
95482
95251
95581
95243
95556
95637
95871
95617
95634
95176
95146
95232
95198
95645
95643
95622
95265
95524
95128
95449
95293
95375
95520
95812
95532
95319
95338
95671
95447
95117
95170
95548
95964
95823
95380
95451
95349
95290
95235
95575
95648
95212
95392
95294
95646
95792
95493
95127
95189
95321
95768
95768
95121
95514
95299
95400
95763
95375
95231
95543
95464
95670
95516
95127
95618
95138
95750
95659
95287
95351
95104
95493
95623
95764
95297
95092
95533
95665
95606
95819
95362
95292
95642
95349
95771
95179
95186
95218
95641
95694
95213
95738
95341
95690
95722
95146
95204
95735
95313
95688
95659
95268
95300
95214
95471
95737
95602
95760
95205
95297
95562
95478
95404
95190
95335
95590
95501
95261
95827
95308
95284
95902
95252
95209
95775
95637
95255
95649
95723
95684
95351
95558
95655
95284
95581
95685
95543
95756
95507
95334
95393
95263
95325
95607
95180
95438
95543
95656
95123
95406
95432
95227
95122
95894
95743
95638
95580
95452
95567
95500
95415
95544
95182
95163
95331
95730
95462
95764
95385
95662
95548
95250
95557
95260
95710
95679
95619
95218
95326
95774
95533
95537
95726
95226
95734
95698
95735
95884
95496
95434
95388
95186
95808
95655
95552
95514
95446
95588
95192
95228
95196
95190
95308
95484
95480
95561
95273
95704
95572
95841
95480
95729
95171
95736
95249
95196
95359
95294
95205
95461
95248
95440
95237
95131
95538
95522
95489
95203
95276
95385
95677
95821
95184
95506
95394
95388
95426
95218
95416
95394
95681
95338
95575
95629
95748
95184
95181
95207
95633
95537
95196
95760
95442
95848
95199
95384
95586
95216
95688
95486
95578
95258
95475
95520
95333
95234
95186
95304
95374
95538
95930
95119
95248
95569
95337
95416
95550
95451
95468
95495
95314
95152
95207
95930
95644
95253
95781
95237
95661
95827
95870
95558
95973
95787
95756
95291
95732
95407
95484
95739
95652
95166
95201
95506
95202
95590
95738
95414
95296
95907
95250
95834
95172
95352
95563
95647
95459
95360
95750
95557
95552
95494
95229
95682
95719
95096
95199
95461
95290
95688
95533
95140
95124
95376
95364
95309
95624
95357
95673
95425
95594
95231
95661
95634
95553
95411
95619
95675
95482
95850
95391
95745
95337
95739
95585
95138
95564
95566
95498
95852
95549
95377
95207
95778
95543
95703
95129
95651
95612
95321
95869
95711
95341
95577
95485
95618
95656
95486
95742
95397
95463
95358
95292
95521
95653
95804
95269
95436
95490
95353
95202
95238
95431
95215
95310
95250
95653
95260
95685
95442
95196
95481
95199
95291
95181
95643
95439
95673
95491
95675
95547
95326
95830
95465
95219
95676
95456
95759
95620
95762
95387
95279
95107
95591
95508
95427
95661
95588
95655
95857
95995
95428
95329
95197
95546
95457
95313
95741
95650
95579
95196
95242
95517
95626
95591
95758
95614
95672
95610
95243
95143
95932
95197
95568
95639
95540
95717
95632
95719
95269
95575
95225
95519
95314
95664
95646
95348
95936
95294
95384
95840
95206
95708
95584
95964
95643
95200
95962
95845
95847
95687
95627
95559
95221
95443
95703
95331
95510
95200
95518
95302
95168
95464
95555
95809
95200
95630
95415
95646
95565
95741
95408
95573
95299
95209
95706
95443
95208
95452
95890
95272
95348
95245
95263
95625
95336
95832
95144
95161
95345
95465
95443
95641
95263
95424
95177
95653
95285
95443
95738
95308
95389
95338
95644
95611
95315
95159
95275
95172
95621
95211
95853
95353
95635
95105
95194
95721
95967
95620
95453
95531
95168
95620
95895
95196
95558
95659
95379
95735
95626
95346
95124
95679
95753
95721
95351
95385
95467
95526
95706
95644
95141
95147
95238
95673
95628
95679
95302
95661
95691
95712
95540
95565
95424
95953
95484
95200
95606
95600
95508
95319
95657
95327
95634
95229
95474
95661
95664
95540
95174
95256
95459
95224
95265
95164
95375
95340
95790
95111
95594
95704
95573
95276
95514
95373
95561
95597
95555
95616
95280
95132
95516
95277
95117
95611
95651
95464
95688
95271
95256
95501
95849
95158
95214
95591
95229
95150
95711
95181
95153
95269
95212
95933
95736
95356
95623
95446
95442
95233
95395
95259
95242
95573
95059
95615
95256
95721
95555
95559
95358
95221
95884
95793
95176
95795
95451
95493
95525
95741
95609
95289
95310
95249
95662
95231
95582
95444
95064
95783
95361
95440
95511
95380
95124
95254
95293
95504
95184
95703
95125
95666
95444
95435
95729
95354
95366
95095
95462
95301
95651
95695
95212
95314
95353
95903
95676
95690
95757
95562
95753
95173
95183
95478
95768
95545
95312
95586
95592
95719
95197
95178
95267
95230
95203
95769
95373
95209
96024
95582
95568
95108
95720
95304
95440
95691
95733
95249
95378
95656
95838
95346
95370
95642
95347
95404
95849
95484
95694
95149
95153
95569
95433
95571
95596
95527
95190
95554
95730
95181
95904
95499
95409
95376
95420
95514
95446
95361
95890
95655
95683
95197
95166
95166
95146
95648
95509
95592
95544
95502
95485
95481
95570
95640
95294
95613
95280
95584
95283
95150
95371
95511
95268
95341
95566
95453
95726
95574
95290
95467
95687
95252
95507
95437
95617
95292
95216
95178
95492
95127
95169
95374
95232
95780
95557
95825
95367
95307
95451
95672
95256
95410
95582
95818
95512
95374
95538
95223
95393
95635
95842
95343
95395
95726
95761
95245
95271
95280
95145
95185
95423
95420
95833
95750
95883
95264
95533
95810
95092
95765
95416
95431
95522
95638
95138
95813
95649
95803
95745
95182
95431
95211
95345
95295
95615
95167
95275
95539
95632
95763
95673
95188
95601
95521
95451
95644
95545
95203
95081
95360
95675
95610
95186
95271
95726
95247
95279
95693
95741
95862
95695
95194
95225
95739
95469
95425
95955
95384
95897
95161
95545
95097
95508
95595
95648
95339
95228
95787
95610
95741
95323
95572
95715
95479
95211
95666
95701
95311
95827
95485
95179
95797
95235
95679
95678
95401
95500
95572
95766
95171
95217
95475
95298
95773
95245
95596
95471
95246
95720
95766
95744
95313
95285
95195
95293
95211
95333
95797
95287
95743
95438
95570
95549
95635
95390
95260
95660
95247
95341
95295
95311
95174
95578
95802
95215
95325
95130
95847
95576
95650
95475
95764
95784
95780
95220
95672
95203
95210
95860
95509
95474
95587
95586
95525
95264
95311
95413
95863
95580
95396
95605
95583
95635
95777
95190
95415
95595
95797
95130
95394
95685
95593
95758
95610
95250
95494
95789
95237
95681
95469
95127
95818
95633
95140
95175
95490
95639
95262
95495
95587
95910
95297
95572
95189
95476
95749
95199
95996
95683
95773
95229
95269
95166
95338
95872
95167
95324
95584
95774
95583
95659
95714
95687
95425
95551
95910
95298
95159
95389
95703
95181
95849
95592
95161
95618
95111
95664
95678
95778
95712
95203
95200
95177
95862
95575
95640
95240
95675
95213
95472
95172
95431
95906
95320
95128
95418
95391
95564
95851
95440
95490
95262
95730
95810
95264
95799
95776
95224
95308
95738
95557
95738
95883
95592
95477
95861
95255
95272
95338
95812
95266
95388
95699
95336
95648
95400
95266
95523
95664
95431
95967
95319
95596
95728
95722
95231
95523
95484
95205
95778
95643
95441
95669
95195
95385
95195
95587
95254
95483
95697
95408
95659
95578
95403
95318
95453
95984
95237
95287
95234
95543
95179
95946
95161
95553
95545
95653
95422
95508
95670
95594
95742
95973
95695
95716
95481
95594
95531
95218
95698
95697
95304
95675
95133
95490
95158
95549
95658
95359
95392
95263
95339
95380
95267
95348
95359
95519
95643
95188
95556
95776
95725
95207
95255
95115
95305
95687
95298
95676
95351
95158
95383
95330
95834
95612
95252
95203
95221
95436
95177
95177
95495
95539
95631
95252
95754
95704
95306
95681
95619
95456
95543
95331
95178
95191
95239
95467
95262
95742
95682
95706
95376
95323
95673
95593
95920
95247
95682
95565
95177
95526
95711
95557
95704
95658
95631
95626
95180
95703
95600
95329
95471
95770
95738
95873
95747
95730
95238
95330
95368
95635
95436
95768
95206
95373
95479
95122
95345
95306
95738
95712
95758
95158
95145
95615
95535
95375
95529
95392
95547
95845
95664
95245
95636
95667
95345
95178
95247
95556
95386
95300
95848
95801
95462
95246
95690
95747
95730
95344
95655
95695
95644
95353
95249
95445
95467
95439
95697
95643
95557
95533
95769
95622
95687
95269
95561
95877
95212
95393
95730
95868
95666
95337
95597
95367
95721
95598
95756
95597
95266
95153
95891
95713
95223
95726
95596
95527
95760
95546
95600
95205
95663
95559
95149
95626
95388
95937
95251
95721
95289
95746
95298
95809
95527
95272
95701
95428
95695
95468
95229
95282
95679
95826
95771
95713
95854
95289
95432
95243
95237
95584
95536
95247
95470
95310
95390
95619
95591
95660
95922
95147
95843
95377
95467
95728
95746
95281
95244
95798
95595
95775
95761
95606
95543
95289
95341
95570
95746
95573
95826
95156
95369
95240
95451
95924
95578
95171
95483
95615
95342
95491
95229
95498
95777
95211
95474
95545
95210
95216
95609
95309
95698
95526
95225
95645
95885
95244
95259
95250
95349
95262
95632
95570
95693
95513
95462
95156
95428
95847
95393
95135
95855
95809
95131
95892
95127
95425
95555
95562
95415
95484
95458
95544
95340
95670
95673
95170
95241
95149
95280
95209
95249
95535
95737
95658
95554
95709
95390
95312
95151
95984
95310
95794
95166
95231
95483
95423
95287
95672
95410
95454
95523
95262
95371
95158
95307
95757
95404
95183
95490
95438
95621
95686
95324
95688
95571
95224
95649
95627
95172
95622
95692
95403
95531
95239
95119
95653
95681
95677
95744
95723
95588
95711
95163
95211
95513
95557
95631
95388
95624
95616
95395
95322
95206
95278
95242
95452
95813
95310
95847
95301
95421
95227
95790
95155
95801
95475
95969
95600
95868
95417
95645
95823
95837
95853
95939
95511
95491
95782
95837
95616
95222
95185
95801
95679
95372
95230
95230
95226
95526
95755
95811
95366
95430
95633
95221
95602
95697
95319
95467
95281
95388
95271
95739
95865
95646
95544
95842
95407
95727
95420
95678
95403
95315
95405
95466
95232
95627
95717
95182
95286
95661
95770
95342
95229
95931
95523
95419
95197
95900
95395
95514
95571
95226
95648
95840
95635
95608
95578
95405
95290
95170
95639
95120
95824
95609
95232
95710
95479
95322
95595
95261
95558
95678
95185
95329
95247
95306
95365
95363
95452
95169
95833
95726
95373
95350
95211
95471
95218
95658
95433
95852
95767
95575
95493
95249
95602
95417
95505
95159
95253
95205
95372
95171
95667
95288
95194
95603
95734
95522
95899
95150
95693
95799
95225
95295
95348
95355
95325
95616
95743
95215
95195
95221
95946
95970
95638
95745
95309
95610
95740
95634
95161
95876
95172
95247
95584
95213
95330
95865
95243
95659
95219
95350
95198
95503
95977
95139
95716
95821
95301
95508
95760
95678
95284
95683
95454
95681
95585
95302
95147
95258
95857
95590
95708
95194
95294
95525
95202
95903
95309
95646
95709
95728
95539
95223
95674
95766
95165
95495
95831
95914
95476
95358
95762
95967
95796
95411
95624
95381
95375
95572
95696
95237
95727
95874
95402
95345
95304
95342
95660
95458
95701
95983
95239
95560
95766
95786
95241
95213
95395
95759
95429
95439
95632
95882
95807
95640
95277
95156
95857
32496
32496
32496
32496
32496
32496
32496
32496
32496
32496
32496
32496
32496
32496
32496
32496
32496
32496
32496
32496
32496
32496
32496
32496
32496
