195.3 14.8 3.37 0.26 
136.2 10.3 3.28 0.25 
163.4 12.3 3.26 0.25 
189.4 14.3 3.22 0.24 
163.4 12.3 3.22 0.24 
238.3 18 3.08 0.23 
282.8 21.4 3.07 0.23 
195.3 14.8 3.35 0.26 
48.39 3.67 5.46 0.42 
163.4 12.3 3.23 0.25 
189.4 14.3 3.21 0.24 
163.4 12.3 3.24 0.25 
48.39 3.67 5.33 0.41 
189.4 14.3 3.17 0.24 
195.3 14.8 3.38 0.26 
214.4 16.2 3.09 0.23 
261.1 19.7 3.14 0.24 
214.4 16.2 3.13 0.24 
334.2 25.3 3.13 0.24 
303.4 23 3.13 0.24 
78.75 5.96 3.76 0.29 
334.2 25.3 3.14 0.24 
303.4 23 3.13 0.24 
214.4 16.2 3.1 0.24 
261.1 19.7 3.13 0.24 
214.4 16.2 3.11 0.24 
303.4 23 3.11 0.24 
108 8.17 3.54 0.27 
303.4 23 3.12 0.24 
108 8.17 3.51 0.27 
323 24.4 3.04 0.23 
108 8.17 3.44 0.26 
261.1 19.7 3.18 0.24 
78.75 5.96 3.8 0.29 
323 24.4 3.13 0.24 
334.2 25.3 3.08 0.23 
78.75 5.96 3.87 0.29 
323 24.4 3.1 0.24 
48.39 3.67 5.35 0.41 
136.2 10.3 3.3 0.25 
189.4 14.3 3.17 0.24 
282.8 21.4 3.12 0.24 
136.2 10.3 3.34 0.25 
195.3 14.8 3.35 0.26 
136.2 10.3 3.3 0.25 
238.3 18 3.12 0.24 
282.8 21.4 3.12 0.24 
238.3 18 3.14 0.24 
282.8 21.4 3.09 0.24 
