210.8 15.9 2.49 0.19 
136.2 10.3 3.37 0.26 
163.4 12.4 3.34 0.25 
189.5 14.3 3.27 0.25 
163.4 12.4 3.33 0.25 
238.7 18.1 3.05 0.23 
283.9 21.5 3.08 0.23 
210.8 15.9 2.51 0.19 
48.47 3.67 5.66 0.43 
163.4 12.4 3.36 0.26 
189.5 14.3 3.29 0.25 
163.4 12.4 3.4 0.26 
48.47 3.67 5.62 0.43 
189.5 14.3 3.24 0.25 
210.8 15.9 2.5 0.19 
214.6 16.2 3.11 0.24 
261.8 19.8 3.21 0.24 
214.6 16.2 3.17 0.24 
336.4 25.4 3.17 0.24 
304.9 23 3.11 0.24 
78.73 5.96 3.99 0.3 
336.4 25.4 3.17 0.24 
304.9 23 3.12 0.24 
214.6 16.2 3.17 0.24 
261.8 19.8 3.19 0.24 
214.6 16.2 3.19 0.24 
304.9 23 3.13 0.24 
108 8.17 3.72 0.28 
304.9 23 3.13 0.24 
108 8.17 3.69 0.28 
324.9 24.6 3.03 0.23 
108 8.17 3.64 0.28 
261.8 19.8 3.16 0.24 
78.73 5.96 4.02 0.31 
324.9 24.6 3.1 0.24 
336.4 25.4 3.2 0.24 
78.73 5.96 4 0.3 
324.9 24.6 3.05 0.23 
48.47 3.67 5.7 0.43 
136.2 10.3 3.39 0.26 
189.5 14.3 3.27 0.25 
283.9 21.5 3.14 0.24 
136.2 10.3 3.37 0.26 
210.8 15.9 2.49 0.19 
136.2 10.3 3.4 0.26 
238.7 18.1 3.11 0.24 
283.9 21.5 3.1 0.24 
238.7 18.1 3.15 0.24 
283.9 21.5 3.11 0.24 
